70 4830
1 2 648
1 3 6019
1 4 5075
1 5 3668
1 6 4118
1 7 4192
1 8 903
1 9 7424
1 10 6025
1 11 3474
1 12 854
1 13 4147
1 14 7473
1 15 6640
1 16 622
1 17 6702
1 18 2076
1 19 2384
1 20 6810
1 21 3432
1 22 4436
1 23 2400
1 24 7066
1 25 2059
1 26 2972
1 27 3637
1 28 4580
1 29 673
1 30 3925
1 31 5681
1 32 6223
1 33 5548
1 34 6760
1 35 5145
1 36 7131
1 37 3750
1 38 5641
1 39 2260
1 40 7182
1 41 6977
1 42 2274
1 43 4470
1 44 3956
1 45 1686
1 46 6414
1 47 5866
1 48 423
1 49 6263
1 50 934
1 51 4058
1 52 908
1 53 7193
1 54 3079
1 55 5424
1 56 6053
1 57 815
1 58 2163
1 59 6133
1 60 4296
1 61 1100
1 62 6110
1 63 2365
1 64 7358
1 65 645
1 66 2390
1 67 6369
1 68 5544
1 69 6131
1 70 3163
2 1 19
2 3 4759
2 4 2722
2 5 7492
2 6 6632
2 7 5341
2 8 6793
2 9 1700
2 10 1584
2 11 7191
2 12 299
2 13 2871
2 14 6351
2 15 2896
2 16 5410
2 17 2660
2 18 3773
2 19 5100
2 20 4923
2 21 7489
2 22 7260
2 23 6399
2 24 5394
2 25 2144
2 26 402
2 27 1273
2 28 314
2 29 5041
2 30 677
2 31 5930
2 32 5127
2 33 1498
2 34 5383
2 35 7301
2 36 1418
2 37 869
2 38 2910
2 39 1612
2 40 4419
2 41 2870
2 42 6851
2 43 2617
2 44 1537
2 45 1592
2 46 5350
2 47 2710
2 48 2402
2 49 7401
2 50 5010
2 51 2735
2 52 4400
2 53 4765
2 54 4771
2 55 6929
2 56 1877
2 57 5760
2 58 7102
2 59 6181
2 60 2544
2 61 6276
2 62 5126
2 63 6138
2 64 4353
2 65 3823
2 66 1992
2 67 570
2 68 3907
2 69 7406
2 70 3625
3 1 261
3 2 6694
3 4 1844
3 5 3953
3 6 2568
3 7 5032
3 8 2659
3 9 2535
3 10 4267
3 11 2057
3 12 5956
3 13 7495
3 14 6967
3 15 3048
3 16 7300
3 17 3245
3 18 6425
3 19 4938
3 20 7104
3 21 2585
3 22 4975
3 23 1510
3 24 2680
3 25 2477
3 26 7202
3 27 5869
3 28 745
3 29 2996
3 30 5481
3 31 5012
3 32 6881
3 33 1180
3 34 6672
3 35 5202
3 36 5828
3 37 1824
3 38 4686
3 39 5808
3 40 2305
3 41 1118
3 42 805
3 43 6349
3 44 5413
3 45 1266
3 46 1778
3 47 4133
3 48 3102
3 49 900
3 50 2118
3 51 1180
3 52 1112
3 53 3073
3 54 1306
3 55 1113
3 56 1488
3 57 448
3 58 4265
3 59 545
3 60 1658
3 61 4347
3 62 3609
3 63 6762
3 64 3374
3 65 7160
3 66 6483
3 67 898
3 68 6541
3 69 4229
3 70 2160
4 1 2986
4 2 7408
4 3 1098
4 5 6610
4 6 3171
4 7 644
4 8 3894
4 9 6184
4 10 4851
4 11 5790
4 12 2878
4 13 1900
4 14 4425
4 15 3009
4 16 6596
4 17 2791
4 18 6945
4 19 5791
4 20 3812
4 21 1461
4 22 3292
4 23 1551
4 24 1382
4 25 6754
4 26 3184
4 27 5390
4 28 3053
4 29 6939
4 30 6937
4 31 1860
4 32 5438
4 33 7332
4 34 2815
4 35 323
4 36 3871
4 37 1412
4 38 2
4 39 5083
4 40 5248
4 41 5268
4 42 3640
4 43 1127
4 44 3429
4 45 3959
4 46 1239
4 47 4634
4 48 1176
4 49 5410
4 50 3392
4 51 5009
4 52 3516
4 53 6633
4 54 4936
4 55 5948
4 56 613
4 57 6198
4 58 4245
4 59 6646
4 60 3537
4 61 6644
4 62 6630
4 63 1013
4 64 739
4 65 1916
4 66 3660
4 67 4008
4 68 1216
4 69 66
4 70 3411
5 1 3412
5 2 3186
5 3 1285
5 4 3130
5 6 2402
5 7 500
5 8 5222
5 9 4023
5 10 6473
5 11 6369
5 12 542
5 13 4364
5 14 621
5 15 6806
5 16 3520
5 17 2963
5 18 2611
5 19 3086
5 20 4873
5 21 6301
5 22 2508
5 23 2600
5 24 4375
5 25 4430
5 26 1587
5 27 3594
5 28 4561
5 29 254
5 30 303
5 31 5056
5 32 3053
5 33 3710
5 34 409
5 35 7169
5 36 4305
5 37 397
5 38 1389
5 39 1697
5 40 1437
5 41 5161
5 42 230
5 43 2767
5 44 5889
5 45 3182
5 46 1508
5 47 3982
5 48 361
5 49 5313
5 50 1213
5 51 1169
5 52 5174
5 53 3898
5 54 5274
5 55 7279
5 56 4982
5 57 64
5 58 6988
5 59 5362
5 60 1672
5 61 4260
5 62 4456
5 63 424
5 64 6304
5 65 7274
5 66 1586
5 67 5551
5 68 899
5 69 1841
5 70 4226
6 1 2042
6 2 7318
6 3 3212
6 4 1964
6 5 5794
6 7 516
6 8 1702
6 9 6578
6 10 3285
6 11 4206
6 12 1348
6 13 1661
6 14 6746
6 15 4053
6 16 1108
6 17 1833
6 18 2192
6 19 1226
6 20 4665
6 21 6688
6 22 3123
6 23 2273
6 24 4863
6 25 6379
6 26 4039
6 27 6000
6 28 6362
6 29 6319
6 30 7382
6 31 3713
6 32 452
6 33 3634
6 34 1454
6 35 4356
6 36 2935
6 37 1195
6 38 4521
6 39 4852
6 40 7356
6 41 2843
6 42 2427
6 43 6944
6 44 4111
6 45 3024
6 46 1603
6 47 4978
6 48 6682
6 49 5332
6 50 7230
6 51 5114
6 52 5538
6 53 1773
6 54 7065
6 55 2636
6 56 1101
6 57 7400
6 58 3896
6 59 2136
6 60 6295
6 61 849
6 62 2286
6 63 4168
6 64 2442
6 65 2412
6 66 4511
6 67 6923
6 68 2619
6 69 6994
6 70 4275
7 1 4836
7 2 5057
7 3 694
7 4 4687
7 5 6040
7 6 1148
7 8 837
7 9 3198
7 10 5980
7 11 5599
7 12 4426
7 13 3709
7 14 4340
7 15 2483
7 16 6197
7 17 6941
7 18 1700
7 19 7353
7 20 2072
7 21 680
7 22 1239
7 23 6201
7 24 5626
7 25 2729
7 26 4283
7 27 4462
7 28 6577
7 29 4427
7 30 5160
7 31 4902
7 32 3957
7 33 1497
7 34 3814
7 35 4115
7 36 3818
7 37 2890
7 38 1015
7 39 6859
7 40 2567
7 41 6044
7 42 7500
7 43 5497
7 44 7337
7 45 3144
7 46 2469
7 47 3779
7 48 6867
7 49 7077
7 50 119
7 51 41
7 52 3264
7 53 584
7 54 3407
7 55 5681
7 56 3589
7 57 5305
7 58 4499
7 59 1434
7 60 5980
7 61 3396
7 62 6448
7 63 3709
7 64 1605
7 65 1954
7 66 6483
7 67 636
7 68 246
7 69 3155
7 70 6160
8 1 7064
8 2 6222
8 3 5252
8 4 6789
8 5 2771
8 6 3932
8 7 7316
8 9 6760
8 10 2187
8 11 691
8 12 2930
8 13 1731
8 14 2659
8 15 5484
8 16 7130
8 17 6799
8 18 401
8 19 1190
8 20 1457
8 21 2880
8 22 4259
8 23 637
8 24 272
8 25 1018
8 26 4629
8 27 2846
8 28 5516
8 29 3750
8 30 2891
8 31 4144
8 32 1131
8 33 7384
8 34 5128
8 35 5592
8 36 6681
8 37 1299
8 38 1619
8 39 4401
8 40 5619
8 41 1505
8 42 4376
8 43 2824
8 44 6740
8 45 2766
8 46 2410
8 47 4223
8 48 1064
8 49 4478
8 50 4596
8 51 2145
8 52 2362
8 53 4582
8 54 5318
8 55 163
8 56 1101
8 57 6929
8 58 567
8 59 1863
8 60 2215
8 61 5312
8 62 2909
8 63 402
8 64 7044
8 65 6477
8 66 2349
8 67 4737
8 68 1263
8 69 864
8 70 2643
9 1 3699
9 2 7376
9 3 5317
9 4 5308
9 5 7174
9 6 5295
9 7 602
9 8 1050
9 10 680
9 11 3733
9 12 4426
9 13 6192
9 14 7349
9 15 7109
9 16 5779
9 17 7055
9 18 192
9 19 444
9 20 6671
9 21 6209
9 22 4830
9 23 6035
9 24 6761
9 25 2029
9 26 1776
9 27 5908
9 28 7327
9 29 3176
9 30 3228
9 31 32
9 32 4977
9 33 5027
9 34 3502
9 35 6
9 36 6851
9 37 891
9 38 2080
9 39 4188
9 40 4752
9 41 6318
9 42 1970
9 43 6788
9 44 3480
9 45 2291
9 46 6494
9 47 6958
9 48 533
9 49 7452
9 50 50
9 51 4051
9 52 6913
9 53 2908
9 54 1818
9 55 1595
9 56 6286
9 57 1927
9 58 6576
9 59 6757
9 60 4539
9 61 1393
9 62 1536
9 63 3223
9 64 5168
9 65 1453
9 66 320
9 67 2392
9 68 3830
9 69 1844
9 70 2152
10 1 724
10 2 5733
10 3 5270
10 4 2988
10 5 614
10 6 1310
10 7 4835
10 8 1591
10 9 1370
10 11 1226
10 12 2384
10 13 3447
10 14 7152
10 15 436
10 16 5687
10 17 545
10 18 7330
10 19 2741
10 20 5358
10 21 1284
10 22 4004
10 23 3171
10 24 2460
10 25 1016
10 26 311
10 27 2226
10 28 2230
10 29 3956
10 30 1599
10 31 511
10 32 6994
10 33 2509
10 34 1363
10 35 2572
10 36 622
10 37 4604
10 38 6901
10 39 3065
10 40 6722
10 41 589
10 42 36
10 43 2578
10 44 2829
10 45 5651
10 46 2168
10 47 4365
10 48 6808
10 49 4110
10 50 7229
10 51 1789
10 52 2393
10 53 3321
10 54 2215
10 55 6852
10 56 643
10 57 5210
10 58 4040
10 59 1585
10 60 1044
10 61 6856
10 62 983
10 63 5253
10 64 2690
10 65 1927
10 66 366
10 67 5581
10 68 1248
10 69 1260
10 70 551
11 1 6291
11 2 7263
11 3 5690
11 4 3090
11 5 3710
11 6 4528
11 7 1756
11 8 7292
11 9 3289
11 10 6931
11 12 3446
11 13 4338
11 14 3154
11 15 4251
11 16 4636
11 17 6909
11 18 2912
11 19 7169
11 20 7057
11 21 5093
11 22 2533
11 23 3379
11 24 6232
11 25 1506
11 26 4973
11 27 6825
11 28 4548
11 29 3258
11 30 7221
11 31 6775
11 32 5721
11 33 3634
11 34 3325
11 35 3525
11 36 2979
11 37 3591
11 38 1954
11 39 3291
11 40 840
11 41 1431
11 42 3842
11 43 1459
11 44 2604
11 45 4469
11 46 7284
11 47 7009
11 48 6362
11 49 1692
11 50 6249
11 51 3616
11 52 121
11 53 1847
11 54 1678
11 55 2329
11 56 5754
11 57 2520
11 58 7310
11 59 5772
11 60 3654
11 61 5129
11 62 1934
11 63 6884
11 64 6914
11 65 6586
11 66 5909
11 67 2719
11 68 3086
11 69 911
11 70 2680
12 1 6302
12 2 6816
12 3 1889
12 4 4563
12 5 378
12 6 7472
12 7 969
12 8 2802
12 9 3577
12 10 5707
12 11 297
12 13 2330
12 14 5907
12 15 6996
12 16 2354
12 17 1382
12 18 6486
12 19 5685
12 20 247
12 21 6604
12 22 3378
12 23 4894
12 24 1380
12 25 2448
12 26 1549
12 27 7432
12 28 6566
12 29 6047
12 30 4585
12 31 5728
12 32 1387
12 33 5324
12 34 3117
12 35 4439
12 36 4939
12 37 735
12 38 3838
12 39 3103
12 40 4734
12 41 1573
12 42 990
12 43 5332
12 44 6975
12 45 5177
12 46 916
12 47 2431
12 48 6620
12 49 4801
12 50 1996
12 51 3771
12 52 2914
12 53 1672
12 54 6000
12 55 7051
12 56 7413
12 57 277
12 58 6815
12 59 113
12 60 4528
12 61 6985
12 62 2337
12 63 1052
12 64 5163
12 65 3096
12 66 3399
12 67 6677
12 68 1044
12 69 2811
12 70 191
13 1 4414
13 2 5836
13 3 2849
13 4 5835
13 5 859
13 6 3117
13 7 2693
13 8 6307
13 9 7201
13 10 670
13 11 7369
13 12 6541
13 14 1057
13 15 777
13 16 4176
13 17 4721
13 18 6006
13 19 7417
13 20 2169
13 21 6917
13 22 4627
13 23 5435
13 24 4012
13 25 4360
13 26 87
13 27 4169
13 28 3264
13 29 6920
13 30 4200
13 31 1596
13 32 1350
13 33 3028
13 34 3433
13 35 1219
13 36 3153
13 37 7486
13 38 5790
13 39 1618
13 40 7274
13 41 5630
13 42 3473
13 43 3758
13 44 2896
13 45 875
13 46 6474
13 47 1603
13 48 5806
13 49 1518
13 50 2657
13 51 6686
13 52 3325
13 53 2121
13 54 844
13 55 139
13 56 2536
13 57 4258
13 58 2756
13 59 3137
13 60 6922
13 61 350
13 62 3352
13 63 1736
13 64 3912
13 65 3186
13 66 4160
13 67 7143
13 68 2047
13 69 230
13 70 2700
14 1 7285
14 2 6185
14 3 5974
14 4 4973
14 5 3251
14 6 6245
14 7 2934
14 8 1678
14 9 1000
14 10 1145
14 11 4474
14 12 6645
14 13 5702
14 15 4694
14 16 4715
14 17 5603
14 18 6196
14 19 6019
14 20 911
14 21 256
14 22 3183
14 23 6505
14 24 528
14 25 3609
14 26 6955
14 27 6258
14 28 5157
14 29 1790
14 30 6719
14 31 2029
14 32 6054
14 33 218
14 34 4107
14 35 2539
14 36 3898
14 37 2700
14 38 4815
14 39 1523
14 40 743
14 41 506
14 42 6595
14 43 6469
14 44 4287
14 45 4989
14 46 4632
14 47 5851
14 48 4341
14 49 2387
14 50 3498
14 51 200
14 52 3790
14 53 5196
14 54 5852
14 55 570
14 56 3927
14 57 4400
14 58 3427
14 59 355
14 60 4515
14 61 4646
14 62 3944
14 63 879
14 64 5810
14 65 4155
14 66 370
14 67 211
14 68 3339
14 69 907
14 70 5832
15 1 3467
15 2 5018
15 3 6856
15 4 6236
15 5 6104
15 6 5850
15 7 3714
15 8 3872
15 9 401
15 10 7149
15 11 4546
15 12 218
15 13 5367
15 14 5142
15 16 2723
15 17 2738
15 18 7248
15 19 2782
15 20 2895
15 21 1634
15 22 609
15 23 7179
15 24 6151
15 25 105
15 26 846
15 27 2852
15 28 830
15 29 997
15 30 4854
15 31 504
15 32 5348
15 33 516
15 34 3235
15 35 4413
15 36 544
15 37 4422
15 38 82
15 39 94
15 40 5596
15 41 7375
15 42 3034
15 43 5663
15 44 3169
15 45 848
15 46 2051
15 47 6897
15 48 5208
15 49 1659
15 50 7219
15 51 2517
15 52 1832
15 53 6642
15 54 1615
15 55 4396
15 56 4694
15 57 7012
15 58 3116
15 59 1713
15 60 7328
15 61 5875
15 62 1017
15 63 2008
15 64 3964
15 65 1899
15 66 3776
15 67 821
15 68 5717
15 69 917
15 70 1968
16 1 4511
16 2 4430
16 3 3971
16 4 7027
16 5 4077
16 6 3375
16 7 6059
16 8 4530
16 9 4143
16 10 4503
16 11 4357
16 12 5475
16 13 315
16 14 5345
16 15 4830
16 17 692
16 18 7241
16 19 3585
16 20 5110
16 21 2751
16 22 2239
16 23 1236
16 24 4837
16 25 4241
16 26 1975
16 27 4134
16 28 7252
16 29 2375
16 30 7253
16 31 7257
16 32 2422
16 33 2342
16 34 3513
16 35 323
16 36 5574
16 37 6333
16 38 5320
16 39 6518
16 40 2335
16 41 4974
16 42 1280
16 43 1460
16 44 2326
16 45 7139
16 46 777
16 47 4247
16 48 4448
16 49 2277
16 50 7401
16 51 5492
16 52 2462
16 53 1459
16 54 2090
16 55 2642
16 56 3528
16 57 4770
16 58 3505
16 59 1025
16 60 221
16 61 6563
16 62 128
16 63 988
16 64 5710
16 65 5769
16 66 4039
16 67 3599
16 68 1527
16 69 516
16 70 386
17 1 1745
17 2 884
17 3 2002
17 4 5656
17 5 2946
17 6 6795
17 7 390
17 8 853
17 9 1398
17 10 4247
17 11 2901
17 12 4549
17 13 1063
17 14 4651
17 15 2596
17 16 6317
17 18 752
17 19 5968
17 20 7029
17 21 3586
17 22 102
17 23 4129
17 24 3945
17 25 635
17 26 4255
17 27 6888
17 28 113
17 29 5918
17 30 4358
17 31 3707
17 32 4111
17 33 1673
17 34 5712
17 35 5801
17 36 2129
17 37 275
17 38 5407
17 39 3911
17 40 1618
17 41 5951
17 42 4168
17 43 2119
17 44 3635
17 45 4560
17 46 1000
17 47 1881
17 48 980
17 49 1450
17 50 4686
17 51 870
17 52 1408
17 53 7357
17 54 2832
17 55 1499
17 56 4395
17 57 5833
17 58 4664
17 59 4285
17 60 885
17 61 5356
17 62 3267
17 63 4480
17 64 4183
17 65 2637
17 66 7220
17 67 1213
17 68 3920
17 69 2048
17 70 5104
18 1 4005
18 2 1188
18 3 5983
18 4 6013
18 5 3261
18 6 5631
18 7 2606
18 8 4694
18 9 191
18 10 7089
18 11 151
18 12 5893
18 13 837
18 14 5713
18 15 4376
18 16 4536
18 17 978
18 19 3197
18 20 6099
18 21 618
18 22 763
18 23 2676
18 24 31
18 25 4423
18 26 170
18 27 275
18 28 4991
18 29 1054
18 30 1051
18 31 158
18 32 1983
18 33 4502
18 34 5644
18 35 7099
18 36 4972
18 37 3481
18 38 534
18 39 2483
18 40 5605
18 41 2246
18 42 942
18 43 2226
18 44 3249
18 45 5071
18 46 1457
18 47 2406
18 48 1382
18 49 2699
18 50 1062
18 51 4323
18 52 3367
18 53 3534
18 54 3146
18 55 2198
18 56 135
18 57 429
18 58 1790
18 59 57
18 60 7292
18 61 3562
18 62 1273
18 63 3939
18 64 122
18 65 6120
18 66 5579
18 67 6565
18 68 6571
18 69 1454
18 70 2746
19 1 6887
19 2 2711
19 3 5843
19 4 2390
19 5 3597
19 6 5133
19 7 3563
19 8 4040
19 9 1442
19 10 3881
19 11 6589
19 12 5603
19 13 6966
19 14 2457
19 15 2173
19 16 3153
19 17 4683
19 18 4096
19 20 5455
19 21 556
19 22 6679
19 23 3720
19 24 861
19 25 4062
19 26 7438
19 27 3880
19 28 6134
19 29 3076
19 30 7420
19 31 7457
19 32 5966
19 33 2835
19 34 2472
19 35 3677
19 36 5435
19 37 4958
19 38 5418
19 39 1137
19 40 3957
19 41 916
19 42 1788
19 43 1609
19 44 7327
19 45 2362
19 46 3054
19 47 7416
19 48 4315
19 49 759
19 50 5801
19 51 2351
19 52 4935
19 53 795
19 54 460
19 55 3193
19 56 4848
19 57 4007
19 58 3993
19 59 5619
19 60 575
19 61 6879
19 62 267
19 63 7430
19 64 7261
19 65 5855
19 66 254
19 67 927
19 68 9
19 69 963
19 70 6068
20 1 5131
20 2 1705
20 3 6429
20 4 3249
20 5 4220
20 6 6674
20 7 1402
20 8 3742
20 9 5674
20 10 5446
20 11 5424
20 12 6355
20 13 7389
20 14 2992
20 15 2001
20 16 1857
20 17 3334
20 18 465
20 19 5194
20 21 2513
20 22 1546
20 23 291
20 24 1105
20 25 6198
20 26 2177
20 27 5887
20 28 3636
20 29 64
20 30 4564
20 31 5154
20 32 1439
20 33 6483
20 34 176
20 35 2458
20 36 5294
20 37 7206
20 38 2657
20 39 909
20 40 3519
20 41 3178
20 42 3146
20 43 781
20 44 666
20 45 4127
20 46 1866
20 47 1350
20 48 539
20 49 5410
20 50 7135
20 51 1214
20 52 1059
20 53 6547
20 54 4714
20 55 7265
20 56 5834
20 57 7113
20 58 2702
20 59 2162
20 60 4534
20 61 2242
20 62 410
20 63 2649
20 64 1526
20 65 7001
20 66 5754
20 67 2761
20 68 6716
20 69 2824
20 70 3505
21 1 2245
21 2 3344
21 3 4624
21 4 3771
21 5 3347
21 6 3598
21 7 5308
21 8 3586
21 9 6424
21 10 6152
21 11 4011
21 12 1064
21 13 4025
21 14 7311
21 15 4857
21 16 4881
21 17 3793
21 18 7448
21 19 5574
21 20 911
21 22 6406
21 23 497
21 24 391
21 25 4825
21 26 5500
21 27 5352
21 28 2152
21 29 4563
21 30 7075
21 31 4508
21 32 7473
21 33 5258
21 34 3096
21 35 3377
21 36 4712
21 37 2953
21 38 5975
21 39 4933
21 40 4127
21 41 2631
21 42 6819
21 43 5943
21 44 3605
21 45 595
21 46 1716
21 47 291
21 48 5550
21 49 6526
21 50 1961
21 51 2146
21 52 6829
21 53 4398
21 54 1793
21 55 1931
21 56 787
21 57 3686
21 58 3084
21 59 4003
21 60 3694
21 61 7268
21 62 4813
21 63 548
21 64 9
21 65 356
21 66 2262
21 67 893
21 68 7380
21 69 2955
21 70 3488
22 1 741
22 2 4942
22 3 2988
22 4 697
22 5 4336
22 6 6727
22 7 1584
22 8 6016
22 9 1998
22 10 4829
22 11 1779
22 12 3110
22 13 3519
22 14 2532
22 15 7273
22 16 5485
22 17 5691
22 18 4548
22 19 1160
22 20 7068
22 21 4375
22 23 4338
22 24 1238
22 25 1694
22 26 1067
22 27 1059
22 28 2815
22 29 3129
22 30 6291
22 31 3628
22 32 3720
22 33 5854
22 34 5614
22 35 5590
22 36 1787
22 37 4822
22 38 6228
22 39 6170
22 40 4296
22 41 2338
22 42 6635
22 43 30
22 44 2520
22 45 2887
22 46 2160
22 47 2209
22 48 5945
22 49 820
22 50 7320
22 51 1925
22 52 3354
22 53 4995
22 54 1709
22 55 5610
22 56 6884
22 57 6523
22 58 4806
22 59 6556
22 60 3496
22 61 2272
22 62 1291
22 63 1664
22 64 1771
22 65 1913
22 66 1904
22 67 4430
22 68 475
22 69 4765
22 70 6826
23 1 812
23 2 1550
23 3 7278
23 4 6488
23 5 2308
23 6 5546
23 7 5402
23 8 1269
23 9 1889
23 10 6675
23 11 5674
23 12 7215
23 13 4390
23 14 381
23 15 6602
23 16 2857
23 17 6419
23 18 1164
23 19 7371
23 20 6390
23 21 4209
23 22 3212
23 24 4636
23 25 4282
23 26 3114
23 27 3306
23 28 7489
23 29 4378
23 30 4002
23 31 5722
23 32 1689
23 33 4505
23 34 5703
23 35 7186
23 36 6905
23 37 7448
23 38 1698
23 39 3024
23 40 3944
23 41 5649
23 42 404
23 43 3775
23 44 3333
23 45 1582
23 46 4650
23 47 1497
23 48 5221
23 49 498
23 50 929
23 51 1442
23 52 3411
23 53 3470
23 54 6688
23 55 2298
23 56 5792
23 57 1957
23 58 6931
23 59 4409
23 60 827
23 61 7088
23 62 7203
23 63 5703
23 64 692
23 65 4652
23 66 797
23 67 3333
23 68 5769
23 69 3448
23 70 2781
24 1 776
24 2 2535
24 3 232
24 4 3172
24 5 534
24 6 1466
24 7 41
24 8 6732
24 9 1399
24 10 5493
24 11 7069
24 12 4259
24 13 1717
24 14 2956
24 15 6319
24 16 5465
24 17 2969
24 18 3628
24 19 3885
24 20 3094
24 21 479
24 22 6041
24 23 3926
24 25 6876
24 26 1122
24 27 7419
24 28 4126
24 29 5021
24 30 4898
24 31 1091
24 32 201
24 33 6549
24 34 422
24 35 5405
24 36 7207
24 37 1867
24 38 1349
24 39 920
24 40 7352
24 41 7218
24 42 2483
24 43 991
24 44 6743
24 45 415
24 46 23
24 47 589
24 48 4209
24 49 5968
24 50 7044
24 51 4108
24 52 792
24 53 5409
24 54 3505
24 55 2470
24 56 5908
24 57 3555
24 58 2718
24 59 3379
24 60 4561
24 61 2799
24 62 4748
24 63 6874
24 64 5033
24 65 7499
24 66 5428
24 67 4832
24 68 1168
24 69 3940
24 70 4971
25 1 4358
25 2 4081
25 3 7051
25 4 4796
25 5 3026
25 6 3645
25 7 6568
25 8 5791
25 9 1016
25 10 5606
25 11 6296
25 12 5177
25 13 5090
25 14 1947
25 15 6240
25 16 4409
25 17 6156
25 18 6890
25 19 2147
25 20 15
25 21 1841
25 22 2793
25 23 5147
25 24 1039
25 26 5956
25 27 1497
25 28 5428
25 29 6086
25 30 618
25 31 3184
25 32 45
25 33 477
25 34 5427
25 35 5403
25 36 1064
25 37 5492
25 38 1518
25 39 7174
25 40 4134
25 41 6847
25 42 2863
25 43 1870
25 44 3505
25 45 3757
25 46 1741
25 47 5152
25 48 4754
25 49 1765
25 50 5933
25 51 6524
25 52 7172
25 53 3899
25 54 6507
25 55 2469
25 56 892
25 57 39
25 58 1117
25 59 2755
25 60 4145
25 61 1819
25 62 2345
25 63 7414
25 64 224
25 65 6974
25 66 5472
25 67 6022
25 68 7240
25 69 3510
25 70 5264
26 1 6742
26 2 3542
26 3 1789
26 4 1295
26 5 3976
26 6 7336
26 7 550
26 8 5989
26 9 3983
26 10 6166
26 11 5720
26 12 3227
26 13 5542
26 14 2292
26 15 2725
26 16 467
26 17 6478
26 18 6341
26 19 3402
26 20 7138
26 21 2820
26 22 537
26 23 4082
26 24 6345
26 25 6405
26 27 4188
26 28 7387
26 29 5603
26 30 4401
26 31 3166
26 32 7350
26 33 1588
26 34 2556
26 35 1550
26 36 2993
26 37 7418
26 38 2888
26 39 7472
26 40 993
26 41 7447
26 42 5382
26 43 4324
26 44 12
26 45 475
26 46 688
26 47 7489
26 48 4630
26 49 3010
26 50 1724
26 51 736
26 52 2974
26 53 5895
26 54 185
26 55 7422
26 56 1625
26 57 1078
26 58 1841
26 59 63
26 60 6942
26 61 478
26 62 2589
26 63 4167
26 64 2894
26 65 4411
26 66 207
26 67 5336
26 68 3710
26 69 2018
26 70 6974
27 1 7485
27 2 5377
27 3 6337
27 4 4050
27 5 524
27 6 1277
27 7 1295
27 8 28
27 9 5718
27 10 5201
27 11 1234
27 12 4772
27 13 2209
27 14 4460
27 15 4009
27 16 387
27 17 1604
27 18 5574
27 19 940
27 20 1641
27 21 4595
27 22 5041
27 23 6233
27 24 4979
27 25 2143
27 26 1859
27 28 4151
27 29 5590
27 30 2260
27 31 3947
27 32 7446
27 33 6304
27 34 5172
27 35 5538
27 36 3383
27 37 601
27 38 4850
27 39 2221
27 40 1990
27 41 2590
27 42 5221
27 43 4298
27 44 235
27 45 5829
27 46 1574
27 47 5464
27 48 4357
27 49 3848
27 50 635
27 51 4919
27 52 4613
27 53 1279
27 54 1970
27 55 2413
27 56 6970
27 57 4011
27 58 2668
27 59 5346
27 60 379
27 61 474
27 62 5938
27 63 2497
27 64 1292
27 65 633
27 66 3472
27 67 4201
27 68 3723
27 69 4303
27 70 5990
28 1 7259
28 2 839
28 3 4870
28 4 6623
28 5 7091
28 6 2750
28 7 5067
28 8 6552
28 9 5191
28 10 98
28 11 4570
28 12 686
28 13 6102
28 14 7225
28 15 5715
28 16 2198
28 17 2008
28 18 5709
28 19 1043
28 20 2262
28 21 5954
28 22 184
28 23 776
28 24 3735
28 25 803
28 26 6428
28 27 6136
28 29 6107
28 30 7476
28 31 4024
28 32 6879
28 33 6433
28 34 3199
28 35 147
28 36 3139
28 37 4667
28 38 6687
28 39 2485
28 40 3405
28 41 3871
28 42 5099
28 43 2906
28 44 814
28 45 903
28 46 5940
28 47 5735
28 48 637
28 49 2046
28 50 4092
28 51 1448
28 52 6339
28 53 3620
28 54 998
28 55 6377
28 56 1512
28 57 1897
28 58 2594
28 59 5404
28 60 108
28 61 808
28 62 5283
28 63 7275
28 64 5582
28 65 3634
28 66 6777
28 67 2563
28 68 744
28 69 2298
28 70 3200
29 1 2237
29 2 6042
29 3 3797
29 4 4258
29 5 2108
29 6 2575
29 7 6585
29 8 7106
29 9 4429
29 10 427
29 11 5528
29 12 5603
29 13 2850
29 14 3914
29 15 5947
29 16 7188
29 17 1488
29 18 6033
29 19 2711
29 20 2967
29 21 13
29 22 3372
29 23 1335
29 24 7060
29 25 7275
29 26 3369
29 27 97
29 28 2375
29 30 946
29 31 5034
29 32 242
29 33 7102
29 34 103
29 35 1398
29 36 6227
29 37 6119
29 38 6645
29 39 5464
29 40 1867
29 41 2822
29 42 3686
29 43 1192
29 44 3850
29 45 237
29 46 1975
29 47 4645
29 48 5550
29 49 1983
29 50 4808
29 51 6343
29 52 2707
29 53 6524
29 54 7167
29 55 6525
29 56 6638
29 57 232
29 58 473
29 59 1928
29 60 868
29 61 7331
29 62 3337
29 63 3414
29 64 3230
29 65 6975
29 66 3679
29 67 4708
29 68 7083
29 69 3591
29 70 2950
30 1 1610
30 2 1797
30 3 915
30 4 1543
30 5 678
30 6 4453
30 7 4044
30 8 6738
30 9 7173
30 10 1216
30 11 3178
30 12 5884
30 13 4623
30 14 6345
30 15 6157
30 16 2813
30 17 552
30 18 1084
30 19 6936
30 20 5812
30 21 4448
30 22 6735
30 23 1625
30 24 2571
30 25 6651
30 26 4088
30 27 2441
30 28 6598
30 29 6025
30 31 4023
30 32 5948
30 33 6775
30 34 3191
30 35 128
30 36 2938
30 37 5933
30 38 938
30 39 2030
30 40 3882
30 41 917
30 42 86
30 43 147
30 44 2378
30 45 201
30 46 129
30 47 3682
30 48 3713
30 49 424
30 50 2968
30 51 6645
30 52 6766
30 53 958
30 54 3845
30 55 2035
30 56 416
30 57 1771
30 58 790
30 59 2839
30 60 4283
30 61 4721
30 62 6954
30 63 3225
30 64 726
30 65 5845
30 66 2656
30 67 4555
30 68 6013
30 69 3722
30 70 1186
31 1 2959
31 2 1607
31 3 2931
31 4 3706
31 5 3563
31 6 1782
31 7 4143
31 8 1312
31 9 5672
31 10 955
31 11 6136
31 12 2151
31 13 6907
31 14 260
31 15 5017
31 16 4655
31 17 1373
31 18 3723
31 19 6539
31 20 4193
31 21 2759
31 22 147
31 23 1622
31 24 300
31 25 3717
31 26 2957
31 27 5144
31 28 6385
31 29 3651
31 30 6844
31 32 4151
31 33 2313
31 34 5362
31 35 3765
31 36 5755
31 37 841
31 38 6275
31 39 3128
31 40 647
31 41 6668
31 42 4736
31 43 1881
31 44 3496
31 45 5997
31 46 4963
31 47 3984
31 48 2558
31 49 5701
31 50 7417
31 51 6085
31 52 7036
31 53 368
31 54 44
31 55 517
31 56 2512
31 57 2175
31 58 7449
31 59 6765
31 60 1811
31 61 7432
31 62 7286
31 63 4964
31 64 6066
31 65 4612
31 66 7276
31 67 4210
31 68 4176
31 69 1585
31 70 5156
32 1 1619
32 2 3027
32 3 6959
32 4 6047
32 5 1528
32 6 2680
32 7 5062
32 8 2876
32 9 4204
32 10 3316
32 11 2822
32 12 671
32 13 1756
32 14 7273
32 15 716
32 16 5306
32 17 1532
32 18 5587
32 19 4253
32 20 870
32 21 2360
32 22 2130
32 23 7077
32 24 2696
32 25 5684
32 26 4320
32 27 165
32 28 3283
32 29 6994
32 30 4711
32 31 863
32 33 6920
32 34 1526
32 35 6774
32 36 1738
32 37 4061
32 38 980
32 39 2963
32 40 1254
32 41 4551
32 42 7459
32 43 3328
32 44 3808
32 45 5680
32 46 6449
32 47 6195
32 48 1763
32 49 6568
32 50 6274
32 51 4265
32 52 2117
32 53 294
32 54 4442
32 55 399
32 56 3400
32 57 5900
32 58 6758
32 59 993
32 60 3967
32 61 1640
32 62 1074
32 63 3473
32 64 303
32 65 5931
32 66 7031
32 67 7155
32 68 1368
32 69 4751
32 70 1007
33 1 413
33 2 7211
33 3 7281
33 4 7232
33 5 4809
33 6 449
33 7 7472
33 8 2200
33 9 26
33 10 5165
33 11 7298
33 12 477
33 13 6951
33 14 5398
33 15 5518
33 16 4873
33 17 2894
33 18 1285
33 19 3884
33 20 271
33 21 7440
33 22 6671
33 23 2364
33 24 3617
33 25 7162
33 26 76
33 27 1521
33 28 6208
33 29 6647
33 30 4946
33 31 50
33 32 2139
33 34 7334
33 35 2797
33 36 2622
33 37 2485
33 38 3966
33 39 5081
33 40 5915
33 41 3992
33 42 4477
33 43 2242
33 44 2815
33 45 4357
33 46 6632
33 47 7459
33 48 685
33 49 4098
33 50 4411
33 51 791
33 52 5012
33 53 6713
33 54 3128
33 55 670
33 56 2336
33 57 101
33 58 5478
33 59 1642
33 60 653
33 61 4234
33 62 3229
33 63 1839
33 64 1724
33 65 766
33 66 3506
33 67 2354
33 68 5583
33 69 4045
33 70 575
34 1 1050
34 2 2072
34 3 3661
34 4 1545
34 5 937
34 6 852
34 7 4616
34 8 1235
34 9 7495
34 10 6576
34 11 1349
34 12 2620
34 13 7078
34 14 4494
34 15 6818
34 16 2854
34 17 6980
34 18 629
34 19 4058
34 20 746
34 21 3088
34 22 5012
34 23 4250
34 24 6977
34 25 6904
34 26 4117
34 27 5734
34 28 2258
34 29 864
34 30 632
34 31 6425
34 32 3616
34 33 5535
34 35 5263
34 36 1431
34 37 2840
34 38 5059
34 39 1504
34 40 3305
34 41 2992
34 42 5788
34 43 5602
34 44 1180
34 45 2956
34 46 2492
34 47 5270
34 48 6464
34 49 6556
34 50 5
34 51 3844
34 52 1411
34 53 3574
34 54 2330
34 55 6784
34 56 359
34 57 750
34 58 4732
34 59 871
34 60 5063
34 61 6571
34 62 6805
34 63 4543
34 64 5360
34 65 5710
34 66 1683
34 67 1747
34 68 5598
34 69 2283
34 70 631
35 1 5429
35 2 3944
35 3 2957
35 4 1287
35 5 422
35 6 369
35 7 1214
35 8 6512
35 9 2441
35 10 3116
35 11 5813
35 12 7418
35 13 6358
35 14 3043
35 15 5793
35 16 3409
35 17 4867
35 18 7466
35 19 3377
35 20 5195
35 21 3709
35 22 1122
35 23 708
35 24 4057
35 25 4069
35 26 6116
35 27 7176
35 28 3772
35 29 4414
35 30 1622
35 31 1829
35 32 5446
35 33 4668
35 34 4786
35 36 2997
35 37 4798
35 38 2140
35 39 3147
35 40 749
35 41 392
35 42 1140
35 43 565
35 44 2831
35 45 223
35 46 1739
35 47 4006
35 48 2808
35 49 4013
35 50 4795
35 51 7360
35 52 5578
35 53 6899
35 54 4892
35 55 5439
35 56 3560
35 57 5903
35 58 1906
35 59 4082
35 60 6269
35 61 2708
35 62 5878
35 63 2170
35 64 289
35 65 2310
35 66 3142
35 67 7464
35 68 4528
35 69 4854
35 70 7471
36 1 6012
36 2 271
36 3 4543
36 4 807
36 5 4756
36 6 2587
36 7 4807
36 8 7489
36 9 4792
36 10 3414
36 11 7433
36 12 4278
36 13 4650
36 14 5050
36 15 4854
36 16 5768
36 17 192
36 18 3211
36 19 7489
36 20 4815
36 21 1634
36 22 784
36 23 3649
36 24 1404
36 25 822
36 26 3830
36 27 5936
36 28 1637
36 29 7300
36 30 530
36 31 412
36 32 1707
36 33 1578
36 34 1035
36 35 3783
36 37 6208
36 38 4334
36 39 1706
36 40 4996
36 41 80
36 42 4384
36 43 5308
36 44 6373
36 45 722
36 46 74
36 47 7308
36 48 3760
36 49 6409
36 50 4961
36 51 2865
36 52 5915
36 53 1127
36 54 5120
36 55 3341
36 56 6982
36 57 2916
36 58 4794
36 59 4268
36 60 4561
36 61 1378
36 62 7405
36 63 3980
36 64 1776
36 65 6597
36 66 5140
36 67 2119
36 68 6822
36 69 1465
36 70 4303
37 1 5934
37 2 1686
37 3 4521
37 4 6379
37 5 3639
37 6 3372
37 7 6917
37 8 4874
37 9 4751
37 10 3675
37 11 4479
37 12 7061
37 13 5451
37 14 787
37 15 3898
37 16 3947
37 17 2547
37 18 2079
37 19 5200
37 20 537
37 21 1340
37 22 5779
37 23 6861
37 24 2893
37 25 5504
37 26 6834
37 27 2190
37 28 2463
37 29 291
37 30 2768
37 31 6447
37 32 36
37 33 7184
37 34 508
37 35 4050
37 36 5506
37 38 44
37 39 3425
37 40 2421
37 41 3710
37 42 1893
37 43 4210
37 44 1556
37 45 86
37 46 5606
37 47 3931
37 48 2667
37 49 7486
37 50 71
37 51 5152
37 52 4854
37 53 5671
37 54 2026
37 55 4832
37 56 2332
37 57 6950
37 58 6027
37 59 3262
37 60 1707
37 61 7156
37 62 6983
37 63 4798
37 64 1753
37 65 4678
37 66 670
37 67 3662
37 68 6085
37 69 3939
37 70 3820
38 1 5514
38 2 4812
38 3 2753
38 4 3566
38 5 4926
38 6 7161
38 7 7359
38 8 5671
38 9 4723
38 10 1901
38 11 4929
38 12 6475
38 13 5252
38 14 773
38 15 725
38 16 4955
38 17 6202
38 18 5073
38 19 3597
38 20 6471
38 21 1675
38 22 2738
38 23 7140
38 24 3038
38 25 2471
38 26 4002
38 27 469
38 28 4205
38 29 771
38 30 3878
38 31 3543
38 32 4558
38 33 6849
38 34 844
38 35 2865
38 36 3939
38 37 5192
38 39 249
38 40 2283
38 41 7380
38 42 4964
38 43 459
38 44 2614
38 45 2143
38 46 873
38 47 1227
38 48 2654
38 49 3576
38 50 6412
38 51 3930
38 52 2906
38 53 5911
38 54 3561
38 55 3828
38 56 3008
38 57 4005
38 58 216
38 59 6488
38 60 4273
38 61 3190
38 62 1164
38 63 6264
38 64 6136
38 65 1618
38 66 5657
38 67 1788
38 68 5320
38 69 4284
38 70 5014
39 1 3195
39 2 5391
39 3 4494
39 4 2345
39 5 7288
39 6 4867
39 7 2743
39 8 4854
39 9 2378
39 10 435
39 11 2017
39 12 1428
39 13 1827
39 14 3928
39 15 6528
39 16 7481
39 17 5732
39 18 6414
39 19 6821
39 20 4564
39 21 4971
39 22 6448
39 23 6510
39 24 2925
39 25 2092
39 26 97
39 27 1981
39 28 4458
39 29 3492
39 30 4878
39 31 4745
39 32 1307
39 33 7358
39 34 3969
39 35 2157
39 36 5667
39 37 3105
39 38 541
39 40 3595
39 41 6361
39 42 3430
39 43 5944
39 44 2826
39 45 1845
39 46 1986
39 47 1260
39 48 3241
39 49 363
39 50 4616
39 51 1250
39 52 1584
39 53 2870
39 54 3281
39 55 2150
39 56 3056
39 57 1243
39 58 7445
39 59 6827
39 60 4186
39 61 6997
39 62 6939
39 63 3644
39 64 2595
39 65 1527
39 66 6080
39 67 5555
39 68 3058
39 69 3157
39 70 1929
40 1 6089
40 2 6135
40 3 6047
40 4 5307
40 5 7482
40 6 5023
40 7 1205
40 8 4860
40 9 3195
40 10 2787
40 11 3523
40 12 3455
40 13 6811
40 14 5642
40 15 3102
40 16 1028
40 17 6438
40 18 526
40 19 3804
40 20 4389
40 21 1489
40 22 6836
40 23 1223
40 24 935
40 25 2852
40 26 6596
40 27 5814
40 28 738
40 29 7414
40 30 5745
40 31 3113
40 32 1459
40 33 5834
40 34 2868
40 35 6469
40 36 66
40 37 2802
40 38 313
40 39 3242
40 41 6656
40 42 2477
40 43 3616
40 44 5851
40 45 2104
40 46 6843
40 47 2757
40 48 4547
40 49 3477
40 50 5487
40 51 1442
40 52 160
40 53 6020
40 54 1587
40 55 4163
40 56 3561
40 57 4859
40 58 6520
40 59 773
40 60 634
40 61 6113
40 62 4531
40 63 3828
40 64 4738
40 65 3196
40 66 246
40 67 4777
40 68 2512
40 69 899
40 70 7093
41 1 725
41 2 1777
41 3 6108
41 4 6988
41 5 2228
41 6 4956
41 7 3909
41 8 2224
41 9 146
41 10 6965
41 11 1813
41 12 1524
41 13 747
41 14 783
41 15 2474
41 16 5602
41 17 6036
41 18 5909
41 19 6740
41 20 948
41 21 2272
41 22 4324
41 23 3294
41 24 3858
41 25 4041
41 26 1899
41 27 3664
41 28 3953
41 29 5460
41 30 1522
41 31 2545
41 32 5161
41 33 1732
41 34 3128
41 35 1962
41 36 647
41 37 2059
41 38 2662
41 39 5078
41 40 6497
41 42 6403
41 43 1034
41 44 5905
41 45 3346
41 46 2422
41 47 1927
41 48 2389
41 49 4922
41 50 5664
41 51 3587
41 52 5482
41 53 813
41 54 5277
41 55 1994
41 56 7236
41 57 6772
41 58 4684
41 59 6276
41 60 5773
41 61 2942
41 62 709
41 63 2354
41 64 3945
41 65 4499
41 66 3520
41 67 3236
41 68 3780
41 69 2930
41 70 3417
42 1 682
42 2 3133
42 3 1917
42 4 4709
42 5 5164
42 6 1519
42 7 2611
42 8 6032
42 9 170
42 10 2920
42 11 5540
42 12 1949
42 13 6123
42 14 6828
42 15 6311
42 16 3486
42 17 3782
42 18 5120
42 19 4248
42 20 5176
42 21 2292
42 22 2765
42 23 7482
42 24 1702
42 25 4773
42 26 3492
42 27 1111
42 28 4273
42 29 2756
42 30 5676
42 31 129
42 32 2251
42 33 6865
42 34 5739
42 35 7131
42 36 856
42 37 3930
42 38 1163
42 39 717
42 40 5005
42 41 2681
42 43 428
42 44 3248
42 45 4550
42 46 3501
42 47 746
42 48 6600
42 49 5624
42 50 4339
42 51 2373
42 52 3749
42 53 4532
42 54 694
42 55 2390
42 56 3766
42 57 5452
42 58 1403
42 59 6441
42 60 5857
42 61 5718
42 62 6635
42 63 4197
42 64 3087
42 65 2297
42 66 7155
42 67 2755
42 68 1801
42 69 6944
42 70 233
43 1 4726
43 2 1169
43 3 6436
43 4 764
43 5 2582
43 6 1753
43 7 2053
43 8 3858
43 9 6793
43 10 7431
43 11 1589
43 12 966
43 13 856
43 14 4504
43 15 1975
43 16 5555
43 17 7459
43 18 3254
43 19 2494
43 20 4731
43 21 1053
43 22 4183
43 23 1417
43 24 2977
43 25 6931
43 26 7419
43 27 5864
43 28 7357
43 29 1456
43 30 6069
43 31 1583
43 32 1730
43 33 7288
43 34 769
43 35 7185
43 36 5419
43 37 3670
43 38 6985
43 39 5275
43 40 3812
43 41 666
43 42 6258
43 44 4710
43 45 32
43 46 5707
43 47 6685
43 48 2229
43 49 1498
43 50 5392
43 51 479
43 52 7083
43 53 7074
43 54 6664
43 55 2518
43 56 5097
43 57 385
43 58 2199
43 59 5469
43 60 6579
43 61 5137
43 62 2582
43 63 5154
43 64 796
43 65 2791
43 66 4825
43 67 2532
43 68 3972
43 69 1340
43 70 3624
44 1 3168
44 2 4822
44 3 3817
44 4 4297
44 5 289
44 6 5893
44 7 2079
44 8 1404
44 9 2077
44 10 162
44 11 7192
44 12 3774
44 13 905
44 14 1437
44 15 823
44 16 3943
44 17 2211
44 18 3412
44 19 1704
44 20 3367
44 21 4869
44 22 4782
44 23 6658
44 24 3799
44 25 7423
44 26 3933
44 27 5001
44 28 6174
44 29 5457
44 30 2341
44 31 2316
44 32 2159
44 33 6156
44 34 5510
44 35 5268
44 36 3945
44 37 7181
44 38 5748
44 39 6083
44 40 2360
44 41 1946
44 42 7407
44 43 6450
44 45 7278
44 46 5157
44 47 693
44 48 6169
44 49 4050
44 50 5220
44 51 1768
44 52 5492
44 53 7264
44 54 6950
44 55 5277
44 56 4692
44 57 818
44 58 5301
44 59 2253
44 60 2770
44 61 4631
44 62 3640
44 63 1670
44 64 2578
44 65 3870
44 66 202
44 67 1323
44 68 210
44 69 1498
44 70 5708
45 1 1834
45 2 6379
45 3 483
45 4 6586
45 5 5306
45 6 7355
45 7 7090
45 8 1274
45 9 3347
45 10 3360
45 11 2385
45 12 3977
45 13 3713
45 14 1052
45 15 3040
45 16 1425
45 17 7478
45 18 3621
45 19 3796
45 20 3735
45 21 4738
45 22 1604
45 23 1928
45 24 4081
45 25 4904
45 26 5079
45 27 2208
45 28 7147
45 29 3271
45 30 5755
45 31 3090
45 32 3268
45 33 3047
45 34 6243
45 35 7276
45 36 84
45 37 1785
45 38 5589
45 39 4256
45 40 3066
45 41 5530
45 42 2906
45 43 1743
45 44 6182
45 46 2290
45 47 5750
45 48 3873
45 49 2791
45 50 45
45 51 3457
45 52 1934
45 53 1282
45 54 4864
45 55 2074
45 56 980
45 57 4029
45 58 1585
45 59 2180
45 60 6749
45 61 2380
45 62 3020
45 63 5214
45 64 3165
45 65 1342
45 66 1047
45 67 2534
45 68 2477
45 69 3971
45 70 6126
46 1 448
46 2 1434
46 3 1038
46 4 2182
46 5 3595
46 6 2989
46 7 4261
46 8 6583
46 9 3240
46 10 2913
46 11 1858
46 12 3154
46 13 7116
46 14 1366
46 15 3392
46 16 7374
46 17 3440
46 18 4241
46 19 5973
46 20 6760
46 21 3998
46 22 6205
46 23 2875
46 24 4899
46 25 6803
46 26 592
46 27 7498
46 28 5300
46 29 3161
46 30 6025
46 31 5398
46 32 2689
46 33 4755
46 34 2857
46 35 3572
46 36 3369
46 37 3860
46 38 5467
46 39 4494
46 40 3858
46 41 577
46 42 3160
46 43 5029
46 44 5355
46 45 7042
46 47 3685
46 48 3599
46 49 3491
46 50 4195
46 51 6352
46 52 4404
46 53 2270
46 54 5807
46 55 3672
46 56 6520
46 57 7218
46 58 2735
46 59 3121
46 60 7319
46 61 4928
46 62 4286
46 63 3525
46 64 2776
46 65 635
46 66 5912
46 67 3190
46 68 6411
46 69 6530
46 70 6267
47 1 2076
47 2 4889
47 3 5607
47 4 545
47 5 412
47 6 6934
47 7 1650
47 8 3130
47 9 7021
47 10 2482
47 11 7318
47 12 2703
47 13 7058
47 14 4712
47 15 6098
47 16 7042
47 17 1785
47 18 4762
47 19 7449
47 20 2061
47 21 3107
47 22 4971
47 23 7249
47 24 3604
47 25 1189
47 26 5900
47 27 4389
47 28 2105
47 29 861
47 30 6654
47 31 1794
47 32 662
47 33 6500
47 34 2306
47 35 5353
47 36 4725
47 37 4381
47 38 3561
47 39 4779
47 40 1058
47 41 4960
47 42 6440
47 43 3777
47 44 124
47 45 6119
47 46 2660
47 48 6705
47 49 7040
47 50 7195
47 51 3116
47 52 4502
47 53 734
47 54 2170
47 55 1321
47 56 3539
47 57 281
47 58 1196
47 59 6266
47 60 3022
47 61 2206
47 62 983
47 63 4140
47 64 687
47 65 5624
47 66 29
47 67 2599
47 68 3192
47 69 2940
47 70 2953
48 1 5945
48 2 2465
48 3 4470
48 4 2544
48 5 4174
48 6 1102
48 7 3879
48 8 1814
48 9 3963
48 10 3504
48 11 328
48 12 6785
48 13 3505
48 14 3240
48 15 1498
48 16 1667
48 17 742
48 18 4413
48 19 6164
48 20 6478
48 21 3608
48 22 3266
48 23 4318
48 24 3035
48 25 5907
48 26 5684
48 27 4315
48 28 5533
48 29 6520
48 30 3103
48 31 4869
48 32 6968
48 33 6725
48 34 4496
48 35 6518
48 36 3571
48 37 4523
48 38 5077
48 39 6624
48 40 3051
48 41 3319
48 42 3650
48 43 6585
48 44 4716
48 45 4801
48 46 3978
48 47 1110
48 49 5632
48 50 4193
48 51 7278
48 52 7424
48 53 4720
48 54 3067
48 55 4974
48 56 6466
48 57 6095
48 58 3118
48 59 4945
48 60 7075
48 61 5349
48 62 163
48 63 1481
48 64 5221
48 65 2727
48 66 6595
48 67 666
48 68 3861
48 69 4050
48 70 2124
49 1 4770
49 2 947
49 3 5662
49 4 1838
49 5 5993
49 6 325
49 7 7184
49 8 6900
49 9 2340
49 10 1100
49 11 7221
49 12 1162
49 13 4952
49 14 5388
49 15 566
49 16 1132
49 17 5369
49 18 130
49 19 2489
49 20 7087
49 21 7127
49 22 7326
49 23 3342
49 24 3698
49 25 4289
49 26 5892
49 27 3255
49 28 1021
49 29 1643
49 30 1743
49 31 6952
49 32 3332
49 33 7105
49 34 4451
49 35 2249
49 36 521
49 37 90
49 38 6610
49 39 5890
49 40 2245
49 41 4572
49 42 5930
49 43 3242
49 44 5875
49 45 1773
49 46 2303
49 47 6418
49 48 1775
49 50 1879
49 51 4055
49 52 2051
49 53 3331
49 54 2549
49 55 4455
49 56 3166
49 57 5511
49 58 2793
49 59 7437
49 60 7443
49 61 6752
49 62 3975
49 63 2659
49 64 4407
49 65 4589
49 66 5250
49 67 303
49 68 6583
49 69 611
49 70 6870
50 1 6073
50 2 1082
50 3 2240
50 4 496
50 5 5619
50 6 4274
50 7 494
50 8 7290
50 9 3123
50 10 7489
50 11 4959
50 12 1391
50 13 7472
50 14 5991
50 15 3212
50 16 4002
50 17 6693
50 18 836
50 19 6871
50 20 2002
50 21 7081
50 22 2782
50 23 1755
50 24 1509
50 25 1493
50 26 7011
50 27 6468
50 28 5172
50 29 1831
50 30 4012
50 31 4938
50 32 1891
50 33 4775
50 34 955
50 35 4547
50 36 4906
50 37 5361
50 38 1621
50 39 2673
50 40 2316
50 41 2478
50 42 1075
50 43 6023
50 44 4923
50 45 909
50 46 363
50 47 6996
50 48 3173
50 49 3909
50 51 179
50 52 2329
50 53 2169
50 54 7005
50 55 6931
50 56 7142
50 57 3637
50 58 7385
50 59 5909
50 60 725
50 61 2360
50 62 2617
50 63 581
50 64 3936
50 65 6237
50 66 3343
50 67 2795
50 68 4679
50 69 1426
50 70 4629
51 1 3655
51 2 3721
51 3 1355
51 4 6155
51 5 2686
51 6 911
51 7 518
51 8 3640
51 9 3086
51 10 7448
51 11 7153
51 12 5661
51 13 2633
51 14 3689
51 15 2709
51 16 2493
51 17 2672
51 18 5740
51 19 7058
51 20 6784
51 21 2889
51 22 4781
51 23 5108
51 24 1543
51 25 1264
51 26 205
51 27 6645
51 28 1196
51 29 1052
51 30 6960
51 31 951
51 32 426
51 33 1537
51 34 4272
51 35 3035
51 36 3235
51 37 400
51 38 1664
51 39 3582
51 40 6304
51 41 1267
51 42 3419
51 43 5667
51 44 5479
51 45 6783
51 46 1481
51 47 6051
51 48 3073
51 49 6138
51 50 2235
51 52 6611
51 53 4336
51 54 5445
51 55 6569
51 56 4932
51 57 7208
51 58 3925
51 59 6615
51 60 4824
51 61 239
51 62 4534
51 63 2371
51 64 958
51 65 5551
51 66 4423
51 67 6456
51 68 944
51 69 481
51 70 1281
52 1 2907
52 2 3910
52 3 3267
52 4 3247
52 5 4614
52 6 3856
52 7 6030
52 8 24
52 9 5049
52 10 5524
52 11 6630
52 12 320
52 13 2545
52 14 4182
52 15 6222
52 16 6418
52 17 6607
52 18 4845
52 19 4991
52 20 2363
52 21 6525
52 22 263
52 23 6950
52 24 7446
52 25 6604
52 26 2348
52 27 7316
52 28 5582
52 29 2045
52 30 4744
52 31 346
52 32 6513
52 33 2884
52 34 1516
52 35 4328
52 36 4037
52 37 3977
52 38 5221
52 39 2593
52 40 4537
52 41 6586
52 42 5118
52 43 778
52 44 1071
52 45 3046
52 46 168
52 47 7229
52 48 7352
52 49 138
52 50 5858
52 51 2444
52 53 1582
52 54 3327
52 55 4976
52 56 2424
52 57 3294
52 58 848
52 59 531
52 60 6726
52 61 2775
52 62 7186
52 63 6057
52 64 6949
52 65 3554
52 66 1159
52 67 3958
52 68 375
52 69 1753
52 70 216
53 1 2470
53 2 7313
53 3 487
53 4 7366
53 5 1090
53 6 7241
53 7 5038
53 8 2686
53 9 127
53 10 5330
53 11 994
53 12 1900
53 13 6246
53 14 2611
53 15 2969
53 16 6813
53 17 1847
53 18 7396
53 19 3239
53 20 50
53 21 1701
53 22 1423
53 23 6054
53 24 5734
53 25 1209
53 26 1971
53 27 2519
53 28 5569
53 29 1845
53 30 1178
53 31 2144
53 32 6795
53 33 6531
53 34 2960
53 35 3990
53 36 5095
53 37 6821
53 38 6456
53 39 4445
53 40 1296
53 41 310
53 42 5292
53 43 2166
53 44 104
53 45 2324
53 46 863
53 47 7056
53 48 734
53 49 685
53 50 3808
53 51 5853
53 52 7476
53 54 7281
53 55 6673
53 56 3449
53 57 450
53 58 957
53 59 4466
53 60 1919
53 61 5560
53 62 2116
53 63 5322
53 64 7265
53 65 708
53 66 7243
53 67 2155
53 68 401
53 69 6939
53 70 3913
54 1 1290
54 2 642
54 3 573
54 4 2251
54 5 6622
54 6 1557
54 7 4755
54 8 2105
54 9 4210
54 10 1417
54 11 3579
54 12 5163
54 13 6644
54 14 3019
54 15 2788
54 16 2674
54 17 4268
54 18 1926
54 19 1845
54 20 3095
54 21 3790
54 22 4638
54 23 3707
54 24 2738
54 25 1384
54 26 3613
54 27 4944
54 28 6791
54 29 2659
54 30 1571
54 31 2975
54 32 851
54 33 5704
54 34 6097
54 35 4849
54 36 7340
54 37 4338
54 38 6987
54 39 992
54 40 3802
54 41 3160
54 42 714
54 43 3231
54 44 3088
54 45 2622
54 46 5266
54 47 6948
54 48 5834
54 49 3552
54 50 3986
54 51 6488
54 52 2569
54 53 4544
54 55 2349
54 56 5875
54 57 7321
54 58 6987
54 59 1819
54 60 845
54 61 7317
54 62 2172
54 63 4782
54 64 3251
54 65 6004
54 66 4116
54 67 5734
54 68 1846
54 69 1033
54 70 7454
55 1 5187
55 2 7280
55 3 2076
55 4 5772
55 5 1228
55 6 68
55 7 297
55 8 5756
55 9 6453
55 10 6538
55 11 2140
55 12 736
55 13 64
55 14 4773
55 15 6700
55 16 174
55 17 5308
55 18 3541
55 19 4653
55 20 5432
55 21 2560
55 22 3833
55 23 681
55 24 3994
55 25 7361
55 26 215
55 27 3776
55 28 5185
55 29 2797
55 30 6599
55 31 3090
55 32 1703
55 33 2598
55 34 5783
55 35 4751
55 36 5893
55 37 609
55 38 3233
55 39 2798
55 40 191
55 41 408
55 42 7100
55 43 3272
55 44 4718
55 45 507
55 46 1098
55 47 7348
55 48 6856
55 49 5132
55 50 5070
55 51 6972
55 52 1625
55 53 6213
55 54 4423
55 56 2710
55 57 3827
55 58 3110
55 59 296
55 60 2825
55 61 1917
55 62 5004
55 63 2570
55 64 2251
55 65 6808
55 66 4393
55 67 6713
55 68 1904
55 69 3484
55 70 3816
56 1 5446
56 2 850
56 3 5298
56 4 6187
56 5 7149
56 6 6469
56 7 271
56 8 5219
56 9 3371
56 10 1701
56 11 2615
56 12 2819
56 13 2496
56 14 6058
56 15 4562
56 16 7074
56 17 5495
56 18 1503
56 19 3813
56 20 399
56 21 5112
56 22 3213
56 23 6141
56 24 2908
56 25 7050
56 26 6525
56 27 364
56 28 5404
56 29 4354
56 30 2323
56 31 228
56 32 962
56 33 6017
56 34 7465
56 35 7115
56 36 1377
56 37 6457
56 38 5752
56 39 1120
56 40 6876
56 41 6425
56 42 6824
56 43 4164
56 44 3623
56 45 5699
56 46 6046
56 47 1905
56 48 5713
56 49 1761
56 50 6845
56 51 4716
56 52 5052
56 53 5264
56 54 2436
56 55 6169
56 57 6442
56 58 1020
56 59 4561
56 60 555
56 61 2868
56 62 2055
56 63 6932
56 64 2082
56 65 3229
56 66 327
56 67 669
56 68 2816
56 69 1036
56 70 7479
57 1 2010
57 2 1902
57 3 2086
57 4 1467
57 5 5971
57 6 447
57 7 1430
57 8 225
57 9 7477
57 10 7194
57 11 6897
57 12 3786
57 13 6899
57 14 419
57 15 1890
57 16 4783
57 17 6831
57 18 2372
57 19 6959
57 20 816
57 21 1411
57 22 2343
57 23 489
57 24 1640
57 25 1477
57 26 1358
57 27 1189
57 28 5413
57 29 3973
57 30 2202
57 31 4421
57 32 2634
57 33 6321
57 34 4331
57 35 6784
57 36 3661
57 37 1628
57 38 4539
57 39 6736
57 40 1193
57 41 7402
57 42 2038
57 43 1127
57 44 3672
57 45 6204
57 46 4057
57 47 6455
57 48 3191
57 49 2645
57 50 3151
57 51 6402
57 52 4499
57 53 7288
57 54 335
57 55 2056
57 56 45
57 58 377
57 59 2652
57 60 5131
57 61 964
57 62 4588
57 63 4046
57 64 1749
57 65 3884
57 66 3084
57 67 1601
57 68 609
57 69 1699
57 70 2863
58 1 965
58 2 7045
58 3 1
58 4 2314
58 5 4154
58 6 5012
58 7 1704
58 8 4893
58 9 6739
58 10 3353
58 11 5154
58 12 672
58 13 3297
58 14 3945
58 15 3565
58 16 745
58 17 1889
58 18 1446
58 19 1821
58 20 1417
58 21 512
58 22 6585
58 23 3760
58 24 6631
58 25 1135
58 26 5766
58 27 1970
58 28 4675
58 29 3013
58 30 3533
58 31 4476
58 32 4598
58 33 587
58 34 3964
58 35 1460
58 36 5255
58 37 3643
58 38 4508
58 39 3220
58 40 4235
58 41 1152
58 42 2170
58 43 4511
58 44 1731
58 45 5784
58 46 846
58 47 6527
58 48 5242
58 49 5361
58 50 4837
58 51 3352
58 52 6264
58 53 3561
58 54 7397
58 55 5821
58 56 4933
58 57 1416
58 59 7302
58 60 6439
58 61 2642
58 62 3492
58 63 103
58 64 4852
58 65 5472
58 66 1536
58 67 6143
58 68 166
58 69 3289
58 70 3025
59 1 635
59 2 4151
59 3 6635
59 4 4108
59 5 5236
59 6 2466
59 7 3276
59 8 674
59 9 6304
59 10 5464
59 11 6159
59 12 5672
59 13 6890
59 14 5280
59 15 2698
59 16 3311
59 17 5397
59 18 4256
59 19 4710
59 20 584
59 21 6146
59 22 2036
59 23 2497
59 24 3263
59 25 4352
59 26 4837
59 27 1627
59 28 5268
59 29 3359
59 30 1342
59 31 3425
59 32 5903
59 33 5685
59 34 5214
59 35 7344
59 36 1233
59 37 3744
59 38 4891
59 39 1908
59 40 5096
59 41 2517
59 42 6675
59 43 400
59 44 6604
59 45 3307
59 46 6355
59 47 989
59 48 3105
59 49 3516
59 50 590
59 51 3862
59 52 812
59 53 1324
59 54 390
59 55 3258
59 56 1998
59 57 426
59 58 312
59 60 3713
59 61 619
59 62 53
59 63 4227
59 64 2955
59 65 4199
59 66 4619
59 67 1881
59 68 4529
59 69 1152
59 70 1987
60 1 250
60 2 11
60 3 6962
60 4 7193
60 5 1123
60 6 4027
60 7 1061
60 8 5977
60 9 5956
60 10 3532
60 11 6099
60 12 4509
60 13 333
60 14 2405
60 15 7401
60 16 836
60 17 5803
60 18 421
60 19 7376
60 20 5456
60 21 5429
60 22 5049
60 23 7388
60 24 7040
60 25 2378
60 26 4235
60 27 4335
60 28 4421
60 29 6781
60 30 4798
60 31 1015
60 32 2692
60 33 1065
60 34 2219
60 35 4515
60 36 3653
60 37 7053
60 38 5383
60 39 7487
60 40 4499
60 41 286
60 42 4892
60 43 135
60 44 7451
60 45 7186
60 46 6029
60 47 6340
60 48 7304
60 49 1082
60 50 4629
60 51 4802
60 52 5928
60 53 3256
60 54 7260
60 55 3338
60 56 2547
60 57 6955
60 58 2111
60 59 3616
60 61 6021
60 62 3510
60 63 4740
60 64 891
60 65 57
60 66 877
60 67 5410
60 68 3639
60 69 3480
60 70 7322
61 1 3457
61 2 5393
61 3 3182
61 4 4714
61 5 2948
61 6 5620
61 7 3472
61 8 4424
61 9 3829
61 10 2971
61 11 5197
61 12 1265
61 13 2925
61 14 6721
61 15 1265
61 16 7255
61 17 2598
61 18 610
61 19 1497
61 20 6520
61 21 7373
61 22 269
61 23 4310
61 24 164
61 25 3301
61 26 4448
61 27 6677
61 28 1954
61 29 3000
61 30 435
61 31 5683
61 32 298
61 33 4681
61 34 45
61 35 6841
61 36 7270
61 37 6515
61 38 3583
61 39 1225
61 40 605
61 41 2651
61 42 3012
61 43 423
61 44 2724
61 45 7372
61 46 4987
61 47 2974
61 48 6802
61 49 2395
61 50 7378
61 51 375
61 52 7320
61 53 2631
61 54 7068
61 55 3902
61 56 7175
61 57 5712
61 58 2445
61 59 1271
61 60 4683
61 62 2093
61 63 4221
61 64 5544
61 65 5956
61 66 6080
61 67 2821
61 68 5256
61 69 4174
61 70 715
62 1 4026
62 2 2084
62 3 1411
62 4 3265
62 5 1081
62 6 3563
62 7 2216
62 8 5959
62 9 1674
62 10 3158
62 11 829
62 12 7197
62 13 3591
62 14 1550
62 15 552
62 16 4663
62 17 4502
62 18 1945
62 19 3668
62 20 3383
62 21 323
62 22 149
62 23 1167
62 24 327
62 25 3152
62 26 6188
62 27 4758
62 28 3966
62 29 6288
62 30 2594
62 31 6630
62 32 4704
62 33 1857
62 34 2717
62 35 492
62 36 3537
62 37 934
62 38 5460
62 39 5419
62 40 6943
62 41 5819
62 42 5508
62 43 921
62 44 5664
62 45 4751
62 46 7334
62 47 1930
62 48 4010
62 49 3544
62 50 4144
62 51 3008
62 52 3853
62 53 7069
62 54 6040
62 55 5867
62 56 7299
62 57 6023
62 58 3393
62 59 1764
62 60 3343
62 61 1129
62 63 7074
62 64 5930
62 65 3715
62 66 1111
62 67 1193
62 68 6057
62 69 3743
62 70 5925
63 1 1742
63 2 1159
63 3 1991
63 4 2647
63 5 7109
63 6 2375
63 7 6919
63 8 1673
63 9 4028
63 10 2756
63 11 7012
63 12 4552
63 13 6082
63 14 3412
63 15 1958
63 16 778
63 17 4092
63 18 267
63 19 3648
63 20 4941
63 21 2464
63 22 6742
63 23 3570
63 24 7500
63 25 2797
63 26 4824
63 27 963
63 28 6060
63 29 2872
63 30 4018
63 31 5805
63 32 4104
63 33 6339
63 34 3189
63 35 6409
63 36 7450
63 37 2911
63 38 4557
63 39 6037
63 40 6777
63 41 2443
63 42 2056
63 43 1192
63 44 3598
63 45 3736
63 46 314
63 47 4523
63 48 5041
63 49 1649
63 50 6774
63 51 626
63 52 2559
63 53 4968
63 54 4726
63 55 3440
63 56 873
63 57 6065
63 58 958
63 59 2827
63 60 5614
63 61 1061
63 62 4609
63 64 2638
63 65 3429
63 66 996
63 67 784
63 68 1159
63 69 1424
63 70 7075
64 1 5997
64 2 3630
64 3 989
64 4 745
64 5 4664
64 6 2664
64 7 1266
64 8 6384
64 9 1115
64 10 1794
64 11 1697
64 12 6430
64 13 5184
64 14 6586
64 15 1403
64 16 116
64 17 2792
64 18 5271
64 19 5923
64 20 136
64 21 2741
64 22 187
64 23 957
64 24 443
64 25 5919
64 26 3689
64 27 406
64 28 3760
64 29 3011
64 30 7438
64 31 1850
64 32 3165
64 33 7054
64 34 2108
64 35 6608
64 36 2927
64 37 5304
64 38 5705
64 39 4359
64 40 2300
64 41 3330
64 42 2011
64 43 2835
64 44 4014
64 45 4640
64 46 469
64 47 6270
64 48 5464
64 49 3717
64 50 4795
64 51 830
64 52 2799
64 53 3822
64 54 1727
64 55 4822
64 56 2597
64 57 42
64 58 632
64 59 3562
64 60 3037
64 61 4009
64 62 312
64 63 2808
64 65 5065
64 66 4268
64 67 4541
64 68 7483
64 69 3106
64 70 3850
65 1 6355
65 2 6101
65 3 1791
65 4 5781
65 5 7458
65 6 2743
65 7 6873
65 8 5019
65 9 6353
65 10 4922
65 11 3847
65 12 3202
65 13 2614
65 14 1178
65 15 3107
65 16 5808
65 17 1336
65 18 1284
65 19 5019
65 20 6477
65 21 6812
65 22 4190
65 23 7210
65 24 7278
65 25 1404
65 26 2367
65 27 3684
65 28 6983
65 29 3167
65 30 2665
65 31 4241
65 32 301
65 33 5673
65 34 2304
65 35 1865
65 36 6591
65 37 6050
65 38 277
65 39 6041
65 40 5904
65 41 6106
65 42 4708
65 43 76
65 44 5153
65 45 6352
65 46 3501
65 47 67
65 48 109
65 49 308
65 50 6478
65 51 3391
65 52 27
65 53 33
65 54 5748
65 55 7156
65 56 4057
65 57 6932
65 58 7175
65 59 2103
65 60 6232
65 61 5581
65 62 1753
65 63 2143
65 64 2669
65 66 5695
65 67 5327
65 68 4248
65 69 3597
65 70 3648
66 1 7258
66 2 629
66 3 6024
66 4 2766
66 5 26
66 6 1054
66 7 1157
66 8 3480
66 9 480
66 10 7250
66 11 7226
66 12 4024
66 13 2873
66 14 4352
66 15 3507
66 16 5574
66 17 6559
66 18 972
66 19 2680
66 20 1178
66 21 457
66 22 1075
66 23 4091
66 24 1267
66 25 5639
66 26 7101
66 27 5901
66 28 4428
66 29 989
66 30 6376
66 31 7075
66 32 883
66 33 937
66 34 4574
66 35 3527
66 36 4745
66 37 1360
66 38 4516
66 39 6941
66 40 6771
66 41 6989
66 42 221
66 43 4032
66 44 5161
66 45 6322
66 46 3359
66 47 5210
66 48 2012
66 49 4914
66 50 57
66 51 5786
66 52 7399
66 53 6076
66 54 2554
66 55 4987
66 56 6068
66 57 259
66 58 1186
66 59 7392
66 60 2898
66 61 5527
66 62 5649
66 63 4378
66 64 5017
66 65 2561
66 67 2793
66 68 739
66 69 7267
66 70 3668
67 1 6685
67 2 6428
67 3 3066
67 4 5290
67 5 1389
67 6 6000
67 7 4559
67 8 35
67 9 2833
67 10 1742
67 11 6528
67 12 2812
67 13 7480
67 14 121
67 15 1402
67 16 2662
67 17 4686
67 18 3760
67 19 602
67 20 1319
67 21 3858
67 22 4912
67 23 2794
67 24 1995
67 25 2376
67 26 4657
67 27 1613
67 28 715
67 29 3835
67 30 827
67 31 4895
67 32 7475
67 33 503
67 34 7415
67 35 6751
67 36 582
67 37 6420
67 38 5938
67 39 2062
67 40 3228
67 41 3138
67 42 5018
67 43 1350
67 44 4994
67 45 5543
67 46 4861
67 47 3698
67 48 633
67 49 2950
67 50 4498
67 51 6110
67 52 596
67 53 1859
67 54 1948
67 55 5721
67 56 5053
67 57 460
67 58 4759
67 59 4353
67 60 1312
67 61 6467
67 62 548
67 63 5846
67 64 2933
67 65 1924
67 66 7482
67 68 1992
67 69 2778
67 70 3095
68 1 4483
68 2 6852
68 3 5836
68 4 3623
68 5 6451
68 6 3389
68 7 2157
68 8 2463
68 9 7320
68 10 4541
68 11 1893
68 12 1041
68 13 252
68 14 1109
68 15 2373
68 16 4981
68 17 3665
68 18 2195
68 19 2170
68 20 6804
68 21 5139
68 22 7422
68 23 3858
68 24 897
68 25 6199
68 26 2921
68 27 6853
68 28 5280
68 29 6215
68 30 546
68 31 3623
68 32 6118
68 33 3919
68 34 991
68 35 2498
68 36 3346
68 37 7329
68 38 364
68 39 6042
68 40 279
68 41 4791
68 42 4857
68 43 2504
68 44 3543
68 45 6066
68 46 4658
68 47 3815
68 48 6632
68 49 1519
68 50 6646
68 51 547
68 52 4170
68 53 3638
68 54 2822
68 55 1500
68 56 7416
68 57 4948
68 58 1924
68 59 3205
68 60 7358
68 61 4620
68 62 3385
68 63 763
68 64 1225
68 65 2308
68 66 7016
68 67 328
68 69 2292
68 70 2524
69 1 169
69 2 730
69 3 6185
69 4 203
69 5 6580
69 6 5493
69 7 1018
69 8 2217
69 9 5955
69 10 2694
69 11 3328
69 12 4810
69 13 104
69 14 4981
69 15 2361
69 16 2748
69 17 2027
69 18 2486
69 19 327
69 20 6630
69 21 53
69 22 431
69 23 3175
69 24 516
69 25 3684
69 26 6031
69 27 5544
69 28 1277
69 29 6225
69 30 6700
69 31 5316
69 32 3715
69 33 6510
69 34 4063
69 35 2720
69 36 1543
69 37 5315
69 38 3936
69 39 2501
69 40 7179
69 41 6065
69 42 6419
69 43 4858
69 44 902
69 45 5271
69 46 6239
69 47 3479
69 48 3424
69 49 6830
69 50 5111
69 51 5509
69 52 4345
69 53 2959
69 54 539
69 55 113
69 56 2563
69 57 1944
69 58 1036
69 59 7464
69 60 4528
69 61 717
69 62 7246
69 63 6732
69 64 259
69 65 5731
69 66 3515
69 67 3540
69 68 4044
69 70 75
70 1 1743
70 2 6964
70 3 6849
70 4 1072
70 5 3751
70 6 390
70 7 6566
70 8 753
70 9 947
70 10 6733
70 11 5245
70 12 1561
70 13 5809
70 14 282
70 15 4232
70 16 3207
70 17 5256
70 18 17
70 19 1738
70 20 5755
70 21 6456
70 22 6525
70 23 6102
70 24 6327
70 25 3808
70 26 1668
70 27 164
70 28 835
70 29 644
70 30 2511
70 31 666
70 32 2855
70 33 6600
70 34 976
70 35 6150
70 36 5345
70 37 3250
70 38 1434
70 39 6448
70 40 6305
70 41 7137
70 42 5433
70 43 4381
70 44 5913
70 45 7474
70 46 2089
70 47 5458
70 48 4029
70 49 4491
70 50 4241
70 51 2739
70 52 6483
70 53 7491
70 54 2526
70 55 3611
70 56 3227
70 57 3235
70 58 600
70 59 4466
70 60 1303
70 61 5099
70 62 7478
70 63 5164
70 64 7283
70 65 6175
70 66 2742
70 67 3099
70 68 2712
70 69 2053
