70 4830
1 2 3257
1 3 3204
1 4 5220
1 5 2057
1 6 2529
1 7 1613
1 8 921
1 9 2041
1 10 1507
1 11 1278
1 12 726
1 13 6463
1 14 2211
1 15 6614
1 16 1787
1 17 3587
1 18 5486
1 19 4015
1 20 2040
1 21 7013
1 22 1275
1 23 1384
1 24 6243
1 25 6876
1 26 5084
1 27 4600
1 28 2964
1 29 7470
1 30 7416
1 31 7094
1 32 2301
1 33 464
1 34 1033
1 35 629
1 36 4604
1 37 5434
1 38 6771
1 39 4045
1 40 1843
1 41 6003
1 42 5459
1 43 5698
1 44 5746
1 45 3381
1 46 4400
1 47 6150
1 48 5950
1 49 1738
1 50 2837
1 51 7344
1 52 2989
1 53 1450
1 54 3320
1 55 6247
1 56 2512
1 57 5409
1 58 2610
1 59 3380
1 60 1162
1 61 7040
1 62 5142
1 63 3487
1 64 5668
1 65 3945
1 66 3538
1 67 1746
1 68 1907
1 69 7318
1 70 3575
2 1 2658
2 3 2289
2 4 589
2 5 6524
2 6 1026
2 7 178
2 8 4183
2 9 3885
2 10 6479
2 11 3208
2 12 1435
2 13 5414
2 14 5701
2 15 6946
2 16 7356
2 17 5149
2 18 5190
2 19 3741
2 20 6901
2 21 1025
2 22 1058
2 23 3823
2 24 4757
2 25 1929
2 26 1255
2 27 1453
2 28 6367
2 29 1512
2 30 4023
2 31 4668
2 32 5847
2 33 3733
2 34 4856
2 35 5548
2 36 7390
2 37 4314
2 38 3531
2 39 4176
2 40 2250
2 41 4121
2 42 4143
2 43 7337
2 44 4547
2 45 1019
2 46 2434
2 47 1666
2 48 1075
2 49 6488
2 50 1819
2 51 3256
2 52 1162
2 53 5639
2 54 6415
2 55 2100
2 56 1876
2 57 6112
2 58 7018
2 59 5430
2 60 3706
2 61 6976
2 62 188
2 63 7290
2 64 5769
2 65 1320
2 66 3193
2 67 1396
2 68 1368
2 69 2283
2 70 4171
3 1 1989
3 2 3450
3 4 4099
3 5 242
3 6 1055
3 7 931
3 8 751
3 9 6034
3 10 4479
3 11 5348
3 12 5534
3 13 3614
3 14 4372
3 15 4421
3 16 6307
3 17 1987
3 18 5204
3 19 5084
3 20 6135
3 21 6724
3 22 2365
3 23 1531
3 24 3113
3 25 4342
3 26 2138
3 27 4044
3 28 6070
3 29 6286
3 30 5209
3 31 1930
3 32 3201
3 33 285
3 34 1636
3 35 1170
3 36 1147
3 37 1782
3 38 3718
3 39 1353
3 40 2571
3 41 3847
3 42 339
3 43 698
3 44 3077
3 45 1166
3 46 3417
3 47 6541
3 48 5278
3 49 2828
3 50 6658
3 51 4449
3 52 2848
3 53 3544
3 54 3137
3 55 4585
3 56 947
3 57 5671
3 58 2322
3 59 1522
3 60 2105
3 61 6702
3 62 3643
3 63 1053
3 64 5009
3 65 3576
3 66 1146
3 67 6510
3 68 1577
3 69 2613
3 70 536
4 1 5985
4 2 2618
4 3 4200
4 5 7444
4 6 2881
4 7 7251
4 8 2239
4 9 3238
4 10 7388
4 11 1387
4 12 6392
4 13 4550
4 14 3268
4 15 4284
4 16 6306
4 17 958
4 18 4704
4 19 6748
4 20 2067
4 21 1854
4 22 7366
4 23 2360
4 24 5268
4 25 3857
4 26 6202
4 27 6071
4 28 2813
4 29 4728
4 30 1633
4 31 3744
4 32 779
4 33 3736
4 34 2306
4 35 2617
4 36 5709
4 37 3406
4 38 6353
4 39 1434
4 40 5419
4 41 6869
4 42 6517
4 43 3980
4 44 4731
4 45 1881
4 46 7234
4 47 6345
4 48 2364
4 49 1833
4 50 5975
4 51 3780
4 52 4993
4 53 4797
4 54 7309
4 55 4053
4 56 2408
4 57 1600
4 58 3891
4 59 5164
4 60 6503
4 61 6490
4 62 7269
4 63 5855
4 64 5384
4 65 901
4 66 4414
4 67 1918
4 68 2131
4 69 1080
4 70 2511
5 1 808
5 2 4888
5 3 1071
5 4 3644
5 6 960
5 7 6843
5 8 2006
5 9 933
5 10 1035
5 11 3730
5 12 3972
5 13 6332
5 14 4083
5 15 1693
5 16 6037
5 17 837
5 18 2872
5 19 2088
5 20 4008
5 21 192
5 22 5405
5 23 3627
5 24 4545
5 25 1224
5 26 746
5 27 7387
5 28 724
5 29 13
5 30 5391
5 31 3571
5 32 2546
5 33 2324
5 34 1627
5 35 2037
5 36 4902
5 37 5900
5 38 3995
5 39 2472
5 40 2093
5 41 2861
5 42 2447
5 43 658
5 44 2615
5 45 2195
5 46 4411
5 47 318
5 48 6019
5 49 1720
5 50 1758
5 51 4310
5 52 4221
5 53 3949
5 54 3402
5 55 1687
5 56 3320
5 57 2690
5 58 1213
5 59 5052
5 60 6193
5 61 5022
5 62 3949
5 63 437
5 64 4609
5 65 5537
5 66 1558
5 67 6243
5 68 3555
5 69 330
5 70 6302
6 1 5970
6 2 5198
6 3 4368
6 4 5852
6 5 7140
6 7 3929
6 8 2164
6 9 3463
6 10 530
6 11 2679
6 12 2949
6 13 3470
6 14 4484
6 15 4828
6 16 5014
6 17 1164
6 18 2133
6 19 3203
6 20 4913
6 21 7235
6 22 4614
6 23 6931
6 24 2518
6 25 4132
6 26 4666
6 27 4403
6 28 1589
6 29 1104
6 30 335
6 31 3068
6 32 7455
6 33 381
6 34 427
6 35 3170
6 36 3935
6 37 7500
6 38 263
6 39 2145
6 40 1890
6 41 3902
6 42 3989
6 43 6406
6 44 3852
6 45 5438
6 46 6666
6 47 2896
6 48 3428
6 49 2815
6 50 7157
6 51 2503
6 52 5360
6 53 7375
6 54 6580
6 55 6006
6 56 3956
6 57 1153
6 58 2495
6 59 3093
6 60 325
6 61 523
6 62 5608
6 63 1271
6 64 7057
6 65 1136
6 66 546
6 67 5335
6 68 6021
6 69 1047
6 70 1081
7 1 7320
7 2 4062
7 3 4585
7 4 6048
7 5 6251
7 6 5164
7 8 6301
7 9 6353
7 10 7469
7 11 1033
7 12 1288
7 13 1787
7 14 2228
7 15 5428
7 16 3273
7 17 6473
7 18 6090
7 19 1982
7 20 5912
7 21 731
7 22 2714
7 23 6758
7 24 3602
7 25 3339
7 26 4339
7 27 1367
7 28 757
7 29 4694
7 30 3395
7 31 7204
7 32 853
7 33 5771
7 34 7036
7 35 5528
7 36 3334
7 37 7432
7 38 5438
7 39 5219
7 40 3263
7 41 1189
7 42 2134
7 43 4268
7 44 2049
7 45 4344
7 46 462
7 47 4249
7 48 681
7 49 3154
7 50 4520
7 51 4561
7 52 586
7 53 3069
7 54 6615
7 55 6300
7 56 3833
7 57 3787
7 58 4321
7 59 5208
7 60 3103
7 61 7180
7 62 88
7 63 4395
7 64 5225
7 65 4674
7 66 1524
7 67 7096
7 68 3932
7 69 5934
7 70 1744
8 1 3813
8 2 5893
8 3 5686
8 4 3886
8 5 6835
8 6 2585
8 7 3538
8 9 1047
8 10 4169
8 11 3892
8 12 6651
8 13 5377
8 14 334
8 15 4394
8 16 4778
8 17 5945
8 18 4907
8 19 7144
8 20 421
8 21 2879
8 22 404
8 23 3097
8 24 2911
8 25 5879
8 26 5954
8 27 6055
8 28 1694
8 29 7371
8 30 3753
8 31 6251
8 32 1130
8 33 2710
8 34 4524
8 35 5302
8 36 3721
8 37 3852
8 38 4678
8 39 2457
8 40 5299
8 41 1486
8 42 4724
8 43 3954
8 44 4503
8 45 3549
8 46 1450
8 47 2530
8 48 4362
8 49 6614
8 50 4188
8 51 2812
8 52 5559
8 53 472
8 54 1901
8 55 320
8 56 2153
8 57 2690
8 58 811
8 59 2724
8 60 592
8 61 4975
8 62 3166
8 63 4409
8 64 824
8 65 1114
8 66 7471
8 67 532
8 68 3053
8 69 4884
8 70 2010
9 1 2906
9 2 5383
9 3 3162
9 4 6029
9 5 1032
9 6 3605
9 7 5932
9 8 4827
9 10 6025
9 11 3436
9 12 2398
9 13 2074
9 14 5632
9 15 2228
9 16 2730
9 17 5917
9 18 3214
9 19 4026
9 20 2647
9 21 3830
9 22 2039
9 23 5831
9 24 2316
9 25 6186
9 26 6009
9 27 3964
9 28 3670
9 29 3200
9 30 2547
9 31 4250
9 32 2866
9 33 3903
9 34 7463
9 35 3766
9 36 7470
9 37 4313
9 38 7084
9 39 2483
9 40 1226
9 41 2732
9 42 3469
9 43 5444
9 44 6912
9 45 4400
9 46 3651
9 47 2954
9 48 607
9 49 3701
9 50 5381
9 51 6614
9 52 4447
9 53 5288
9 54 2797
9 55 3052
9 56 295
9 57 2450
9 58 5987
9 59 80
9 60 2574
9 61 3482
9 62 3466
9 63 3609
9 64 1289
9 65 5420
9 66 1009
9 67 7022
9 68 4897
9 69 5417
9 70 2929
10 1 2631
10 2 1047
10 3 98
10 4 1513
10 5 1504
10 6 1439
10 7 6773
10 8 1757
10 9 932
10 11 4456
10 12 697
10 13 938
10 14 128
10 15 3726
10 16 3068
10 17 4781
10 18 5744
10 19 172
10 20 1127
10 21 566
10 22 3006
10 23 5812
10 24 4916
10 25 6200
10 26 5276
10 27 473
10 28 471
10 29 2824
10 30 3705
10 31 4993
10 32 6059
10 33 1789
10 34 1979
10 35 6592
10 36 4654
10 37 2150
10 38 6863
10 39 5109
10 40 7098
10 41 3168
10 42 5497
10 43 6957
10 44 2023
10 45 4805
10 46 5651
10 47 2145
10 48 2695
10 49 52
10 50 4557
10 51 5215
10 52 1061
10 53 3612
10 54 400
10 55 4258
10 56 1653
10 57 3352
10 58 1
10 59 1325
10 60 7487
10 61 3043
10 62 3257
10 63 6331
10 64 3276
10 65 5847
10 66 3025
10 67 722
10 68 1425
10 69 2280
10 70 928
11 1 497
11 2 2416
11 3 2300
11 4 5629
11 5 755
11 6 1545
11 7 6879
11 8 5718
11 9 7158
11 10 6012
11 12 7456
11 13 3270
11 14 2442
11 15 4966
11 16 7333
11 17 5121
11 18 2015
11 19 7295
11 20 326
11 21 3258
11 22 7415
11 23 7287
11 24 1069
11 25 2220
11 26 1184
11 27 6459
11 28 6814
11 29 2300
11 30 5455
11 31 4388
11 32 5322
11 33 6807
11 34 1203
11 35 2143
11 36 5278
11 37 3068
11 38 2357
11 39 2694
11 40 2502
11 41 3221
11 42 3203
11 43 5769
11 44 6012
11 45 2534
11 46 5907
11 47 2116
11 48 5107
11 49 5757
11 50 6869
11 51 5414
11 52 672
11 53 870
11 54 4612
11 55 2336
11 56 2667
11 57 3430
11 58 591
11 59 6838
11 60 2337
11 61 1053
11 62 2951
11 63 737
11 64 4969
11 65 3209
11 66 343
11 67 6984
11 68 4241
11 69 1757
11 70 4193
12 1 4814
12 2 465
12 3 7497
12 4 1942
12 5 6462
12 6 4102
12 7 2785
12 8 1214
12 9 1496
12 10 4577
12 11 5921
12 13 7080
12 14 7237
12 15 5653
12 16 3320
12 17 4976
12 18 5223
12 19 5956
12 20 1063
12 21 7146
12 22 3815
12 23 3392
12 24 5357
12 25 1515
12 26 6221
12 27 4213
12 28 4915
12 29 600
12 30 5402
12 31 5902
12 32 7
12 33 1832
12 34 5460
12 35 2667
12 36 5250
12 37 2027
12 38 5429
12 39 1399
12 40 6924
12 41 7018
12 42 4808
12 43 2310
12 44 5963
12 45 724
12 46 1539
12 47 6391
12 48 5557
12 49 5659
12 50 5241
12 51 6016
12 52 1273
12 53 1650
12 54 4931
12 55 1254
12 56 5759
12 57 7121
12 58 5061
12 59 7243
12 60 2706
12 61 6597
12 62 2787
12 63 6403
12 64 1686
12 65 3967
12 66 1824
12 67 6575
12 68 4542
12 69 4097
12 70 1671
13 1 5263
13 2 5378
13 3 1504
13 4 4806
13 5 188
13 6 2127
13 7 5822
13 8 3047
13 9 411
13 10 2713
13 11 2772
13 12 4479
13 14 4630
13 15 1451
13 16 3293
13 17 2334
13 18 7286
13 19 3705
13 20 935
13 21 5023
13 22 48
13 23 6195
13 24 6225
13 25 5702
13 26 5216
13 27 6435
13 28 6433
13 29 6425
13 30 7012
13 31 1050
13 32 3000
13 33 3296
13 34 2134
13 35 5150
13 36 6677
13 37 4900
13 38 1439
13 39 4973
13 40 1035
13 41 3993
13 42 6113
13 43 5748
13 44 6980
13 45 376
13 46 522
13 47 2473
13 48 5207
13 49 3868
13 50 5720
13 51 6189
13 52 1464
13 53 6365
13 54 2742
13 55 5904
13 56 5874
13 57 4663
13 58 3585
13 59 557
13 60 5123
13 61 3033
13 62 7385
13 63 4678
13 64 7500
13 65 3668
13 66 1917
13 67 2894
13 68 1723
13 69 3276
13 70 3702
14 1 1194
14 2 1161
14 3 1681
14 4 3908
14 5 6724
14 6 3898
14 7 378
14 8 4963
14 9 7436
14 10 1751
14 11 7235
14 12 2116
14 13 2444
14 15 5195
14 16 7100
14 17 1684
14 18 3615
14 19 4316
14 20 6531
14 21 2299
14 22 3763
14 23 2400
14 24 3391
14 25 4462
14 26 4527
14 27 6062
14 28 321
14 29 833
14 30 946
14 31 5876
14 32 7356
14 33 895
14 34 2757
14 35 6130
14 36 6258
14 37 5441
14 38 141
14 39 6590
14 40 7222
14 41 2953
14 42 609
14 43 3571
14 44 5152
14 45 3064
14 46 4996
14 47 4977
14 48 6976
14 49 4320
14 50 3097
14 51 654
14 52 5043
14 53 4501
14 54 156
14 55 2513
14 56 4560
14 57 3199
14 58 1840
14 59 3323
14 60 4173
14 61 254
14 62 7290
14 63 3416
14 64 7142
14 65 2761
14 66 6082
14 67 3513
14 68 1070
14 69 3840
14 70 1444
15 1 5456
15 2 1251
15 3 2658
15 4 203
15 5 5896
15 6 3436
15 7 6693
15 8 3216
15 9 5303
15 10 5276
15 11 619
15 12 17
15 13 1098
15 14 2688
15 16 3129
15 17 1892
15 18 2077
15 19 237
15 20 6964
15 21 2582
15 22 450
15 23 1792
15 24 6105
15 25 1511
15 26 6666
15 27 6643
15 28 2275
15 29 6077
15 30 2026
15 31 3888
15 32 1036
15 33 1606
15 34 2894
15 35 6143
15 36 7363
15 37 7190
15 38 3807
15 39 4284
15 40 2238
15 41 1311
15 42 2208
15 43 2745
15 44 6336
15 45 2885
15 46 72
15 47 3936
15 48 1318
15 49 7137
15 50 5103
15 51 5996
15 52 1436
15 53 1672
15 54 2235
15 55 7350
15 56 6586
15 57 1142
15 58 2595
15 59 2318
15 60 5606
15 61 1905
15 62 748
15 63 854
15 64 3816
15 65 4014
15 66 2895
15 67 6067
15 68 1622
15 69 4835
15 70 6595
16 1 4890
16 2 399
16 3 1104
16 4 4920
16 5 3174
16 6 395
16 7 4718
16 8 254
16 9 1897
16 10 5651
16 11 2219
16 12 5429
16 13 3136
16 14 6237
16 15 2208
16 17 5519
16 18 676
16 19 5333
16 20 6206
16 21 959
16 22 1194
16 23 2535
16 24 1332
16 25 3448
16 26 408
16 27 4942
16 28 6683
16 29 4658
16 30 4525
16 31 275
16 32 4838
16 33 3846
16 34 219
16 35 7302
16 36 587
16 37 1339
16 38 1404
16 39 5876
16 40 3286
16 41 479
16 42 1945
16 43 2127
16 44 6080
16 45 5198
16 46 5375
16 47 6514
16 48 6719
16 49 6033
16 50 7435
16 51 414
16 52 6932
16 53 5719
16 54 3801
16 55 1228
16 56 7258
16 57 1068
16 58 647
16 59 5988
16 60 1822
16 61 7449
16 62 4044
16 63 6642
16 64 5749
16 65 5823
16 66 287
16 67 557
16 68 3246
16 69 5788
16 70 2954
17 1 4040
17 2 961
17 3 7452
17 4 1300
17 5 3775
17 6 227
17 7 4897
17 8 1781
17 9 6557
17 10 2565
17 11 3283
17 12 5093
17 13 4521
17 14 2142
17 15 2340
17 16 3658
17 18 6564
17 19 7164
17 20 152
17 21 3487
17 22 6010
17 23 3421
17 24 1200
17 25 3541
17 26 6942
17 27 5844
17 28 279
17 29 257
17 30 5992
17 31 523
17 32 1081
17 33 5823
17 34 6500
17 35 3039
17 36 3491
17 37 5898
17 38 4872
17 39 2602
17 40 5814
17 41 2708
17 42 4179
17 43 780
17 44 6545
17 45 304
17 46 5247
17 47 2800
17 48 114
17 49 4260
17 50 2712
17 51 2481
17 52 6104
17 53 513
17 54 5791
17 55 973
17 56 2130
17 57 5843
17 58 1329
17 59 5576
17 60 4410
17 61 6344
17 62 7308
17 63 6700
17 64 7130
17 65 4050
17 66 3654
17 67 2674
17 68 7170
17 69 1246
17 70 6842
18 1 2528
18 2 2391
18 3 6831
18 4 3784
18 5 5455
18 6 4558
18 7 7365
18 8 1819
18 9 6908
18 10 6779
18 11 7448
18 12 4994
18 13 6219
18 14 4510
18 15 1555
18 16 868
18 17 17
18 19 4183
18 20 6456
18 21 2636
18 22 528
18 23 1631
18 24 2153
18 25 5052
18 26 4049
18 27 2671
18 28 6359
18 29 5147
18 30 5313
18 31 2355
18 32 3552
18 33 6847
18 34 2682
18 35 414
18 36 4711
18 37 2983
18 38 4581
18 39 1530
18 40 6483
18 41 2167
18 42 5446
18 43 3948
18 44 1639
18 45 7110
18 46 5153
18 47 7156
18 48 4912
18 49 7291
18 50 6561
18 51 857
18 52 38
18 53 6457
18 54 5136
18 55 5272
18 56 4250
18 57 3989
18 58 4654
18 59 7438
18 60 92
18 61 1991
18 62 161
18 63 4892
18 64 5223
18 65 652
18 66 2234
18 67 6464
18 68 3218
18 69 2812
18 70 4683
19 1 5994
19 2 7065
19 3 6354
19 4 6173
19 5 1661
19 6 1853
19 7 1421
19 8 7191
19 9 513
19 10 7175
19 11 2462
19 12 1773
19 13 3151
19 14 2769
19 15 598
19 16 3280
19 17 2750
19 18 6703
19 20 4008
19 21 1676
19 22 6633
19 23 1345
19 24 3605
19 25 3385
19 26 87
19 27 2577
19 28 5604
19 29 3172
19 30 2900
19 31 2105
19 32 5541
19 33 7407
19 34 440
19 35 7323
19 36 3686
19 37 1794
19 38 4216
19 39 2393
19 40 7192
19 41 2449
19 42 4219
19 43 3615
19 44 950
19 45 5791
19 46 1816
19 47 395
19 48 7037
19 49 1865
19 50 6995
19 51 6110
19 52 1062
19 53 5521
19 54 1446
19 55 5210
19 56 3056
19 57 3032
19 58 2666
19 59 7188
19 60 4053
19 61 1570
19 62 7225
19 63 2174
19 64 1564
19 65 5693
19 66 2453
19 67 5340
19 68 1892
19 69 3352
19 70 1412
20 1 4051
20 2 936
20 3 5633
20 4 3855
20 5 7243
20 6 698
20 7 229
20 8 2839
20 9 5751
20 10 4619
20 11 5352
20 12 4679
20 13 6082
20 14 1107
20 15 6818
20 16 5087
20 17 6871
20 18 4937
20 19 590
20 21 7034
20 22 3935
20 23 2571
20 24 6187
20 25 3255
20 26 3271
20 27 3784
20 28 4564
20 29 5460
20 30 1777
20 31 484
20 32 6987
20 33 4818
20 34 3265
20 35 6215
20 36 956
20 37 135
20 38 5728
20 39 6527
20 40 7306
20 41 5364
20 42 6589
20 43 3055
20 44 3818
20 45 2165
20 46 4536
20 47 5030
20 48 4656
20 49 6848
20 50 1641
20 51 2353
20 52 2590
20 53 651
20 54 1629
20 55 6256
20 56 2969
20 57 5830
20 58 5124
20 59 3496
20 60 3188
20 61 6129
20 62 3582
20 63 1999
20 64 2950
20 65 5014
20 66 952
20 67 490
20 68 3937
20 69 68
20 70 1660
21 1 2247
21 2 4449
21 3 5228
21 4 713
21 5 6364
21 6 2509
21 7 1117
21 8 147
21 9 2373
21 10 7083
21 11 2007
21 12 6038
21 13 7437
21 14 6319
21 15 4155
21 16 2804
21 17 1010
21 18 7154
21 19 5522
21 20 5227
21 22 4118
21 23 2244
21 24 4134
21 25 1338
21 26 2150
21 27 3873
21 28 4818
21 29 4465
21 30 6412
21 31 2262
21 32 663
21 33 4173
21 34 6172
21 35 1470
21 36 4032
21 37 4994
21 38 6343
21 39 5276
21 40 631
21 41 1034
21 42 6016
21 43 7260
21 44 3749
21 45 3435
21 46 2652
21 47 1302
21 48 5458
21 49 5573
21 50 5229
21 51 1403
21 52 7034
21 53 3012
21 54 5619
21 55 3922
21 56 2022
21 57 7131
21 58 2571
21 59 1503
21 60 4004
21 61 6990
21 62 1559
21 63 3892
21 64 4863
21 65 5287
21 66 634
21 67 5296
21 68 4319
21 69 1314
21 70 1200
22 1 432
22 2 6047
22 3 5724
22 4 1453
22 5 3759
22 6 1821
22 7 6433
22 8 6413
22 9 1555
22 10 5202
22 11 2451
22 12 699
22 13 3117
22 14 419
22 15 4689
22 16 3042
22 17 3766
22 18 5604
22 19 813
22 20 1069
22 21 5987
22 23 4399
22 24 5488
22 25 7456
22 26 2266
22 27 2345
22 28 6870
22 29 5517
22 30 3588
22 31 3455
22 32 4168
22 33 6991
22 34 149
22 35 5742
22 36 5981
22 37 3849
22 38 6359
22 39 3784
22 40 7181
22 41 2779
22 42 4010
22 43 1337
22 44 5457
22 45 3323
22 46 4728
22 47 884
22 48 7313
22 49 6842
22 50 1032
22 51 5493
22 52 6941
22 53 6153
22 54 5119
22 55 2153
22 56 1023
22 57 6724
22 58 7499
22 59 6224
22 60 4886
22 61 3228
22 62 2859
22 63 3291
22 64 4455
22 65 3038
22 66 1221
22 67 4069
22 68 6725
22 69 1849
22 70 6666
23 1 3689
23 2 3767
23 3 2543
23 4 2371
23 5 6102
23 6 7032
23 7 542
23 8 3488
23 9 6565
23 10 6058
23 11 5809
23 12 651
23 13 6610
23 14 2324
23 15 7059
23 16 5318
23 17 3044
23 18 4219
23 19 1048
23 20 3737
23 21 3439
23 22 2925
23 24 413
23 25 2757
23 26 1713
23 27 4013
23 28 4483
23 29 7441
23 30 3569
23 31 7310
23 32 2297
23 33 7322
23 34 4076
23 35 3736
23 36 1653
23 37 3268
23 38 5861
23 39 6350
23 40 6831
23 41 4614
23 42 68
23 43 1884
23 44 6525
23 45 7308
23 46 4112
23 47 1416
23 48 4667
23 49 5775
23 50 4563
23 51 2692
23 52 5989
23 53 7115
23 54 3068
23 55 1825
23 56 2377
23 57 667
23 58 1912
23 59 3260
23 60 3757
23 61 2269
23 62 2191
23 63 5067
23 64 5467
23 65 436
23 66 7386
23 67 2761
23 68 2935
23 69 5097
23 70 3279
24 1 6867
24 2 5043
24 3 5764
24 4 5837
24 5 7183
24 6 1796
24 7 3309
24 8 7287
24 9 4200
24 10 3546
24 11 5541
24 12 4994
24 13 2039
24 14 5265
24 15 2759
24 16 4049
24 17 4886
24 18 2977
24 19 3674
24 20 522
24 21 3411
24 22 5675
24 23 724
24 25 5006
24 26 7089
24 27 2997
24 28 5036
24 29 2164
24 30 4287
24 31 6888
24 32 4140
24 33 7239
24 34 4133
24 35 6231
24 36 4420
24 37 1954
24 38 417
24 39 1713
24 40 870
24 41 5218
24 42 4577
24 43 56
24 44 6331
24 45 6278
24 46 4215
24 47 4526
24 48 6945
24 49 2445
24 50 2629
24 51 3379
24 52 6559
24 53 2483
24 54 604
24 55 5630
24 56 4954
24 57 6423
24 58 961
24 59 2059
24 60 4494
24 61 7349
24 62 7010
24 63 6229
24 64 6791
24 65 7463
24 66 6711
24 67 5527
24 68 717
24 69 5236
24 70 5709
25 1 4986
25 2 3573
25 3 4386
25 4 4619
25 5 3724
25 6 6529
25 7 2544
25 8 4340
25 9 4440
25 10 4502
25 11 4064
25 12 7220
25 13 2801
25 14 2705
25 15 792
25 16 1136
25 17 665
25 18 4543
25 19 2914
25 20 6653
25 21 6339
25 22 5243
25 23 5978
25 24 978
25 26 1124
25 27 3162
25 28 2272
25 29 3290
25 30 5050
25 31 6379
25 32 522
25 33 4090
25 34 5044
25 35 7051
25 36 1665
25 37 6632
25 38 6246
25 39 2027
25 40 1970
25 41 1435
25 42 4283
25 43 4452
25 44 1362
25 45 1528
25 46 7354
25 47 6331
25 48 5468
25 49 6060
25 50 2368
25 51 2777
25 52 1477
25 53 4823
25 54 3454
25 55 2149
25 56 1751
25 57 7385
25 58 3459
25 59 3294
25 60 303
25 61 5482
25 62 6717
25 63 5752
25 64 5007
25 65 3129
25 66 7317
25 67 1378
25 68 7303
25 69 2053
25 70 2600
26 1 6140
26 2 7270
26 3 3258
26 4 3434
26 5 592
26 6 2048
26 7 2090
26 8 2542
26 9 1470
26 10 2679
26 11 1996
26 12 25
26 13 3455
26 14 1501
26 15 2782
26 16 4344
26 17 6111
26 18 3360
26 19 6845
26 20 1525
26 21 5057
26 22 225
26 23 5701
26 24 2136
26 25 6902
26 27 6318
26 28 1705
26 29 7089
26 30 1229
26 31 7373
26 32 3591
26 33 5037
26 34 5758
26 35 685
26 36 5298
26 37 3731
26 38 6292
26 39 6366
26 40 6424
26 41 3950
26 42 1565
26 43 5581
26 44 6652
26 45 1850
26 46 1257
26 47 1312
26 48 6039
26 49 4879
26 50 222
26 51 5068
26 52 6868
26 53 4867
26 54 3601
26 55 7478
26 56 3368
26 57 5861
26 58 76
26 59 6101
26 60 6152
26 61 5053
26 62 3586
26 63 6877
26 64 6868
26 65 2235
26 66 3608
26 67 6332
26 68 6626
26 69 2047
26 70 5752
27 1 6384
27 2 2229
27 3 798
27 4 2882
27 5 7468
27 6 4688
27 7 4481
27 8 30
27 9 1133
27 10 167
27 11 5160
27 12 448
27 13 4730
27 14 223
27 15 6241
27 16 4307
27 17 4497
27 18 469
27 19 224
27 20 5588
27 21 5854
27 22 4876
27 23 2937
27 24 5464
27 25 6567
27 26 4601
27 28 2191
27 29 60
27 30 2501
27 31 1597
27 32 4496
27 33 558
27 34 4417
27 35 3178
27 36 4085
27 37 3192
27 38 6203
27 39 4954
27 40 2705
27 41 4961
27 42 6748
27 43 1694
27 44 3371
27 45 5445
27 46 3631
27 47 3087
27 48 7031
27 49 1516
27 50 2004
27 51 2047
27 52 2975
27 53 5915
27 54 3105
27 55 863
27 56 4493
27 57 3495
27 58 5368
27 59 3044
27 60 982
27 61 4749
27 62 4347
27 63 4053
27 64 304
27 65 6661
27 66 4220
27 67 1369
27 68 7114
27 69 3985
27 70 2899
28 1 6398
28 2 7047
28 3 4454
28 4 909
28 5 3881
28 6 6438
28 7 7404
28 8 3756
28 9 1778
28 10 2449
28 11 4770
28 12 3495
28 13 1728
28 14 7098
28 15 5423
28 16 5577
28 17 4559
28 18 144
28 19 4196
28 20 3174
28 21 5258
28 22 2558
28 23 4419
28 24 2250
28 25 6554
28 26 1379
28 27 4147
28 29 4895
28 30 3403
28 31 4684
28 32 4175
28 33 5159
28 34 3386
28 35 6346
28 36 630
28 37 5335
28 38 3091
28 39 6066
28 40 5188
28 41 6346
28 42 1320
28 43 5968
28 44 3409
28 45 2726
28 46 1963
28 47 3580
28 48 4787
28 49 6288
28 50 5902
28 51 3382
28 52 2065
28 53 4181
28 54 1747
28 55 6944
28 56 5037
28 57 7438
28 58 7378
28 59 5179
28 60 3395
28 61 5573
28 62 1657
28 63 866
28 64 2669
28 65 1922
28 66 2535
28 67 4256
28 68 602
28 69 6308
28 70 2654
29 1 3575
29 2 5877
29 3 382
29 4 6990
29 5 4651
29 6 2579
29 7 770
29 8 3901
29 9 2252
29 10 15
29 11 2450
29 12 6161
29 13 7424
29 14 7406
29 15 559
29 16 4961
29 17 4378
29 18 2346
29 19 6491
29 20 4288
29 21 5664
29 22 1576
29 23 261
29 24 3685
29 25 420
29 26 4136
29 27 4691
29 28 1432
29 30 1253
29 31 2817
29 32 1592
29 33 2552
29 34 7260
29 35 101
29 36 947
29 37 2926
29 38 1230
29 39 3753
29 40 755
29 41 4873
29 42 5581
29 43 3948
29 44 6364
29 45 1792
29 46 4141
29 47 5379
29 48 3761
29 49 3777
29 50 7021
29 51 809
29 52 7050
29 53 751
29 54 2736
29 55 2976
29 56 3928
29 57 1099
29 58 3727
29 59 2908
29 60 5787
29 61 4188
29 62 7012
29 63 7315
29 64 4761
29 65 3873
29 66 6889
29 67 3492
29 68 1055
29 69 1850
29 70 933
30 1 1926
30 2 5761
30 3 7327
30 4 7135
30 5 5525
30 6 293
30 7 3397
30 8 1251
30 9 2244
30 10 1489
30 11 4146
30 12 1300
30 13 1039
30 14 4177
30 15 3769
30 16 153
30 17 5570
30 18 6087
30 19 1433
30 20 6493
30 21 219
30 22 5799
30 23 1317
30 24 5273
30 25 1066
30 26 5766
30 27 3226
30 28 2134
30 29 3454
30 31 7390
30 32 3149
30 33 534
30 34 2911
30 35 6832
30 36 1191
30 37 6294
30 38 1131
30 39 6990
30 40 4201
30 41 6668
30 42 5918
30 43 2730
30 44 5295
30 45 3478
30 46 3750
30 47 7135
30 48 5114
30 49 3162
30 50 2604
30 51 4050
30 52 4890
30 53 146
30 54 2097
30 55 2715
30 56 56
30 57 6244
30 58 6874
30 59 6290
30 60 6698
30 61 4880
30 62 6766
30 63 7167
30 64 4020
30 65 5791
30 66 4874
30 67 4880
30 68 5765
30 69 7103
30 70 6374
31 1 7007
31 2 6482
31 3 2579
31 4 5428
31 5 3274
31 6 5876
31 7 2925
31 8 3159
31 9 5886
31 10 5653
31 11 2751
31 12 4273
31 13 4930
31 14 1838
31 15 6234
31 16 3414
31 17 4477
31 18 6100
31 19 6813
31 20 6830
31 21 3456
31 22 6437
31 23 4847
31 24 3485
31 25 272
31 26 5808
31 27 110
31 28 85
31 29 5135
31 30 4844
31 32 5810
31 33 4060
31 34 4700
31 35 5446
31 36 639
31 37 5348
31 38 2863
31 39 6244
31 40 5866
31 41 2627
31 42 2577
31 43 3561
31 44 1112
31 45 2000
31 46 2346
31 47 6403
31 48 490
31 49 4702
31 50 3261
31 51 3485
31 52 7448
31 53 7021
31 54 5237
31 55 4513
31 56 1483
31 57 4772
31 58 920
31 59 3881
31 60 2444
31 61 3793
31 62 7158
31 63 6457
31 64 1197
31 65 1555
31 66 5257
31 67 1004
31 68 5457
31 69 7146
31 70 749
32 1 4321
32 2 466
32 3 2220
32 4 658
32 5 1592
32 6 5913
32 7 4112
32 8 6059
32 9 912
32 10 5769
32 11 7245
32 12 1651
32 13 385
32 14 2672
32 15 794
32 16 6752
32 17 4917
32 18 5916
32 19 1258
32 20 2465
32 21 1255
32 22 6215
32 23 2482
32 24 6838
32 25 2448
32 26 6377
32 27 4240
32 28 5427
32 29 1819
32 30 5942
32 31 6675
32 33 3248
32 34 6063
32 35 6230
32 36 7270
32 37 293
32 38 2864
32 39 3595
32 40 4160
32 41 5897
32 42 6486
32 43 1977
32 44 2013
32 45 4363
32 46 6053
32 47 4524
32 48 5170
32 49 509
32 50 324
32 51 1720
32 52 5814
32 53 4623
32 54 1675
32 55 6306
32 56 1302
32 57 1246
32 58 2223
32 59 1812
32 60 6971
32 61 1799
32 62 5945
32 63 490
32 64 81
32 65 1516
32 66 663
32 67 113
32 68 2287
32 69 5448
32 70 6557
33 1 4537
33 2 3
33 3 237
33 4 5049
33 5 5240
33 6 3921
33 7 4500
33 8 2125
33 9 1070
33 10 4189
33 11 6535
33 12 7277
33 13 1195
33 14 393
33 15 5483
33 16 1296
33 17 6119
33 18 7264
33 19 3005
33 20 3781
33 21 3277
33 22 4387
33 23 4524
33 24 291
33 25 5494
33 26 2444
33 27 284
33 28 2877
33 29 371
33 30 1454
33 31 4726
33 32 6717
33 34 2561
33 35 4769
33 36 1881
33 37 4535
33 38 2416
33 39 524
33 40 1963
33 41 5246
33 42 647
33 43 3484
33 44 3337
33 45 2034
33 46 7378
33 47 1246
33 48 2807
33 49 2990
33 50 2175
33 51 6130
33 52 3010
33 53 1160
33 54 2801
33 55 6983
33 56 1947
33 57 537
33 58 6420
33 59 2057
33 60 5613
33 61 6903
33 62 6116
33 63 5543
33 64 6011
33 65 5978
33 66 2317
33 67 4770
33 68 5748
33 69 135
33 70 4091
34 1 1475
34 2 5369
34 3 809
34 4 3421
34 5 5733
34 6 4871
34 7 4461
34 8 512
34 9 3344
34 10 413
34 11 906
34 12 739
34 13 6762
34 14 5008
34 15 6512
34 16 1283
34 17 3099
34 18 6516
34 19 2516
34 20 5256
34 21 7193
34 22 5235
34 23 3746
34 24 2762
34 25 3155
34 26 7479
34 27 2015
34 28 1311
34 29 7058
34 30 6585
34 31 2072
34 32 2786
34 33 3785
34 35 282
34 36 3116
34 37 723
34 38 6364
34 39 246
34 40 6868
34 41 6292
34 42 6463
34 43 7236
34 44 3186
34 45 1932
34 46 3236
34 47 2223
34 48 4887
34 49 1995
34 50 1394
34 51 525
34 52 131
34 53 3334
34 54 2968
34 55 3663
34 56 7495
34 57 3977
34 58 2417
34 59 3322
34 60 1824
34 61 1540
34 62 222
34 63 6063
34 64 2218
34 65 469
34 66 4852
34 67 3522
34 68 4391
34 69 4316
34 70 5000
35 1 4954
35 2 3921
35 3 4875
35 4 4930
35 5 4046
35 6 878
35 7 5788
35 8 451
35 9 6860
35 10 5988
35 11 589
35 12 5674
35 13 4561
35 14 399
35 15 2223
35 16 2012
35 17 6153
35 18 1443
35 19 3251
35 20 802
35 21 2461
35 22 5566
35 23 5172
35 24 4176
35 25 65
35 26 3302
35 27 7352
35 28 3737
35 29 1531
35 30 3990
35 31 4464
35 32 5177
35 33 4261
35 34 5226
35 36 2607
35 37 2021
35 38 4303
35 39 4879
35 40 1354
35 41 1133
35 42 7216
35 43 4007
35 44 527
35 45 5973
35 46 2267
35 47 3112
35 48 7148
35 49 6228
35 50 6960
35 51 6362
35 52 6379
35 53 627
35 54 3929
35 55 6276
35 56 2680
35 57 2382
35 58 5061
35 59 1181
35 60 4766
35 61 550
35 62 3550
35 63 3430
35 64 257
35 65 5978
35 66 1318
35 67 3127
35 68 5607
35 69 4227
35 70 6424
36 1 1676
36 2 4062
36 3 5822
36 4 178
36 5 2166
36 6 1455
36 7 1994
36 8 2924
36 9 7322
36 10 3252
36 11 2178
36 12 4831
36 13 5914
36 14 6653
36 15 3500
36 16 2156
36 17 2935
36 18 3422
36 19 793
36 20 795
36 21 6745
36 22 6398
36 23 190
36 24 358
36 25 4101
36 26 4135
36 27 85
36 28 4544
36 29 5215
36 30 4953
36 31 5990
36 32 5346
36 33 996
36 34 3737
36 35 5892
36 37 1916
36 38 774
36 39 653
36 40 3090
36 41 6560
36 42 4927
36 43 1597
36 44 5066
36 45 2890
36 46 7408
36 47 4027
36 48 3831
36 49 1927
36 50 4288
36 51 2408
36 52 292
36 53 2816
36 54 4811
36 55 3973
36 56 5783
36 57 3437
36 58 5270
36 59 3399
36 60 4535
36 61 5276
36 62 6516
36 63 6791
36 64 5877
36 65 4534
36 66 546
36 67 554
36 68 3240
36 69 7196
36 70 4638
37 1 1314
37 2 2480
37 3 1581
37 4 1146
37 5 5223
37 6 6778
37 7 6186
37 8 7478
37 9 5652
37 10 2839
37 11 5460
37 12 192
37 13 2494
37 14 4094
37 15 6461
37 16 1987
37 17 7485
37 18 6731
37 19 3933
37 20 3217
37 21 6837
37 22 6298
37 23 1032
37 24 4935
37 25 4642
37 26 1505
37 27 417
37 28 6134
37 29 4298
37 30 6345
37 31 6807
37 32 4528
37 33 4739
37 34 6021
37 35 641
37 36 3874
37 38 7371
37 39 1765
37 40 73
37 41 6341
37 42 5987
37 43 2304
37 44 5547
37 45 5341
37 46 3995
37 47 1027
37 48 4477
37 49 2212
37 50 2385
37 51 3230
37 52 3689
37 53 3060
37 54 1326
37 55 5170
37 56 4097
37 57 584
37 58 1086
37 59 993
37 60 3868
37 61 2181
37 62 5760
37 63 939
37 64 3550
37 65 5936
37 66 7484
37 67 6246
37 68 5812
37 69 4430
37 70 3288
38 1 2938
38 2 186
38 3 4162
38 4 401
38 5 3460
38 6 6890
38 7 2435
38 8 2687
38 9 976
38 10 3487
38 11 4510
38 12 2583
38 13 4755
38 14 6805
38 15 6012
38 16 1815
38 17 4544
38 18 4317
38 19 3772
38 20 733
38 21 4682
38 22 5579
38 23 3122
38 24 6158
38 25 451
38 26 3169
38 27 3993
38 28 6666
38 29 2472
38 30 3223
38 31 2252
38 32 4368
38 33 5364
38 34 3038
38 35 5928
38 36 921
38 37 6681
38 39 7074
38 40 4058
38 41 4202
38 42 6730
38 43 3431
38 44 5301
38 45 816
38 46 804
38 47 2538
38 48 5493
38 49 5825
38 50 292
38 51 5970
38 52 6723
38 53 1925
38 54 3088
38 55 1336
38 56 1489
38 57 7235
38 58 4010
38 59 4560
38 60 1601
38 61 5613
38 62 363
38 63 3747
38 64 175
38 65 1312
38 66 829
38 67 4737
38 68 3343
38 69 2911
38 70 5381
39 1 2637
39 2 7177
39 3 3524
39 4 2758
39 5 2987
39 6 1621
39 7 912
39 8 2577
39 9 633
39 10 5933
39 11 6184
39 12 1806
39 13 5676
39 14 87
39 15 100
39 16 2235
39 17 5240
39 18 3374
39 19 2304
39 20 1212
39 21 6281
39 22 4035
39 23 284
39 24 2676
39 25 4574
39 26 3529
39 27 2909
39 28 3948
39 29 1010
39 30 3849
39 31 3558
39 32 5780
39 33 2726
39 34 5116
39 35 4688
39 36 5786
39 37 5433
39 38 5930
39 40 1557
39 41 2876
39 42 4180
39 43 730
39 44 5791
39 45 1937
39 46 4038
39 47 4699
39 48 4571
39 49 3487
39 50 6447
39 51 6347
39 52 5568
39 53 1684
39 54 5909
39 55 657
39 56 6102
39 57 1214
39 58 5722
39 59 3688
39 60 4813
39 61 1463
39 62 1605
39 63 2058
39 64 5439
39 65 7483
39 66 4005
39 67 4183
39 68 1698
39 69 1416
39 70 5420
40 1 4468
40 2 2157
40 3 2377
40 4 3104
40 5 7347
40 6 3050
40 7 5130
40 8 5313
40 9 7108
40 10 7096
40 11 6080
40 12 6743
40 13 6844
40 14 6947
40 15 2103
40 16 381
40 17 5197
40 18 5940
40 19 5582
40 20 5164
40 21 6440
40 22 3839
40 23 3276
40 24 1733
40 25 1358
40 26 3740
40 27 5629
40 28 1870
40 29 3758
40 30 6929
40 31 2584
40 32 5765
40 33 7050
40 34 4494
40 35 5557
40 36 1052
40 37 6813
40 38 7466
40 39 5274
40 41 1038
40 42 519
40 43 1665
40 44 1809
40 45 5760
40 46 4811
40 47 2032
40 48 3879
40 49 1853
40 50 2077
40 51 1673
40 52 6566
40 53 3553
40 54 4022
40 55 1082
40 56 6627
40 57 3160
40 58 6336
40 59 2369
40 60 4158
40 61 1088
40 62 1114
40 63 6868
40 64 3454
40 65 1776
40 66 3324
40 67 1637
40 68 2348
40 69 4923
40 70 3950
41 1 6218
41 2 4752
41 3 5597
41 4 2033
41 5 1460
41 6 15
41 7 5398
41 8 994
41 9 3014
41 10 5811
41 11 1183
41 12 2580
41 13 2862
41 14 1078
41 15 303
41 16 5064
41 17 1688
41 18 1272
41 19 6685
41 20 895
41 21 2127
41 22 2114
41 23 2415
41 24 3652
41 25 5463
41 26 4774
41 27 6550
41 28 5207
41 29 3307
41 30 6123
41 31 1972
41 32 3569
41 33 1026
41 34 1558
41 35 7013
41 36 5790
41 37 6035
41 38 6487
41 39 299
41 40 127
41 42 3130
41 43 6930
41 44 6797
41 45 5105
41 46 449
41 47 1780
41 48 234
41 49 105
41 50 2325
41 51 2085
41 52 2401
41 53 7463
41 54 1601
41 55 4652
41 56 3443
41 57 4047
41 58 867
41 59 1612
41 60 6110
41 61 7423
41 62 1818
41 63 2932
41 64 447
41 65 7498
41 66 3392
41 67 3254
41 68 3818
41 69 4579
41 70 7337
42 1 495
42 2 2870
42 3 4541
42 4 5486
42 5 622
42 6 1168
42 7 249
42 8 6204
42 9 7114
42 10 3718
42 11 4837
42 12 1780
42 13 4627
42 14 263
42 15 585
42 16 6104
42 17 2035
42 18 6491
42 19 224
42 20 4042
42 21 2529
42 22 7185
42 23 5213
42 24 475
42 25 6302
42 26 4409
42 27 1154
42 28 6380
42 29 2352
42 30 2547
42 31 210
42 32 4380
42 33 904
42 34 1298
42 35 6328
42 36 4171
42 37 516
42 38 7122
42 39 5477
42 40 482
42 41 2073
42 43 6461
42 44 2957
42 45 2432
42 46 3434
42 47 2117
42 48 1996
42 49 3684
42 50 6784
42 51 7410
42 52 851
42 53 3160
42 54 5475
42 55 6950
42 56 4024
42 57 3493
42 58 2308
42 59 2135
42 60 5405
42 61 3023
42 62 788
42 63 4371
42 64 3925
42 65 3550
42 66 6061
42 67 238
42 68 7206
42 69 6454
42 70 2717
43 1 4628
43 2 194
43 3 1299
43 4 5893
43 5 806
43 6 5759
43 7 3310
43 8 4878
43 9 2345
43 10 3203
43 11 2941
43 12 6488
43 13 5340
43 14 772
43 15 1599
43 16 4336
43 17 7095
43 18 7487
43 19 353
43 20 736
43 21 3431
43 22 5012
43 23 38
43 24 6173
43 25 5154
43 26 2092
43 27 1455
43 28 5624
43 29 2007
43 30 3774
43 31 6015
43 32 6186
43 33 606
43 34 305
43 35 2328
43 36 6110
43 37 1974
43 38 7047
43 39 6527
43 40 516
43 41 6745
43 42 4927
43 44 6636
43 45 506
43 46 5931
43 47 6479
43 48 2980
43 49 6718
43 50 5863
43 51 2892
43 52 4265
43 53 5795
43 54 6952
43 55 1242
43 56 3683
43 57 4556
43 58 152
43 59 4231
43 60 2715
43 61 5085
43 62 4649
43 63 2804
43 64 7488
43 65 7264
43 66 3175
43 67 6258
43 68 1821
43 69 4274
43 70 4309
44 1 432
44 2 4714
44 3 1030
44 4 818
44 5 3378
44 6 47
44 7 2341
44 8 4592
44 9 4539
44 10 5488
44 11 1332
44 12 252
44 13 172
44 14 6668
44 15 7063
44 16 4978
44 17 2840
44 18 2316
44 19 3372
44 20 6752
44 21 5295
44 22 2946
44 23 3568
44 24 4101
44 25 483
44 26 430
44 27 4545
44 28 5336
44 29 5252
44 30 5474
44 31 5271
44 32 6147
44 33 5445
44 34 2543
44 35 1295
44 36 1042
44 37 3049
44 38 7062
44 39 2175
44 40 2411
44 41 5038
44 42 5094
44 43 1654
44 45 2046
44 46 141
44 47 235
44 48 6338
44 49 5384
44 50 645
44 51 2540
44 52 195
44 53 7068
44 54 5266
44 55 6797
44 56 5700
44 57 3558
44 58 6634
44 59 6653
44 60 1104
44 61 4594
44 62 3525
44 63 973
44 64 1019
44 65 1595
44 66 1223
44 67 3918
44 68 5221
44 69 5848
44 70 4328
45 1 6295
45 2 1675
45 3 5801
45 4 1802
45 5 3804
45 6 247
45 7 5212
45 8 4604
45 9 5556
45 10 267
45 11 4612
45 12 1216
45 13 3348
45 14 2012
45 15 6131
45 16 3445
45 17 5264
45 18 265
45 19 5708
45 20 1043
45 21 3703
45 22 3521
45 23 2819
45 24 476
45 25 6205
45 26 7110
45 27 1023
45 28 6345
45 29 3172
45 30 3443
45 31 2697
45 32 3511
45 33 3696
45 34 2229
45 35 6832
45 36 5092
45 37 1046
45 38 7102
45 39 3860
45 40 7282
45 41 4497
45 42 338
45 43 1407
45 44 4384
45 46 465
45 47 6046
45 48 4053
45 49 7235
45 50 2764
45 51 7464
45 52 1321
45 53 7203
45 54 3487
45 55 3299
45 56 5200
45 57 5299
45 58 3098
45 59 6983
45 60 6002
45 61 3808
45 62 6629
45 63 5937
45 64 5273
45 65 5978
45 66 996
45 67 1815
45 68 6030
45 69 5936
45 70 7302
46 1 6390
46 2 4041
46 3 4901
46 4 2682
46 5 4795
46 6 7253
46 7 2971
46 8 4273
46 9 6929
46 10 6517
46 11 1369
46 12 1202
46 13 2605
46 14 6114
46 15 3731
46 16 3046
46 17 6910
46 18 6571
46 19 4125
46 20 706
46 21 1804
46 22 6352
46 23 323
46 24 5414
46 25 5942
46 26 6171
46 27 3032
46 28 3854
46 29 451
46 30 843
46 31 2981
46 32 4600
46 33 4047
46 34 2679
46 35 1457
46 36 2838
46 37 2951
46 38 2257
46 39 302
46 40 3740
46 41 4948
46 42 1830
46 43 4558
46 44 5433
46 45 5791
46 47 382
46 48 6149
46 49 5012
46 50 3118
46 51 4334
46 52 4814
46 53 6701
46 54 194
46 55 5531
46 56 7042
46 57 7297
46 58 4553
46 59 1507
46 60 1730
46 61 7111
46 62 3967
46 63 4670
46 64 4785
46 65 4166
46 66 1652
46 67 3386
46 68 4006
46 69 5651
46 70 2783
47 1 1345
47 2 4461
47 3 4180
47 4 734
47 5 7151
47 6 4644
47 7 3719
47 8 5615
47 9 4210
47 10 6665
47 11 1436
47 12 757
47 13 5221
47 14 2463
47 15 4012
47 16 1476
47 17 3069
47 18 7026
47 19 2976
47 20 2084
47 21 5248
47 22 4613
47 23 60
47 24 1005
47 25 4262
47 26 3202
47 27 273
47 28 3946
47 29 4242
47 30 4148
47 31 512
47 32 6848
47 33 7110
47 34 2037
47 35 6133
47 36 1194
47 37 3454
47 38 3570
47 39 4682
47 40 1232
47 41 4644
47 42 6384
47 43 549
47 44 5689
47 45 698
47 46 513
47 48 595
47 49 4215
47 50 1968
47 51 6037
47 52 4778
47 53 3494
47 54 7180
47 55 4820
47 56 2020
47 57 393
47 58 5242
47 59 1723
47 60 5750
47 61 5043
47 62 4645
47 63 4029
47 64 4431
47 65 7089
47 66 2681
47 67 1243
47 68 3821
47 69 2150
47 70 3382
48 1 6349
48 2 7491
48 3 7011
48 4 5553
48 5 3773
48 6 6547
48 7 3889
48 8 6127
48 9 6165
48 10 769
48 11 7290
48 12 559
48 13 5286
48 14 1624
48 15 956
48 16 91
48 17 5626
48 18 5468
48 19 5099
48 20 16
48 21 6349
48 22 6203
48 23 812
48 24 5538
48 25 4629
48 26 5777
48 27 1908
48 28 5065
48 29 4328
48 30 1387
48 31 174
48 32 1673
48 33 6569
48 34 4252
48 35 2071
48 36 4214
48 37 5105
48 38 884
48 39 2683
48 40 2360
48 41 3312
48 42 3061
48 43 1691
48 44 5424
48 45 952
48 46 5923
48 47 6558
48 49 947
48 50 5144
48 51 5648
48 52 1036
48 53 5009
48 54 579
48 55 137
48 56 3111
48 57 1432
48 58 344
48 59 1663
48 60 30
48 61 4312
48 62 3814
48 63 3395
48 64 6710
48 65 4658
48 66 36
48 67 4451
48 68 1634
48 69 6173
48 70 3056
49 1 1023
49 2 3928
49 3 6479
49 4 6301
49 5 4450
49 6 346
49 7 2231
49 8 3795
49 9 2483
49 10 5632
49 11 691
49 12 3549
49 13 4985
49 14 3902
49 15 2107
49 16 7061
49 17 900
49 18 3418
49 19 2008
49 20 7028
49 21 6665
49 22 3334
49 23 6888
49 24 5070
49 25 5353
49 26 2893
49 27 2293
49 28 6965
49 29 901
49 30 3769
49 31 5800
49 32 4792
49 33 6072
49 34 5802
49 35 1079
49 36 568
49 37 2219
49 38 4555
49 39 5845
49 40 3275
49 41 3299
49 42 1167
49 43 6987
49 44 3536
49 45 4846
49 46 6061
49 47 7010
49 48 4381
49 50 7068
49 51 5182
49 52 4116
49 53 3210
49 54 3215
49 55 4683
49 56 4222
49 57 4934
49 58 3677
49 59 5723
49 60 5712
49 61 5633
49 62 5324
49 63 7260
49 64 2238
49 65 3737
49 66 4194
49 67 1346
49 68 4459
49 69 3365
49 70 5192
50 1 2564
50 2 575
50 3 6788
50 4 3777
50 5 365
50 6 1118
50 7 861
50 8 6056
50 9 3360
50 10 142
50 11 4707
50 12 6594
50 13 3187
50 14 5733
50 15 4093
50 16 7412
50 17 1969
50 18 6628
50 19 1677
50 20 6499
50 21 1102
50 22 6861
50 23 7424
50 24 7461
50 25 7312
50 26 576
50 27 4263
50 28 27
50 29 2949
50 30 5773
50 31 926
50 32 4833
50 33 1459
50 34 3815
50 35 3209
50 36 2109
50 37 4860
50 38 3259
50 39 6
50 40 2143
50 41 4140
50 42 6404
50 43 4012
50 44 2716
50 45 62
50 46 1617
50 47 3063
50 48 3622
50 49 147
50 51 338
50 52 1579
50 53 913
50 54 6200
50 55 1004
50 56 6720
50 57 5264
50 58 1801
50 59 251
50 60 4400
50 61 6280
50 62 1684
50 63 5913
50 64 417
50 65 6564
50 66 3349
50 67 4307
50 68 4027
50 69 3817
50 70 5747
51 1 2095
51 2 3156
51 3 4528
51 4 4688
51 5 6222
51 6 2151
51 7 5873
51 8 3863
51 9 6230
51 10 120
51 11 7264
51 12 4094
51 13 4
51 14 2943
51 15 4402
51 16 3700
51 17 5244
51 18 716
51 19 3685
51 20 4861
51 21 698
51 22 5992
51 23 6920
51 24 3605
51 25 5835
51 26 6697
51 27 2222
51 28 916
51 29 1827
51 30 7002
51 31 7014
51 32 2308
51 33 3347
51 34 2276
51 35 6934
51 36 3600
51 37 3283
51 38 5368
51 39 592
51 40 7492
51 41 2370
51 42 5103
51 43 6694
51 44 1577
51 45 4799
51 46 3468
51 47 1661
51 48 1089
51 49 4519
51 50 4208
51 52 262
51 53 2897
51 54 6889
51 55 5887
51 56 1015
51 57 2641
51 58 7312
51 59 4411
51 60 960
51 61 5990
51 62 4576
51 63 1122
51 64 2691
51 65 3726
51 66 3916
51 67 5022
51 68 703
51 69 7500
51 70 6635
52 1 3935
52 2 7163
52 3 7341
52 4 4235
52 5 1756
52 6 7436
52 7 4758
52 8 2605
52 9 2227
52 10 4615
52 11 1281
52 12 417
52 13 333
52 14 867
52 15 3
52 16 320
52 17 5441
52 18 1658
52 19 6102
52 20 4673
52 21 2401
52 22 2744
52 23 2864
52 24 406
52 25 5831
52 26 4957
52 27 1750
52 28 3780
52 29 3528
52 30 5481
52 31 2651
52 32 5611
52 33 4426
52 34 2793
52 35 6341
52 36 3790
52 37 1554
52 38 3062
52 39 2556
52 40 6005
52 41 7031
52 42 57
52 43 4406
52 44 4803
52 45 3526
52 46 5075
52 47 4245
52 48 2767
52 49 7347
52 50 1998
52 51 5149
52 53 1
52 54 2222
52 55 5433
52 56 3054
52 57 3430
52 58 1035
52 59 23
52 60 2537
52 61 4899
52 62 3755
52 63 3678
52 64 313
52 65 1111
52 66 7382
52 67 2646
52 68 6834
52 69 3364
52 70 1149
53 1 1868
53 2 6987
53 3 6267
53 4 2076
53 5 3106
53 6 3641
53 7 2114
53 8 5407
53 9 2114
53 10 4752
53 11 3806
53 12 5919
53 13 3043
53 14 2273
53 15 2659
53 16 487
53 17 5729
53 18 4661
53 19 4799
53 20 5161
53 21 5322
53 22 6063
53 23 2093
53 24 7350
53 25 3485
53 26 7097
53 27 4609
53 28 2084
53 29 6423
53 30 7069
53 31 5331
53 32 2417
53 33 6332
53 34 6818
53 35 2760
53 36 7074
53 37 1394
53 38 6963
53 39 5914
53 40 2286
53 41 4155
53 42 6901
53 43 741
53 44 7228
53 45 593
53 46 4496
53 47 2366
53 48 3125
53 49 3007
53 50 4684
53 51 202
53 52 1436
53 54 4952
53 55 6535
53 56 7121
53 57 2796
53 58 5799
53 59 2885
53 60 2487
53 61 530
53 62 6260
53 63 5629
53 64 7491
53 65 2204
53 66 5623
53 67 7384
53 68 3370
53 69 4146
53 70 1068
54 1 5237
54 2 2243
54 3 4861
54 4 2744
54 5 2268
54 6 3194
54 7 3105
54 8 6504
54 9 2566
54 10 1835
54 11 4448
54 12 3251
54 13 5078
54 14 6916
54 15 4490
54 16 906
54 17 6820
54 18 73
54 19 3601
54 20 5649
54 21 6007
54 22 1943
54 23 4849
54 24 5913
54 25 2594
54 26 3314
54 27 1943
54 28 1384
54 29 2253
54 30 1136
54 31 7361
54 32 3449
54 33 4733
54 34 4692
54 35 613
54 36 1741
54 37 4359
54 38 5569
54 39 4221
54 40 3458
54 41 343
54 42 2239
54 43 7067
54 44 4255
54 45 7446
54 46 5472
54 47 711
54 48 4606
54 49 5936
54 50 2492
54 51 1615
54 52 4913
54 53 6349
54 55 1388
54 56 6380
54 57 139
54 58 4868
54 59 4731
54 60 2557
54 61 3983
54 62 636
54 63 5294
54 64 4994
54 65 4674
54 66 1798
54 67 6039
54 68 3971
54 69 1376
54 70 2040
55 1 5910
55 2 2848
55 3 2276
55 4 7023
55 5 273
55 6 5171
55 7 7268
55 8 5303
55 9 2613
55 10 6999
55 11 1581
55 12 6574
55 13 6117
55 14 5930
55 15 6035
55 16 5941
55 17 4966
55 18 777
55 19 3074
55 20 1293
55 21 2921
55 22 7339
55 23 3351
55 24 5781
55 25 6582
55 26 2822
55 27 3147
55 28 1432
55 29 350
55 30 6771
55 31 6627
55 32 4901
55 33 4280
55 34 1809
55 35 5588
55 36 2279
55 37 1974
55 38 4597
55 39 4075
55 40 4453
55 41 1698
55 42 372
55 43 371
55 44 306
55 45 2883
55 46 2442
55 47 3459
55 48 6362
55 49 3687
55 50 2895
55 51 2077
55 52 1417
55 53 4011
55 54 7311
55 56 5093
55 57 1915
55 58 4156
55 59 7132
55 60 2152
55 61 610
55 62 2796
55 63 4073
55 64 1938
55 65 5513
55 66 1798
55 67 65
55 68 2229
55 69 7017
55 70 5019
56 1 2670
56 2 5407
56 3 7390
56 4 7170
56 5 867
56 6 609
56 7 6384
56 8 1140
56 9 872
56 10 3381
56 11 5167
56 12 6099
56 13 666
56 14 4045
56 15 1520
56 16 4984
56 17 4166
56 18 4771
56 19 131
56 20 6952
56 21 4975
56 22 5399
56 23 5062
56 24 7246
56 25 687
56 26 3905
56 27 3489
56 28 7466
56 29 7212
56 30 5992
56 31 4624
56 32 6889
56 33 2401
56 34 4231
56 35 966
56 36 6962
56 37 3411
56 38 5072
56 39 2068
56 40 4791
56 41 4368
56 42 702
56 43 7180
56 44 4746
56 45 6705
56 46 1590
56 47 2597
56 48 846
56 49 4723
56 50 512
56 51 4016
56 52 1916
56 53 2065
56 54 3237
56 55 5452
56 57 5016
56 58 2811
56 59 2566
56 60 3088
56 61 2924
56 62 4708
56 63 5423
56 64 6579
56 65 350
56 66 7497
56 67 323
56 68 2839
56 69 6674
56 70 6836
57 1 2224
57 2 4081
57 3 6119
57 4 4075
57 5 5538
57 6 4064
57 7 6655
57 8 2075
57 9 1338
57 10 917
57 11 5181
57 12 3909
57 13 7179
57 14 536
57 15 5663
57 16 2624
57 17 6865
57 18 2242
57 19 237
57 20 7263
57 21 6288
57 22 6224
57 23 5327
57 24 1927
57 25 3291
57 26 4932
57 27 4578
57 28 3979
57 29 3930
57 30 2815
57 31 93
57 32 5311
57 33 3045
57 34 2425
57 35 1167
57 36 1495
57 37 1994
57 38 737
57 39 1155
57 40 5838
57 41 2299
57 42 5323
57 43 6418
57 44 3176
57 45 6589
57 46 5728
57 47 2093
57 48 4793
57 49 3926
57 50 4705
57 51 3106
57 52 3909
57 53 1052
57 54 595
57 55 2708
57 56 951
57 58 764
57 59 6634
57 60 7135
57 61 2171
57 62 2146
57 63 7322
57 64 4759
57 65 2639
57 66 1086
57 67 2685
57 68 2266
57 69 7392
57 70 4016
58 1 3013
58 2 5426
58 3 6633
58 4 4181
58 5 687
58 6 5673
58 7 7316
58 8 3309
58 9 1735
58 10 3292
58 11 2120
58 12 2761
58 13 1663
58 14 2051
58 15 3091
58 16 4597
58 17 4250
58 18 611
58 19 5031
58 20 6103
58 21 729
58 22 6481
58 23 6913
58 24 6300
58 25 5503
58 26 4357
58 27 1986
58 28 7117
58 29 7320
58 30 3513
58 31 6790
58 32 4158
58 33 6961
58 34 7157
58 35 2305
58 36 1617
58 37 5369
58 38 7421
58 39 4867
58 40 2092
58 41 5989
58 42 2919
58 43 229
58 44 4871
58 45 5445
58 46 530
58 47 3102
58 48 2671
58 49 6183
58 50 3677
58 51 5785
58 52 6351
58 53 2152
58 54 3166
58 55 6420
58 56 5259
58 57 7437
58 59 5809
58 60 3674
58 61 2297
58 62 5209
58 63 6144
58 64 206
58 65 5675
58 66 3631
58 67 672
58 68 326
58 69 6879
58 70 6302
59 1 3752
59 2 5086
59 3 5764
59 4 4105
59 5 6606
59 6 1788
59 7 930
59 8 383
59 9 3546
59 10 2724
59 11 1929
59 12 6321
59 13 5738
59 14 6578
59 15 3401
59 16 3906
59 17 7044
59 18 1125
59 19 1822
59 20 3315
59 21 6027
59 22 2619
59 23 1828
59 24 7081
59 25 3328
59 26 3781
59 27 682
59 28 2399
59 29 4847
59 30 3458
59 31 3763
59 32 2927
59 33 877
59 34 810
59 35 4467
59 36 4507
59 37 3824
59 38 5142
59 39 1579
59 40 6313
59 41 5934
59 42 2058
59 43 6378
59 44 2068
59 45 6554
59 46 6153
59 47 6791
59 48 2712
59 49 4435
59 50 6767
59 51 2769
59 52 671
59 53 664
59 54 3962
59 55 2226
59 56 723
59 57 2957
59 58 2489
59 60 4248
59 61 3561
59 62 5708
59 63 5494
59 64 5330
59 65 4475
59 66 7423
59 67 4943
59 68 1375
59 69 3009
59 70 3940
60 1 970
60 2 1503
60 3 2728
60 4 2063
60 5 7129
60 6 2062
60 7 3726
60 8 3566
60 9 5263
60 10 2994
60 11 350
60 12 4373
60 13 1226
60 14 5867
60 15 5402
60 16 3469
60 17 5533
60 18 5861
60 19 1156
60 20 6585
60 21 3600
60 22 334
60 23 6869
60 24 3764
60 25 30
60 26 5434
60 27 2573
60 28 549
60 29 7435
60 30 5735
60 31 2787
60 32 4642
60 33 2170
60 34 3065
60 35 3823
60 36 6281
60 37 478
60 38 2790
60 39 1572
60 40 5307
60 41 1012
60 42 6748
60 43 3017
60 44 1914
60 45 1577
60 46 3948
60 47 2613
60 48 2584
60 49 2234
60 50 1482
60 51 7361
60 52 3720
60 53 2430
60 54 1381
60 55 6210
60 56 6947
60 57 6628
60 58 2020
60 59 733
60 61 6663
60 62 3583
60 63 6140
60 64 176
60 65 1818
60 66 608
60 67 4481
60 68 553
60 69 4437
60 70 6924
61 1 5487
61 2 3519
61 3 1217
61 4 6653
61 5 3034
61 6 2326
61 7 90
61 8 4085
61 9 5662
61 10 1685
61 11 2759
61 12 2768
61 13 5203
61 14 4936
61 15 1035
61 16 2600
61 17 2970
61 18 6171
61 19 3718
61 20 2425
61 21 1147
61 22 3503
61 23 6737
61 24 1478
61 25 1114
61 26 956
61 27 5522
61 28 3275
61 29 5102
61 30 4701
61 31 1889
61 32 648
61 33 1088
61 34 4824
61 35 4317
61 36 909
61 37 7198
61 38 59
61 39 3406
61 40 2089
61 41 3860
61 42 3436
61 43 247
61 44 4020
61 45 3289
61 46 6773
61 47 1184
61 48 2435
61 49 7281
61 50 6731
61 51 7360
61 52 4363
61 53 3060
61 54 693
61 55 2472
61 56 2560
61 57 4514
61 58 296
61 59 1704
61 60 1782
61 62 51
61 63 7217
61 64 2948
61 65 5141
61 66 4932
61 67 4677
61 68 7348
61 69 3507
61 70 3427
62 1 1732
62 2 2585
62 3 2068
62 4 2333
62 5 7448
62 6 1778
62 7 3150
62 8 6434
62 9 5015
62 10 6698
62 11 4485
62 12 2420
62 13 6248
62 14 5697
62 15 1898
62 16 2554
62 17 1244
62 18 6642
62 19 3920
62 20 6715
62 21 2941
62 22 3439
62 23 3270
62 24 5393
62 25 6237
62 26 1170
62 27 3251
62 28 6920
62 29 7489
62 30 7219
62 31 2869
62 32 5926
62 33 1494
62 34 1802
62 35 4316
62 36 5626
62 37 3711
62 38 4094
62 39 1450
62 40 7274
62 41 1525
62 42 6031
62 43 7154
62 44 1190
62 45 2403
62 46 3796
62 47 4655
62 48 336
62 49 3088
62 50 2940
62 51 2623
62 52 4234
62 53 5939
62 54 2649
62 55 4372
62 56 962
62 57 6575
62 58 6861
62 59 370
62 60 3292
62 61 5811
62 63 5358
62 64 2333
62 65 6389
62 66 5804
62 67 3910
62 68 2031
62 69 6175
62 70 1046
63 1 4533
63 2 4769
63 3 883
63 4 7073
63 5 3593
63 6 7128
63 7 879
63 8 417
63 9 1482
63 10 5009
63 11 5065
63 12 2537
63 13 6122
63 14 621
63 15 4362
63 16 206
63 17 4587
63 18 922
63 19 1272
63 20 274
63 21 2535
63 22 1836
63 23 1876
63 24 5494
63 25 3178
63 26 4549
63 27 1822
63 28 6050
63 29 1721
63 30 2042
63 31 2989
63 32 3491
63 33 6070
63 34 2513
63 35 5597
63 36 5495
63 37 2922
63 38 5344
63 39 5549
63 40 6772
63 41 2041
63 42 1817
63 43 3025
63 44 6639
63 45 2561
63 46 1363
63 47 3188
63 48 4545
63 49 5177
63 50 1554
63 51 1604
63 52 1063
63 53 4797
63 54 7492
63 55 5395
63 56 542
63 57 3151
63 58 1864
63 59 844
63 60 5987
63 61 6196
63 62 6701
63 64 4669
63 65 5089
63 66 6844
63 67 2472
63 68 3627
63 69 1198
63 70 2033
64 1 216
64 2 3345
64 3 33
64 4 2582
64 5 106
64 6 5492
64 7 6955
64 8 6615
64 9 4119
64 10 3773
64 11 2985
64 12 4254
64 13 150
64 14 7122
64 15 4392
64 16 6692
64 17 2335
64 18 4728
64 19 3996
64 20 1458
64 21 5215
64 22 2149
64 23 7146
64 24 6891
64 25 6788
64 26 2629
64 27 3866
64 28 1260
64 29 5873
64 30 6614
64 31 4075
64 32 97
64 33 4650
64 34 4307
64 35 2670
64 36 586
64 37 4843
64 38 515
64 39 702
64 40 7185
64 41 3666
64 42 4771
64 43 6888
64 44 1565
64 45 4182
64 46 2696
64 47 6881
64 48 4781
64 49 1199
64 50 966
64 51 2013
64 52 6254
64 53 6965
64 54 3242
64 55 2322
64 56 2355
64 57 4867
64 58 1020
64 59 3804
64 60 368
64 61 5977
64 62 3114
64 63 5104
64 65 254
64 66 1637
64 67 88
64 68 393
64 69 1793
64 70 825
65 1 4105
65 2 377
65 3 5474
65 4 4662
65 5 6431
65 6 3247
65 7 7179
65 8 1941
65 9 497
65 10 2585
65 11 1133
65 12 5749
65 13 5060
65 14 2841
65 15 5524
65 16 5179
65 17 238
65 18 4691
65 19 2158
65 20 6195
65 21 3753
65 22 3036
65 23 7388
65 24 3237
65 25 458
65 26 2091
65 27 5095
65 28 1906
65 29 2293
65 30 4431
65 31 629
65 32 3428
65 33 6052
65 34 1251
65 35 880
65 36 1279
65 37 3987
65 38 575
65 39 1168
65 40 7216
65 41 6342
65 42 650
65 43 7479
65 44 6687
65 45 1749
65 46 1219
65 47 1592
65 48 4400
65 49 2872
65 50 481
65 51 5482
65 52 740
65 53 4035
65 54 2602
65 55 455
65 56 4679
65 57 7175
65 58 5830
65 59 631
65 60 6413
65 61 7193
65 62 4551
65 63 6072
65 64 7427
65 66 1400
65 67 6505
65 68 3753
65 69 271
65 70 2174
66 1 3697
66 2 1628
66 3 1125
66 4 3076
66 5 6086
66 6 6953
66 7 1263
66 8 6087
66 9 5877
66 10 590
66 11 1004
66 12 6925
66 13 7322
66 14 669
66 15 2547
66 16 6491
66 17 2515
66 18 712
66 19 3929
66 20 493
66 21 3103
66 22 6312
66 23 2533
66 24 718
66 25 2061
66 26 7261
66 27 1198
66 28 4255
66 29 3574
66 30 6731
66 31 3603
66 32 5524
66 33 15
66 34 387
66 35 6319
66 36 4873
66 37 459
66 38 6116
66 39 4536
66 40 5957
66 41 5597
66 42 7002
66 43 5127
66 44 1175
66 45 1627
66 46 3135
66 47 4637
66 48 1618
66 49 4249
66 50 884
66 51 4706
66 52 2198
66 53 6564
66 54 1456
66 55 2762
66 56 2769
66 57 3150
66 58 1359
66 59 256
66 60 7255
66 61 2831
66 62 1297
66 63 2086
66 64 2053
66 65 5901
66 67 7048
66 68 4552
66 69 2791
66 70 3775
67 1 6124
67 2 3763
67 3 4909
67 4 1057
67 5 2127
67 6 2478
67 7 522
67 8 1104
67 9 1913
67 10 5336
67 11 2198
67 12 3694
67 13 1454
67 14 917
67 15 2892
67 16 4028
67 17 7342
67 18 3132
67 19 2640
67 20 6477
67 21 697
67 22 2114
67 23 5100
67 24 6569
67 25 458
67 26 5298
67 27 3780
67 28 101
67 29 2430
67 30 5128
67 31 5602
67 32 4795
67 33 5438
67 34 6710
67 35 4952
67 36 531
67 37 1974
67 38 6556
67 39 923
67 40 5055
67 41 4308
67 42 5616
67 43 3567
67 44 7296
67 45 5855
67 46 3389
67 47 3672
67 48 4001
67 49 1844
67 50 1547
67 51 1998
67 52 2603
67 53 4612
67 54 829
67 55 2918
67 56 3679
67 57 1933
67 58 2197
67 59 4498
67 60 3731
67 61 883
67 62 5029
67 63 5630
67 64 5833
67 65 543
67 66 1757
67 68 276
67 69 1976
67 70 3060
68 1 1203
68 2 4996
68 3 2503
68 4 1968
68 5 4739
68 6 1477
68 7 6362
68 8 6582
68 9 6478
68 10 5925
68 11 5615
68 12 5452
68 13 4596
68 14 1915
68 15 1180
68 16 4178
68 17 4235
68 18 1589
68 19 5853
68 20 4421
68 21 6056
68 22 5302
68 23 550
68 24 2989
68 25 7436
68 26 2107
68 27 383
68 28 7286
68 29 4173
68 30 2794
68 31 7354
68 32 6245
68 33 5264
68 34 199
68 35 7478
68 36 2514
68 37 4972
68 38 7227
68 39 3247
68 40 4754
68 41 3955
68 42 605
68 43 75
68 44 5873
68 45 2182
68 46 5281
68 47 4590
68 48 1155
68 49 1001
68 50 1630
68 51 5126
68 52 5243
68 53 2747
68 54 2121
68 55 4075
68 56 6878
68 57 1012
68 58 1136
68 59 5918
68 60 5280
68 61 4499
68 62 1971
68 63 3756
68 64 6592
68 65 1294
68 66 5972
68 67 1503
68 69 6266
68 70 773
69 1 6957
69 2 2144
69 3 4486
69 4 3335
69 5 7177
69 6 7109
69 7 4778
69 8 2353
69 9 770
69 10 2733
69 11 168
69 12 1961
69 13 1791
69 14 5542
69 15 5661
69 16 5333
69 17 6240
69 18 3657
69 19 5107
69 20 7338
69 21 2078
69 22 6922
69 23 1761
69 24 5112
69 25 1700
69 26 375
69 27 4254
69 28 5947
69 29 3025
69 30 1875
69 31 3641
69 32 5470
69 33 7432
69 34 6371
69 35 4838
69 36 7176
69 37 2828
69 38 7042
69 39 6120
69 40 6670
69 41 2110
69 42 7321
69 43 6136
69 44 2295
69 45 4315
69 46 2507
69 47 6314
69 48 2810
69 49 2114
69 50 5266
69 51 5301
69 52 2856
69 53 6182
69 54 4253
69 55 1703
69 56 1523
69 57 4425
69 58 3055
69 59 684
69 60 4951
69 61 2212
69 62 3194
69 63 6365
69 64 5876
69 65 127
69 66 431
69 67 2151
69 68 1363
69 70 988
70 1 6447
70 2 6290
70 3 1861
70 4 4752
70 5 946
70 6 5416
70 7 7015
70 8 7101
70 9 3081
70 10 2840
70 11 3292
70 12 5362
70 13 3537
70 14 933
70 15 218
70 16 3944
70 17 5776
70 18 1686
70 19 2458
70 20 5286
70 21 2147
70 22 4168
70 23 4156
70 24 4169
70 25 2160
70 26 928
70 27 2997
70 28 2667
70 29 937
70 30 869
70 31 690
70 32 2065
70 33 3327
70 34 847
70 35 3969
70 36 6579
70 37 3504
70 38 3176
70 39 6112
70 40 1363
70 41 3819
70 42 1798
70 43 1578
70 44 2195
70 45 7065
70 46 3756
70 47 2589
70 48 3537
70 49 5138
70 50 1178
70 51 5217
70 52 3352
70 53 5466
70 54 140
70 55 1877
70 56 469
70 57 1246
70 58 492
70 59 6726
70 60 434
70 61 1869
70 62 5254
70 63 4988
70 64 4785
70 65 6086
70 66 1134
70 67 4530
70 68 2228
70 69 7202
