70 4830
1 2 2942
1 3 6077
1 4 2245
1 5 1844
1 6 2408
1 7 5388
1 8 1765
1 9 3496
1 10 3265
1 11 3954
1 12 6497
1 13 2476
1 14 1938
1 15 5774
1 16 4355
1 17 1794
1 18 2918
1 19 4222
1 20 5160
1 21 5311
1 22 7325
1 23 5212
1 24 3967
1 25 2048
1 26 440
1 27 3599
1 28 477
1 29 2308
1 30 3055
1 31 3203
1 32 5543
1 33 1896
1 34 6317
1 35 2248
1 36 5509
1 37 6561
1 38 4867
1 39 5427
1 40 5139
1 41 3893
1 42 2344
1 43 5927
1 44 3597
1 45 5244
1 46 6441
1 47 3313
1 48 4715
1 49 2516
1 50 6837
1 51 5270
1 52 3405
1 53 3976
1 54 1369
1 55 1622
1 56 2575
1 57 2839
1 58 2457
1 59 7017
1 60 385
1 61 1450
1 62 763
1 63 4473
1 64 4419
1 65 4526
1 66 6017
1 67 2564
1 68 1932
1 69 2050
1 70 3867
2 1 5088
2 3 6596
2 4 6914
2 5 6739
2 6 6979
2 7 395
2 8 3065
2 9 923
2 10 1701
2 11 5951
2 12 4512
2 13 2568
2 14 4473
2 15 2297
2 16 3630
2 17 6388
2 18 3261
2 19 5682
2 20 6880
2 21 4740
2 22 3774
2 23 1523
2 24 4440
2 25 3270
2 26 489
2 27 6624
2 28 6884
2 29 5696
2 30 7259
2 31 5414
2 32 4733
2 33 7093
2 34 1952
2 35 1465
2 36 2980
2 37 6515
2 38 5391
2 39 3832
2 40 1523
2 41 6722
2 42 7432
2 43 975
2 44 1740
2 45 7473
2 46 6372
2 47 4620
2 48 3462
2 49 1867
2 50 5271
2 51 1936
2 52 4200
2 53 5391
2 54 5128
2 55 1377
2 56 1826
2 57 49
2 58 7280
2 59 3763
2 60 3205
2 61 3274
2 62 5495
2 63 4300
2 64 2827
2 65 198
2 66 683
2 67 7436
2 68 874
2 69 1088
2 70 5450
3 1 479
3 2 4819
3 4 6049
3 5 938
3 6 680
3 7 3520
3 8 3004
3 9 1873
3 10 4401
3 11 6514
3 12 3067
3 13 3781
3 14 4439
3 15 1988
3 16 2014
3 17 5423
3 18 5785
3 19 1265
3 20 7465
3 21 1891
3 22 4423
3 23 2888
3 24 3940
3 25 1588
3 26 4138
3 27 1003
3 28 2163
3 29 5292
3 30 308
3 31 1433
3 32 2570
3 33 7138
3 34 3447
3 35 4336
3 36 2783
3 37 762
3 38 1038
3 39 2776
3 40 1257
3 41 5723
3 42 2704
3 43 7405
3 44 2259
3 45 7495
3 46 6933
3 47 864
3 48 4763
3 49 5633
3 50 2604
3 51 3564
3 52 2226
3 53 732
3 54 4104
3 55 153
3 56 3955
3 57 5650
3 58 2173
3 59 3460
3 60 3582
3 61 5720
3 62 7077
3 63 5925
3 64 2455
3 65 636
3 66 3003
3 67 3499
3 68 4290
3 69 4373
3 70 7382
4 1 4067
4 2 2539
4 3 5584
4 5 6551
4 6 6002
4 7 341
4 8 5830
4 9 3607
4 10 7431
4 11 3911
4 12 6552
4 13 4756
4 14 499
4 15 3246
4 16 5351
4 17 6217
4 18 6457
4 19 6636
4 20 5900
4 21 6808
4 22 5226
4 23 2113
4 24 3670
4 25 1642
4 26 3805
4 27 873
4 28 3423
4 29 89
4 30 379
4 31 5812
4 32 4293
4 33 6982
4 34 791
4 35 4013
4 36 2267
4 37 2870
4 38 4121
4 39 2720
4 40 3195
4 41 4299
4 42 5836
4 43 5429
4 44 7071
4 45 3047
4 46 2088
4 47 5671
4 48 5393
4 49 5008
4 50 2634
4 51 6225
4 52 6497
4 53 44
4 54 4332
4 55 4322
4 56 3876
4 57 5843
4 58 1020
4 59 2091
4 60 6759
4 61 3801
4 62 2775
4 63 4142
4 64 4785
4 65 2210
4 66 5951
4 67 5983
4 68 3943
4 69 2005
4 70 3559
5 1 1676
5 2 2398
5 3 3162
5 4 5231
5 6 6882
5 7 1385
5 8 5982
5 9 2328
5 10 2334
5 11 4796
5 12 3445
5 13 5626
5 14 1742
5 15 4613
5 16 2302
5 17 5339
5 18 3287
5 19 4927
5 20 4599
5 21 665
5 22 3508
5 23 2379
5 24 4220
5 25 3416
5 26 3154
5 27 833
5 28 745
5 29 6791
5 30 6871
5 31 5317
5 32 4907
5 33 3206
5 34 1016
5 35 392
5 36 2713
5 37 7066
5 38 542
5 39 7245
5 40 6683
5 41 2332
5 42 5426
5 43 3293
5 44 5345
5 45 1735
5 46 626
5 47 5300
5 48 6798
5 49 3184
5 50 6625
5 51 343
5 52 1694
5 53 966
5 54 6714
5 55 6258
5 56 51
5 57 352
5 58 7448
5 59 3431
5 60 6161
5 61 7236
5 62 2810
5 63 3049
5 64 5636
5 65 2546
5 66 630
5 67 3000
5 68 7410
5 69 2938
5 70 7243
6 1 2843
6 2 5773
6 3 364
6 4 6792
6 5 3348
6 7 4757
6 8 833
6 9 3071
6 10 4462
6 11 6428
6 12 6371
6 13 5953
6 14 2128
6 15 1433
6 16 84
6 17 6953
6 18 1290
6 19 4304
6 20 4873
6 21 3630
6 22 6565
6 23 1003
6 24 4612
6 25 4413
6 26 5308
6 27 7046
6 28 6028
6 29 6230
6 30 1802
6 31 2694
6 32 439
6 33 2241
6 34 5857
6 35 6512
6 36 3390
6 37 4413
6 38 6495
6 39 6029
6 40 3382
6 41 1604
6 42 5355
6 43 7359
6 44 6392
6 45 1931
6 46 6018
6 47 3037
6 48 5102
6 49 4602
6 50 4406
6 51 1480
6 52 5565
6 53 3542
6 54 4602
6 55 4039
6 56 1015
6 57 6093
6 58 846
6 59 2344
6 60 606
6 61 7120
6 62 922
6 63 3329
6 64 3845
6 65 4986
6 66 7173
6 67 61
6 68 1166
6 69 5256
6 70 270
7 1 1068
7 2 378
7 3 2827
7 4 1375
7 5 81
7 6 5209
7 8 5292
7 9 288
7 10 6518
7 11 4248
7 12 5834
7 13 3411
7 14 7196
7 15 4237
7 16 6263
7 17 1553
7 18 3252
7 19 2678
7 20 3321
7 21 4300
7 22 1618
7 23 4276
7 24 5800
7 25 6191
7 26 4585
7 27 250
7 28 3328
7 29 6646
7 30 7076
7 31 54
7 32 4429
7 33 1513
7 34 3706
7 35 4767
7 36 253
7 37 351
7 38 3404
7 39 3223
7 40 6438
7 41 7097
7 42 4005
7 43 4423
7 44 4180
7 45 7166
7 46 1998
7 47 4476
7 48 148
7 49 4551
7 50 2551
7 51 1264
7 52 3605
7 53 5732
7 54 4492
7 55 6908
7 56 2650
7 57 4655
7 58 3569
7 59 6576
7 60 908
7 61 2398
7 62 2482
7 63 6166
7 64 2116
7 65 3983
7 66 1634
7 67 6636
7 68 6475
7 69 1168
7 70 3789
8 1 4295
8 2 5412
8 3 4646
8 4 6593
8 5 5959
8 6 7406
8 7 5104
8 9 3822
8 10 2059
8 11 642
8 12 6948
8 13 3430
8 14 5485
8 15 5572
8 16 201
8 17 4787
8 18 4182
8 19 874
8 20 6801
8 21 2405
8 22 2008
8 23 752
8 24 1847
8 25 1398
8 26 1690
8 27 5342
8 28 5891
8 29 7406
8 30 5786
8 31 5134
8 32 6737
8 33 4428
8 34 4336
8 35 4431
8 36 1696
8 37 7446
8 38 7310
8 39 3906
8 40 1029
8 41 2155
8 42 3936
8 43 4492
8 44 1123
8 45 4624
8 46 5637
8 47 3436
8 48 5466
8 49 3087
8 50 1896
8 51 250
8 52 3265
8 53 2092
8 54 919
8 55 6189
8 56 5945
8 57 6556
8 58 3655
8 59 6803
8 60 7448
8 61 1653
8 62 5732
8 63 3407
8 64 5833
8 65 4866
8 66 6934
8 67 3701
8 68 3515
8 69 6286
8 70 3851
9 1 1074
9 2 3036
9 3 2993
9 4 632
9 5 7040
9 6 83
9 7 2314
9 8 5713
9 10 1227
9 11 6161
9 12 6130
9 13 4283
9 14 3741
9 15 3301
9 16 6671
9 17 1359
9 18 5984
9 19 4539
9 20 4871
9 21 291
9 22 2785
9 23 5653
9 24 5136
9 25 3953
9 26 1620
9 27 2471
9 28 6794
9 29 6101
9 30 101
9 31 2479
9 32 1986
9 33 1887
9 34 5915
9 35 2481
9 36 309
9 37 2667
9 38 7378
9 39 2552
9 40 854
9 41 6440
9 42 327
9 43 6837
9 44 2927
9 45 1344
9 46 567
9 47 1545
9 48 6089
9 49 5178
9 50 3085
9 51 5119
9 52 2569
9 53 3490
9 54 501
9 55 1426
9 56 5843
9 57 1488
9 58 216
9 59 3055
9 60 1880
9 61 6359
9 62 6830
9 63 7494
9 64 5342
9 65 3708
9 66 7056
9 67 5586
9 68 6328
9 69 2303
9 70 1744
10 1 2439
10 2 4406
10 3 5148
10 4 4061
10 5 859
10 6 4736
10 7 7484
10 8 6610
10 9 6549
10 11 2935
10 12 1596
10 13 5491
10 14 3875
10 15 6045
10 16 3255
10 17 1075
10 18 6300
10 19 3108
10 20 1928
10 21 3907
10 22 7140
10 23 3956
10 24 6623
10 25 2228
10 26 4679
10 27 1555
10 28 5609
10 29 4498
10 30 7245
10 31 5190
10 32 4585
10 33 1538
10 34 2146
10 35 4119
10 36 1686
10 37 500
10 38 5614
10 39 3073
10 40 4954
10 41 586
10 42 2517
10 43 3759
10 44 6509
10 45 5289
10 46 4252
10 47 3566
10 48 6341
10 49 7208
10 50 1801
10 51 2598
10 52 2695
10 53 1236
10 54 306
10 55 2469
10 56 1053
10 57 6502
10 58 5928
10 59 1923
10 60 1779
10 61 3984
10 62 5576
10 63 7322
10 64 3438
10 65 180
10 66 6347
10 67 3364
10 68 4945
10 69 2128
10 70 3346
11 1 3068
11 2 4274
11 3 5128
11 4 5408
11 5 7458
11 6 1904
11 7 5057
11 8 4063
11 9 3957
11 10 6821
11 12 2480
11 13 7341
11 14 1599
11 15 3432
11 16 2096
11 17 4389
11 18 4083
11 19 6784
11 20 959
11 21 2341
11 22 3240
11 23 1681
11 24 2862
11 25 3654
11 26 518
11 27 5825
11 28 1257
11 29 4282
11 30 4914
11 31 4144
11 32 667
11 33 1053
11 34 7469
11 35 5240
11 36 4671
11 37 5964
11 38 4999
11 39 4314
11 40 2109
11 41 1958
11 42 1361
11 43 4090
11 44 1462
11 45 2195
11 46 6120
11 47 2024
11 48 1703
11 49 2070
11 50 3987
11 51 6871
11 52 315
11 53 7370
11 54 1377
11 55 5379
11 56 6656
11 57 4765
11 58 891
11 59 6364
11 60 6821
11 61 75
11 62 3406
11 63 721
11 64 1923
11 65 3369
11 66 3434
11 67 2939
11 68 6297
11 69 6374
11 70 4345
12 1 3954
12 2 4268
12 3 2061
12 4 6827
12 5 3708
12 6 563
12 7 3976
12 8 3234
12 9 4837
12 10 4482
12 11 4139
12 13 1449
12 14 2264
12 15 4292
12 16 5792
12 17 5139
12 18 4105
12 19 3676
12 20 3346
12 21 7340
12 22 2678
12 23 5217
12 24 723
12 25 2472
12 26 1352
12 27 3456
12 28 2787
12 29 5873
12 30 3708
12 31 7482
12 32 6429
12 33 3777
12 34 3354
12 35 2624
12 36 4846
12 37 7407
12 38 2733
12 39 5603
12 40 1727
12 41 535
12 42 4559
12 43 1151
12 44 5944
12 45 1255
12 46 4886
12 47 3135
12 48 6967
12 49 4047
12 50 6464
12 51 5462
12 52 2917
12 53 154
12 54 4049
12 55 2448
12 56 5892
12 57 7420
12 58 3237
12 59 4347
12 60 3801
12 61 4313
12 62 422
12 63 6040
12 64 4073
12 65 605
12 66 1521
12 67 6014
12 68 1433
12 69 384
12 70 4963
13 1 2992
13 2 1738
13 3 17
13 4 5710
13 5 6934
13 6 2169
13 7 971
13 8 6856
13 9 4012
13 10 1954
13 11 4111
13 12 4500
13 14 5404
13 15 5142
13 16 4408
13 17 6366
13 18 2462
13 19 116
13 20 833
13 21 933
13 22 2567
13 23 5224
13 24 242
13 25 2906
13 26 1791
13 27 7352
13 28 3068
13 29 3409
13 30 5382
13 31 1786
13 32 6778
13 33 1536
13 34 841
13 35 330
13 36 3906
13 37 2524
13 38 6505
13 39 396
13 40 1354
13 41 3049
13 42 4897
13 43 4922
13 44 4001
13 45 4131
13 46 6859
13 47 2067
13 48 3844
13 49 488
13 50 5741
13 51 4785
13 52 3127
13 53 6693
13 54 6963
13 55 6903
13 56 2958
13 57 3294
13 58 6
13 59 4143
13 60 760
13 61 4964
13 62 3269
13 63 2919
13 64 4575
13 65 3242
13 66 4109
13 67 1772
13 68 5400
13 69 2843
13 70 6767
14 1 5608
14 2 1372
14 3 1752
14 4 4381
14 5 7496
14 6 3191
14 7 2951
14 8 1897
14 9 5863
14 10 3645
14 11 3811
14 12 4763
14 13 5982
14 15 2847
14 16 2165
14 17 1594
14 18 701
14 19 5438
14 20 33
14 21 6215
14 22 1707
14 23 2455
14 24 4674
14 25 1968
14 26 4832
14 27 608
14 28 6274
14 29 2249
14 30 6039
14 31 2921
14 32 6635
14 33 1510
14 34 6229
14 35 4730
14 36 3966
14 37 2182
14 38 6068
14 39 4311
14 40 6236
14 41 5421
14 42 3668
14 43 959
14 44 4879
14 45 2443
14 46 1691
14 47 6385
14 48 6957
14 49 3217
14 50 5692
14 51 3334
14 52 448
14 53 2292
14 54 2400
14 55 2045
14 56 2737
14 57 1274
14 58 2444
14 59 6048
14 60 4613
14 61 2664
14 62 5344
14 63 1708
14 64 1821
14 65 5100
14 66 4928
14 67 3077
14 68 4541
14 69 4223
14 70 4925
15 1 4615
15 2 1651
15 3 6431
15 4 7335
15 5 2395
15 6 73
15 7 2276
15 8 6736
15 9 2242
15 10 4492
15 11 4317
15 12 5684
15 13 1878
15 14 7189
15 16 3858
15 17 1493
15 18 5917
15 19 755
15 20 7463
15 21 2326
15 22 5454
15 23 4347
15 24 1456
15 25 961
15 26 958
15 27 1023
15 28 2697
15 29 1589
15 30 430
15 31 7277
15 32 1054
15 33 4730
15 34 7411
15 35 135
15 36 1589
15 37 4278
15 38 5211
15 39 7000
15 40 6880
15 41 6957
15 42 5220
15 43 900
15 44 2710
15 45 2801
15 46 3989
15 47 4547
15 48 2247
15 49 2439
15 50 4112
15 51 4537
15 52 7311
15 53 1661
15 54 6747
15 55 3496
15 56 3840
15 57 3072
15 58 1540
15 59 6512
15 60 6368
15 61 5488
15 62 1494
15 63 6440
15 64 4335
15 65 135
15 66 4147
15 67 4963
15 68 869
15 69 6113
15 70 601
16 1 3499
16 2 328
16 3 6986
16 4 6044
16 5 783
16 6 2659
16 7 1424
16 8 3985
16 9 1195
16 10 6847
16 11 6649
16 12 3921
16 13 5740
16 14 1183
16 15 2819
16 17 1317
16 18 3117
16 19 7161
16 20 5614
16 21 1181
16 22 2758
16 23 5645
16 24 6134
16 25 5323
16 26 2380
16 27 5415
16 28 6841
16 29 7455
16 30 3031
16 31 4346
16 32 2829
16 33 3410
16 34 3090
16 35 7165
16 36 7115
16 37 659
16 38 563
16 39 4060
16 40 523
16 41 6255
16 42 660
16 43 1447
16 44 2843
16 45 6591
16 46 1916
16 47 2315
16 48 6841
16 49 5037
16 50 4642
16 51 6764
16 52 256
16 53 4707
16 54 4133
16 55 1530
16 56 3235
16 57 5320
16 58 1942
16 59 6764
16 60 4081
16 61 7307
16 62 3470
16 63 4989
16 64 3728
16 65 1124
16 66 7202
16 67 6670
16 68 7151
16 69 6316
16 70 1901
17 1 5470
17 2 2407
17 3 7282
17 4 3080
17 5 714
17 6 5127
17 7 4281
17 8 895
17 9 6667
17 10 7029
17 11 4799
17 12 3469
17 13 7009
17 14 1932
17 15 3652
17 16 3850
17 18 7060
17 19 1442
17 20 404
17 21 6443
17 22 2986
17 23 1125
17 24 6745
17 25 7444
17 26 3140
17 27 179
17 28 6378
17 29 1399
17 30 3719
17 31 3864
17 32 6628
17 33 3507
17 34 6046
17 35 301
17 36 4685
17 37 1643
17 38 5748
17 39 6355
17 40 7457
17 41 1347
17 42 132
17 43 4878
17 44 5771
17 45 3165
17 46 1242
17 47 5910
17 48 4308
17 49 4134
17 50 6934
17 51 5735
17 52 1413
17 53 4155
17 54 2290
17 55 1156
17 56 3548
17 57 2645
17 58 843
17 59 4021
17 60 3069
17 61 3263
17 62 4240
17 63 7028
17 64 2089
17 65 4937
17 66 5267
17 67 6438
17 68 4159
17 69 1109
17 70 5081
18 1 5401
18 2 5945
18 3 1201
18 4 4250
18 5 7097
18 6 868
18 7 5177
18 8 4140
18 9 1356
18 10 7337
18 11 27
18 12 5684
18 13 5727
18 14 1228
18 15 1329
18 16 5058
18 17 770
18 19 3808
18 20 3298
18 21 2636
18 22 5114
18 23 743
18 24 1138
18 25 3265
18 26 7196
18 27 2274
18 28 1191
18 29 1651
18 30 5858
18 31 2856
18 32 3255
18 33 4534
18 34 4921
18 35 4644
18 36 5289
18 37 4914
18 38 5912
18 39 4688
18 40 6666
18 41 6888
18 42 785
18 43 4312
18 44 2197
18 45 7299
18 46 824
18 47 1930
18 48 4210
18 49 838
18 50 1860
18 51 1542
18 52 3809
18 53 4011
18 54 2280
18 55 1576
18 56 3438
18 57 1936
18 58 1062
18 59 7293
18 60 3162
18 61 6729
18 62 7404
18 63 2900
18 64 1703
18 65 2988
18 66 4075
18 67 4822
18 68 2299
18 69 4207
18 70 5305
19 1 6681
19 2 6631
19 3 7024
19 4 2012
19 5 6903
19 6 178
19 7 1434
19 8 4502
19 9 825
19 10 343
19 11 6694
19 12 1897
19 13 4586
19 14 7322
19 15 6470
19 16 6971
19 17 488
19 18 1032
19 20 3007
19 21 3414
19 22 6376
19 23 5563
19 24 5455
19 25 1661
19 26 3503
19 27 5972
19 28 5603
19 29 3091
19 30 3844
19 31 6129
19 32 6725
19 33 479
19 34 7074
19 35 2966
19 36 3774
19 37 1654
19 38 6802
19 39 3262
19 40 4570
19 41 2361
19 42 5429
19 43 5289
19 44 1379
19 45 2201
19 46 6933
19 47 398
19 48 2927
19 49 4711
19 50 1015
19 51 6881
19 52 4588
19 53 5710
19 54 4909
19 55 4820
19 56 1676
19 57 6590
19 58 6840
19 59 6008
19 60 3211
19 61 3576
19 62 4257
19 63 2816
19 64 3027
19 65 675
19 66 2454
19 67 867
19 68 2413
19 69 1391
19 70 2802
20 1 2208
20 2 547
20 3 3891
20 4 534
20 5 2043
20 6 6519
20 7 700
20 8 5912
20 9 5433
20 10 4453
20 11 3684
20 12 5704
20 13 6181
20 14 1623
20 15 3984
20 16 865
20 17 3344
20 18 2676
20 19 4925
20 21 6381
20 22 559
20 23 7409
20 24 3450
20 25 7258
20 26 6286
20 27 4217
20 28 1896
20 29 3984
20 30 4405
20 31 5482
20 32 1141
20 33 652
20 34 728
20 35 936
20 36 3475
20 37 5730
20 38 1223
20 39 6916
20 40 3659
20 41 3895
20 42 5974
20 43 3486
20 44 6497
20 45 3729
20 46 713
20 47 6663
20 48 638
20 49 3526
20 50 5648
20 51 2588
20 52 2886
20 53 6111
20 54 1488
20 55 2061
20 56 1
20 57 5344
20 58 6778
20 59 4816
20 60 790
20 61 2856
20 62 5614
20 63 4577
20 64 5266
20 65 3902
20 66 4304
20 67 6487
20 68 4971
20 69 3769
20 70 2607
21 1 3254
21 2 443
21 3 4495
21 4 6730
21 5 3320
21 6 5744
21 7 6360
21 8 3496
21 9 1991
21 10 5883
21 11 945
21 12 1517
21 13 4683
21 14 3971
21 15 3595
21 16 2961
21 17 733
21 18 3125
21 19 1968
21 20 5975
21 22 2452
21 23 6437
21 24 1422
21 25 6248
21 26 3570
21 27 4470
21 28 1845
21 29 6908
21 30 64
21 31 5175
21 32 4043
21 33 3863
21 34 6921
21 35 5698
21 36 638
21 37 7164
21 38 3525
21 39 6974
21 40 977
21 41 4528
21 42 4802
21 43 842
21 44 6080
21 45 5894
21 46 835
21 47 5709
21 48 1753
21 49 4137
21 50 2563
21 51 3782
21 52 2673
21 53 4111
21 54 6309
21 55 2474
21 56 3589
21 57 6082
21 58 1271
21 59 6493
21 60 1020
21 61 7025
21 62 1349
21 63 6376
21 64 5674
21 65 460
21 66 2025
21 67 6643
21 68 3870
21 69 7453
21 70 6909
22 1 4372
22 2 1759
22 3 5675
22 4 5180
22 5 3698
22 6 93
22 7 3604
22 8 6458
22 9 3781
22 10 1633
22 11 1946
22 12 327
22 13 745
22 14 3682
22 15 6603
22 16 7460
22 17 7337
22 18 4657
22 19 649
22 20 850
22 21 2299
22 23 54
22 24 2147
22 25 1307
22 26 3283
22 27 3315
22 28 2823
22 29 6869
22 30 1233
22 31 1611
22 32 4293
22 33 1566
22 34 2067
22 35 705
22 36 5620
22 37 1723
22 38 5243
22 39 5067
22 40 5632
22 41 3766
22 42 5592
22 43 2028
22 44 6667
22 45 1342
22 46 6521
22 47 36
22 48 2629
22 49 3950
22 50 3781
22 51 4576
22 52 4880
22 53 933
22 54 1431
22 55 5588
22 56 6236
22 57 4944
22 58 4666
22 59 7446
22 60 5229
22 61 4370
22 62 2221
22 63 6981
22 64 5171
22 65 1679
22 66 3816
22 67 5352
22 68 3750
22 69 619
22 70 4684
23 1 3922
23 2 7216
23 3 7329
23 4 2304
23 5 5333
23 6 659
23 7 2376
23 8 85
23 9 6305
23 10 6373
23 11 7153
23 12 6920
23 13 2770
23 14 2459
23 15 6015
23 16 1089
23 17 4374
23 18 3581
23 19 6316
23 20 3467
23 21 4528
23 22 6912
23 24 4260
23 25 3936
23 26 6008
23 27 1355
23 28 1720
23 29 2593
23 30 5266
23 31 4905
23 32 6363
23 33 3778
23 34 640
23 35 981
23 36 3567
23 37 5795
23 38 771
23 39 4258
23 40 2635
23 41 7059
23 42 6197
23 43 2864
23 44 4326
23 45 242
23 46 1907
23 47 3771
23 48 2703
23 49 1983
23 50 3667
23 51 1718
23 52 87
23 53 21
23 54 5945
23 55 4985
23 56 4194
23 57 6661
23 58 6052
23 59 3280
23 60 2247
23 61 1092
23 62 2382
23 63 7332
23 64 1950
23 65 5019
23 66 5437
23 67 5484
23 68 4514
23 69 2334
23 70 3011
24 1 1489
24 2 2850
24 3 4065
24 4 6441
24 5 3405
24 6 192
24 7 4711
24 8 3839
24 9 627
24 10 2399
24 11 7406
24 12 1197
24 13 3179
24 14 3612
24 15 6429
24 16 3619
24 17 5007
24 18 1366
24 19 243
24 20 1889
24 21 2665
24 22 7239
24 23 1451
24 25 5057
24 26 4303
24 27 4538
24 28 5705
24 29 4328
24 30 6681
24 31 7236
24 32 3275
24 33 6754
24 34 3793
24 35 6317
24 36 4537
24 37 4561
24 38 1764
24 39 1568
24 40 2731
24 41 856
24 42 4371
24 43 1244
24 44 888
24 45 4663
24 46 2731
24 47 5155
24 48 6809
24 49 6297
24 50 522
24 51 3677
24 52 2448
24 53 3725
24 54 2921
24 55 6090
24 56 7122
24 57 2438
24 58 3774
24 59 2019
24 60 4181
24 61 892
24 62 4880
24 63 4286
24 64 6636
24 65 3827
24 66 6471
24 67 6501
24 68 453
24 69 99
24 70 3871
25 1 1543
25 2 5670
25 3 1516
25 4 2190
25 5 1224
25 6 7450
25 7 4689
25 8 1997
25 9 5129
25 10 5173
25 11 1390
25 12 6977
25 13 2068
25 14 3764
25 15 4726
25 16 2252
25 17 2328
25 18 5268
25 19 6723
25 20 5736
25 21 6654
25 22 4566
25 23 3994
25 24 607
25 26 580
25 27 517
25 28 685
25 29 4153
25 30 6236
25 31 4903
25 32 3794
25 33 4422
25 34 4301
25 35 3820
25 36 6577
25 37 5319
25 38 2789
25 39 597
25 40 4063
25 41 3177
25 42 6813
25 43 5218
25 44 676
25 45 4569
25 46 1747
25 47 119
25 48 7406
25 49 3847
25 50 7264
25 51 1383
25 52 2394
25 53 697
25 54 4594
25 55 7499
25 56 456
25 57 5978
25 58 2649
25 59 1842
25 60 3461
25 61 2332
25 62 714
25 63 4135
25 64 6274
25 65 3887
25 66 5091
25 67 5810
25 68 925
25 69 5022
25 70 3875
26 1 3153
26 2 2219
26 3 5534
26 4 6046
26 5 1728
26 6 6150
26 7 2348
26 8 2949
26 9 672
26 10 4326
26 11 6370
26 12 5749
26 13 5884
26 14 5823
26 15 540
26 16 3741
26 17 2350
26 18 1512
26 19 4679
26 20 1300
26 21 570
26 22 2807
26 23 3051
26 24 5127
26 25 1931
26 27 7136
26 28 6432
26 29 5224
26 30 7201
26 31 5423
26 32 476
26 33 6903
26 34 3373
26 35 1440
26 36 1604
26 37 3231
26 38 933
26 39 2369
26 40 6270
26 41 2915
26 42 7293
26 43 2710
26 44 3506
26 45 6027
26 46 6359
26 47 5121
26 48 6268
26 49 4961
26 50 6091
26 51 6487
26 52 1291
26 53 274
26 54 6721
26 55 537
26 56 2680
26 57 22
26 58 838
26 59 2970
26 60 4798
26 61 6683
26 62 7429
26 63 5578
26 64 2218
26 65 5474
26 66 5258
26 67 450
26 68 393
26 69 2430
26 70 6106
27 1 698
27 2 907
27 3 871
27 4 6197
27 5 5499
27 6 4798
27 7 3194
27 8 2129
27 9 6023
27 10 722
27 11 6893
27 12 3750
27 13 4812
27 14 55
27 15 7201
27 16 2018
27 17 6100
27 18 1242
27 19 1529
27 20 882
27 21 163
27 22 801
27 23 5252
27 24 2686
27 25 6512
27 26 6593
27 28 6493
27 29 5164
27 30 1095
27 31 7487
27 32 996
27 33 1691
27 34 5048
27 35 747
27 36 6753
27 37 6539
27 38 1553
27 39 299
27 40 2640
27 41 2362
27 42 936
27 43 5124
27 44 1193
27 45 3777
27 46 3402
27 47 4116
27 48 4801
27 49 210
27 50 85
27 51 335
27 52 7113
27 53 3753
27 54 4288
27 55 2174
27 56 7290
27 57 681
27 58 5490
27 59 6573
27 60 3547
27 61 6373
27 62 4433
27 63 2206
27 64 4272
27 65 5349
27 66 5215
27 67 2161
27 68 2979
27 69 5563
27 70 3436
28 1 5570
28 2 2680
28 3 1801
28 4 4016
28 5 3856
28 6 13
28 7 6652
28 8 4462
28 9 6465
28 10 4390
28 11 5197
28 12 59
28 13 3641
28 14 4420
28 15 2717
28 16 6241
28 17 1053
28 18 533
28 19 4077
28 20 314
28 21 7146
28 22 548
28 23 3007
28 24 6590
28 25 5099
28 26 4761
28 27 439
28 29 6465
28 30 2473
28 31 2037
28 32 4672
28 33 3479
28 34 3975
28 35 6573
28 36 5432
28 37 5768
28 38 1605
28 39 3661
28 40 5187
28 41 1162
28 42 4602
28 43 5137
28 44 497
28 45 2249
28 46 3885
28 47 6887
28 48 948
28 49 1332
28 50 1723
28 51 4561
28 52 970
28 53 3996
28 54 1733
28 55 7286
28 56 1592
28 57 7273
28 58 6560
28 59 147
28 60 1359
28 61 3142
28 62 3538
28 63 5687
28 64 1528
28 65 2704
28 66 4997
28 67 4208
28 68 7179
28 69 6292
28 70 7265
29 1 6999
29 2 3697
29 3 3562
29 4 5985
29 5 7428
29 6 5448
29 7 2200
29 8 6960
29 9 4119
29 10 4929
29 11 3
29 12 202
29 13 1668
29 14 504
29 15 3845
29 16 4149
29 17 6261
29 18 6940
29 19 859
29 20 4890
29 21 5980
29 22 5472
29 23 1859
29 24 6368
29 25 189
29 26 7215
29 27 3985
29 28 5454
29 30 3838
29 31 2247
29 32 3044
29 33 863
29 34 2608
29 35 2499
29 36 325
29 37 3720
29 38 1254
29 39 273
29 40 3375
29 41 3224
29 42 3433
29 43 1163
29 44 510
29 45 2130
29 46 2022
29 47 4765
29 48 1309
29 49 1014
29 50 2607
29 51 2435
29 52 7423
29 53 3966
29 54 3655
29 55 7473
29 56 2680
29 57 1865
29 58 5025
29 59 7015
29 60 6071
29 61 2773
29 62 1985
29 63 4149
29 64 5604
29 65 3753
29 66 3293
29 67 7470
29 68 4904
29 69 5347
29 70 1510
30 1 102
30 2 2607
30 3 6304
30 4 4547
30 5 5879
30 6 2415
30 7 3998
30 8 1276
30 9 582
30 10 3595
30 11 1901
30 12 840
30 13 2458
30 14 3915
30 15 7103
30 16 6040
30 17 2536
30 18 4243
30 19 3323
30 20 3553
30 21 164
30 22 2332
30 23 5156
30 24 1891
30 25 5683
30 26 5613
30 27 5594
30 28 6471
30 29 3538
30 31 2574
30 32 6374
30 33 2749
30 34 4541
30 35 3113
30 36 7276
30 37 3338
30 38 991
30 39 5398
30 40 7470
30 41 6300
30 42 5779
30 43 1016
30 44 233
30 45 6722
30 46 3191
30 47 1367
30 48 3262
30 49 2149
30 50 7258
30 51 6497
30 52 1203
30 53 3417
30 54 2077
30 55 2585
30 56 6651
30 57 1926
30 58 5551
30 59 5112
30 60 1338
30 61 275
30 62 4546
30 63 5872
30 64 5954
30 65 5990
30 66 4685
30 67 4921
30 68 5329
30 69 296
30 70 3269
31 1 454
31 2 7204
31 3 3115
31 4 2104
31 5 5883
31 6 496
31 7 1093
31 8 7182
31 9 422
31 10 5063
31 11 533
31 12 7324
31 13 7031
31 14 816
31 15 7120
31 16 3965
31 17 1742
31 18 3279
31 19 3488
31 20 2849
31 21 5785
31 22 1908
31 23 5
31 24 6540
31 25 3851
31 26 1314
31 27 2165
31 28 4540
31 29 7474
31 30 1727
31 32 2449
31 33 4313
31 34 2732
31 35 3552
31 36 2614
31 37 2167
31 38 2908
31 39 2979
31 40 4754
31 41 7280
31 42 2895
31 43 4400
31 44 4073
31 45 3933
31 46 2220
31 47 6249
31 48 1336
31 49 7482
31 50 4874
31 51 4376
31 52 5061
31 53 7076
31 54 2596
31 55 200
31 56 2469
31 57 4375
31 58 4435
31 59 638
31 60 6043
31 61 2140
31 62 6948
31 63 3646
31 64 1040
31 65 197
31 66 4381
31 67 7220
31 68 1982
31 69 93
31 70 3801
32 1 1382
32 2 5678
32 3 4216
32 4 4807
32 5 2661
32 6 1143
32 7 5188
32 8 1813
32 9 755
32 10 7012
32 11 6914
32 12 6839
32 13 2994
32 14 209
32 15 7097
32 16 2478
32 17 1271
32 18 2504
32 19 74
32 20 6963
32 21 3445
32 22 390
32 23 4884
32 24 2537
32 25 5257
32 26 6662
32 27 5441
32 28 217
32 29 1
32 30 736
32 31 6477
32 33 5931
32 34 2227
32 35 3420
32 36 3251
32 37 7307
32 38 95
32 39 215
32 40 4157
32 41 6947
32 42 446
32 43 6599
32 44 3251
32 45 1374
32 46 5501
32 47 6496
32 48 2619
32 49 6326
32 50 6135
32 51 1227
32 52 448
32 53 5224
32 54 6966
32 55 3161
32 56 6014
32 57 1786
32 58 757
32 59 2696
32 60 1097
32 61 2043
32 62 4441
32 63 7117
32 64 6480
32 65 4444
32 66 1176
32 67 914
32 68 6987
32 69 5470
32 70 1873
33 1 6353
33 2 5914
33 3 6445
33 4 58
33 5 2452
33 6 1950
33 7 1794
33 8 1821
33 9 5499
33 10 3456
33 11 6444
33 12 730
33 13 2410
33 14 7476
33 15 448
33 16 898
33 17 1881
33 18 7341
33 19 233
33 20 2742
33 21 348
33 22 3525
33 23 4937
33 24 1406
33 25 6867
33 26 3721
33 27 4641
33 28 1736
33 29 7275
33 30 6474
33 31 6810
33 32 2608
33 34 1646
33 35 2929
33 36 7152
33 37 552
33 38 5268
33 39 1200
33 40 6068
33 41 482
33 42 3782
33 43 7176
33 44 5444
33 45 911
33 46 5649
33 47 7180
33 48 5636
33 49 7150
33 50 1482
33 51 1224
33 52 5229
33 53 3821
33 54 7206
33 55 2763
33 56 6173
33 57 5136
33 58 4653
33 59 2670
33 60 6733
33 61 4253
33 62 5342
33 63 1396
33 64 1111
33 65 2847
33 66 798
33 67 353
33 68 4167
33 69 111
33 70 1830
34 1 3096
34 2 3571
34 3 4003
34 4 3525
34 5 1567
34 6 6094
34 7 2896
34 8 5099
34 9 4424
34 10 6397
34 11 7342
34 12 3791
34 13 130
34 14 927
34 15 1106
34 16 4452
34 17 2120
34 18 112
34 19 3629
34 20 4062
34 21 6123
34 22 4045
34 23 4104
34 24 3054
34 25 2096
34 26 1448
34 27 1092
34 28 6603
34 29 1211
34 30 6720
34 31 2893
34 32 5768
34 33 2185
34 35 5363
34 36 531
34 37 3538
34 38 3532
34 39 6294
34 40 6070
34 41 6631
34 42 6355
34 43 6543
34 44 6043
34 45 2499
34 46 4931
34 47 735
34 48 3939
34 49 7161
34 50 6179
34 51 3587
34 52 2977
34 53 2389
34 54 6761
34 55 706
34 56 3620
34 57 5745
34 58 7480
34 59 5211
34 60 5474
34 61 4051
34 62 122
34 63 3764
34 64 5660
34 65 6174
34 66 2618
34 67 736
34 68 7078
34 69 6555
34 70 5323
35 1 189
35 2 3634
35 3 2601
35 4 542
35 5 6186
35 6 4473
35 7 6921
35 8 5705
35 9 7356
35 10 6161
35 11 7151
35 12 626
35 13 1165
35 14 2526
35 15 5756
35 16 311
35 17 7490
35 18 2179
35 19 2942
35 20 6791
35 21 6637
35 22 1103
35 23 5684
35 24 4434
35 25 2385
35 26 1691
35 27 656
35 28 2537
35 29 2258
35 30 3489
35 31 1061
35 32 2334
35 33 6853
35 34 1005
35 36 6728
35 37 3468
35 38 3905
35 39 5279
35 40 7129
35 41 4780
35 42 2267
35 43 2406
35 44 3169
35 45 4975
35 46 4442
35 47 1158
35 48 3998
35 49 4668
35 50 1547
35 51 6729
35 52 5016
35 53 1526
35 54 6257
35 55 5548
35 56 2844
35 57 1566
35 58 1246
35 59 3273
35 60 557
35 61 2606
35 62 17
35 63 5240
35 64 6043
35 65 2943
35 66 6779
35 67 5523
35 68 3164
35 69 3771
35 70 5616
36 1 3661
36 2 641
36 3 5026
36 4 6068
36 5 2902
36 6 2110
36 7 7012
36 8 1786
36 9 2707
36 10 4760
36 11 3131
36 12 1887
36 13 7165
36 14 445
36 15 6642
36 16 1049
36 17 345
36 18 293
36 19 7463
36 20 6631
36 21 2413
36 22 5400
36 23 1488
36 24 2898
36 25 1490
36 26 7194
36 27 7368
36 28 4315
36 29 6908
36 30 2144
36 31 4216
36 32 323
36 33 5819
36 34 1354
36 35 7402
36 37 5092
36 38 534
36 39 1311
36 40 6016
36 41 725
36 42 6446
36 43 7350
36 44 937
36 45 1887
36 46 1342
36 47 5474
36 48 2766
36 49 2003
36 50 7142
36 51 2346
36 52 7498
36 53 2856
36 54 1993
36 55 2751
36 56 3486
36 57 6983
36 58 1495
36 59 1857
36 60 6377
36 61 6074
36 62 5972
36 63 158
36 64 824
36 65 193
36 66 5350
36 67 6552
36 68 3622
36 69 490
36 70 2305
37 1 4494
37 2 4403
37 3 2486
37 4 5224
37 5 4775
37 6 2799
37 7 6741
37 8 5966
37 9 3283
37 10 3510
37 11 2887
37 12 1335
37 13 6047
37 14 6310
37 15 6208
37 16 1469
37 17 3259
37 18 818
37 19 4925
37 20 971
37 21 3856
37 22 4668
37 23 5265
37 24 3910
37 25 3465
37 26 2414
37 27 1360
37 28 774
37 29 1364
37 30 6482
37 31 5372
37 32 3641
37 33 4670
37 34 2747
37 35 4770
37 36 5204
37 38 6232
37 39 4832
37 40 2873
37 41 1628
37 42 4832
37 43 240
37 44 4993
37 45 282
37 46 5051
37 47 7490
37 48 6308
37 49 3719
37 50 6728
37 51 4156
37 52 1079
37 53 1779
37 54 2238
37 55 4061
37 56 1751
37 57 3166
37 58 333
37 59 6922
37 60 6596
37 61 4644
37 62 3849
37 63 102
37 64 6524
37 65 2720
37 66 3619
37 67 4035
37 68 6269
37 69 4623
37 70 794
38 1 1245
38 2 1392
38 3 1726
38 4 6706
38 5 643
38 6 6766
38 7 4023
38 8 7145
38 9 5532
38 10 5897
38 11 2828
38 12 1890
38 13 5540
38 14 1029
38 15 6114
38 16 2727
38 17 2674
38 18 6762
38 19 986
38 20 2070
38 21 1740
38 22 1018
38 23 819
38 24 1525
38 25 365
38 26 3648
38 27 928
38 28 2723
38 29 4958
38 30 4458
38 31 2247
38 32 3167
38 33 3532
38 34 572
38 35 7397
38 36 3290
38 37 5357
38 39 4422
38 40 5582
38 41 4723
38 42 2999
38 43 1098
38 44 3487
38 45 3996
38 46 4738
38 47 2732
38 48 5542
38 49 557
38 50 7176
38 51 570
38 52 5738
38 53 4233
38 54 1573
38 55 3606
38 56 4191
38 57 5581
38 58 3786
38 59 3849
38 60 6014
38 61 5806
38 62 1628
38 63 1362
38 64 321
38 65 5464
38 66 598
38 67 3697
38 68 1403
38 69 5868
38 70 7455
39 1 420
39 2 5877
39 3 1121
39 4 3270
39 5 4043
39 6 7496
39 7 6358
39 8 2901
39 9 1977
39 10 14
39 11 3559
39 12 609
39 13 6936
39 14 6797
39 15 2678
39 16 5121
39 17 2267
39 18 3192
39 19 3099
39 20 3583
39 21 5691
39 22 113
39 23 3668
39 24 1798
39 25 2833
39 26 4721
39 27 7119
39 28 2962
39 29 5715
39 30 5995
39 31 2553
39 32 332
39 33 4561
39 34 1785
39 35 4509
39 36 3423
39 37 3472
39 38 5807
39 40 3986
39 41 116
39 42 2445
39 43 4950
39 44 5214
39 45 887
39 46 2474
39 47 3162
39 48 3364
39 49 4567
39 50 6064
39 51 5284
39 52 1674
39 53 1119
39 54 1107
39 55 2497
39 56 2220
39 57 227
39 58 3413
39 59 526
39 60 1150
39 61 902
39 62 4537
39 63 1269
39 64 3748
39 65 5199
39 66 5655
39 67 4554
39 68 2483
39 69 4156
39 70 3742
40 1 2349
40 2 1483
40 3 5874
40 4 1684
40 5 2329
40 6 2084
40 7 2039
40 8 1557
40 9 5003
40 10 7382
40 11 2244
40 12 5541
40 13 6951
40 14 2719
40 15 5862
40 16 2929
40 17 5078
40 18 2442
40 19 1661
40 20 1718
40 21 5277
40 22 6473
40 23 6149
40 24 6734
40 25 5861
40 26 4108
40 27 6749
40 28 3932
40 29 170
40 30 2979
40 31 517
40 32 1170
40 33 1051
40 34 6851
40 35 4521
40 36 2821
40 37 5122
40 38 5224
40 39 2493
40 41 3681
40 42 5905
40 43 1140
40 44 7353
40 45 4688
40 46 3893
40 47 309
40 48 5176
40 49 3921
40 50 1670
40 51 3432
40 52 7040
40 53 3808
40 54 5863
40 55 6795
40 56 543
40 57 7472
40 58 2162
40 59 223
40 60 370
40 61 4834
40 62 2309
40 63 6314
40 64 1407
40 65 6186
40 66 5294
40 67 4674
40 68 7419
40 69 876
40 70 3140
41 1 5791
41 2 6408
41 3 5503
41 4 5083
41 5 6170
41 6 974
41 7 79
41 8 2225
41 9 4152
41 10 3044
41 11 1516
41 12 1312
41 13 159
41 14 260
41 15 534
41 16 6665
41 17 1369
41 18 6897
41 19 4206
41 20 46
41 21 536
41 22 5723
41 23 544
41 24 1652
41 25 4042
41 26 2048
41 27 1751
41 28 3787
41 29 5356
41 30 3378
41 31 1777
41 32 6400
41 33 4614
41 34 4108
41 35 6015
41 36 5677
41 37 3757
41 38 5709
41 39 4423
41 40 7298
41 42 2019
41 43 1404
41 44 4884
41 45 3112
41 46 4637
41 47 6870
41 48 5449
41 49 7375
41 50 3290
41 51 4002
41 52 596
41 53 6645
41 54 5809
41 55 3921
41 56 1211
41 57 4861
41 58 5780
41 59 5681
41 60 1062
41 61 3308
41 62 4944
41 63 2946
41 64 1710
41 65 2339
41 66 5981
41 67 3832
41 68 478
41 69 3253
41 70 4067
42 1 7316
42 2 1846
42 3 530
42 4 6333
42 5 3838
42 6 5103
42 7 2506
42 8 2855
42 9 2696
42 10 4796
42 11 3319
42 12 1923
42 13 6711
42 14 5016
42 15 2555
42 16 286
42 17 6885
42 18 3229
42 19 5291
42 20 4760
42 21 5775
42 22 7030
42 23 6791
42 24 1529
42 25 393
42 26 1241
42 27 3065
42 28 4694
42 29 3009
42 30 5409
42 31 4749
42 32 7275
42 33 2637
42 34 3621
42 35 6928
42 36 2970
42 37 5551
42 38 4880
42 39 2308
42 40 7280
42 41 5731
42 43 3833
42 44 2148
42 45 6374
42 46 2570
42 47 5490
42 48 2016
42 49 1628
42 50 2182
42 51 5095
42 52 2711
42 53 5579
42 54 1626
42 55 412
42 56 3994
42 57 3661
42 58 5143
42 59 428
42 60 6021
42 61 2320
42 62 4589
42 63 5516
42 64 6322
42 65 3866
42 66 39
42 67 7058
42 68 1520
42 69 1731
42 70 6450
43 1 166
43 2 6201
43 3 2993
43 4 2810
43 5 573
43 6 4123
43 7 5644
43 8 600
43 9 6238
43 10 6452
43 11 7458
43 12 2778
43 13 3802
43 14 6291
43 15 6402
43 16 5565
43 17 5196
43 18 1833
43 19 5951
43 20 4096
43 21 3427
43 22 3311
43 23 1604
43 24 6088
43 25 2531
43 26 4221
43 27 6335
43 28 2754
43 29 1880
43 30 6457
43 31 2564
43 32 1344
43 33 1504
43 34 2785
43 35 3174
43 36 3999
43 37 1702
43 38 1199
43 39 4722
43 40 3237
43 41 5603
43 42 3071
43 44 3773
43 45 7065
43 46 4585
43 47 1110
43 48 2868
43 49 4440
43 50 6206
43 51 7207
43 52 3913
43 53 6577
43 54 2226
43 55 6448
43 56 5527
43 57 4793
43 58 1708
43 59 6065
43 60 5851
43 61 5172
43 62 3550
43 63 2165
43 64 4789
43 65 211
43 66 6097
43 67 2909
43 68 4368
43 69 4586
43 70 6027
44 1 5795
44 2 5121
44 3 7177
44 4 4169
44 5 5736
44 6 3653
44 7 785
44 8 1352
44 9 3809
44 10 4200
44 11 2983
44 12 6151
44 13 7308
44 14 882
44 15 2801
44 16 4390
44 17 6069
44 18 6656
44 19 5099
44 20 3732
44 21 1043
44 22 2744
44 23 7029
44 24 6907
44 25 7419
44 26 6049
44 27 6416
44 28 6020
44 29 2032
44 30 5521
44 31 7196
44 32 5496
44 33 3105
44 34 1929
44 35 746
44 36 6332
44 37 2205
44 38 1153
44 39 632
44 40 4685
44 41 432
44 42 3448
44 43 5326
44 45 4739
44 46 5500
44 47 4847
44 48 2236
44 49 5308
44 50 5176
44 51 6810
44 52 6825
44 53 3077
44 54 6106
44 55 3810
44 56 308
44 57 2621
44 58 2127
44 59 3406
44 60 4820
44 61 3061
44 62 3105
44 63 7182
44 64 7436
44 65 1994
44 66 7484
44 67 2684
44 68 1002
44 69 6437
44 70 352
45 1 2253
45 2 3280
45 3 5864
45 4 5136
45 5 2179
45 6 6053
45 7 4590
45 8 5138
45 9 2195
45 10 5889
45 11 5814
45 12 5152
45 13 7424
45 14 3256
45 15 6356
45 16 7276
45 17 7334
45 18 377
45 19 6606
45 20 4755
45 21 2479
45 22 1936
45 23 5506
45 24 2959
45 25 33
45 26 6159
45 27 4199
45 28 6785
45 29 1740
45 30 7238
45 31 6636
45 32 3054
45 33 732
45 34 1913
45 35 7470
45 36 1836
45 37 4175
45 38 4356
45 39 5151
45 40 370
45 41 2912
45 42 2807
45 43 6130
45 44 380
45 46 5013
45 47 2887
45 48 6793
45 49 5744
45 50 3290
45 51 2720
45 52 3856
45 53 5869
45 54 5364
45 55 5953
45 56 720
45 57 1455
45 58 3463
45 59 2072
45 60 3307
45 61 5286
45 62 1176
45 63 38
45 64 6545
45 65 5855
45 66 4559
45 67 5150
45 68 1632
45 69 3432
45 70 5557
46 1 2917
46 2 1930
46 3 3227
46 4 7233
46 5 2411
46 6 3797
46 7 5553
46 8 6623
46 9 5641
46 10 7101
46 11 7367
46 12 682
46 13 4977
46 14 984
46 15 6174
46 16 992
46 17 6149
46 18 6831
46 19 2677
46 20 1212
46 21 4375
46 22 4000
46 23 3322
46 24 5652
46 25 1128
46 26 5737
46 27 2914
46 28 4166
46 29 2985
46 30 7396
46 31 6024
46 32 5596
46 33 1083
46 34 5292
46 35 1991
46 36 1652
46 37 3392
46 38 4468
46 39 1384
46 40 7107
46 41 5126
46 42 6740
46 43 5455
46 44 3941
46 45 6382
46 47 619
46 48 5093
46 49 4764
46 50 6546
46 51 5726
46 52 5838
46 53 6515
46 54 6823
46 55 2279
46 56 6246
46 57 679
46 58 3859
46 59 4219
46 60 7243
46 61 2897
46 62 3064
46 63 1929
46 64 5798
46 65 211
46 66 3544
46 67 1198
46 68 7408
46 69 873
46 70 5324
47 1 3439
47 2 4140
47 3 3545
47 4 373
47 5 3428
47 6 3150
47 7 64
47 8 1505
47 9 5719
47 10 204
47 11 2911
47 12 461
47 13 6754
47 14 6857
47 15 2197
47 16 6464
47 17 5726
47 18 6168
47 19 3907
47 20 5260
47 21 3641
47 22 2706
47 23 4286
47 24 3724
47 25 2225
47 26 6604
47 27 4134
47 28 368
47 29 3781
47 30 7045
47 31 4631
47 32 757
47 33 1349
47 34 2573
47 35 3723
47 36 2501
47 37 2955
47 38 3399
47 39 4708
47 40 6224
47 41 379
47 42 2713
47 43 4852
47 44 4588
47 45 3677
47 46 4373
47 48 512
47 49 474
47 50 850
47 51 1292
47 52 1404
47 53 4206
47 54 5146
47 55 3668
47 56 5413
47 57 6670
47 58 4127
47 59 4705
47 60 278
47 61 3414
47 62 2236
47 63 4029
47 64 5234
47 65 6449
47 66 247
47 67 2251
47 68 7467
47 69 5822
47 70 6103
48 1 1859
48 2 7448
48 3 6337
48 4 6545
48 5 5368
48 6 4482
48 7 4412
48 8 7231
48 9 5136
48 10 6575
48 11 2648
48 12 2061
48 13 5625
48 14 130
48 15 5142
48 16 2779
48 17 2695
48 18 1114
48 19 684
48 20 7465
48 21 6608
48 22 6126
48 23 2904
48 24 6722
48 25 648
48 26 2408
48 27 5098
48 28 4217
48 29 6255
48 30 3762
48 31 4268
48 32 6922
48 33 2823
48 34 398
48 35 2366
48 36 2511
48 37 4187
48 38 6140
48 39 583
48 40 6493
48 41 5669
48 42 6518
48 43 1541
48 44 3803
48 45 2879
48 46 626
48 47 2639
48 49 1623
48 50 714
48 51 1243
48 52 2383
48 53 5910
48 54 1108
48 55 5808
48 56 6296
48 57 4061
48 58 6481
48 59 4184
48 60 5598
48 61 3197
48 62 690
48 63 6260
48 64 5602
48 65 4716
48 66 5734
48 67 6207
48 68 7430
48 69 2342
48 70 5486
49 1 2682
49 2 6630
49 3 2680
49 4 5863
49 5 2710
49 6 5947
49 7 6207
49 8 4390
49 9 6658
49 10 6799
49 11 3812
49 12 3285
49 13 5224
49 14 6080
49 15 6752
49 16 6409
49 17 875
49 18 7408
49 19 745
49 20 872
49 21 4461
49 22 940
49 23 6290
49 24 871
49 25 5722
49 26 2681
49 27 3602
49 28 2500
49 29 1490
49 30 2108
49 31 5282
49 32 6137
49 33 3838
49 34 4038
49 35 5623
49 36 3574
49 37 6591
49 38 6412
49 39 4233
49 40 5524
49 41 989
49 42 6139
49 43 243
49 44 4451
49 45 4026
49 46 5983
49 47 7309
49 48 5494
49 50 3868
49 51 474
49 52 865
49 53 3185
49 54 4838
49 55 4071
49 56 4604
49 57 5041
49 58 4463
49 59 3535
49 60 2643
49 61 17
49 62 1791
49 63 3032
49 64 3437
49 65 1625
49 66 449
49 67 6616
49 68 713
49 69 5892
49 70 7222
50 1 1306
50 2 1360
50 3 6014
50 4 4396
50 5 4874
50 6 1155
50 7 1527
50 8 67
50 9 1086
50 10 5626
50 11 722
50 12 3159
50 13 2064
50 14 2973
50 15 5384
50 16 2556
50 17 2432
50 18 6500
50 19 2113
50 20 6930
50 21 5987
50 22 6942
50 23 6432
50 24 7094
50 25 482
50 26 5438
50 27 6772
50 28 2909
50 29 5995
50 30 1427
50 31 558
50 32 4181
50 33 6177
50 34 4401
50 35 2010
50 36 5892
50 37 5382
50 38 6389
50 39 1822
50 40 6175
50 41 6013
50 42 3533
50 43 967
50 44 1078
50 45 6365
50 46 5372
50 47 1090
50 48 562
50 49 4386
50 51 534
50 52 3244
50 53 1763
50 54 5939
50 55 6780
50 56 6133
50 57 1347
50 58 7316
50 59 5248
50 60 2490
50 61 5137
50 62 2825
50 63 4784
50 64 5988
50 65 4293
50 66 4562
50 67 7457
50 68 2086
50 69 6842
50 70 1193
51 1 1102
51 2 4697
51 3 2472
51 4 6244
51 5 4311
51 6 6726
51 7 5593
51 8 3212
51 9 7109
51 10 6173
51 11 2143
51 12 2972
51 13 2613
51 14 1586
51 15 3050
51 16 193
51 17 2401
51 18 539
51 19 2188
51 20 4452
51 21 231
51 22 5111
51 23 689
51 24 2658
51 25 5324
51 26 3096
51 27 855
51 28 5524
51 29 192
51 30 3931
51 31 657
51 32 3924
51 33 4943
51 34 2902
51 35 1618
51 36 6019
51 37 6400
51 38 647
51 39 1896
51 40 3632
51 41 628
51 42 5742
51 43 5597
51 44 4818
51 45 6536
51 46 1860
51 47 5824
51 48 7390
51 49 2747
51 50 5526
51 52 4517
51 53 3468
51 54 1311
51 55 3151
51 56 535
51 57 2783
51 58 2330
51 59 3059
51 60 206
51 61 5574
51 62 6134
51 63 2867
51 64 4111
51 65 6835
51 66 4270
51 67 4343
51 68 3665
51 69 7345
51 70 4034
52 1 2844
52 2 1065
52 3 2782
52 4 7473
52 5 1552
52 6 4466
52 7 4097
52 8 1981
52 9 7232
52 10 6506
52 11 3632
52 12 445
52 13 3470
52 14 1646
52 15 6826
52 16 753
52 17 5699
52 18 153
52 19 7189
52 20 1743
52 21 2936
52 22 1675
52 23 6455
52 24 2744
52 25 2653
52 26 917
52 27 4604
52 28 4394
52 29 3957
52 30 3078
52 31 3984
52 32 6803
52 33 5257
52 34 5010
52 35 1652
52 36 1899
52 37 2228
52 38 2133
52 39 2221
52 40 1363
52 41 4157
52 42 6804
52 43 7212
52 44 6413
52 45 6313
52 46 6282
52 47 379
52 48 7046
52 49 5483
52 50 3599
52 51 5381
52 53 7114
52 54 5892
52 55 1144
52 56 6879
52 57 6118
52 58 1992
52 59 84
52 60 1548
52 61 6889
52 62 7294
52 63 6362
52 64 6291
52 65 7477
52 66 4902
52 67 3513
52 68 6994
52 69 6658
52 70 174
53 1 1601
53 2 2457
53 3 249
53 4 4292
53 5 4550
53 6 4066
53 7 5424
53 8 3093
53 9 6596
53 10 158
53 11 1168
53 12 7422
53 13 4655
53 14 947
53 15 6441
53 16 3937
53 17 5135
53 18 556
53 19 599
53 20 6095
53 21 4895
53 22 3859
53 23 834
53 24 2237
53 25 3203
53 26 5436
53 27 473
53 28 4172
53 29 1760
53 30 2369
53 31 1026
53 32 3786
53 33 1887
53 34 489
53 35 1620
53 36 6835
53 37 3250
53 38 3040
53 39 6914
53 40 1690
53 41 2703
53 42 6097
53 43 4768
53 44 6263
53 45 6360
53 46 1381
53 47 1938
53 48 2385
53 49 2235
53 50 4532
53 51 7001
53 52 3462
53 54 330
53 55 2756
53 56 6610
53 57 5606
53 58 764
53 59 4494
53 60 689
53 61 269
53 62 3682
53 63 5049
53 64 3770
53 65 4514
53 66 6159
53 67 7237
53 68 1989
53 69 358
53 70 3473
54 1 3248
54 2 3736
54 3 7472
54 4 1447
54 5 127
54 6 5281
54 7 1894
54 8 6487
54 9 1386
54 10 3634
54 11 6467
54 12 7327
54 13 6381
54 14 7266
54 15 5384
54 16 1564
54 17 2422
54 18 6532
54 19 3786
54 20 1182
54 21 4322
54 22 6055
54 23 4758
54 24 758
54 25 1552
54 26 2426
54 27 5568
54 28 321
54 29 4650
54 30 5217
54 31 3072
54 32 4968
54 33 6177
54 34 6746
54 35 5423
54 36 4429
54 37 1298
54 38 3125
54 39 3244
54 40 1241
54 41 1712
54 42 5917
54 43 4207
54 44 3279
54 45 6074
54 46 1670
54 47 2090
54 48 2907
54 49 3786
54 50 6443
54 51 2936
54 52 6456
54 53 501
54 55 6738
54 56 2951
54 57 2414
54 58 547
54 59 2074
54 60 2485
54 61 807
54 62 910
54 63 4136
54 64 5177
54 65 1342
54 66 653
54 67 1660
54 68 4423
54 69 5075
54 70 3882
55 1 1528
55 2 1586
55 3 7365
55 4 4726
55 5 320
55 6 4354
55 7 6582
55 8 3279
55 9 4954
55 10 4689
55 11 231
55 12 1027
55 13 3860
55 14 182
55 15 2973
55 16 3314
55 17 1311
55 18 6788
55 19 32
55 20 1833
55 21 6251
55 22 7049
55 23 7287
55 24 1630
55 25 2544
55 26 5593
55 27 4379
55 28 3099
55 29 6363
55 30 3624
55 31 3945
55 32 56
55 33 5267
55 34 2707
55 35 5592
55 36 2158
55 37 6781
55 38 478
55 39 6043
55 40 5526
55 41 6076
55 42 182
55 43 3377
55 44 2587
55 45 6930
55 46 5263
55 47 2352
55 48 3761
55 49 7106
55 50 2389
55 51 4583
55 52 3885
55 53 1333
55 54 5307
55 56 2977
55 57 5828
55 58 4272
55 59 6702
55 60 6802
55 61 1659
55 62 6725
55 63 508
55 64 1446
55 65 418
55 66 2789
55 67 7452
55 68 6975
55 69 3664
55 70 4157
56 1 4063
56 2 5034
56 3 2531
56 4 6789
56 5 405
56 6 5808
56 7 35
56 8 7450
56 9 4341
56 10 3865
56 11 650
56 12 1095
56 13 869
56 14 2899
56 15 91
56 16 1892
56 17 1390
56 18 4017
56 19 1898
56 20 4197
56 21 716
56 22 3595
56 23 574
56 24 7482
56 25 1769
56 26 6797
56 27 398
56 28 5880
56 29 4015
56 30 3038
56 31 7167
56 32 5027
56 33 3213
56 34 2521
56 35 1374
56 36 6113
56 37 3264
56 38 6278
56 39 2673
56 40 1993
56 41 522
56 42 5244
56 43 6926
56 44 6267
56 45 4951
56 46 6400
56 47 568
56 48 4527
56 49 3526
56 50 6841
56 51 5627
56 52 3566
56 53 4389
56 54 5308
56 55 2961
56 57 1575
56 58 3408
56 59 4610
56 60 7004
56 61 4075
56 62 3284
56 63 4232
56 64 4410
56 65 1283
56 66 3428
56 67 2255
56 68 6281
56 69 3508
56 70 4441
57 1 3960
57 2 3967
57 3 4958
57 4 2264
57 5 4408
57 6 4692
57 7 1211
57 8 4939
57 9 4511
57 10 140
57 11 6707
57 12 3999
57 13 7194
57 14 5471
57 15 3137
57 16 5308
57 17 2254
57 18 580
57 19 5882
57 20 7198
57 21 6958
57 22 4148
57 23 6670
57 24 5613
57 25 6112
57 26 3733
57 27 1991
57 28 1417
57 29 4432
57 30 5487
57 31 3110
57 32 843
57 33 6201
57 34 668
57 35 4522
57 36 5090
57 37 1169
57 38 5649
57 39 6800
57 40 6502
57 41 664
57 42 4485
57 43 6669
57 44 5103
57 45 406
57 46 2464
57 47 1882
57 48 7290
57 49 3770
57 50 1289
57 51 1582
57 52 2231
57 53 4842
57 54 4557
57 55 7149
57 56 93
57 58 4476
57 59 602
57 60 4913
57 61 1509
57 62 1645
57 63 6857
57 64 228
57 65 129
57 66 3716
57 67 6525
57 68 2757
57 69 7460
57 70 2294
58 1 6629
58 2 4534
58 3 788
58 4 4192
58 5 5208
58 6 908
58 7 293
58 8 3979
58 9 4775
58 10 3029
58 11 5937
58 12 262
58 13 3861
58 14 6047
58 15 2494
58 16 1821
58 17 6339
58 18 6316
58 19 597
58 20 9
58 21 3664
58 22 419
58 23 5300
58 24 604
58 25 2099
58 26 1624
58 27 5176
58 28 4618
58 29 6847
58 30 852
58 31 898
58 32 851
58 33 1772
58 34 7339
58 35 5305
58 36 6991
58 37 5638
58 38 6931
58 39 5898
58 40 3598
58 41 2793
58 42 3404
58 43 3604
58 44 2760
58 45 4039
58 46 6978
58 47 4732
58 48 3154
58 49 1007
58 50 3842
58 51 4433
58 52 5853
58 53 5588
58 54 2384
58 55 3094
58 56 606
58 57 4715
58 59 5941
58 60 3192
58 61 1882
58 62 1673
58 63 5059
58 64 5720
58 65 3618
58 66 2697
58 67 6460
58 68 1055
58 69 3515
58 70 2184
59 1 2495
59 2 2160
59 3 3104
59 4 1171
59 5 1158
59 6 2762
59 7 1133
59 8 4406
59 9 6074
59 10 3524
59 11 6814
59 12 7174
59 13 30
59 14 3148
59 15 627
59 16 6494
59 17 2752
59 18 4891
59 19 2383
59 20 3489
59 21 1804
59 22 2187
59 23 5526
59 24 3610
59 25 4424
59 26 3370
59 27 1581
59 28 7472
59 29 4382
59 30 4625
59 31 6857
59 32 1671
59 33 528
59 34 1935
59 35 4317
59 36 127
59 37 5635
59 38 1533
59 39 4323
59 40 3969
59 41 2575
59 42 5507
59 43 2999
59 44 3352
59 45 6570
59 46 6229
59 47 7236
59 48 4599
59 49 5707
59 50 3183
59 51 4198
59 52 6991
59 53 7359
59 54 6857
59 55 2303
59 56 3360
59 57 1256
59 58 5068
59 60 604
59 61 4382
59 62 6359
59 63 3870
59 64 4376
59 65 871
59 66 1658
59 67 2852
59 68 3454
59 69 2427
59 70 3428
60 1 5126
60 2 3787
60 3 1226
60 4 3194
60 5 3748
60 6 5066
60 7 3952
60 8 4697
60 9 4466
60 10 97
60 11 6595
60 12 6275
60 13 4681
60 14 6572
60 15 798
60 16 1589
60 17 4208
60 18 4075
60 19 4449
60 20 4280
60 21 2998
60 22 6594
60 23 2755
60 24 4081
60 25 6450
60 26 4493
60 27 6604
60 28 4844
60 29 6165
60 30 91
60 31 103
60 32 3775
60 33 2484
60 34 5843
60 35 574
60 36 7253
60 37 1956
60 38 1583
60 39 2881
60 40 673
60 41 1260
60 42 7011
60 43 2710
60 44 7158
60 45 740
60 46 1444
60 47 3106
60 48 4469
60 49 2125
60 50 3806
60 51 1303
60 52 5389
60 53 1188
60 54 1180
60 55 593
60 56 5806
60 57 6913
60 58 3108
60 59 1835
60 61 3985
60 62 2006
60 63 372
60 64 1874
60 65 3341
60 66 5691
60 67 6462
60 68 245
60 69 2407
60 70 7367
61 1 2360
61 2 3191
61 3 4863
61 4 1729
61 5 4028
61 6 876
61 7 1900
61 8 5336
61 9 4295
61 10 1629
61 11 5244
61 12 5236
61 13 4366
61 14 4332
61 15 1940
61 16 6091
61 17 5064
61 18 523
61 19 1858
61 20 5998
61 21 722
61 22 4305
61 23 6884
61 24 6208
61 25 1699
61 26 3455
61 27 6927
61 28 3392
61 29 4524
61 30 7349
61 31 5405
61 32 5503
61 33 7447
61 34 4133
61 35 6266
61 36 3452
61 37 2125
61 38 3061
61 39 1593
61 40 6198
61 41 4953
61 42 5985
61 43 4955
61 44 754
61 45 2040
61 46 3386
61 47 1689
61 48 2895
61 49 356
61 50 4555
61 51 1181
61 52 1753
61 53 3628
61 54 1550
61 55 5961
61 56 2061
61 57 5266
61 58 4842
61 59 2528
61 60 5500
61 62 1946
61 63 6576
61 64 3239
61 65 4482
61 66 3112
61 67 3552
61 68 1378
61 69 4981
61 70 1075
62 1 6554
62 2 1829
62 3 4309
62 4 134
62 5 7300
62 6 2618
62 7 6478
62 8 2915
62 9 1468
62 10 1888
62 11 1900
62 12 4566
62 13 4702
62 14 4561
62 15 1864
62 16 915
62 17 3833
62 18 5664
62 19 934
62 20 4259
62 21 7235
62 22 6538
62 23 309
62 24 4000
62 25 2973
62 26 3668
62 27 4505
62 28 1492
62 29 2736
62 30 5423
62 31 709
62 32 4629
62 33 7049
62 34 365
62 35 666
62 36 2410
62 37 6224
62 38 6226
62 39 2460
62 40 6418
62 41 5066
62 42 6964
62 43 526
62 44 2243
62 45 6320
62 46 3969
62 47 5962
62 48 1858
62 49 157
62 50 1991
62 51 2936
62 52 5557
62 53 4483
62 54 2820
62 55 5229
62 56 7358
62 57 3070
62 58 899
62 59 5635
62 60 609
62 61 4090
62 63 2367
62 64 5283
62 65 4895
62 66 1700
62 67 7288
62 68 3702
62 69 581
62 70 5465
63 1 6378
63 2 90
63 3 4682
63 4 5578
63 5 2775
63 6 5483
63 7 7063
63 8 6650
63 9 902
63 10 5241
63 11 7433
63 12 3935
63 13 6872
63 14 6885
63 15 5287
63 16 2605
63 17 5166
63 18 1082
63 19 1361
63 20 4701
63 21 5975
63 22 1061
63 23 5632
63 24 5398
63 25 5135
63 26 4440
63 27 5728
63 28 4817
63 29 158
63 30 2896
63 31 1102
63 32 4145
63 33 5088
63 34 3691
63 35 5162
63 36 2118
63 37 4006
63 38 1477
63 39 2610
63 40 58
63 41 2701
63 42 802
63 43 848
63 44 1352
63 45 1791
63 46 1470
63 47 2873
63 48 240
63 49 4339
63 50 2554
63 51 436
63 52 3251
63 53 4126
63 54 5902
63 55 938
63 56 6964
63 57 338
63 58 1160
63 59 1881
63 60 2900
63 61 5823
63 62 2304
63 64 3217
63 65 7446
63 66 4097
63 67 3610
63 68 6337
63 69 5464
63 70 820
64 1 5495
64 2 7371
64 3 7345
64 4 157
64 5 5677
64 6 1540
64 7 3929
64 8 4221
64 9 3783
64 10 6592
64 11 3208
64 12 4405
64 13 1893
64 14 2224
64 15 2096
64 16 3749
64 17 5323
64 18 2302
64 19 223
64 20 3757
64 21 7403
64 22 6020
64 23 6838
64 24 5044
64 25 1066
64 26 809
64 27 2872
64 28 1883
64 29 4886
64 30 6037
64 31 5700
64 32 6989
64 33 2011
64 34 4237
64 35 5864
64 36 7102
64 37 207
64 38 898
64 39 63
64 40 3396
64 41 5927
64 42 5630
64 43 1905
64 44 695
64 45 3958
64 46 936
64 47 1462
64 48 6239
64 49 5250
64 50 3888
64 51 3451
64 52 994
64 53 5416
64 54 2380
64 55 3941
64 56 1508
64 57 7037
64 58 2458
64 59 3847
64 60 1489
64 61 1666
64 62 2309
64 63 737
64 65 7400
64 66 319
64 67 6135
64 68 2264
64 69 2181
64 70 4062
65 1 6817
65 2 1946
65 3 3077
65 4 5884
65 5 4351
65 6 6600
65 7 3838
65 8 7469
65 9 2166
65 10 4549
65 11 1703
65 12 5299
65 13 2289
65 14 6221
65 15 3647
65 16 1558
65 17 6485
65 18 5718
65 19 4889
65 20 210
65 21 6014
65 22 1478
65 23 1058
65 24 899
65 25 4189
65 26 6928
65 27 2826
65 28 84
65 29 1944
65 30 2863
65 31 7258
65 32 1498
65 33 2934
65 34 5046
65 35 6925
65 36 2844
65 37 5244
65 38 2604
65 39 5293
65 40 2438
65 41 6100
65 42 6426
65 43 61
65 44 3280
65 45 7132
65 46 7380
65 47 2866
65 48 5014
65 49 4677
65 50 38
65 51 2697
65 52 3379
65 53 1180
65 54 5248
65 55 5044
65 56 4930
65 57 6060
65 58 1526
65 59 4290
65 60 5643
65 61 2818
65 62 1892
65 63 5820
65 64 4689
65 66 7134
65 67 6642
65 68 3470
65 69 3087
65 70 2597
66 1 1902
66 2 3736
66 3 1442
66 4 7211
66 5 774
66 6 2158
66 7 6588
66 8 4716
66 9 6181
66 10 255
66 11 1905
66 12 3019
66 13 4901
66 14 51
66 15 3734
66 16 1385
66 17 2812
66 18 2811
66 19 492
66 20 4954
66 21 746
66 22 4580
66 23 3087
66 24 5478
66 25 5297
66 26 4307
66 27 7354
66 28 5963
66 29 7033
66 30 1647
66 31 6678
66 32 5349
66 33 7303
66 34 5059
66 35 4349
66 36 2737
66 37 7149
66 38 4757
66 39 5054
66 40 2380
66 41 2522
66 42 3163
66 43 6900
66 44 3487
66 45 2211
66 46 5297
66 47 950
66 48 815
66 49 743
66 50 4390
66 51 1605
66 52 6882
66 53 899
66 54 6854
66 55 1904
66 56 6087
66 57 2508
66 58 1476
66 59 3446
66 60 5671
66 61 3232
66 62 974
66 63 4157
66 64 3937
66 65 253
66 67 3849
66 68 5199
66 69 4616
66 70 6330
67 1 4975
67 2 2921
67 3 3449
67 4 7396
67 5 7474
67 6 6430
67 7 6095
67 8 5969
67 9 449
67 10 4487
67 11 2010
67 12 1107
67 13 6486
67 14 6684
67 15 130
67 16 5528
67 17 5150
67 18 2593
67 19 5433
67 20 1611
67 21 132
67 22 1701
67 23 270
67 24 2114
67 25 3975
67 26 7258
67 27 4135
67 28 2804
67 29 4073
67 30 2289
67 31 7476
67 32 4316
67 33 3183
67 34 2481
67 35 5403
67 36 4881
67 37 549
67 38 1753
67 39 4431
67 40 2996
67 41 342
67 42 765
67 43 5327
67 44 4796
67 45 5735
67 46 1013
67 47 190
67 48 2898
67 49 1293
67 50 3444
67 51 5210
67 52 1127
67 53 4638
67 54 3051
67 55 5567
67 56 3620
67 57 5797
67 58 839
67 59 3074
67 60 2371
67 61 4276
67 62 4367
67 63 505
67 64 3297
67 65 2663
67 66 648
67 68 5140
67 69 1240
67 70 1321
68 1 3097
68 2 7223
68 3 1551
68 4 173
68 5 5136
68 6 7090
68 7 7132
68 8 6755
68 9 4705
68 10 6698
68 11 4107
68 12 6926
68 13 474
68 14 7314
68 15 878
68 16 7006
68 17 6854
68 18 3852
68 19 3403
68 20 4416
68 21 6045
68 22 6275
68 23 718
68 24 6270
68 25 5396
68 26 4123
68 27 6800
68 28 4253
68 29 2193
68 30 6639
68 31 76
68 32 3356
68 33 1923
68 34 2766
68 35 2415
68 36 3130
68 37 6125
68 38 7407
68 39 4467
68 40 4598
68 41 6195
68 42 3934
68 43 894
68 44 2538
68 45 4133
68 46 6621
68 47 5249
68 48 4605
68 49 1596
68 50 1243
68 51 4915
68 52 7185
68 53 2658
68 54 7118
68 55 4981
68 56 2758
68 57 121
68 58 887
68 59 4801
68 60 2080
68 61 6720
68 62 7317
68 63 1462
68 64 1826
68 65 4292
68 66 1138
68 67 3716
68 69 2957
68 70 6318
69 1 5065
69 2 4929
69 3 5340
69 4 6268
69 5 5181
69 6 1556
69 7 6322
69 8 6051
69 9 4833
69 10 594
69 11 2205
69 12 1157
69 13 654
69 14 5240
69 15 6849
69 16 3770
69 17 4536
69 18 2303
69 19 4006
69 20 1050
69 21 4670
69 22 1576
69 23 2548
69 24 3774
69 25 3791
69 26 3626
69 27 6049
69 28 2797
69 29 4908
69 30 6206
69 31 3798
69 32 2466
69 33 1755
69 34 4910
69 35 6422
69 36 5530
69 37 4957
69 38 517
69 39 6182
69 40 2766
69 41 4618
69 42 5805
69 43 3529
69 44 7061
69 45 518
69 46 396
69 47 7326
69 48 315
69 49 5038
69 50 6491
69 51 227
69 52 7223
69 53 5152
69 54 971
69 55 5369
69 56 6991
69 57 1277
69 58 4167
69 59 846
69 60 7343
69 61 6239
69 62 22
69 63 7328
69 64 2582
69 65 3945
69 66 1103
69 67 6428
69 68 3992
69 70 627
70 1 5341
70 2 2977
70 3 1377
70 4 496
70 5 7479
70 6 6791
70 7 5735
70 8 706
70 9 4461
70 10 2812
70 11 2438
70 12 5123
70 13 6555
70 14 1425
70 15 6027
70 16 6771
70 17 5033
70 18 5605
70 19 1478
70 20 3102
70 21 2505
70 22 4410
70 23 6895
70 24 4484
70 25 1023
70 26 6887
70 27 5831
70 28 4808
70 29 4295
70 30 5810
70 31 6819
70 32 2024
70 33 1954
70 34 2414
70 35 357
70 36 6109
70 37 7149
70 38 3625
70 39 6853
70 40 6444
70 41 4135
70 42 2505
70 43 7052
70 44 7447
70 45 232
70 46 3248
70 47 5547
70 48 6933
70 49 1397
70 50 4088
70 51 4340
70 52 4341
70 53 5782
70 54 6439
70 55 4406
70 56 862
70 57 6154
70 58 273
70 59 6905
70 60 188
70 61 6177
70 62 7242
70 63 661
70 64 5315
70 65 7439
70 66 5047
70 67 5011
70 68 3980
70 69 2180
