70 4830
1 2 3405
1 3 2633
1 4 5847
1 5 7207
1 6 610
1 7 6536
1 8 43
1 9 34
1 10 5019
1 11 5056
1 12 7362
1 13 2437
1 14 7152
1 15 72
1 16 3729
1 17 5336
1 18 1974
1 19 1002
1 20 7296
1 21 2969
1 22 7490
1 23 5041
1 24 6561
1 25 2718
1 26 2117
1 27 3069
1 28 4120
1 29 1576
1 30 456
1 31 4801
1 32 5474
1 33 1467
1 34 5118
1 35 1028
1 36 795
1 37 1249
1 38 3263
1 39 3095
1 40 5939
1 41 5358
1 42 1476
1 43 4444
1 44 1095
1 45 5690
1 46 171
1 47 5494
1 48 1026
1 49 7384
1 50 639
1 51 5280
1 52 5803
1 53 497
1 54 1064
1 55 2133
1 56 2802
1 57 3197
1 58 444
1 59 109
1 60 123
1 61 993
1 62 532
1 63 7406
1 64 5708
1 65 3375
1 66 12
1 67 3104
1 68 5397
1 69 5016
1 70 3903
2 1 1422
2 3 4585
2 4 2101
2 5 333
2 6 6734
2 7 3865
2 8 1440
2 9 5970
2 10 2960
2 11 4464
2 12 2279
2 13 2791
2 14 824
2 15 944
2 16 4917
2 17 1854
2 18 5245
2 19 2135
2 20 5209
2 21 931
2 22 900
2 23 7479
2 24 1599
2 25 2644
2 26 665
2 27 3154
2 28 7314
2 29 2751
2 30 2775
2 31 4556
2 32 6241
2 33 3752
2 34 387
2 35 7068
2 36 7361
2 37 4004
2 38 3369
2 39 4776
2 40 2307
2 41 3791
2 42 5598
2 43 2274
2 44 3002
2 45 2164
2 46 4676
2 47 4550
2 48 3567
2 49 111
2 50 5680
2 51 3871
2 52 534
2 53 4606
2 54 889
2 55 5001
2 56 3350
2 57 7448
2 58 3706
2 59 7278
2 60 4578
2 61 557
2 62 5375
2 63 7239
2 64 6834
2 65 4597
2 66 3232
2 67 4001
2 68 6398
2 69 1473
2 70 3746
3 1 6033
3 2 5473
3 4 156
3 5 493
3 6 5920
3 7 578
3 8 7130
3 9 3046
3 10 924
3 11 3473
3 12 2247
3 13 1455
3 14 2766
3 15 549
3 16 6652
3 17 484
3 18 913
3 19 6696
3 20 3764
3 21 1312
3 22 6071
3 23 7480
3 24 2170
3 25 2317
3 26 6769
3 27 3172
3 28 6504
3 29 2957
3 30 6826
3 31 6574
3 32 906
3 33 6568
3 34 4138
3 35 3130
3 36 5078
3 37 3710
3 38 5307
3 39 5189
3 40 6712
3 41 3118
3 42 1464
3 43 6076
3 44 4859
3 45 7178
3 46 3804
3 47 3890
3 48 836
3 49 1940
3 50 2565
3 51 6274
3 52 994
3 53 2414
3 54 2464
3 55 6067
3 56 397
3 57 4463
3 58 2268
3 59 6396
3 60 2274
3 61 2392
3 62 1720
3 63 2032
3 64 1647
3 65 6803
3 66 3924
3 67 2217
3 68 4829
3 69 4802
3 70 1581
4 1 1430
4 2 6545
4 3 1823
4 5 6284
4 6 4422
4 7 5696
4 8 2877
4 9 4459
4 10 2881
4 11 5004
4 12 3431
4 13 2786
4 14 103
4 15 6702
4 16 7272
4 17 4822
4 18 1542
4 19 2797
4 20 7430
4 21 3632
4 22 4838
4 23 6299
4 24 7338
4 25 71
4 26 1095
4 27 1712
4 28 3090
4 29 5162
4 30 3202
4 31 5049
4 32 2872
4 33 6237
4 34 3480
4 35 4309
4 36 4427
4 37 262
4 38 3446
4 39 1765
4 40 5565
4 41 1183
4 42 7212
4 43 7006
4 44 2434
4 45 1564
4 46 2116
4 47 4445
4 48 2415
4 49 1071
4 50 6126
4 51 4995
4 52 1619
4 53 3697
4 54 4611
4 55 6628
4 56 533
4 57 4874
4 58 3157
4 59 7492
4 60 4150
4 61 2681
4 62 3301
4 63 6219
4 64 6034
4 65 1896
4 66 2179
4 67 4759
4 68 3549
4 69 6721
4 70 5238
5 1 338
5 2 4309
5 3 1513
5 4 3907
5 6 3023
5 7 7244
5 8 3296
5 9 1508
5 10 4010
5 11 5643
5 12 2757
5 13 1035
5 14 4445
5 15 2481
5 16 6040
5 17 6361
5 18 923
5 19 3066
5 20 3446
5 21 4808
5 22 183
5 23 5652
5 24 5084
5 25 3747
5 26 5397
5 27 787
5 28 676
5 29 1869
5 30 7340
5 31 3961
5 32 5426
5 33 6311
5 34 7039
5 35 5619
5 36 6612
5 37 4680
5 38 234
5 39 7320
5 40 7161
5 41 2298
5 42 7028
5 43 7367
5 44 1312
5 45 4530
5 46 5069
5 47 6953
5 48 5221
5 49 5421
5 50 4903
5 51 940
5 52 3982
5 53 3451
5 54 1574
5 55 5817
5 56 3020
5 57 5939
5 58 2695
5 59 1401
5 60 6685
5 61 2923
5 62 5815
5 63 4518
5 64 2184
5 65 750
5 66 4716
5 67 921
5 68 1989
5 69 3262
5 70 716
6 1 6037
6 2 1780
6 3 4399
6 4 1901
6 5 3622
6 7 549
6 8 4666
6 9 4047
6 10 1410
6 11 2647
6 12 4774
6 13 2561
6 14 4683
6 15 4767
6 16 5365
6 17 471
6 18 6857
6 19 6818
6 20 5982
6 21 4715
6 22 7204
6 23 6618
6 24 5967
6 25 3743
6 26 292
6 27 4922
6 28 7493
6 29 5865
6 30 3304
6 31 1102
6 32 5052
6 33 686
6 34 1632
6 35 341
6 36 2015
6 37 5910
6 38 3592
6 39 5501
6 40 4710
6 41 4081
6 42 1598
6 43 3020
6 44 4974
6 45 7217
6 46 1050
6 47 2661
6 48 5084
6 49 2396
6 50 2226
6 51 6638
6 52 6948
6 53 2405
6 54 3857
6 55 1289
6 56 4097
6 57 2372
6 58 176
6 59 298
6 60 6331
6 61 1747
6 62 626
6 63 1130
6 64 7205
6 65 5544
6 66 2695
6 67 1266
6 68 7125
6 69 513
6 70 803
7 1 3453
7 2 805
7 3 2407
7 4 5792
7 5 5781
7 6 2767
7 8 3190
7 9 975
7 10 574
7 11 1468
7 12 4601
7 13 4340
7 14 7206
7 15 6094
7 16 1509
7 17 305
7 18 2113
7 19 6490
7 20 1814
7 21 1938
7 22 3367
7 23 897
7 24 5758
7 25 4944
7 26 4496
7 27 1296
7 28 6435
7 29 5690
7 30 1725
7 31 5341
7 32 4473
7 33 7023
7 34 1058
7 35 3679
7 36 6092
7 37 755
7 38 1760
7 39 1400
7 40 2881
7 41 6933
7 42 5626
7 43 7136
7 44 6078
7 45 3267
7 46 6863
7 47 2897
7 48 2749
7 49 3990
7 50 2167
7 51 285
7 52 6956
7 53 3463
7 54 6921
7 55 5919
7 56 6517
7 57 4093
7 58 6364
7 59 7231
7 60 4557
7 61 1288
7 62 2927
7 63 843
7 64 3024
7 65 564
7 66 3727
7 67 3930
7 68 2876
7 69 1120
7 70 4820
8 1 3893
8 2 5739
8 3 7033
8 4 665
8 5 6566
8 6 1033
8 7 6763
8 9 1992
8 10 5123
8 11 5418
8 12 211
8 13 7138
8 14 4345
8 15 6328
8 16 6455
8 17 5207
8 18 2055
8 19 4289
8 20 6190
8 21 6266
8 22 5030
8 23 1255
8 24 5987
8 25 1397
8 26 4965
8 27 4820
8 28 750
8 29 3355
8 30 3040
8 31 2374
8 32 2307
8 33 6042
8 34 4086
8 35 6846
8 36 1541
8 37 4465
8 38 4951
8 39 1073
8 40 4749
8 41 510
8 42 7093
8 43 3172
8 44 785
8 45 6664
8 46 5168
8 47 3997
8 48 3152
8 49 154
8 50 5963
8 51 3556
8 52 3237
8 53 4621
8 54 716
8 55 2330
8 56 2986
8 57 4721
8 58 1312
8 59 7242
8 60 6905
8 61 6586
8 62 477
8 63 5163
8 64 992
8 65 4904
8 66 3805
8 67 546
8 68 7390
8 69 5691
8 70 6927
9 1 3197
9 2 6009
9 3 3050
9 4 163
9 5 4418
9 6 5535
9 7 1121
9 8 1910
9 10 1727
9 11 7094
9 12 2368
9 13 6099
9 14 3565
9 15 3885
9 16 5396
9 17 7336
9 18 5514
9 19 5232
9 20 6944
9 21 7312
9 22 4806
9 23 5439
9 24 6105
9 25 5308
9 26 3569
9 27 1884
9 28 3348
9 29 5098
9 30 2739
9 31 719
9 32 6868
9 33 687
9 34 781
9 35 2858
9 36 614
9 37 5234
9 38 1987
9 39 112
9 40 109
9 41 4018
9 42 2935
9 43 7406
9 44 5120
9 45 1332
9 46 4785
9 47 319
9 48 2840
9 49 1412
9 50 7029
9 51 1217
9 52 6278
9 53 7251
9 54 797
9 55 3672
9 56 7259
9 57 2383
9 58 281
9 59 6743
9 60 3271
9 61 826
9 62 610
9 63 1707
9 64 914
9 65 1037
9 66 2501
9 67 4955
9 68 6889
9 69 5390
9 70 2726
10 1 466
10 2 4116
10 3 1991
10 4 6046
10 5 6253
10 6 882
10 7 3334
10 8 2557
10 9 5641
10 11 6728
10 12 2609
10 13 5992
10 14 2999
10 15 404
10 16 7454
10 17 4975
10 18 2281
10 19 6661
10 20 7196
10 21 1665
10 22 1061
10 23 3857
10 24 6877
10 25 4030
10 26 7379
10 27 2190
10 28 3637
10 29 233
10 30 4802
10 31 1077
10 32 4708
10 33 351
10 34 3375
10 35 1884
10 36 1556
10 37 676
10 38 3490
10 39 525
10 40 2766
10 41 4351
10 42 2576
10 43 7016
10 44 6321
10 45 7411
10 46 4359
10 47 862
10 48 6483
10 49 2587
10 50 1987
10 51 465
10 52 7227
10 53 2607
10 54 6938
10 55 778
10 56 2475
10 57 4779
10 58 136
10 59 2116
10 60 6896
10 61 5745
10 62 3601
10 63 5015
10 64 4829
10 65 1146
10 66 1476
10 67 4871
10 68 4810
10 69 806
10 70 3294
11 1 3749
11 2 4622
11 3 1426
11 4 72
11 5 5314
11 6 5820
11 7 5133
11 8 1757
11 9 6455
11 10 1948
11 12 4616
11 13 6271
11 14 4807
11 15 5087
11 16 4721
11 17 3941
11 18 3376
11 19 5894
11 20 5492
11 21 7275
11 22 3947
11 23 2368
11 24 4378
11 25 3278
11 26 1988
11 27 3798
11 28 6037
11 29 2017
11 30 175
11 31 3519
11 32 2720
11 33 3392
11 34 1223
11 35 2102
11 36 1300
11 37 881
11 38 4957
11 39 5701
11 40 6003
11 41 3039
11 42 2324
11 43 437
11 44 5119
11 45 6763
11 46 5589
11 47 2829
11 48 2411
11 49 6042
11 50 6386
11 51 4034
11 52 7309
11 53 2536
11 54 7074
11 55 5530
11 56 1439
11 57 4106
11 58 468
11 59 3427
11 60 2740
11 61 3162
11 62 5464
11 63 770
11 64 3921
11 65 6388
11 66 3946
11 67 7429
11 68 5520
11 69 2452
11 70 7176
12 1 799
12 2 349
12 3 667
12 4 1834
12 5 6253
12 6 3911
12 7 5464
12 8 3696
12 9 1916
12 10 5423
12 11 5149
12 13 3263
12 14 1301
12 15 2662
12 16 5732
12 17 5995
12 18 1915
12 19 1317
12 20 5794
12 21 2303
12 22 6076
12 23 7052
12 24 20
12 25 3291
12 26 6903
12 27 4804
12 28 6752
12 29 4469
12 30 2078
12 31 1759
12 32 4208
12 33 6966
12 34 6809
12 35 5595
12 36 2813
12 37 2516
12 38 1094
12 39 2144
12 40 3496
12 41 7143
12 42 2631
12 43 4989
12 44 2872
12 45 3266
12 46 1208
12 47 2516
12 48 1381
12 49 6696
12 50 5353
12 51 947
12 52 3106
12 53 6868
12 54 2891
12 55 5113
12 56 381
12 57 2969
12 58 6864
12 59 5145
12 60 6916
12 61 1331
12 62 1718
12 63 1784
12 64 5082
12 65 2984
12 66 4913
12 67 3528
12 68 473
12 69 5885
12 70 725
13 1 2675
13 2 1894
13 3 5241
13 4 6403
13 5 5953
13 6 1782
13 7 5565
13 8 4367
13 9 4672
13 10 4944
13 11 6669
13 12 5216
13 14 7172
13 15 2648
13 16 2302
13 17 4239
13 18 2884
13 19 1369
13 20 1321
13 21 4932
13 22 1982
13 23 5152
13 24 3575
13 25 1592
13 26 4167
13 27 5701
13 28 3815
13 29 2350
13 30 5786
13 31 4823
13 32 6786
13 33 4296
13 34 6406
13 35 2426
13 36 991
13 37 6003
13 38 1404
13 39 7075
13 40 948
13 41 6041
13 42 2040
13 43 4032
13 44 3896
13 45 3009
13 46 5298
13 47 3237
13 48 2604
13 49 6711
13 50 3294
13 51 2431
13 52 3126
13 53 7440
13 54 6322
13 55 7168
13 56 2042
13 57 2717
13 58 4766
13 59 5088
13 60 5117
13 61 5451
13 62 1955
13 63 6631
13 64 5610
13 65 874
13 66 1891
13 67 1253
13 68 2548
13 69 6749
13 70 6540
14 1 6259
14 2 1806
14 3 4631
14 4 6354
14 5 3239
14 6 4731
14 7 5421
14 8 4025
14 9 2864
14 10 2150
14 11 868
14 12 5749
14 13 7122
14 15 1583
14 16 4382
14 17 74
14 18 6208
14 19 1443
14 20 172
14 21 1130
14 22 3732
14 23 2756
14 24 6085
14 25 3778
14 26 5865
14 27 7078
14 28 7151
14 29 5036
14 30 1631
14 31 915
14 32 2528
14 33 2090
14 34 2665
14 35 6045
14 36 4135
14 37 5137
14 38 3683
14 39 3423
14 40 2950
14 41 5244
14 42 1895
14 43 6149
14 44 6506
14 45 3947
14 46 96
14 47 680
14 48 1877
14 49 1748
14 50 5688
14 51 4981
14 52 687
14 53 2288
14 54 91
14 55 2779
14 56 3900
14 57 5917
14 58 5292
14 59 2385
14 60 6099
14 61 1542
14 62 1141
14 63 3034
14 64 7208
14 65 1603
14 66 1229
14 67 4644
14 68 6509
14 69 4645
14 70 4822
15 1 495
15 2 2200
15 3 2194
15 4 6708
15 5 3995
15 6 1484
15 7 2057
15 8 1141
15 9 1040
15 10 759
15 11 7123
15 12 132
15 13 2436
15 14 5890
15 16 806
15 17 5471
15 18 4871
15 19 3897
15 20 1338
15 21 1524
15 22 4582
15 23 6354
15 24 2115
15 25 4612
15 26 451
15 27 3598
15 28 5207
15 29 7484
15 30 3523
15 31 2182
15 32 5562
15 33 1446
15 34 7018
15 35 4240
15 36 2499
15 37 4407
15 38 2557
15 39 3279
15 40 5285
15 41 5673
15 42 6479
15 43 193
15 44 5119
15 45 908
15 46 164
15 47 5197
15 48 4538
15 49 3683
15 50 5908
15 51 370
15 52 919
15 53 1872
15 54 3893
15 55 2641
15 56 2758
15 57 1512
15 58 7137
15 59 6334
15 60 426
15 61 6206
15 62 2568
15 63 1107
15 64 730
15 65 5289
15 66 6748
15 67 1094
15 68 4214
15 69 4223
15 70 2283
16 1 5642
16 2 319
16 3 1493
16 4 3287
16 5 6437
16 6 3404
16 7 1624
16 8 3429
16 9 6661
16 10 6899
16 11 6648
16 12 7336
16 13 7101
16 14 1017
16 15 5685
16 17 1131
16 18 2879
16 19 1661
16 20 3147
16 21 4929
16 22 916
16 23 6604
16 24 196
16 25 4923
16 26 702
16 27 1525
16 28 6080
16 29 5160
16 30 5602
16 31 821
16 32 5036
16 33 5634
16 34 4118
16 35 4126
16 36 1125
16 37 4989
16 38 7140
16 39 3684
16 40 3268
16 41 6233
16 42 7258
16 43 971
16 44 6939
16 45 1097
16 46 7040
16 47 2122
16 48 5553
16 49 5381
16 50 3656
16 51 3158
16 52 1368
16 53 676
16 54 5332
16 55 6965
16 56 355
16 57 5629
16 58 4115
16 59 1721
16 60 5769
16 61 3047
16 62 325
16 63 7325
16 64 3298
16 65 6942
16 66 5758
16 67 1100
16 68 6160
16 69 3555
16 70 1917
17 1 67
17 2 6509
17 3 590
17 4 6841
17 5 7072
17 6 5133
17 7 2616
17 8 5430
17 9 4019
17 10 4252
17 11 4632
17 12 7244
17 13 3357
17 14 704
17 15 4179
17 16 145
17 18 563
17 19 2807
17 20 5880
17 21 5486
17 22 4416
17 23 5181
17 24 3434
17 25 7405
17 26 434
17 27 2075
17 28 5126
17 29 5671
17 30 5802
17 31 4413
17 32 5048
17 33 4073
17 34 1433
17 35 5257
17 36 2410
17 37 2585
17 38 6362
17 39 2122
17 40 6612
17 41 4961
17 42 1441
17 43 5002
17 44 69
17 45 3209
17 46 1050
17 47 13
17 48 5439
17 49 2021
17 50 345
17 51 1005
17 52 5536
17 53 2918
17 54 3614
17 55 3099
17 56 7262
17 57 5805
17 58 1468
17 59 3734
17 60 4227
17 61 5499
17 62 5848
17 63 2001
17 64 2941
17 65 5079
17 66 1712
17 67 3826
17 68 2550
17 69 3848
17 70 6909
18 1 3898
18 2 1955
18 3 5101
18 4 5721
18 5 1493
18 6 1463
18 7 6839
18 8 6286
18 9 1278
18 10 3991
18 11 3820
18 12 1450
18 13 5770
18 14 3891
18 15 6188
18 16 6341
18 17 886
18 19 1178
18 20 4110
18 21 5327
18 22 520
18 23 4051
18 24 7287
18 25 2179
18 26 1901
18 27 5980
18 28 2823
18 29 6634
18 30 7112
18 31 1658
18 32 3862
18 33 70
18 34 1420
18 35 6589
18 36 1010
18 37 2270
18 38 2289
18 39 3623
18 40 24
18 41 958
18 42 2575
18 43 5386
18 44 1638
18 45 6352
18 46 4851
18 47 1502
18 48 5354
18 49 3442
18 50 5863
18 51 7033
18 52 6473
18 53 4429
18 54 5484
18 55 4446
18 56 4517
18 57 4687
18 58 3276
18 59 1441
18 60 2989
18 61 4282
18 62 6958
18 63 3482
18 64 3587
18 65 4196
18 66 6814
18 67 3930
18 68 5982
18 69 5885
18 70 1080
19 1 5750
19 2 1720
19 3 3972
19 4 2597
19 5 1793
19 6 2283
19 7 6965
19 8 2355
19 9 5112
19 10 6634
19 11 7304
19 12 19
19 13 1991
19 14 3223
19 15 4798
19 16 5123
19 17 5200
19 18 1678
19 20 5173
19 21 6643
19 22 555
19 23 962
19 24 770
19 25 2731
19 26 3558
19 27 1923
19 28 6136
19 29 4858
19 30 2830
19 31 2615
19 32 5641
19 33 7444
19 34 5864
19 35 4608
19 36 5095
19 37 3243
19 38 3166
19 39 2821
19 40 2296
19 41 6905
19 42 121
19 43 4700
19 44 377
19 45 3545
19 46 6146
19 47 367
19 48 1457
19 49 3345
19 50 5811
19 51 7443
19 52 3130
19 53 3398
19 54 2839
19 55 6215
19 56 7443
19 57 6014
19 58 7389
19 59 13
19 60 3492
19 61 4374
19 62 2022
19 63 7142
19 64 60
19 65 4384
19 66 5288
19 67 1212
19 68 1585
19 69 7384
19 70 3935
20 1 6054
20 2 75
20 3 6621
20 4 6089
20 5 1685
20 6 710
20 7 4589
20 8 6919
20 9 1387
20 10 4387
20 11 6981
20 12 6061
20 13 5709
20 14 2337
20 15 77
20 16 6630
20 17 5809
20 18 3238
20 19 3999
20 21 1083
20 22 6042
20 23 1328
20 24 822
20 25 7466
20 26 5905
20 27 2217
20 28 633
20 29 3365
20 30 2003
20 31 3565
20 32 4422
20 33 7465
20 34 1198
20 35 4404
20 36 378
20 37 348
20 38 2524
20 39 4888
20 40 6512
20 41 4906
20 42 2462
20 43 3733
20 44 2440
20 45 4353
20 46 5626
20 47 6605
20 48 3486
20 49 4205
20 50 6867
20 51 7029
20 52 297
20 53 4000
20 54 545
20 55 6475
20 56 4916
20 57 7072
20 58 5886
20 59 1488
20 60 1360
20 61 5774
20 62 1940
20 63 6931
20 64 7368
20 65 6689
20 66 5624
20 67 2230
20 68 405
20 69 997
20 70 2644
21 1 5892
21 2 5800
21 3 7245
21 4 4816
21 5 2881
21 6 627
21 7 6616
21 8 5194
21 9 841
21 10 1616
21 11 3725
21 12 6411
21 13 1069
21 14 3640
21 15 5241
21 16 240
21 17 7233
21 18 698
21 19 836
21 20 233
21 22 3255
21 23 5582
21 24 3453
21 25 425
21 26 1839
21 27 362
21 28 5901
21 29 6066
21 30 7176
21 31 160
21 32 4606
21 33 5389
21 34 6550
21 35 4966
21 36 567
21 37 6651
21 38 801
21 39 3314
21 40 1342
21 41 5714
21 42 5619
21 43 4617
21 44 7217
21 45 126
21 46 6053
21 47 5891
21 48 4712
21 49 2148
21 50 5057
21 51 4441
21 52 5874
21 53 7481
21 54 2958
21 55 2985
21 56 7430
21 57 477
21 58 3608
21 59 2364
21 60 1959
21 61 7193
21 62 307
21 63 5913
21 64 305
21 65 2639
21 66 4600
21 67 7059
21 68 2526
21 69 6850
21 70 4645
22 1 2442
22 2 1361
22 3 2412
22 4 4660
22 5 832
22 6 1197
22 7 3998
22 8 3670
22 9 6045
22 10 3179
22 11 4345
22 12 2917
22 13 5553
22 14 104
22 15 3720
22 16 3060
22 17 1531
22 18 3881
22 19 6058
22 20 4671
22 21 1111
22 23 4979
22 24 4033
22 25 4305
22 26 3106
22 27 6520
22 28 1173
22 29 2029
22 30 2857
22 31 4422
22 32 1317
22 33 6152
22 34 907
22 35 3894
22 36 2415
22 37 4762
22 38 795
22 39 7378
22 40 2777
22 41 4177
22 42 3209
22 43 6544
22 44 2763
22 45 2615
22 46 2351
22 47 1398
22 48 780
22 49 4472
22 50 246
22 51 7071
22 52 1209
22 53 7428
22 54 6591
22 55 6154
22 56 7136
22 57 3655
22 58 6929
22 59 6582
22 60 7420
22 61 115
22 62 3178
22 63 2674
22 64 382
22 65 4031
22 66 7199
22 67 1795
22 68 4507
22 69 4002
22 70 2175
23 1 1443
23 2 18
23 3 153
23 4 2777
23 5 2053
23 6 1315
23 7 1972
23 8 1369
23 9 5071
23 10 6270
23 11 6724
23 12 672
23 13 5286
23 14 3564
23 15 2274
23 16 161
23 17 3545
23 18 255
23 19 5695
23 20 4878
23 21 3558
23 22 4546
23 24 3329
23 25 2557
23 26 343
23 27 3672
23 28 1371
23 29 307
23 30 1584
23 31 6074
23 32 1163
23 33 2036
23 34 2225
23 35 4425
23 36 6567
23 37 3158
23 38 5502
23 39 5286
23 40 139
23 41 4390
23 42 373
23 43 2307
23 44 2094
23 45 4298
23 46 2383
23 47 4371
23 48 4576
23 49 6876
23 50 2188
23 51 5040
23 52 3765
23 53 6890
23 54 5320
23 55 2727
23 56 171
23 57 2103
23 58 959
23 59 6326
23 60 1645
23 61 2485
23 62 3577
23 63 7338
23 64 6474
23 65 2572
23 66 1291
23 67 4680
23 68 42
23 69 4590
23 70 1835
24 1 3142
24 2 6779
24 3 3126
24 4 6443
24 5 5143
24 6 2972
24 7 1399
24 8 970
24 9 4448
24 10 3076
24 11 2288
24 12 5537
24 13 3111
24 14 335
24 15 3088
24 16 7373
24 17 7078
24 18 2925
24 19 6615
24 20 57
24 21 1819
24 22 48
24 23 7243
24 25 5610
24 26 1266
24 27 781
24 28 5478
24 29 2972
24 30 1749
24 31 5412
24 32 5512
24 33 296
24 34 1915
24 35 3122
24 36 1888
24 37 1577
24 38 4573
24 39 2642
24 40 6943
24 41 1666
24 42 5707
24 43 236
24 44 2437
24 45 5130
24 46 1480
24 47 6564
24 48 5794
24 49 2816
24 50 4923
24 51 7022
24 52 255
24 53 1309
24 54 2884
24 55 1468
24 56 5710
24 57 3719
24 58 3160
24 59 3810
24 60 5709
24 61 864
24 62 7375
24 63 1764
24 64 5852
24 65 6277
24 66 2424
24 67 2749
24 68 318
24 69 4732
24 70 6401
25 1 46
25 2 5315
25 3 1354
25 4 3533
25 5 588
25 6 7451
25 7 4357
25 8 4154
25 9 6866
25 10 4912
25 11 10
25 12 4478
25 13 1894
25 14 6033
25 15 4761
25 16 7070
25 17 5696
25 18 7458
25 19 6612
25 20 3607
25 21 6908
25 22 2851
25 23 2385
25 24 588
25 26 5187
25 27 5015
25 28 674
25 29 1078
25 30 5782
25 31 1836
25 32 3086
25 33 61
25 34 3425
25 35 6190
25 36 152
25 37 1039
25 38 5097
25 39 6029
25 40 6605
25 41 966
25 42 1448
25 43 865
25 44 932
25 45 2793
25 46 6806
25 47 534
25 48 2040
25 49 2707
25 50 992
25 51 3815
25 52 1177
25 53 2787
25 54 1776
25 55 5830
25 56 6433
25 57 5742
25 58 3974
25 59 3076
25 60 4700
25 61 3436
25 62 2160
25 63 4133
25 64 6389
25 65 3557
25 66 3246
25 67 576
25 68 4560
25 69 3044
25 70 2211
26 1 4074
26 2 775
26 3 7048
26 4 4097
26 5 5471
26 6 602
26 7 6811
26 8 5065
26 9 6279
26 10 1107
26 11 5924
26 12 2793
26 13 2402
26 14 1401
26 15 5941
26 16 5162
26 17 793
26 18 1405
26 19 4016
26 20 2731
26 21 3514
26 22 3411
26 23 988
26 24 3722
26 25 1497
26 27 169
26 28 358
26 29 5280
26 30 5625
26 31 2941
26 32 4267
26 33 4819
26 34 5373
26 35 253
26 36 344
26 37 2059
26 38 1357
26 39 5164
26 40 6221
26 41 3297
26 42 2440
26 43 6639
26 44 2833
26 45 513
26 46 6505
26 47 6339
26 48 5174
26 49 1654
26 50 5339
26 51 1185
26 52 5498
26 53 1666
26 54 5954
26 55 3938
26 56 4203
26 57 1613
26 58 2953
26 59 7200
26 60 3642
26 61 6517
26 62 4671
26 63 3953
26 64 6774
26 65 4827
26 66 2657
26 67 1940
26 68 6854
26 69 7465
26 70 837
27 1 186
27 2 5542
27 3 2751
27 4 542
27 5 3563
27 6 5025
27 7 4378
27 8 2568
27 9 4904
27 10 6619
27 11 1196
27 12 3116
27 13 2790
27 14 7167
27 15 1164
27 16 315
27 17 32
27 18 6083
27 19 270
27 20 1752
27 21 7355
27 22 152
27 23 813
27 24 5703
27 25 176
27 26 4265
27 28 1086
27 29 5997
27 30 6137
27 31 2032
27 32 5539
27 33 4807
27 34 1907
27 35 5196
27 36 6553
27 37 2809
27 38 5954
27 39 4772
27 40 5122
27 41 7314
27 42 5156
27 43 153
27 44 495
27 45 6029
27 46 3269
27 47 5281
27 48 119
27 49 4828
27 50 1949
27 51 2902
27 52 2899
27 53 5050
27 54 1680
27 55 2389
27 56 3493
27 57 3638
27 58 5413
27 59 4072
27 60 3633
27 61 1354
27 62 703
27 63 971
27 64 6701
27 65 6125
27 66 4495
27 67 3311
27 68 352
27 69 7172
27 70 6381
28 1 872
28 2 1087
28 3 1139
28 4 1590
28 5 717
28 6 1225
28 7 4865
28 8 6463
28 9 3084
28 10 5402
28 11 1481
28 12 1292
28 13 715
28 14 6862
28 15 2752
28 16 2086
28 17 5262
28 18 1868
28 19 7426
28 20 196
28 21 2752
28 22 2351
28 23 1931
28 24 3723
28 25 7313
28 26 6248
28 27 3546
28 29 3970
28 30 7256
28 31 7372
28 32 6873
28 33 259
28 34 7309
28 35 1535
28 36 1617
28 37 3194
28 38 1113
28 39 464
28 40 7308
28 41 5473
28 42 1414
28 43 6196
28 44 2736
28 45 6191
28 46 5469
28 47 3622
28 48 434
28 49 2642
28 50 887
28 51 2598
28 52 1525
28 53 5762
28 54 3281
28 55 5564
28 56 5936
28 57 169
28 58 4958
28 59 3437
28 60 4872
28 61 1484
28 62 7441
28 63 1680
28 64 1443
28 65 358
28 66 4395
28 67 6393
28 68 7288
28 69 3698
28 70 972
29 1 5922
29 2 2553
29 3 6589
29 4 1247
29 5 3848
29 6 2152
29 7 2041
29 8 6629
29 9 5037
29 10 3300
29 11 2195
29 12 1236
29 13 3077
29 14 7355
29 15 3868
29 16 1317
29 17 640
29 18 3874
29 19 1097
29 20 3406
29 21 4008
29 22 1851
29 23 839
29 24 6373
29 25 1583
29 26 3078
29 27 2793
29 28 5514
29 30 6766
29 31 4739
29 32 5715
29 33 5803
29 34 2170
29 35 7132
29 36 5759
29 37 6229
29 38 6893
29 39 2715
29 40 5395
29 41 2053
29 42 1672
29 43 7012
29 44 542
29 45 7382
29 46 4004
29 47 4224
29 48 2991
29 49 1047
29 50 2846
29 51 4603
29 52 483
29 53 7183
29 54 7283
29 55 845
29 56 3173
29 57 4073
29 58 5097
29 59 2609
29 60 1263
29 61 3172
29 62 5331
29 63 4697
29 64 961
29 65 3105
29 66 5416
29 67 762
29 68 731
29 69 3138
29 70 5266
30 1 5273
30 2 5394
30 3 6449
30 4 5634
30 5 7337
30 6 3426
30 7 3149
30 8 859
30 9 179
30 10 3534
30 11 4981
30 12 2179
30 13 7434
30 14 6428
30 15 5557
30 16 6753
30 17 1264
30 18 5454
30 19 4013
30 20 4331
30 21 4236
30 22 118
30 23 1552
30 24 2588
30 25 4937
30 26 1416
30 27 282
30 28 6796
30 29 6440
30 31 799
30 32 5027
30 33 2078
30 34 247
30 35 1308
30 36 4503
30 37 4652
30 38 4096
30 39 6560
30 40 4959
30 41 4670
30 42 609
30 43 4239
30 44 5777
30 45 5713
30 46 4943
30 47 3280
30 48 4775
30 49 6946
30 50 3365
30 51 7082
30 52 6836
30 53 2999
30 54 2016
30 55 6481
30 56 6074
30 57 4400
30 58 4938
30 59 3776
30 60 5564
30 61 2707
30 62 3609
30 63 1868
30 64 3078
30 65 962
30 66 25
30 67 1273
30 68 4127
30 69 5971
30 70 2639
31 1 3128
31 2 610
31 3 3134
31 4 7294
31 5 1503
31 6 5255
31 7 2575
31 8 3444
31 9 225
31 10 6131
31 11 5633
31 12 7368
31 13 5729
31 14 2070
31 15 1466
31 16 1206
31 17 3021
31 18 6897
31 19 1531
31 20 3357
31 21 1096
31 22 2413
31 23 3429
31 24 3014
31 25 2253
31 26 2533
31 27 3240
31 28 6886
31 29 1511
31 30 6708
31 32 3394
31 33 6050
31 34 3095
31 35 6757
31 36 7046
31 37 100
31 38 23
31 39 752
31 40 5890
31 41 6577
31 42 5206
31 43 930
31 44 421
31 45 5428
31 46 6674
31 47 4634
31 48 4467
31 49 936
31 50 196
31 51 6122
31 52 7251
31 53 2386
31 54 3871
31 55 276
31 56 1240
31 57 3574
31 58 84
31 59 5877
31 60 1161
31 61 534
31 62 1830
31 63 3476
31 64 6469
31 65 5383
31 66 6647
31 67 3296
31 68 447
31 69 6035
31 70 1235
32 1 4240
32 2 3594
32 3 3664
32 4 2671
32 5 1482
32 6 4161
32 7 799
32 8 4917
32 9 3346
32 10 7198
32 11 3616
32 12 3674
32 13 1339
32 14 346
32 15 5610
32 16 5284
32 17 503
32 18 3776
32 19 2680
32 20 1525
32 21 6675
32 22 873
32 23 6913
32 24 682
32 25 6214
32 26 5603
32 27 5154
32 28 5340
32 29 3012
32 30 5852
32 31 3217
32 33 2801
32 34 4644
32 35 1320
32 36 6234
32 37 298
32 38 1802
32 39 7444
32 40 3000
32 41 5880
32 42 336
32 43 1040
32 44 2611
32 45 5618
32 46 3686
32 47 5441
32 48 2489
32 49 3687
32 50 6631
32 51 1669
32 52 1646
32 53 1533
32 54 5535
32 55 4842
32 56 2903
32 57 1388
32 58 6072
32 59 5385
32 60 7295
32 61 3219
32 62 5194
32 63 1430
32 64 6606
32 65 2104
32 66 3669
32 67 4664
32 68 1404
32 69 4384
32 70 158
33 1 7046
33 2 4874
33 3 1474
33 4 2812
33 5 5274
33 6 6777
33 7 2918
33 8 6928
33 9 6315
33 10 217
33 11 5515
33 12 721
33 13 2371
33 14 3982
33 15 2058
33 16 5847
33 17 2964
33 18 3244
33 19 1601
33 20 196
33 21 3578
33 22 3798
33 23 5244
33 24 7121
33 25 6218
33 26 2416
33 27 4021
33 28 5677
33 29 6172
33 30 5180
33 31 5587
33 32 5204
33 34 4729
33 35 6886
33 36 1969
33 37 1264
33 38 1839
33 39 4986
33 40 2318
33 41 2623
33 42 5865
33 43 7033
33 44 785
33 45 6501
33 46 4974
33 47 5648
33 48 4427
33 49 3961
33 50 4130
33 51 4422
33 52 473
33 53 7438
33 54 2032
33 55 1593
33 56 3830
33 57 2483
33 58 3054
33 59 4063
33 60 219
33 61 2008
33 62 952
33 63 4020
33 64 2868
33 65 7451
33 66 2676
33 67 4947
33 68 7195
33 69 2179
33 70 7237
34 1 357
34 2 2119
34 3 5435
34 4 2518
34 5 3958
34 6 3801
34 7 7355
34 8 577
34 9 2550
34 10 4611
34 11 2761
34 12 7331
34 13 1111
34 14 2082
34 15 4056
34 16 6505
34 17 816
34 18 1186
34 19 989
34 20 1336
34 21 6689
34 22 1686
34 23 571
34 24 5911
34 25 684
34 26 3941
34 27 2196
34 28 5859
34 29 7329
34 30 2286
34 31 6208
34 32 5673
34 33 3765
34 35 476
34 36 6453
34 37 6031
34 38 2580
34 39 3768
34 40 1341
34 41 3404
34 42 1171
34 43 222
34 44 3848
34 45 4813
34 46 7064
34 47 5850
34 48 6752
34 49 1905
34 50 2207
34 51 2087
34 52 3498
34 53 1707
34 54 3823
34 55 2791
34 56 6477
34 57 4326
34 58 5508
34 59 2248
34 60 7458
34 61 5102
34 62 981
34 63 6867
34 64 2948
34 65 4636
34 66 3819
34 67 924
34 68 587
34 69 4736
34 70 1790
35 1 5245
35 2 2800
35 3 7380
35 4 983
35 5 1517
35 6 2653
35 7 4978
35 8 5097
35 9 5681
35 10 4913
35 11 3503
35 12 7367
35 13 5491
35 14 3469
35 15 2842
35 16 2858
35 17 6842
35 18 6497
35 19 6063
35 20 5876
35 21 3214
35 22 1237
35 23 471
35 24 5016
35 25 634
35 26 5498
35 27 3061
35 28 46
35 29 6235
35 30 608
35 31 566
35 32 4014
35 33 5697
35 34 1142
35 36 7494
35 37 4388
35 38 4698
35 39 6599
35 40 226
35 41 5909
35 42 4866
35 43 4254
35 44 6189
35 45 7069
35 46 772
35 47 5044
35 48 6092
35 49 5384
35 50 2628
35 51 5904
35 52 7193
35 53 4952
35 54 6994
35 55 5626
35 56 1530
35 57 6950
35 58 6178
35 59 4124
35 60 6107
35 61 4222
35 62 4170
35 63 6257
35 64 4490
35 65 2587
35 66 192
35 67 529
35 68 2161
35 69 86
35 70 1946
36 1 3603
36 2 4196
36 3 3394
36 4 7457
36 5 5782
36 6 6105
36 7 2725
36 8 912
36 9 6850
36 10 4741
36 11 225
36 12 5408
36 13 5997
36 14 6280
36 15 717
36 16 7469
36 17 2848
36 18 2587
36 19 6644
36 20 1084
36 21 963
36 22 791
36 23 951
36 24 4485
36 25 6514
36 26 6708
36 27 3779
36 28 4055
36 29 398
36 30 3938
36 31 5295
36 32 3912
36 33 7404
36 34 3091
36 35 5544
36 37 839
36 38 3809
36 39 5897
36 40 2593
36 41 5121
36 42 829
36 43 2033
36 44 4072
36 45 6475
36 46 4399
36 47 2789
36 48 6119
36 49 1169
36 50 4550
36 51 2723
36 52 7036
36 53 1965
36 54 1548
36 55 7065
36 56 3947
36 57 7466
36 58 1280
36 59 3138
36 60 4743
36 61 5241
36 62 6107
36 63 223
36 64 1368
36 65 418
36 66 5579
36 67 4816
36 68 2656
36 69 3133
36 70 4445
37 1 6087
37 2 4471
37 3 205
37 4 2059
37 5 2576
37 6 1633
37 7 2396
37 8 5035
37 9 1175
37 10 3189
37 11 1352
37 12 500
37 13 3264
37 14 4600
37 15 6068
37 16 4783
37 17 1551
37 18 3710
37 19 6972
37 20 3745
37 21 7074
37 22 1758
37 23 105
37 24 4789
37 25 6308
37 26 750
37 27 1225
37 28 1534
37 29 839
37 30 5197
37 31 4984
37 32 1519
37 33 4860
37 34 5799
37 35 4635
37 36 4363
37 38 126
37 39 2409
37 40 4949
37 41 77
37 42 1332
37 43 200
37 44 5368
37 45 2715
37 46 5404
37 47 955
37 48 2182
37 49 1876
37 50 507
37 51 912
37 52 5498
37 53 6676
37 54 3360
37 55 931
37 56 3616
37 57 2229
37 58 2875
37 59 2690
37 60 7335
37 61 6068
37 62 5880
37 63 1373
37 64 7180
37 65 7340
37 66 1585
37 67 2184
37 68 4800
37 69 3204
37 70 2344
38 1 5126
38 2 816
38 3 3975
38 4 3144
38 5 4864
38 6 4739
38 7 5689
38 8 5076
38 9 1538
38 10 3342
38 11 1221
38 12 6440
38 13 2499
38 14 2561
38 15 835
38 16 6589
38 17 4035
38 18 498
38 19 393
38 20 3834
38 21 7000
38 22 6036
38 23 2339
38 24 2779
38 25 5545
38 26 2337
38 27 194
38 28 3959
38 29 6071
38 30 2280
38 31 3239
38 32 1966
38 33 5912
38 34 4322
38 35 2688
38 36 2631
38 37 885
38 39 4092
38 40 6302
38 41 7471
38 42 6281
38 43 5920
38 44 5281
38 45 253
38 46 5092
38 47 6480
38 48 2675
38 49 2431
38 50 4279
38 51 3858
38 52 3083
38 53 4814
38 54 7165
38 55 2489
38 56 4730
38 57 6590
38 58 1070
38 59 4159
38 60 1387
38 61 3434
38 62 1513
38 63 3353
38 64 3812
38 65 864
38 66 6375
38 67 6444
38 68 7226
38 69 2005
38 70 7065
39 1 3105
39 2 1948
39 3 7027
39 4 1951
39 5 3909
39 6 2053
39 7 4063
39 8 2094
39 9 5834
39 10 3668
39 11 4006
39 12 3262
39 13 5738
39 14 4790
39 15 820
39 16 2997
39 17 2452
39 18 7257
39 19 1331
39 20 5711
39 21 7381
39 22 7000
39 23 6100
39 24 5100
39 25 6823
39 26 57
39 27 476
39 28 5618
39 29 5730
39 30 6741
39 31 3564
39 32 756
39 33 4683
39 34 3773
39 35 7036
39 36 2763
39 37 1815
39 38 4762
39 40 6694
39 41 637
39 42 1711
39 43 2509
39 44 3159
39 45 6036
39 46 3172
39 47 448
39 48 3552
39 49 3107
39 50 1856
39 51 3417
39 52 2726
39 53 4322
39 54 427
39 55 3667
39 56 600
39 57 3156
39 58 5829
39 59 147
39 60 546
39 61 464
39 62 4606
39 63 6108
39 64 1192
39 65 66
39 66 5726
39 67 4070
39 68 5647
39 69 7289
39 70 829
40 1 5877
40 2 127
40 3 1239
40 4 4919
40 5 3477
40 6 5339
40 7 2809
40 8 5724
40 9 5169
40 10 2652
40 11 1519
40 12 7340
40 13 3061
40 14 4763
40 15 2617
40 16 7473
40 17 1658
40 18 1422
40 19 4392
40 20 1600
40 21 791
40 22 3930
40 23 1449
40 24 7211
40 25 2434
40 26 3570
40 27 6817
40 28 5139
40 29 1258
40 30 4252
40 31 3077
40 32 6111
40 33 4057
40 34 1650
40 35 6422
40 36 972
40 37 6415
40 38 1904
40 39 5767
40 41 7478
40 42 5955
40 43 5699
40 44 667
40 45 6601
40 46 3873
40 47 2414
40 48 3109
40 49 3995
40 50 7013
40 51 6548
40 52 1284
40 53 3128
40 54 6591
40 55 3258
40 56 3400
40 57 4324
40 58 4884
40 59 4694
40 60 3281
40 61 5763
40 62 119
40 63 3657
40 64 5261
40 65 7242
40 66 248
40 67 6269
40 68 23
40 69 3363
40 70 5805
41 1 4310
41 2 4834
41 3 3961
41 4 761
41 5 6658
41 6 4962
41 7 1267
41 8 1916
41 9 5800
41 10 121
41 11 4413
41 12 3094
41 13 2975
41 14 3063
41 15 1003
41 16 6142
41 17 6460
41 18 2629
41 19 876
41 20 3709
41 21 5765
41 22 860
41 23 1403
41 24 6756
41 25 1777
41 26 6539
41 27 945
41 28 6535
41 29 7153
41 30 1493
41 31 3886
41 32 733
41 33 717
41 34 941
41 35 5463
41 36 6297
41 37 3140
41 38 5744
41 39 3139
41 40 6961
41 42 720
41 43 1313
41 44 1568
41 45 6405
41 46 3614
41 47 5341
41 48 5579
41 49 5034
41 50 6647
41 51 4761
41 52 3039
41 53 84
41 54 6724
41 55 4210
41 56 2217
41 57 3763
41 58 3162
41 59 6575
41 60 7166
41 61 327
41 62 4707
41 63 6150
41 64 4193
41 65 1656
41 66 3753
41 67 6734
41 68 5063
41 69 5158
41 70 6911
42 1 4223
42 2 4205
42 3 3373
42 4 5509
42 5 5014
42 6 2179
42 7 2901
42 8 7431
42 9 7158
42 10 2361
42 11 6769
42 12 2315
42 13 5948
42 14 4352
42 15 5485
42 16 49
42 17 7114
42 18 1561
42 19 6677
42 20 6455
42 21 40
42 22 814
42 23 7496
42 24 1180
42 25 952
42 26 197
42 27 4042
42 28 1247
42 29 6420
42 30 258
42 31 4302
42 32 4050
42 33 379
42 34 2511
42 35 4204
42 36 1559
42 37 6242
42 38 6259
42 39 5247
42 40 335
42 41 6485
42 43 1642
42 44 527
42 45 2323
42 46 2151
42 47 1858
42 48 344
42 49 4192
42 50 4664
42 51 2879
42 52 4658
42 53 4929
42 54 4969
42 55 4035
42 56 5836
42 57 3800
42 58 5591
42 59 5124
42 60 3921
42 61 6508
42 62 6658
42 63 6568
42 64 5233
42 65 7384
42 66 2150
42 67 2384
42 68 4390
42 69 1296
42 70 5179
43 1 2716
43 2 4246
43 3 2896
43 4 1926
43 5 5547
43 6 4248
43 7 1898
43 8 3878
43 9 1257
43 10 5372
43 11 5997
43 12 3529
43 13 97
43 14 4336
43 15 1062
43 16 4818
43 17 5406
43 18 2196
43 19 3638
43 20 1902
43 21 6521
43 22 6678
43 23 3151
43 24 6506
43 25 1084
43 26 5533
43 27 6506
43 28 46
43 29 7398
43 30 3254
43 31 1592
43 32 7430
43 33 7058
43 34 1447
43 35 4561
43 36 1954
43 37 1622
43 38 6617
43 39 6048
43 40 50
43 41 628
43 42 1130
43 44 4821
43 45 7178
43 46 3412
43 47 3408
43 48 1732
43 49 5054
43 50 2540
43 51 3108
43 52 181
43 53 509
43 54 3879
43 55 4640
43 56 6965
43 57 934
43 58 4648
43 59 5406
43 60 2561
43 61 426
43 62 2511
43 63 3316
43 64 3844
43 65 1600
43 66 3715
43 67 2501
43 68 174
43 69 2738
43 70 5409
44 1 7324
44 2 1015
44 3 2669
44 4 2126
44 5 5567
44 6 7471
44 7 3210
44 8 667
44 9 4491
44 10 5019
44 11 5055
44 12 7386
44 13 639
44 14 2038
44 15 3819
44 16 1864
44 17 4942
44 18 2697
44 19 2527
44 20 2495
44 21 4668
44 22 7309
44 23 3785
44 24 3304
44 25 6245
44 26 1531
44 27 4531
44 28 5367
44 29 6286
44 30 758
44 31 6542
44 32 3401
44 33 7212
44 34 5078
44 35 489
44 36 992
44 37 5345
44 38 1132
44 39 635
44 40 4298
44 41 3899
44 42 6282
44 43 5248
44 45 1900
44 46 1837
44 47 2799
44 48 1711
44 49 1035
44 50 4896
44 51 361
44 52 4883
44 53 3009
44 54 7211
44 55 445
44 56 1911
44 57 6046
44 58 6459
44 59 5845
44 60 2085
44 61 4339
44 62 3893
44 63 4257
44 64 1000
44 65 150
44 66 5299
44 67 5372
44 68 2403
44 69 6412
44 70 617
45 1 6555
45 2 4897
45 3 3884
45 4 6226
45 5 5812
45 6 5970
45 7 2545
45 8 4779
45 9 2651
45 10 4917
45 11 7389
45 12 2709
45 13 4630
45 14 3596
45 15 4961
45 16 6736
45 17 3299
45 18 2259
45 19 6082
45 20 1585
45 21 3137
45 22 4330
45 23 7471
45 24 4070
45 25 7314
45 26 2462
45 27 4266
45 28 3156
45 29 6976
45 30 1291
45 31 6504
45 32 364
45 33 7363
45 34 216
45 35 1644
45 36 5083
45 37 3789
45 38 6947
45 39 4177
45 40 133
45 41 3940
45 42 1147
45 43 6855
45 44 112
45 46 2998
45 47 2837
45 48 6775
45 49 5244
45 50 3286
45 51 6323
45 52 2782
45 53 5177
45 54 527
45 55 6647
45 56 1477
45 57 4561
45 58 1391
45 59 5104
45 60 3340
45 61 1881
45 62 3693
45 63 1612
45 64 174
45 65 6536
45 66 3224
45 67 3688
45 68 4780
45 69 6293
45 70 6808
46 1 6943
46 2 6208
46 3 6946
46 4 2052
46 5 5201
46 6 4023
46 7 705
46 8 2475
46 9 1067
46 10 4906
46 11 714
46 12 2737
46 13 2478
46 14 7235
46 15 3955
46 16 506
46 17 733
46 18 87
46 19 5405
46 20 1542
46 21 7156
46 22 905
46 23 6306
46 24 4020
46 25 4220
46 26 5784
46 27 3382
46 28 2933
46 29 7346
46 30 1138
46 31 66
46 32 2056
46 33 3191
46 34 2166
46 35 3940
46 36 4546
46 37 956
46 38 6218
46 39 3175
46 40 5071
46 41 5969
46 42 5523
46 43 4323
46 44 672
46 45 386
46 47 1697
46 48 1414
46 49 6677
46 50 3069
46 51 4358
46 52 7058
46 53 4436
46 54 6445
46 55 3194
46 56 1166
46 57 1628
46 58 4050
46 59 6552
46 60 1269
46 61 5856
46 62 3044
46 63 2089
46 64 3684
46 65 6953
46 66 4155
46 67 5542
46 68 1225
46 69 1171
46 70 3117
47 1 2602
47 2 4401
47 3 5411
47 4 4754
47 5 1282
47 6 864
47 7 5835
47 8 288
47 9 6607
47 10 441
47 11 1175
47 12 5203
47 13 6453
47 14 2137
47 15 5622
47 16 4223
47 17 1135
47 18 5235
47 19 145
47 20 637
47 21 5320
47 22 3775
47 23 5179
47 24 5830
47 25 3476
47 26 4092
47 27 3588
47 28 2621
47 29 6194
47 30 6265
47 31 824
47 32 2291
47 33 1738
47 34 5930
47 35 7335
47 36 1542
47 37 3396
47 38 111
47 39 3113
47 40 859
47 41 3584
47 42 1900
47 43 4689
47 44 4925
47 45 2125
47 46 4986
47 48 4205
47 49 2698
47 50 1875
47 51 4997
47 52 2353
47 53 5654
47 54 5945
47 55 5556
47 56 1455
47 57 6389
47 58 4277
47 59 4768
47 60 1409
47 61 1951
47 62 571
47 63 5214
47 64 3129
47 65 3745
47 66 3315
47 67 2149
47 68 7293
47 69 3664
47 70 649
48 1 170
48 2 6089
48 3 2350
48 4 4291
48 5 4289
48 6 1266
48 7 4337
48 8 599
48 9 6958
48 10 6784
48 11 448
48 12 2783
48 13 2202
48 14 3457
48 15 1905
48 16 980
48 17 628
48 18 7499
48 19 4701
48 20 1788
48 21 3087
48 22 2521
48 23 6776
48 24 3039
48 25 1617
48 26 7107
48 27 1774
48 28 5073
48 29 4900
48 30 1324
48 31 4812
48 32 758
48 33 4004
48 34 491
48 35 3
48 36 3875
48 37 1389
48 38 4306
48 39 7406
48 40 445
48 41 5203
48 42 1502
48 43 3221
48 44 16
48 45 2708
48 46 7447
48 47 2301
48 49 3141
48 50 461
48 51 6447
48 52 5587
48 53 507
48 54 5485
48 55 1074
48 56 233
48 57 1015
48 58 3856
48 59 479
48 60 5748
48 61 7209
48 62 5622
48 63 2836
48 64 3463
48 65 4440
48 66 5329
48 67 5755
48 68 4269
48 69 2048
48 70 7193
49 1 3024
49 2 6832
49 3 6122
49 4 3652
49 5 4112
49 6 1315
49 7 7158
49 8 553
49 9 2223
49 10 7011
49 11 6877
49 12 1734
49 13 4645
49 14 227
49 15 7454
49 16 4790
49 17 7119
49 18 1537
49 19 2699
49 20 2664
49 21 6936
49 22 7292
49 23 3267
49 24 181
49 25 6110
49 26 435
49 27 5755
49 28 4743
49 29 3210
49 30 924
49 31 5079
49 32 425
49 33 1756
49 34 3127
49 35 1746
49 36 4386
49 37 1170
49 38 4822
49 39 3260
49 40 1285
49 41 7286
49 42 2673
49 43 2951
49 44 1866
49 45 1798
49 46 3399
49 47 3112
49 48 1339
49 50 5822
49 51 5348
49 52 1166
49 53 5512
49 54 2179
49 55 1530
49 56 3971
49 57 6165
49 58 4105
49 59 590
49 60 4435
49 61 5714
49 62 580
49 63 2532
49 64 6515
49 65 896
49 66 2550
49 67 3323
49 68 4954
49 69 5883
49 70 5687
50 1 6963
50 2 3294
50 3 231
50 4 3110
50 5 6395
50 6 213
50 7 2642
50 8 7009
50 9 5998
50 10 3323
50 11 4546
50 12 6736
50 13 7113
50 14 7467
50 15 2855
50 16 6428
50 17 1456
50 18 2697
50 19 3865
50 20 6164
50 21 622
50 22 1507
50 23 265
50 24 6192
50 25 5957
50 26 210
50 27 4
50 28 4695
50 29 7261
50 30 2122
50 31 3320
50 32 4637
50 33 6518
50 34 82
50 35 4103
50 36 4485
50 37 6307
50 38 4761
50 39 1992
50 40 1097
50 41 7448
50 42 3813
50 43 2063
50 44 4388
50 45 2318
50 46 5668
50 47 5863
50 48 7086
50 49 4739
50 51 5083
50 52 78
50 53 1083
50 54 1097
50 55 7293
50 56 5549
50 57 5285
50 58 2335
50 59 1681
50 60 2767
50 61 5761
50 62 6611
50 63 3943
50 64 1466
50 65 5864
50 66 6128
50 67 5212
50 68 2155
50 69 5159
50 70 3541
51 1 885
51 2 165
51 3 827
51 4 4041
51 5 2460
51 6 7320
51 7 1634
51 8 5784
51 9 1876
51 10 5251
51 11 3668
51 12 6963
51 13 4253
51 14 2963
51 15 2950
51 16 2195
51 17 7444
51 18 4323
51 19 3049
51 20 4174
51 21 765
51 22 6155
51 23 899
51 24 1219
51 25 1260
51 26 4729
51 27 1061
51 28 6653
51 29 4646
51 30 1729
51 31 3022
51 32 5913
51 33 7035
51 34 3501
51 35 1760
51 36 3026
51 37 2852
51 38 5132
51 39 2303
51 40 3342
51 41 3340
51 42 5125
51 43 5870
51 44 6078
51 45 6118
51 46 6798
51 47 7186
51 48 3301
51 49 3145
51 50 2247
51 52 5919
51 53 5232
51 54 4198
51 55 923
51 56 3259
51 57 4481
51 58 6152
51 59 389
51 60 7285
51 61 1317
51 62 1326
51 63 3881
51 64 3051
51 65 2851
51 66 5468
51 67 4617
51 68 6108
51 69 1509
51 70 3109
52 1 4319
52 2 5391
52 3 5274
52 4 2092
52 5 2497
52 6 2896
52 7 5943
52 8 667
52 9 4823
52 10 4344
52 11 4208
52 12 1560
52 13 3647
52 14 7203
52 15 612
52 16 2935
52 17 6078
52 18 5993
52 19 5273
52 20 433
52 21 1549
52 22 3738
52 23 855
52 24 2441
52 25 45
52 26 3134
52 27 6513
52 28 1421
52 29 4525
52 30 76
52 31 5688
52 32 6773
52 33 3237
52 34 3867
52 35 926
52 36 6319
52 37 4838
52 38 6695
52 39 5403
52 40 1938
52 41 2865
52 42 2046
52 43 7258
52 44 953
52 45 326
52 46 3503
52 47 5485
52 48 851
52 49 3317
52 50 1663
52 51 6663
52 53 5322
52 54 3329
52 55 2948
52 56 1225
52 57 7273
52 58 1477
52 59 3647
52 60 7073
52 61 7482
52 62 4286
52 63 5591
52 64 5767
52 65 7167
52 66 3104
52 67 7370
52 68 6345
52 69 7211
52 70 3951
53 1 1659
53 2 1589
53 3 1558
53 4 3873
53 5 1191
53 6 3734
53 7 4858
53 8 5122
53 9 4201
53 10 5545
53 11 2233
53 12 6416
53 13 1134
53 14 2746
53 15 830
53 16 5224
53 17 4612
53 18 6234
53 19 2476
53 20 503
53 21 3675
53 22 3398
53 23 3402
53 24 6366
53 25 2864
53 26 6818
53 27 1755
53 28 4742
53 29 3356
53 30 2384
53 31 5899
53 32 4864
53 33 6048
53 34 3539
53 35 4050
53 36 5289
53 37 5604
53 38 1186
53 39 39
53 40 555
53 41 3263
53 42 4272
53 43 5171
53 44 3886
53 45 4270
53 46 4283
53 47 4609
53 48 2529
53 49 6672
53 50 6882
53 51 5213
53 52 5471
53 54 4024
53 55 6015
53 56 1225
53 57 6535
53 58 5891
53 59 915
53 60 2269
53 61 2477
53 62 5019
53 63 408
53 64 6987
53 65 4535
53 66 6877
53 67 6790
53 68 6930
53 69 7449
53 70 2589
54 1 6475
54 2 7191
54 3 1719
54 4 867
54 5 17
54 6 5587
54 7 2960
54 8 7019
54 9 5646
54 10 1555
54 11 3186
54 12 7333
54 13 3028
54 14 6548
54 15 6925
54 16 6486
54 17 7236
54 18 6071
54 19 3482
54 20 542
54 21 3236
54 22 5926
54 23 6176
54 24 7171
54 25 1717
54 26 7315
54 27 3939
54 28 2906
54 29 3699
54 30 279
54 31 80
54 32 1919
54 33 3606
54 34 5627
54 35 4905
54 36 6816
54 37 4189
54 38 6697
54 39 1242
54 40 2496
54 41 2059
54 42 4029
54 43 2900
54 44 6857
54 45 4923
54 46 7305
54 47 1778
54 48 4639
54 49 3474
54 50 1479
54 51 485
54 52 6040
54 53 2061
54 55 5667
54 56 4948
54 57 5877
54 58 3266
54 59 6332
54 60 1027
54 61 1274
54 62 7297
54 63 4043
54 64 3845
54 65 6335
54 66 3075
54 67 2320
54 68 1171
54 69 5654
54 70 2713
55 1 4129
55 2 3140
55 3 159
55 4 3677
55 5 6414
55 6 3888
55 7 5699
55 8 4760
55 9 4256
55 10 3505
55 11 1020
55 12 4117
55 13 6759
55 14 6867
55 15 3160
55 16 3536
55 17 2007
55 18 2370
55 19 4974
55 20 6741
55 21 5403
55 22 2982
55 23 3226
55 24 746
55 25 6499
55 26 331
55 27 3109
55 28 5461
55 29 7478
55 30 4829
55 31 577
55 32 4231
55 33 1514
55 34 3491
55 35 3586
55 36 957
55 37 6933
55 38 6310
55 39 5152
55 40 119
55 41 5389
55 42 5911
55 43 4549
55 44 2705
55 45 3272
55 46 4500
55 47 3087
55 48 6966
55 49 2250
55 50 3241
55 51 2536
55 52 5231
55 53 2670
55 54 6662
55 56 2702
55 57 3882
55 58 1112
55 59 5725
55 60 2815
55 61 5095
55 62 2511
55 63 3749
55 64 7412
55 65 6371
55 66 4378
55 67 3568
55 68 5711
55 69 5518
55 70 6805
56 1 1342
56 2 5031
56 3 733
56 4 1139
56 5 1619
56 6 4602
56 7 382
56 8 479
56 9 409
56 10 6150
56 11 3404
56 12 1629
56 13 3988
56 14 4333
56 15 2614
56 16 5573
56 17 1261
56 18 2452
56 19 6850
56 20 1610
56 21 3818
56 22 799
56 23 704
56 24 1591
56 25 607
56 26 5802
56 27 1211
56 28 7188
56 29 5679
56 30 5584
56 31 3771
56 32 531
56 33 6033
56 34 2760
56 35 722
56 36 4921
56 37 4102
56 38 2079
56 39 6935
56 40 2010
56 41 1821
56 42 4715
56 43 5032
56 44 1379
56 45 5195
56 46 4434
56 47 751
56 48 5022
56 49 2559
56 50 5291
56 51 5207
56 52 2191
56 53 1554
56 54 3060
56 55 1021
56 57 4595
56 58 6797
56 59 905
56 60 955
56 61 449
56 62 6154
56 63 2773
56 64 3438
56 65 4431
56 66 4195
56 67 3188
56 68 6952
56 69 635
56 70 5401
57 1 5376
57 2 5313
57 3 2448
57 4 6183
57 5 1800
57 6 2167
57 7 5986
57 8 5932
57 9 7339
57 10 411
57 11 4711
57 12 4820
57 13 6281
57 14 5450
57 15 1453
57 16 5948
57 17 7008
57 18 5247
57 19 6015
57 20 6000
57 21 2428
57 22 652
57 23 5205
57 24 7433
57 25 6735
57 26 1459
57 27 1051
57 28 6940
57 29 2161
57 30 619
57 31 3982
57 32 161
57 33 672
57 34 6383
57 35 7137
57 36 1650
57 37 116
57 38 1885
57 39 2484
57 40 7214
57 41 2562
57 42 4454
57 43 4363
57 44 2389
57 45 912
57 46 1208
57 47 4408
57 48 2797
57 49 7128
57 50 5489
57 51 1224
57 52 5098
57 53 1480
57 54 7089
57 55 6057
57 56 2343
57 58 3552
57 59 4341
57 60 57
57 61 3657
57 62 6638
57 63 4782
57 64 4363
57 65 5529
57 66 2275
57 67 2410
57 68 5721
57 69 3002
57 70 2510
58 1 816
58 2 1669
58 3 772
58 4 898
58 5 1270
58 6 2954
58 7 6253
58 8 2063
58 9 2717
58 10 4694
58 11 5008
58 12 1257
58 13 3021
58 14 6162
58 15 1630
58 16 2239
58 17 7475
58 18 1248
58 19 4673
58 20 4943
58 21 975
58 22 5254
58 23 3659
58 24 6618
58 25 4661
58 26 2932
58 27 3561
58 28 1427
58 29 785
58 30 3738
58 31 5525
58 32 3406
58 33 6334
58 34 293
58 35 6723
58 36 7152
58 37 675
58 38 7498
58 39 763
58 40 2669
58 41 3626
58 42 6581
58 43 6993
58 44 1879
58 45 447
58 46 7259
58 47 6326
58 48 5364
58 49 3132
58 50 3991
58 51 43
58 52 725
58 53 5369
58 54 639
58 55 721
58 56 3627
58 57 159
58 59 857
58 60 329
58 61 6662
58 62 5943
58 63 6516
58 64 6049
58 65 2714
58 66 2771
58 67 440
58 68 5425
58 69 1040
58 70 5768
59 1 7491
59 2 4765
59 3 3594
59 4 2685
59 5 2483
59 6 4333
59 7 4482
59 8 1916
59 9 2367
59 10 766
59 11 7458
59 12 5116
59 13 7128
59 14 5039
59 15 2384
59 16 4769
59 17 1734
59 18 2975
59 19 3457
59 20 5372
59 21 1611
59 22 1431
59 23 1419
59 24 7337
59 25 5105
59 26 2759
59 27 7087
59 28 3796
59 29 3518
59 30 1401
59 31 544
59 32 2088
59 33 1865
59 34 4273
59 35 2011
59 36 6554
59 37 3854
59 38 2673
59 39 1112
59 40 1258
59 41 6011
59 42 4174
59 43 4941
59 44 5175
59 45 5072
59 46 5866
59 47 1733
59 48 2876
59 49 3913
59 50 6187
59 51 6893
59 52 5806
59 53 5084
59 54 7461
59 55 3549
59 56 3044
59 57 5025
59 58 3855
59 60 355
59 61 3449
59 62 6207
59 63 2830
59 64 4044
59 65 3323
59 66 7013
59 67 5112
59 68 3598
59 69 3834
59 70 5647
60 1 131
60 2 1631
60 3 1309
60 4 1956
60 5 4530
60 6 6190
60 7 5761
60 8 2364
60 9 7115
60 10 120
60 11 6969
60 12 4383
60 13 1694
60 14 2787
60 15 337
60 16 708
60 17 691
60 18 4626
60 19 849
60 20 2155
60 21 2496
60 22 6734
60 23 2780
60 24 2322
60 25 4663
60 26 6374
60 27 7075
60 28 7069
60 29 6958
60 30 4131
60 31 6940
60 32 2885
60 33 538
60 34 3912
60 35 549
60 36 4624
60 37 3699
60 38 3584
60 39 3394
60 40 703
60 41 6636
60 42 5580
60 43 2658
60 44 6286
60 45 6258
60 46 4774
60 47 6719
60 48 6254
60 49 7207
60 50 4606
60 51 3299
60 52 1993
60 53 4139
60 54 4823
60 55 5617
60 56 2925
60 57 385
60 58 3258
60 59 3854
60 61 3655
60 62 3676
60 63 6963
60 64 5190
60 65 3724
60 66 489
60 67 7065
60 68 7329
60 69 1468
60 70 4363
61 1 3309
61 2 3190
61 3 3556
61 4 6817
61 5 1490
61 6 5103
61 7 5235
61 8 4506
61 9 2350
61 10 2429
61 11 3196
61 12 3816
61 13 7304
61 14 1335
61 15 6294
61 16 5300
61 17 4912
61 18 7339
61 19 4604
61 20 4856
61 21 6303
61 22 4308
61 23 7033
61 24 2618
61 25 4503
61 26 2049
61 27 3039
61 28 3747
61 29 2568
61 30 6560
61 31 3119
61 32 4573
61 33 2507
61 34 932
61 35 2549
61 36 5904
61 37 4906
61 38 4210
61 39 1068
61 40 524
61 41 1137
61 42 7470
61 43 6271
61 44 895
61 45 1106
61 46 4641
61 47 6183
61 48 5979
61 49 3822
61 50 4273
61 51 1257
61 52 4082
61 53 5472
61 54 2801
61 55 2287
61 56 365
61 57 4624
61 58 5037
61 59 2889
61 60 5259
61 62 5144
61 63 5961
61 64 5138
61 65 5199
61 66 5047
61 67 6823
61 68 5456
61 69 3483
61 70 5716
62 1 2161
62 2 1602
62 3 3780
62 4 3444
62 5 5227
62 6 3208
62 7 547
62 8 3762
62 9 3897
62 10 3600
62 11 6804
62 12 4723
62 13 2754
62 14 832
62 15 4807
62 16 6092
62 17 380
62 18 4635
62 19 2872
62 20 2626
62 21 6397
62 22 885
62 23 6973
62 24 5706
62 25 1142
62 26 4998
62 27 209
62 28 5568
62 29 961
62 30 4428
62 31 5954
62 32 4886
62 33 1157
62 34 2070
62 35 1938
62 36 5766
62 37 2172
62 38 4166
62 39 5965
62 40 6613
62 41 3593
62 42 5264
62 43 4325
62 44 4354
62 45 1368
62 46 7077
62 47 6224
62 48 686
62 49 6094
62 50 5313
62 51 3179
62 52 3564
62 53 2220
62 54 1759
62 55 1551
62 56 2105
62 57 118
62 58 1222
62 59 1193
62 60 224
62 61 6428
62 63 2666
62 64 2623
62 65 6417
62 66 3194
62 67 3193
62 68 2452
62 69 1536
62 70 4682
63 1 28
63 2 741
63 3 4947
63 4 7340
63 5 1116
63 6 6398
63 7 7365
63 8 1005
63 9 4516
63 10 3147
63 11 5609
63 12 2302
63 13 7087
63 14 1788
63 15 2119
63 16 4950
63 17 492
63 18 5701
63 19 644
63 20 7392
63 21 2071
63 22 4122
63 23 7227
63 24 5699
63 25 5857
63 26 2909
63 27 1714
63 28 925
63 29 647
63 30 3653
63 31 3873
63 32 6839
63 33 6784
63 34 154
63 35 3381
63 36 6097
63 37 5252
63 38 4374
63 39 3681
63 40 4420
63 41 277
63 42 6942
63 43 3335
63 44 1771
63 45 7129
63 46 3897
63 47 6718
63 48 6855
63 49 5023
63 50 3216
63 51 2774
63 52 4845
63 53 4648
63 54 6478
63 55 2746
63 56 6074
63 57 940
63 58 5330
63 59 2749
63 60 1244
63 61 6568
63 62 5701
63 64 5492
63 65 5941
63 66 1708
63 67 2076
63 68 5046
63 69 50
63 70 6391
64 1 6576
64 2 5212
64 3 1206
64 4 2019
64 5 4267
64 6 2984
64 7 6306
64 8 1572
64 9 7051
64 10 7500
64 11 1220
64 12 2630
64 13 2184
64 14 111
64 15 1391
64 16 365
64 17 4678
64 18 1505
64 19 3613
64 20 1411
64 21 1101
64 22 6743
64 23 2560
64 24 6239
64 25 4114
64 26 7347
64 27 2959
64 28 5942
64 29 4528
64 30 5137
64 31 2007
64 32 3040
64 33 5519
64 34 4524
64 35 2600
64 36 4508
64 37 7308
64 38 4254
64 39 5892
64 40 1238
64 41 522
64 42 916
64 43 3183
64 44 512
64 45 4072
64 46 7033
64 47 2972
64 48 5555
64 49 1837
64 50 5141
64 51 5354
64 52 2974
64 53 3134
64 54 2613
64 55 3394
64 56 1442
64 57 6194
64 58 2305
64 59 911
64 60 2999
64 61 2883
64 62 4825
64 63 7356
64 65 7303
64 66 5676
64 67 340
64 68 944
64 69 5739
64 70 1029
65 1 1537
65 2 617
65 3 3459
65 4 5881
65 5 343
65 6 1982
65 7 6906
65 8 5479
65 9 7170
65 10 3124
65 11 6355
65 12 2880
65 13 5533
65 14 6693
65 15 7060
65 16 369
65 17 7216
65 18 1008
65 19 6744
65 20 4890
65 21 6016
65 22 6002
65 23 2547
65 24 5646
65 25 5860
65 26 4828
65 27 5197
65 28 2001
65 29 991
65 30 3497
65 31 4598
65 32 6906
65 33 671
65 34 6373
65 35 3296
65 36 5980
65 37 366
65 38 5923
65 39 5153
65 40 2641
65 41 6460
65 42 2219
65 43 361
65 44 1465
65 45 2570
65 46 2102
65 47 5425
65 48 2763
65 49 2921
65 50 407
65 51 7381
65 52 272
65 53 4160
65 54 2351
65 55 1797
65 56 5745
65 57 5110
65 58 2327
65 59 6309
65 60 6467
65 61 624
65 62 1570
65 63 3676
65 64 4758
65 66 3556
65 67 555
65 68 5914
65 69 1764
65 70 6782
66 1 4722
66 2 494
66 3 3954
66 4 1748
66 5 6285
66 6 2825
66 7 3745
66 8 137
66 9 2942
66 10 2277
66 11 3882
66 12 4845
66 13 971
66 14 5053
66 15 1483
66 16 7216
66 17 5568
66 18 843
66 19 2074
66 20 4043
66 21 6251
66 22 3793
66 23 6718
66 24 5113
66 25 2425
66 26 2292
66 27 4087
66 28 1778
66 29 5575
66 30 7381
66 31 1060
66 32 551
66 33 2630
66 34 3870
66 35 822
66 36 2872
66 37 6011
66 38 68
66 39 2442
66 40 5028
66 41 7488
66 42 6138
66 43 6175
66 44 1750
66 45 5991
66 46 143
66 47 1222
66 48 5287
66 49 3363
66 50 2486
66 51 611
66 52 909
66 53 6064
66 54 3993
66 55 6411
66 56 4151
66 57 1268
66 58 1730
66 59 6590
66 60 5862
66 61 3590
66 62 2906
66 63 4501
66 64 5485
66 65 6102
66 67 142
66 68 7478
66 69 2666
66 70 472
67 1 7382
67 2 5681
67 3 5214
67 4 2274
67 5 3686
67 6 4862
67 7 2609
67 8 6582
67 9 549
67 10 4606
67 11 2166
67 12 1298
67 13 116
67 14 7124
67 15 283
67 16 678
67 17 92
67 18 5488
67 19 1776
67 20 3749
67 21 2319
67 22 996
67 23 6994
67 24 5689
67 25 2710
67 26 6787
67 27 1253
67 28 4314
67 29 3082
67 30 6769
67 31 578
67 32 335
67 33 3614
67 34 5322
67 35 3001
67 36 7092
67 37 7140
67 38 933
67 39 967
67 40 3912
67 41 3013
67 42 4374
67 43 891
67 44 6734
67 45 1099
67 46 3804
67 47 6292
67 48 4232
67 49 2226
67 50 5111
67 51 2224
67 52 7334
67 53 5395
67 54 185
67 55 5484
67 56 1738
67 57 6008
67 58 1175
67 59 5692
67 60 5545
67 61 3945
67 62 2903
67 63 7410
67 64 1147
67 65 7246
67 66 5153
67 68 5986
67 69 1784
67 70 4851
68 1 7408
68 2 5250
68 3 2183
68 4 3306
68 5 5491
68 6 7185
68 7 2440
68 8 5092
68 9 3364
68 10 5806
68 11 7168
68 12 1837
68 13 6618
68 14 1206
68 15 4678
68 16 4718
68 17 896
68 18 6368
68 19 2467
68 20 842
68 21 2258
68 22 4436
68 23 4433
68 24 1408
68 25 2352
68 26 7261
68 27 6090
68 28 234
68 29 1860
68 30 4476
68 31 2244
68 32 1259
68 33 7191
68 34 941
68 35 1859
68 36 6080
68 37 6348
68 38 1380
68 39 2271
68 40 2922
68 41 3248
68 42 6120
68 43 6510
68 44 7003
68 45 2854
68 46 1480
68 47 6404
68 48 4313
68 49 6187
68 50 5621
68 51 6335
68 52 1594
68 53 3013
68 54 5353
68 55 3649
68 56 1134
68 57 423
68 58 2099
68 59 5426
68 60 7317
68 61 2238
68 62 465
68 63 3413
68 64 2181
68 65 5403
68 66 5970
68 67 2186
68 69 4152
68 70 5169
69 1 6932
69 2 5642
69 3 1836
69 4 330
69 5 5112
69 6 4053
69 7 3669
69 8 5491
69 9 982
69 10 2546
69 11 4244
69 12 1362
69 13 739
69 14 7092
69 15 4719
69 16 3186
69 17 7161
69 18 2134
69 19 1908
69 20 1852
69 21 6492
69 22 7018
69 23 1433
69 24 7312
69 25 7500
69 26 4131
69 27 1707
69 28 2815
69 29 6128
69 30 6988
69 31 882
69 32 6845
69 33 2883
69 34 2491
69 35 5576
69 36 5070
69 37 5687
69 38 6009
69 39 395
69 40 2776
69 41 3693
69 42 3884
69 43 4234
69 44 2052
69 45 7486
69 46 2012
69 47 5811
69 48 4699
69 49 3866
69 50 4895
69 51 6689
69 52 4271
69 53 6483
69 54 5729
69 55 3727
69 56 4758
69 57 943
69 58 5936
69 59 6068
69 60 4821
69 61 6154
69 62 3779
69 63 1832
69 64 3443
69 65 3809
69 66 4470
69 67 3983
69 68 7206
69 70 3734
70 1 2287
70 2 2059
70 3 6006
70 4 4780
70 5 2854
70 6 2002
70 7 1121
70 8 4800
70 9 4551
70 10 6577
70 11 5793
70 12 6115
70 13 5531
70 14 5374
70 15 2030
70 16 1858
70 17 3597
70 18 5094
70 19 6939
70 20 3580
70 21 5611
70 22 2341
70 23 6806
70 24 2787
70 25 560
70 26 5888
70 27 1593
70 28 7017
70 29 5849
70 30 6437
70 31 1150
70 32 905
70 33 4856
70 34 3911
70 35 4769
70 36 4641
70 37 1017
70 38 7224
70 39 2033
70 40 3926
70 41 5044
70 42 2209
70 43 2
70 44 3503
70 45 5809
70 46 7281
70 47 3873
70 48 3814
70 49 336
70 50 6484
70 51 2547
70 52 3974
70 53 7319
70 54 3614
70 55 3380
70 56 6379
70 57 3830
70 58 4148
70 59 1836
70 60 3847
70 61 394
70 62 3410
70 63 1668
70 64 3124
70 65 3761
70 66 7161
70 67 6489
70 68 1793
70 69 2067
