70 4830
1 2 3485
1 3 6729
1 4 6109
1 5 780
1 6 5919
1 7 739
1 8 1273
1 9 1798
1 10 2229
1 11 4075
1 12 3396
1 13 4744
1 14 7151
1 15 6953
1 16 3627
1 17 4299
1 18 1216
1 19 6864
1 20 2011
1 21 2702
1 22 6408
1 23 1369
1 24 4084
1 25 3326
1 26 5179
1 27 738
1 28 6309
1 29 2788
1 30 7150
1 31 658
1 32 4801
1 33 1143
1 34 3639
1 35 5381
1 36 2255
1 37 6593
1 38 7342
1 39 558
1 40 3840
1 41 4063
1 42 3409
1 43 3115
1 44 4056
1 45 3588
1 46 4671
1 47 2198
1 48 1415
1 49 1593
1 50 3692
1 51 7065
1 52 7151
1 53 1765
1 54 7283
1 55 4232
1 56 1131
1 57 6389
1 58 3838
1 59 5093
1 60 3868
1 61 3735
1 62 5038
1 63 817
1 64 2684
1 65 7066
1 66 5084
1 67 6635
1 68 1966
1 69 4103
1 70 7355
2 1 4018
2 3 6676
2 4 1820
2 5 5271
2 6 4441
2 7 5617
2 8 4656
2 9 2331
2 10 5337
2 11 4056
2 12 3259
2 13 6973
2 14 6285
2 15 2113
2 16 5051
2 17 6259
2 18 3250
2 19 750
2 20 2491
2 21 2580
2 22 2343
2 23 3316
2 24 7245
2 25 3354
2 26 6466
2 27 932
2 28 5011
2 29 3295
2 30 1551
2 31 4944
2 32 3758
2 33 4085
2 34 566
2 35 6546
2 36 4308
2 37 3461
2 38 2874
2 39 3913
2 40 3375
2 41 5434
2 42 2059
2 43 1413
2 44 6499
2 45 5102
2 46 3572
2 47 5197
2 48 320
2 49 5808
2 50 5771
2 51 1707
2 52 4820
2 53 721
2 54 7444
2 55 6307
2 56 3001
2 57 2716
2 58 3303
2 59 4672
2 60 1605
2 61 3197
2 62 3116
2 63 5875
2 64 1163
2 65 4003
2 66 4919
2 67 3477
2 68 1316
2 69 42
2 70 503
3 1 7308
3 2 386
3 4 4846
3 5 4804
3 6 3568
3 7 3501
3 8 3024
3 9 4900
3 10 3819
3 11 5288
3 12 5079
3 13 1698
3 14 1822
3 15 5384
3 16 1490
3 17 4399
3 18 4766
3 19 452
3 20 1485
3 21 5178
3 22 5912
3 23 2923
3 24 1307
3 25 7067
3 26 7366
3 27 3150
3 28 5139
3 29 5092
3 30 2009
3 31 7413
3 32 6776
3 33 1743
3 34 5495
3 35 6215
3 36 6235
3 37 6097
3 38 873
3 39 1830
3 40 70
3 41 649
3 42 4580
3 43 2167
3 44 1117
3 45 2409
3 46 5829
3 47 3742
3 48 3006
3 49 3965
3 50 5677
3 51 2088
3 52 2839
3 53 2788
3 54 2604
3 55 1525
3 56 3562
3 57 3583
3 58 2442
3 59 6045
3 60 1478
3 61 6347
3 62 616
3 63 5716
3 64 1061
3 65 1673
3 66 5104
3 67 944
3 68 2118
3 69 3954
3 70 1088
4 1 3657
4 2 6371
4 3 1700
4 5 4283
4 6 5721
4 7 3781
4 8 3677
4 9 4668
4 10 1264
4 11 2537
4 12 7423
4 13 6853
4 14 6269
4 15 3889
4 16 5285
4 17 668
4 18 1994
4 19 6709
4 20 4431
4 21 3245
4 22 2751
4 23 3722
4 24 4920
4 25 2055
4 26 4531
4 27 4370
4 28 3750
4 29 5906
4 30 6639
4 31 1470
4 32 5272
4 33 3299
4 34 4648
4 35 1905
4 36 6348
4 37 2690
4 38 59
4 39 1054
4 40 400
4 41 6669
4 42 4551
4 43 2949
4 44 5267
4 45 4074
4 46 4657
4 47 2311
4 48 7270
4 49 2044
4 50 1929
4 51 6497
4 52 2653
4 53 3089
4 54 1301
4 55 212
4 56 5516
4 57 4132
4 58 1704
4 59 4228
4 60 5765
4 61 5114
4 62 184
4 63 55
4 64 4848
4 65 2183
4 66 6310
4 67 2669
4 68 6933
4 69 6007
4 70 3223
5 1 1789
5 2 4086
5 3 7073
5 4 6193
5 6 1335
5 7 4632
5 8 4123
5 9 5649
5 10 5133
5 11 1639
5 12 5267
5 13 2806
5 14 7162
5 15 2643
5 16 4888
5 17 6237
5 18 1803
5 19 3940
5 20 955
5 21 2887
5 22 2973
5 23 6971
5 24 893
5 25 4451
5 26 3325
5 27 582
5 28 1589
5 29 743
5 30 1945
5 31 749
5 32 1150
5 33 5787
5 34 3381
5 35 1975
5 36 760
5 37 6874
5 38 439
5 39 3895
5 40 6367
5 41 99
5 42 3693
5 43 3852
5 44 3512
5 45 5042
5 46 1887
5 47 2170
5 48 4407
5 49 6599
5 50 1136
5 51 7132
5 52 3394
5 53 2936
5 54 614
5 55 3196
5 56 1704
5 57 5349
5 58 4781
5 59 1372
5 60 5145
5 61 4458
5 62 2592
5 63 1877
5 64 3842
5 65 2182
5 66 4212
5 67 879
5 68 7174
5 69 4253
5 70 6557
6 1 2094
6 2 5853
6 3 5563
6 4 3738
6 5 6403
6 7 6413
6 8 4295
6 9 2623
6 10 4700
6 11 1453
6 12 475
6 13 3734
6 14 306
6 15 3581
6 16 2494
6 17 4862
6 18 2939
6 19 4460
6 20 6456
6 21 3865
6 22 2252
6 23 3429
6 24 2951
6 25 6225
6 26 5891
6 27 3539
6 28 7415
6 29 4588
6 30 374
6 31 3935
6 32 4312
6 33 2164
6 34 3140
6 35 2453
6 36 793
6 37 137
6 38 561
6 39 3196
6 40 2514
6 41 3535
6 42 4229
6 43 2589
6 44 6311
6 45 2804
6 46 4145
6 47 800
6 48 1751
6 49 6249
6 50 5955
6 51 6131
6 52 7208
6 53 92
6 54 942
6 55 6830
6 56 4225
6 57 7313
6 58 3863
6 59 6351
6 60 7152
6 61 5304
6 62 4107
6 63 5433
6 64 6271
6 65 3665
6 66 7444
6 67 2571
6 68 4346
6 69 777
6 70 427
7 1 7022
7 2 3264
7 3 3685
7 4 1414
7 5 420
7 6 6416
7 8 3549
7 9 3590
7 10 5309
7 11 5105
7 12 5904
7 13 6859
7 14 1581
7 15 5529
7 16 2343
7 17 3212
7 18 1889
7 19 5701
7 20 847
7 21 2748
7 22 1009
7 23 1771
7 24 544
7 25 1375
7 26 2717
7 27 3453
7 28 5281
7 29 7069
7 30 816
7 31 3025
7 32 6685
7 33 6365
7 34 4554
7 35 1863
7 36 4330
7 37 2989
7 38 2633
7 39 1986
7 40 3684
7 41 3545
7 42 5974
7 43 2314
7 44 915
7 45 6119
7 46 4149
7 47 4437
7 48 7403
7 49 46
7 50 2992
7 51 473
7 52 2902
7 53 6329
7 54 4850
7 55 6057
7 56 4691
7 57 7187
7 58 5596
7 59 4945
7 60 5228
7 61 3145
7 62 7494
7 63 5650
7 64 3514
7 65 366
7 66 5478
7 67 1191
7 68 949
7 69 4800
7 70 6848
8 1 2986
8 2 5847
8 3 2602
8 4 5999
8 5 6968
8 6 352
8 7 3198
8 9 5062
8 10 882
8 11 668
8 12 3065
8 13 5347
8 14 1314
8 15 269
8 16 2160
8 17 1906
8 18 4883
8 19 2079
8 20 4327
8 21 3627
8 22 3896
8 23 3345
8 24 4558
8 25 6175
8 26 258
8 27 3421
8 28 4079
8 29 1215
8 30 4615
8 31 5806
8 32 5256
8 33 5944
8 34 7097
8 35 7450
8 36 3001
8 37 3337
8 38 4540
8 39 5134
8 40 2930
8 41 4093
8 42 4153
8 43 3763
8 44 604
8 45 4390
8 46 6568
8 47 3801
8 48 1808
8 49 5848
8 50 2490
8 51 7063
8 52 6608
8 53 2584
8 54 53
8 55 4051
8 56 4283
8 57 5248
8 58 6486
8 59 1848
8 60 4817
8 61 5486
8 62 3785
8 63 1127
8 64 6721
8 65 5079
8 66 5689
8 67 644
8 68 4861
8 69 4470
8 70 7372
9 1 3175
9 2 5729
9 3 1943
9 4 2956
9 5 5932
9 6 3346
9 7 1921
9 8 5185
9 10 3286
9 11 5562
9 12 4777
9 13 1988
9 14 3838
9 15 2726
9 16 4450
9 17 5042
9 18 5007
9 19 3186
9 20 2033
9 21 5365
9 22 1575
9 23 4208
9 24 6272
9 25 4304
9 26 2057
9 27 1543
9 28 195
9 29 2178
9 30 466
9 31 4207
9 32 4217
9 33 5823
9 34 1805
9 35 524
9 36 5016
9 37 440
9 38 6138
9 39 4102
9 40 5411
9 41 1250
9 42 5184
9 43 7427
9 44 4039
9 45 4573
9 46 3261
9 47 6720
9 48 2983
9 49 3365
9 50 5678
9 51 324
9 52 4758
9 53 3572
9 54 7095
9 55 3834
9 56 1432
9 57 2441
9 58 4767
9 59 6016
9 60 5449
9 61 2264
9 62 3613
9 63 4840
9 64 5926
9 65 3479
9 66 508
9 67 6729
9 68 1743
9 69 7163
9 70 2187
10 1 6286
10 2 2652
10 3 5327
10 4 3986
10 5 3838
10 6 904
10 7 4915
10 8 1675
10 9 4656
10 11 7177
10 12 6714
10 13 1191
10 14 3094
10 15 4789
10 16 908
10 17 6057
10 18 3874
10 19 2210
10 20 4127
10 21 318
10 22 6408
10 23 3143
10 24 3823
10 25 333
10 26 3518
10 27 3869
10 28 4573
10 29 5491
10 30 2961
10 31 2423
10 32 1992
10 33 985
10 34 1916
10 35 4461
10 36 5542
10 37 5555
10 38 2636
10 39 41
10 40 2426
10 41 791
10 42 5732
10 43 2557
10 44 1684
10 45 6000
10 46 6237
10 47 4255
10 48 5221
10 49 1403
10 50 5129
10 51 3972
10 52 5554
10 53 2210
10 54 4197
10 55 1646
10 56 3642
10 57 4598
10 58 6388
10 59 1779
10 60 1655
10 61 5770
10 62 6076
10 63 5387
10 64 6380
10 65 856
10 66 5093
10 67 71
10 68 3384
10 69 402
10 70 1271
11 1 1283
11 2 6028
11 3 6840
11 4 1607
11 5 6831
11 6 1411
11 7 2263
11 8 2902
11 9 5913
11 10 4596
11 12 2703
11 13 584
11 14 6879
11 15 945
11 16 5577
11 17 1994
11 18 2642
11 19 3799
11 20 3565
11 21 3046
11 22 2037
11 23 5409
11 24 2143
11 25 606
11 26 7064
11 27 1121
11 28 7074
11 29 828
11 30 4233
11 31 1343
11 32 3589
11 33 1970
11 34 4044
11 35 25
11 36 4567
11 37 4038
11 38 2231
11 39 3874
11 40 5007
11 41 1203
11 42 4711
11 43 427
11 44 7079
11 45 2644
11 46 6349
11 47 3971
11 48 7165
11 49 5783
11 50 5117
11 51 5781
11 52 6904
11 53 7423
11 54 4287
11 55 1335
11 56 1395
11 57 6256
11 58 4118
11 59 4336
11 60 5048
11 61 4
11 62 4521
11 63 3241
11 64 2201
11 65 6429
11 66 2225
11 67 6692
11 68 5154
11 69 3194
11 70 2087
12 1 778
12 2 7298
12 3 6966
12 4 4474
12 5 6510
12 6 1357
12 7 3943
12 8 5524
12 9 7067
12 10 3463
12 11 3040
12 13 4233
12 14 7021
12 15 6034
12 16 1363
12 17 5457
12 18 1989
12 19 5450
12 20 2246
12 21 1682
12 22 2413
12 23 3361
12 24 2528
12 25 7090
12 26 962
12 27 6707
12 28 5411
12 29 2123
12 30 5967
12 31 6912
12 32 4802
12 33 7455
12 34 6580
12 35 2733
12 36 2118
12 37 1380
12 38 470
12 39 6655
12 40 3472
12 41 4131
12 42 145
12 43 5857
12 44 2556
12 45 2170
12 46 5523
12 47 4979
12 48 3882
12 49 336
12 50 2186
12 51 1127
12 52 6993
12 53 4152
12 54 5919
12 55 5419
12 56 5993
12 57 2627
12 58 570
12 59 351
12 60 2114
12 61 5615
12 62 705
12 63 3739
12 64 3149
12 65 5293
12 66 1654
12 67 1449
12 68 2266
12 69 1429
12 70 7021
13 1 503
13 2 6172
13 3 16
13 4 5780
13 5 897
13 6 4497
13 7 6056
13 8 3726
13 9 7054
13 10 6405
13 11 4187
13 12 1148
13 14 4988
13 15 3881
13 16 2609
13 17 1695
13 18 1585
13 19 1941
13 20 2950
13 21 4271
13 22 3206
13 23 3137
13 24 2662
13 25 649
13 26 3711
13 27 6808
13 28 5977
13 29 5531
13 30 3569
13 31 6398
13 32 1467
13 33 6000
13 34 4425
13 35 6965
13 36 994
13 37 3730
13 38 4764
13 39 6812
13 40 6977
13 41 6905
13 42 4144
13 43 675
13 44 4873
13 45 2594
13 46 435
13 47 6981
13 48 5760
13 49 6036
13 50 2346
13 51 1360
13 52 4102
13 53 1934
13 54 7094
13 55 1451
13 56 7013
13 57 3565
13 58 3255
13 59 506
13 60 4295
13 61 5440
13 62 3049
13 63 5857
13 64 5038
13 65 2283
13 66 5453
13 67 4048
13 68 4576
13 69 6341
13 70 6232
14 1 2861
14 2 6256
14 3 651
14 4 5458
14 5 3629
14 6 2633
14 7 4351
14 8 2002
14 9 899
14 10 5260
14 11 1610
14 12 7036
14 13 1225
14 15 4620
14 16 6451
14 17 5711
14 18 6664
14 19 7310
14 20 3770
14 21 5490
14 22 5427
14 23 3860
14 24 5628
14 25 5393
14 26 4289
14 27 3260
14 28 3813
14 29 710
14 30 4665
14 31 3071
14 32 7239
14 33 2962
14 34 6456
14 35 4730
14 36 457
14 37 2446
14 38 1125
14 39 1976
14 40 4237
14 41 10
14 42 2899
14 43 40
14 44 210
14 45 3346
14 46 4902
14 47 5115
14 48 103
14 49 4421
14 50 7136
14 51 986
14 52 4105
14 53 2821
14 54 3829
14 55 2424
14 56 6455
14 57 2293
14 58 972
14 59 1208
14 60 160
14 61 736
14 62 2582
14 63 682
14 64 6307
14 65 2462
14 66 7431
14 67 4003
14 68 5433
14 69 1833
14 70 4921
15 1 6566
15 2 2467
15 3 3394
15 4 4791
15 5 7359
15 6 6116
15 7 2239
15 8 977
15 9 6306
15 10 7176
15 11 793
15 12 981
15 13 5602
15 14 2783
15 16 1621
15 17 6475
15 18 1659
15 19 4775
15 20 2480
15 21 3290
15 22 5948
15 23 1258
15 24 4215
15 25 5716
15 26 5313
15 27 2905
15 28 3780
15 29 4785
15 30 6846
15 31 4736
15 32 4823
15 33 6383
15 34 4320
15 35 944
15 36 5632
15 37 7461
15 38 2135
15 39 60
15 40 1627
15 41 3283
15 42 2374
15 43 2493
15 44 3629
15 45 4815
15 46 2043
15 47 3914
15 48 4859
15 49 6244
15 50 6788
15 51 6429
15 52 111
15 53 7341
15 54 3727
15 55 7493
15 56 898
15 57 700
15 58 1262
15 59 4032
15 60 353
15 61 1671
15 62 5491
15 63 5750
15 64 3361
15 65 106
15 66 6193
15 67 3047
15 68 5423
15 69 5153
15 70 2226
16 1 116
16 2 4688
16 3 2740
16 4 1406
16 5 408
16 6 6221
16 7 6070
16 8 2102
16 9 4057
16 10 262
16 11 1862
16 12 639
16 13 953
16 14 4250
16 15 7069
16 17 1902
16 18 3712
16 19 3345
16 20 2033
16 21 1308
16 22 5984
16 23 5169
16 24 1495
16 25 91
16 26 6046
16 27 597
16 28 6677
16 29 3709
16 30 5236
16 31 221
16 32 2313
16 33 180
16 34 5821
16 35 6695
16 36 1257
16 37 2173
16 38 2516
16 39 460
16 40 4286
16 41 2203
16 42 5722
16 43 4916
16 44 4991
16 45 4265
16 46 6449
16 47 2035
16 48 354
16 49 4368
16 50 2743
16 51 1289
16 52 1365
16 53 5097
16 54 5656
16 55 4797
16 56 2295
16 57 5544
16 58 86
16 59 5282
16 60 5995
16 61 6397
16 62 1475
16 63 6564
16 64 6739
16 65 6625
16 66 2079
16 67 6345
16 68 1844
16 69 3788
16 70 3204
17 1 6570
17 2 830
17 3 1105
17 4 5887
17 5 6135
17 6 1863
17 7 2188
17 8 4292
17 9 5991
17 10 6546
17 11 1083
17 12 4392
17 13 3963
17 14 2077
17 15 5222
17 16 2892
17 18 2597
17 19 2550
17 20 2854
17 21 2120
17 22 135
17 23 4954
17 24 3417
17 25 3567
17 26 5417
17 27 1912
17 28 5041
17 29 2608
17 30 1571
17 31 6119
17 32 5585
17 33 2465
17 34 2478
17 35 1806
17 36 2216
17 37 844
17 38 1146
17 39 6990
17 40 6636
17 41 730
17 42 6746
17 43 1593
17 44 1377
17 45 7336
17 46 3234
17 47 3102
17 48 3495
17 49 4122
17 50 2040
17 51 7469
17 52 710
17 53 5578
17 54 128
17 55 4600
17 56 756
17 57 497
17 58 4061
17 59 1016
17 60 5834
17 61 4144
17 62 3250
17 63 289
17 64 5843
17 65 5219
17 66 4972
17 67 7108
17 68 556
17 69 3834
17 70 5069
18 1 3950
18 2 6671
18 3 1912
18 4 30
18 5 1095
18 6 2812
18 7 1132
18 8 1911
18 9 1796
18 10 4129
18 11 3048
18 12 3716
18 13 5735
18 14 1970
18 15 1005
18 16 4957
18 17 3446
18 19 2156
18 20 6739
18 21 1610
18 22 622
18 23 4295
18 24 2143
18 25 3762
18 26 7197
18 27 4307
18 28 4708
18 29 4545
18 30 782
18 31 3840
18 32 7239
18 33 945
18 34 348
18 35 4470
18 36 1999
18 37 6408
18 38 2363
18 39 3830
18 40 1255
18 41 1429
18 42 5756
18 43 2501
18 44 6138
18 45 1917
18 46 371
18 47 1420
18 48 2035
18 49 996
18 50 4194
18 51 568
18 52 3217
18 53 4761
18 54 5739
18 55 6123
18 56 5009
18 57 1541
18 58 2568
18 59 2172
18 60 5345
18 61 3244
18 62 6625
18 63 2613
18 64 4280
18 65 3460
18 66 4201
18 67 3231
18 68 3440
18 69 5313
18 70 4116
19 1 2821
19 2 1747
19 3 6472
19 4 3459
19 5 1123
19 6 4905
19 7 3761
19 8 720
19 9 3361
19 10 5988
19 11 4155
19 12 6978
19 13 503
19 14 4629
19 15 2100
19 16 3508
19 17 7250
19 18 889
19 20 5310
19 21 7233
19 22 3637
19 23 3828
19 24 4907
19 25 1944
19 26 620
19 27 4208
19 28 6291
19 29 1322
19 30 7210
19 31 17
19 32 5845
19 33 3829
19 34 1860
19 35 5319
19 36 4946
19 37 2910
19 38 3473
19 39 4000
19 40 7239
19 41 7241
19 42 7327
19 43 5241
19 44 2562
19 45 2913
19 46 3149
19 47 828
19 48 3966
19 49 4619
19 50 3017
19 51 6724
19 52 5154
19 53 866
19 54 3204
19 55 6038
19 56 363
19 57 761
19 58 617
19 59 5826
19 60 4875
19 61 2726
19 62 6249
19 63 5150
19 64 4976
19 65 6587
19 66 1939
19 67 6305
19 68 6472
19 69 1453
19 70 5001
20 1 3325
20 2 242
20 3 4821
20 4 2132
20 5 2814
20 6 4539
20 7 1204
20 8 311
20 9 7281
20 10 1171
20 11 5878
20 12 6519
20 13 7233
20 14 2312
20 15 1354
20 16 3096
20 17 4335
20 18 6205
20 19 443
20 21 2971
20 22 4369
20 23 175
20 24 5878
20 25 3973
20 26 4516
20 27 5464
20 28 2195
20 29 6626
20 30 1396
20 31 4059
20 32 5224
20 33 471
20 34 1241
20 35 4388
20 36 556
20 37 4857
20 38 959
20 39 1498
20 40 1163
20 41 4103
20 42 2018
20 43 6862
20 44 2622
20 45 3717
20 46 3919
20 47 2268
20 48 5576
20 49 3393
20 50 2186
20 51 3780
20 52 239
20 53 777
20 54 7313
20 55 3816
20 56 2254
20 57 5035
20 58 2491
20 59 5420
20 60 5362
20 61 2356
20 62 1186
20 63 3804
20 64 6929
20 65 309
20 66 1356
20 67 1544
20 68 3067
20 69 5864
20 70 4588
21 1 3220
21 2 813
21 3 6886
21 4 2788
21 5 906
21 6 1017
21 7 7405
21 8 1152
21 9 479
21 10 6795
21 11 2445
21 12 3034
21 13 589
21 14 5974
21 15 996
21 16 5118
21 17 790
21 18 3749
21 19 3366
21 20 2286
21 22 5094
21 23 3414
21 24 6461
21 25 2354
21 26 4768
21 27 110
21 28 5523
21 29 6572
21 30 3214
21 31 857
21 32 615
21 33 2466
21 34 6287
21 35 2080
21 36 6981
21 37 516
21 38 4420
21 39 4350
21 40 3426
21 41 4515
21 42 2946
21 43 7014
21 44 5605
21 45 4970
21 46 660
21 47 7314
21 48 4598
21 49 6841
21 50 6366
21 51 5883
21 52 5895
21 53 4585
21 54 6441
21 55 388
21 56 3370
21 57 2432
21 58 7187
21 59 1527
21 60 3963
21 61 341
21 62 487
21 63 4566
21 64 5278
21 65 2968
21 66 3124
21 67 2073
21 68 4978
21 69 3540
21 70 6400
22 1 5857
22 2 4048
22 3 323
22 4 6694
22 5 4275
22 6 4210
22 7 109
22 8 881
22 9 513
22 10 4233
22 11 4819
22 12 3343
22 13 229
22 14 1131
22 15 2160
22 16 2705
22 17 3269
22 18 2100
22 19 3880
22 20 2077
22 21 5189
22 23 2531
22 24 3546
22 25 839
22 26 6504
22 27 1269
22 28 2743
22 29 810
22 30 1174
22 31 3970
22 32 102
22 33 5611
22 34 2398
22 35 1392
22 36 2052
22 37 6826
22 38 3899
22 39 1370
22 40 4698
22 41 4813
22 42 1016
22 43 576
22 44 4375
22 45 6046
22 46 6230
22 47 4235
22 48 1818
22 49 6129
22 50 4434
22 51 7111
22 52 2442
22 53 4587
22 54 4710
22 55 2174
22 56 2219
22 57 382
22 58 218
22 59 2502
22 60 2493
22 61 2488
22 62 6481
22 63 450
22 64 5637
22 65 6934
22 66 5474
22 67 3569
22 68 6336
22 69 3260
22 70 6686
23 1 3990
23 2 6538
23 3 3589
23 4 7336
23 5 4591
23 6 691
23 7 2952
23 8 1103
23 9 5951
23 10 1042
23 11 4624
23 12 2879
23 13 2074
23 14 165
23 15 4368
23 16 5301
23 17 3935
23 18 6384
23 19 3629
23 20 382
23 21 5360
23 22 4715
23 24 3625
23 25 3971
23 26 4560
23 27 3551
23 28 4637
23 29 7500
23 30 6090
23 31 1183
23 32 4209
23 33 1051
23 34 6374
23 35 6222
23 36 4389
23 37 3385
23 38 389
23 39 3185
23 40 2758
23 41 112
23 42 531
23 43 2622
23 44 407
23 45 5283
23 46 5671
23 47 6596
23 48 2212
23 49 156
23 50 7264
23 51 1728
23 52 4248
23 53 4091
23 54 4853
23 55 4984
23 56 7235
23 57 2119
23 58 6261
23 59 176
23 60 1818
23 61 2866
23 62 6011
23 63 7003
23 64 7081
23 65 6718
23 66 6155
23 67 175
23 68 3423
23 69 5378
23 70 2243
24 1 3772
24 2 516
24 3 4012
24 4 6282
24 5 5948
24 6 3555
24 7 5418
24 8 5082
24 9 2022
24 10 968
24 11 7307
24 12 7052
24 13 836
24 14 4728
24 15 4564
24 16 2907
24 17 6754
24 18 1750
24 19 3350
24 20 7304
24 21 4861
24 22 6538
24 23 6980
24 25 4443
24 26 3216
24 27 6425
24 28 4359
24 29 6404
24 30 5819
24 31 7106
24 32 1837
24 33 413
24 34 2824
24 35 777
24 36 7436
24 37 3885
24 38 3621
24 39 5227
24 40 1271
24 41 4105
24 42 5588
24 43 3335
24 44 2453
24 45 6674
24 46 7438
24 47 2984
24 48 3709
24 49 460
24 50 2234
24 51 7123
24 52 4133
24 53 2351
24 54 365
24 55 3805
24 56 3820
24 57 4876
24 58 4974
24 59 3672
24 60 2015
24 61 7234
24 62 4273
24 63 1964
24 64 5538
24 65 969
24 66 5795
24 67 7405
24 68 4202
24 69 7419
24 70 3467
25 1 6929
25 2 7459
25 3 5388
25 4 6124
25 5 5940
25 6 4507
25 7 5013
25 8 3928
25 9 654
25 10 1509
25 11 1681
25 12 3896
25 13 897
25 14 2053
25 15 2984
25 16 5844
25 17 7240
25 18 2015
25 19 4103
25 20 6330
25 21 5538
25 22 5649
25 23 3657
25 24 1086
25 26 2231
25 27 5611
25 28 163
25 29 5656
25 30 1250
25 31 7006
25 32 5263
25 33 4661
25 34 322
25 35 145
25 36 1083
25 37 3610
25 38 2539
25 39 1345
25 40 1117
25 41 2956
25 42 5376
25 43 5191
25 44 4481
25 45 4209
25 46 5238
25 47 7169
25 48 673
25 49 1947
25 50 3599
25 51 4995
25 52 7313
25 53 2301
25 54 4633
25 55 4324
25 56 1131
25 57 3190
25 58 1431
25 59 4472
25 60 946
25 61 5082
25 62 4124
25 63 6680
25 64 6625
25 65 6568
25 66 5381
25 67 6295
25 68 1105
25 69 5449
25 70 7498
26 1 3643
26 2 1041
26 3 7118
26 4 6338
26 5 2329
26 6 7135
26 7 5055
26 8 1565
26 9 6687
26 10 4804
26 11 6788
26 12 5239
26 13 2484
26 14 5088
26 15 4980
26 16 5073
26 17 4316
26 18 3144
26 19 2652
26 20 3472
26 21 1105
26 22 2804
26 23 759
26 24 6117
26 25 7447
26 27 3203
26 28 2758
26 29 1128
26 30 853
26 31 3633
26 32 814
26 33 4249
26 34 6221
26 35 2908
26 36 4123
26 37 2015
26 38 3655
26 39 7437
26 40 4181
26 41 7076
26 42 6181
26 43 923
26 44 1545
26 45 5142
26 46 3084
26 47 1589
26 48 4928
26 49 871
26 50 2666
26 51 4865
26 52 5524
26 53 3942
26 54 1168
26 55 2313
26 56 7424
26 57 6409
26 58 6064
26 59 5347
26 60 186
26 61 4194
26 62 3260
26 63 5948
26 64 6727
26 65 7097
26 66 5900
26 67 3303
26 68 7005
26 69 3661
26 70 1265
27 1 5628
27 2 6673
27 3 130
27 4 3068
27 5 4104
27 6 2652
27 7 4207
27 8 5925
27 9 2553
27 10 6669
27 11 4043
27 12 2415
27 13 5382
27 14 3060
27 15 1736
27 16 4945
27 17 6831
27 18 7151
27 19 2627
27 20 2436
27 21 7187
27 22 3426
27 23 3697
27 24 856
27 25 7040
27 26 2742
27 28 4634
27 29 5052
27 30 5334
27 31 3141
27 32 954
27 33 2760
27 34 4634
27 35 3560
27 36 2823
27 37 4444
27 38 4965
27 39 6679
27 40 5122
27 41 6894
27 42 1861
27 43 1506
27 44 1239
27 45 4535
27 46 4193
27 47 6603
27 48 3099
27 49 6352
27 50 4001
27 51 821
27 52 3027
27 53 4272
27 54 5266
27 55 3656
27 56 3881
27 57 2678
27 58 845
27 59 3893
27 60 409
27 61 105
27 62 5129
27 63 6001
27 64 4769
27 65 7092
27 66 3540
27 67 4874
27 68 7015
27 69 1302
27 70 7205
28 1 1253
28 2 972
28 3 2418
28 4 5778
28 5 5251
28 6 7211
28 7 4101
28 8 162
28 9 1460
28 10 5772
28 11 2554
28 12 6788
28 13 3883
28 14 3271
28 15 5097
28 16 2694
28 17 3548
28 18 72
28 19 337
28 20 6608
28 21 1232
28 22 4513
28 23 3197
28 24 2913
28 25 859
28 26 3320
28 27 4695
28 29 7461
28 30 2252
28 31 1238
28 32 1361
28 33 986
28 34 377
28 35 172
28 36 1666
28 37 2477
28 38 2454
28 39 563
28 40 3606
28 41 7227
28 42 3493
28 43 6784
28 44 2374
28 45 1316
28 46 2709
28 47 2566
28 48 1431
28 49 5235
28 50 6643
28 51 6213
28 52 6335
28 53 4063
28 54 6862
28 55 5953
28 56 831
28 57 7157
28 58 1184
28 59 1147
28 60 4174
28 61 2190
28 62 2430
28 63 6249
28 64 452
28 65 2579
28 66 3632
28 67 4971
28 68 6849
28 69 161
28 70 580
29 1 4257
29 2 4777
29 3 5884
29 4 5648
29 5 6663
29 6 6087
29 7 1615
29 8 5121
29 9 6972
29 10 577
29 11 2791
29 12 841
29 13 6717
29 14 202
29 15 6525
29 16 5627
29 17 4267
29 18 4943
29 19 1937
29 20 2287
29 21 339
29 22 1332
29 23 262
29 24 2464
29 25 6736
29 26 1596
29 27 6228
29 28 6773
29 30 3580
29 31 2834
29 32 2627
29 33 1159
29 34 538
29 35 4453
29 36 6718
29 37 6909
29 38 7011
29 39 5446
29 40 1644
29 41 4123
29 42 138
29 43 345
29 44 2007
29 45 6444
29 46 3869
29 47 3691
29 48 3556
29 49 3580
29 50 5340
29 51 2371
29 52 6063
29 53 3377
29 54 5112
29 55 4458
29 56 5273
29 57 7435
29 58 3800
29 59 1191
29 60 2492
29 61 6797
29 62 1088
29 63 792
29 64 4196
29 65 6404
29 66 2455
29 67 6696
29 68 5681
29 69 896
29 70 7439
30 1 2391
30 2 697
30 3 1844
30 4 4318
30 5 1659
30 6 2731
30 7 569
30 8 438
30 9 1065
30 10 2428
30 11 5104
30 12 977
30 13 5698
30 14 2205
30 15 6411
30 16 4532
30 17 4494
30 18 4480
30 19 4953
30 20 4747
30 21 1865
30 22 7205
30 23 3363
30 24 3707
30 25 6535
30 26 1697
30 27 1607
30 28 4287
30 29 4459
30 31 4094
30 32 5268
30 33 4968
30 34 6290
30 35 3660
30 36 4740
30 37 2765
30 38 5776
30 39 6512
30 40 42
30 41 2908
30 42 5505
30 43 1311
30 44 6134
30 45 3412
30 46 2762
30 47 6369
30 48 6676
30 49 4494
30 50 2703
30 51 1744
30 52 3076
30 53 1823
30 54 6920
30 55 537
30 56 1363
30 57 780
30 58 3500
30 59 5485
30 60 3236
30 61 6934
30 62 2208
30 63 2066
30 64 4693
30 65 5649
30 66 458
30 67 1496
30 68 1177
30 69 6135
30 70 4731
31 1 1820
31 2 6806
31 3 2008
31 4 766
31 5 6928
31 6 2314
31 7 5784
31 8 2779
31 9 2979
31 10 7126
31 11 677
31 12 5639
31 13 2317
31 14 6131
31 15 4870
31 16 6006
31 17 2554
31 18 4318
31 19 3914
31 20 4150
31 21 1202
31 22 5974
31 23 6754
31 24 6704
31 25 4641
31 26 2869
31 27 7445
31 28 2205
31 29 727
31 30 4240
31 32 645
31 33 2187
31 34 2416
31 35 6442
31 36 77
31 37 7018
31 38 5053
31 39 4064
31 40 2919
31 41 3638
31 42 6429
31 43 4120
31 44 5315
31 45 7350
31 46 4997
31 47 5216
31 48 7359
31 49 5557
31 50 2560
31 51 598
31 52 870
31 53 4745
31 54 3879
31 55 3697
31 56 2030
31 57 4806
31 58 3726
31 59 2198
31 60 5154
31 61 2595
31 62 3222
31 63 786
31 64 3208
31 65 3914
31 66 578
31 67 7272
31 68 2402
31 69 3078
31 70 4208
32 1 1920
32 2 4004
32 3 955
32 4 2342
32 5 1927
32 6 3138
32 7 4022
32 8 7260
32 9 1989
32 10 5907
32 11 6502
32 12 4207
32 13 7091
32 14 5913
32 15 2970
32 16 5542
32 17 4682
32 18 6893
32 19 2422
32 20 5371
32 21 1085
32 22 4903
32 23 5450
32 24 5395
32 25 472
32 26 15
32 27 3717
32 28 2965
32 29 4152
32 30 22
32 31 4350
32 33 317
32 34 2817
32 35 98
32 36 5456
32 37 5883
32 38 5532
32 39 1311
32 40 1164
32 41 4442
32 42 7386
32 43 6234
32 44 7211
32 45 1666
32 46 5774
32 47 4861
32 48 6808
32 49 3469
32 50 4960
32 51 3976
32 52 2526
32 53 1068
32 54 2040
32 55 327
32 56 5496
32 57 4403
32 58 5019
32 59 7353
32 60 3881
32 61 2522
32 62 6012
32 63 2969
32 64 5667
32 65 3265
32 66 5072
32 67 6660
32 68 3670
32 69 6992
32 70 6799
33 1 6742
33 2 3367
33 3 1673
33 4 4096
33 5 6946
33 6 129
33 7 3088
33 8 2647
33 9 4268
33 10 5330
33 11 6177
33 12 3054
33 13 6561
33 14 1308
33 15 1613
33 16 3541
33 17 1366
33 18 2216
33 19 4545
33 20 1005
33 21 2021
33 22 6768
33 23 496
33 24 1329
33 25 813
33 26 3498
33 27 7500
33 28 3083
33 29 2119
33 30 4
33 31 3176
33 32 1648
33 34 4015
33 35 2522
33 36 5708
33 37 1825
33 38 6336
33 39 1505
33 40 3875
33 41 1150
33 42 4099
33 43 7303
33 44 3590
33 45 617
33 46 5501
33 47 3241
33 48 2067
33 49 5086
33 50 4762
33 51 5605
33 52 2222
33 53 3450
33 54 4199
33 55 4884
33 56 1413
33 57 7481
33 58 6939
33 59 1631
33 60 2639
33 61 4325
33 62 107
33 63 4294
33 64 2629
33 65 6916
33 66 4698
33 67 7172
33 68 3511
33 69 472
33 70 7257
34 1 4407
34 2 4252
34 3 4738
34 4 907
34 5 1730
34 6 4004
34 7 4637
34 8 2603
34 9 2343
34 10 578
34 11 3561
34 12 1294
34 13 1069
34 14 3158
34 15 2850
34 16 4508
34 17 5121
34 18 6624
34 19 2379
34 20 4281
34 21 4906
34 22 1978
34 23 3670
34 24 3530
34 25 1544
34 26 7217
34 27 3591
34 28 5744
34 29 5127
34 30 6274
34 31 7210
34 32 2390
34 33 5776
34 35 4960
34 36 534
34 37 225
34 38 3525
34 39 4553
34 40 2993
34 41 85
34 42 2426
34 43 7160
34 44 1909
34 45 3011
34 46 1045
34 47 4525
34 48 670
34 49 5515
34 50 2185
34 51 2855
34 52 6600
34 53 4649
34 54 5931
34 55 7307
34 56 6789
34 57 5339
34 58 5265
34 59 1287
34 60 4550
34 61 3173
34 62 1912
34 63 4939
34 64 6354
34 65 5900
34 66 1371
34 67 7028
34 68 900
34 69 6648
34 70 5649
35 1 6325
35 2 6225
35 3 1622
35 4 5416
35 5 375
35 6 677
35 7 2382
35 8 5958
35 9 4250
35 10 2289
35 11 471
35 12 7301
35 13 416
35 14 1196
35 15 4260
35 16 1697
35 17 4721
35 18 1579
35 19 7151
35 20 3767
35 21 6233
35 22 3919
35 23 1439
35 24 2643
35 25 1244
35 26 6330
35 27 936
35 28 242
35 29 3473
35 30 2097
35 31 6292
35 32 2997
35 33 5864
35 34 6582
35 36 3535
35 37 7150
35 38 2872
35 39 7483
35 40 6936
35 41 2626
35 42 2298
35 43 6264
35 44 2914
35 45 2265
35 46 4271
35 47 5082
35 48 4454
35 49 6728
35 50 2322
35 51 4893
35 52 4830
35 53 1041
35 54 625
35 55 2880
35 56 2232
35 57 3234
35 58 270
35 59 3838
35 60 5666
35 61 6672
35 62 924
35 63 6904
35 64 3994
35 65 5005
35 66 3010
35 67 353
35 68 335
35 69 2429
35 70 6808
36 1 2937
36 2 2164
36 3 484
36 4 4435
36 5 3961
36 6 2654
36 7 80
36 8 7480
36 9 1793
36 10 212
36 11 3288
36 12 5507
36 13 935
36 14 5226
36 15 7230
36 16 4231
36 17 3768
36 18 2558
36 19 5534
36 20 2710
36 21 1056
36 22 2676
36 23 170
36 24 4041
36 25 7171
36 26 2046
36 27 2020
36 28 510
36 29 5031
36 30 2985
36 31 189
36 32 1024
36 33 6446
36 34 1162
36 35 3770
36 37 6288
36 38 6394
36 39 1039
36 40 5351
36 41 4222
36 42 924
36 43 808
36 44 6782
36 45 5403
36 46 3277
36 47 3862
36 48 5864
36 49 4948
36 50 3547
36 51 5600
36 52 3556
36 53 686
36 54 3778
36 55 6600
36 56 6508
36 57 6129
36 58 5133
36 59 4305
36 60 5985
36 61 1724
36 62 6940
36 63 4686
36 64 3434
36 65 7125
36 66 6722
36 67 2262
36 68 3511
36 69 2003
36 70 4861
37 1 5424
37 2 859
37 3 4534
37 4 3228
37 5 7003
37 6 7436
37 7 6092
37 8 2158
37 9 4018
37 10 6027
37 11 333
37 12 5628
37 13 2059
37 14 3660
37 15 1620
37 16 1293
37 17 1831
37 18 6701
37 19 1173
37 20 1358
37 21 1650
37 22 305
37 23 1020
37 24 4194
37 25 214
37 26 2129
37 27 1966
37 28 2311
37 29 3640
37 30 3373
37 31 1488
37 32 2637
37 33 2674
37 34 4817
37 35 3678
37 36 1595
37 38 6275
37 39 3243
37 40 5614
37 41 3230
37 42 3643
37 43 4938
37 44 681
37 45 3167
37 46 4149
37 47 3141
37 48 3973
37 49 2271
37 50 5957
37 51 6394
37 52 6955
37 53 3764
37 54 7436
37 55 4052
37 56 6072
37 57 5309
37 58 2074
37 59 4273
37 60 2999
37 61 3491
37 62 2923
37 63 7397
37 64 818
37 65 2509
37 66 4939
37 67 6142
37 68 3909
37 69 3965
37 70 7457
38 1 1051
38 2 2574
38 3 958
38 4 6039
38 5 7468
38 6 5804
38 7 2188
38 8 5286
38 9 3012
38 10 1652
38 11 4316
38 12 2787
38 13 6390
38 14 4239
38 15 2060
38 16 2327
38 17 5469
38 18 5302
38 19 2603
38 20 4982
38 21 4461
38 22 5011
38 23 4375
38 24 585
38 25 846
38 26 6795
38 27 3474
38 28 492
38 29 5147
38 30 3967
38 31 4358
38 32 2584
38 33 2443
38 34 3596
38 35 1367
38 36 2627
38 37 6515
38 39 2783
38 40 1076
38 41 7224
38 42 2242
38 43 5565
38 44 3960
38 45 3551
38 46 7055
38 47 6243
38 48 4781
38 49 2628
38 50 7109
38 51 7190
38 52 5447
38 53 6134
38 54 3042
38 55 2774
38 56 3795
38 57 2584
38 58 4290
38 59 6245
38 60 7461
38 61 2336
38 62 1812
38 63 690
38 64 3278
38 65 1622
38 66 3051
38 67 765
38 68 3710
38 69 6572
38 70 6214
39 1 5402
39 2 3168
39 3 5873
39 4 1343
39 5 2759
39 6 4376
39 7 6203
39 8 246
39 9 6101
39 10 4770
39 11 883
39 12 2546
39 13 5617
39 14 1637
39 15 1245
39 16 2663
39 17 6582
39 18 2541
39 19 2553
39 20 5820
39 21 6436
39 22 3832
39 23 3673
39 24 3985
39 25 3643
39 26 7080
39 27 1804
39 28 1237
39 29 1081
39 30 4652
39 31 234
39 32 3583
39 33 5900
39 34 3917
39 35 6817
39 36 6535
39 37 7144
39 38 6127
39 40 4139
39 41 7226
39 42 3359
39 43 7397
39 44 712
39 45 1912
39 46 691
39 47 3583
39 48 5839
39 49 1396
39 50 3899
39 51 940
39 52 3759
39 53 373
39 54 5619
39 55 4471
39 56 1883
39 57 5138
39 58 927
39 59 98
39 60 1951
39 61 4859
39 62 4723
39 63 729
39 64 2320
39 65 1851
39 66 6007
39 67 2011
39 68 2140
39 69 4627
39 70 4223
40 1 5119
40 2 1738
40 3 1599
40 4 4156
40 5 4883
40 6 3494
40 7 2621
40 8 2802
40 9 1633
40 10 4951
40 11 6756
40 12 1752
40 13 7368
40 14 1609
40 15 6973
40 16 2435
40 17 1743
40 18 2049
40 19 6709
40 20 3204
40 21 5383
40 22 4213
40 23 5085
40 24 2695
40 25 4224
40 26 5113
40 27 606
40 28 4650
40 29 6690
40 30 4996
40 31 3584
40 32 898
40 33 1358
40 34 5667
40 35 933
40 36 4423
40 37 610
40 38 4397
40 39 5708
40 41 2728
40 42 2866
40 43 249
40 44 5658
40 45 3206
40 46 5954
40 47 742
40 48 2507
40 49 6392
40 50 2914
40 51 2177
40 52 2499
40 53 5971
40 54 7296
40 55 5337
40 56 6297
40 57 2077
40 58 3163
40 59 4113
40 60 6607
40 61 5183
40 62 4661
40 63 1189
40 64 2094
40 65 2195
40 66 6676
40 67 5966
40 68 1378
40 69 3712
40 70 5186
41 1 3562
41 2 7264
41 3 4399
41 4 3202
41 5 1896
41 6 1110
41 7 6225
41 8 1429
41 9 3947
41 10 6453
41 11 7037
41 12 4794
41 13 6899
41 14 6527
41 15 4530
41 16 4506
41 17 2493
41 18 4853
41 19 4218
41 20 2096
41 21 5779
41 22 4976
41 23 229
41 24 2903
41 25 5811
41 26 3762
41 27 7289
41 28 3379
41 29 819
41 30 5112
41 31 1766
41 32 6257
41 33 5949
41 34 1125
41 35 2374
41 36 6555
41 37 3838
41 38 7220
41 39 90
41 40 5653
41 42 4931
41 43 1540
41 44 5977
41 45 3196
41 46 4081
41 47 5273
41 48 7160
41 49 6390
41 50 4844
41 51 3158
41 52 6139
41 53 6764
41 54 3819
41 55 1727
41 56 4476
41 57 5549
41 58 7036
41 59 6244
41 60 3927
41 61 3714
41 62 2733
41 63 6528
41 64 6728
41 65 6661
41 66 2965
41 67 7063
41 68 4413
41 69 4209
41 70 4414
42 1 777
42 2 556
42 3 6936
42 4 3274
42 5 5499
42 6 6219
42 7 3134
42 8 2200
42 9 273
42 10 5180
42 11 6730
42 12 2799
42 13 6825
42 14 3011
42 15 223
42 16 2082
42 17 259
42 18 1175
42 19 3057
42 20 4137
42 21 2090
42 22 5436
42 23 2615
42 24 6729
42 25 4914
42 26 3891
42 27 4121
42 28 2334
42 29 289
42 30 721
42 31 1368
42 32 3714
42 33 1195
42 34 3400
42 35 6325
42 36 6403
42 37 5721
42 38 975
42 39 1339
42 40 6387
42 41 2643
42 43 215
42 44 241
42 45 4776
42 46 2031
42 47 3793
42 48 4666
42 49 3850
42 50 3145
42 51 2406
42 52 217
42 53 4086
42 54 7358
42 55 6972
42 56 5842
42 57 6531
42 58 5662
42 59 1570
42 60 1598
42 61 4627
42 62 2662
42 63 6230
42 64 3875
42 65 1127
42 66 3934
42 67 638
42 68 2219
42 69 3542
42 70 3125
43 1 5230
43 2 6431
43 3 6743
43 4 3545
43 5 5653
43 6 3036
43 7 3953
43 8 5009
43 9 4384
43 10 520
43 11 1669
43 12 7012
43 13 5374
43 14 7003
43 15 4402
43 16 6886
43 17 3904
43 18 6901
43 19 511
43 20 54
43 21 2115
43 22 7165
43 23 4085
43 24 3528
43 25 4328
43 26 123
43 27 7094
43 28 6403
43 29 1861
43 30 6170
43 31 1381
43 32 778
43 33 946
43 34 7346
43 35 1307
43 36 7064
43 37 1463
43 38 6223
43 39 583
43 40 7062
43 41 6517
43 42 7421
43 44 954
43 45 6659
43 46 235
43 47 6552
43 48 5001
43 49 6436
43 50 450
43 51 2952
43 52 4642
43 53 6174
43 54 2032
43 55 1698
43 56 1587
43 57 6062
43 58 1454
43 59 5830
43 60 4998
43 61 2384
43 62 3015
43 63 6475
43 64 1244
43 65 139
43 66 1793
43 67 2497
43 68 2069
43 69 6850
43 70 7386
44 1 7018
44 2 1392
44 3 3302
44 4 5994
44 5 3934
44 6 5649
44 7 750
44 8 4832
44 9 5780
44 10 3973
44 11 216
44 12 182
44 13 774
44 14 5084
44 15 2085
44 16 6579
44 17 309
44 18 4989
44 19 7400
44 20 680
44 21 2854
44 22 5286
44 23 4392
44 24 3705
44 25 6668
44 26 2656
44 27 4381
44 28 4774
44 29 5688
44 30 4691
44 31 873
44 32 5406
44 33 6916
44 34 3739
44 35 637
44 36 1666
44 37 6708
44 38 4416
44 39 3814
44 40 3831
44 41 4541
44 42 6155
44 43 2853
44 45 5228
44 46 6103
44 47 1562
44 48 4327
44 49 7115
44 50 2416
44 51 7039
44 52 7143
44 53 6281
44 54 1341
44 55 4703
44 56 7416
44 57 2584
44 58 4897
44 59 4610
44 60 571
44 61 6705
44 62 2724
44 63 2182
44 64 979
44 65 1923
44 66 7078
44 67 526
44 68 40
44 69 3863
44 70 5485
45 1 3923
45 2 6511
45 3 6440
45 4 3605
45 5 4924
45 6 3233
45 7 4068
45 8 3395
45 9 4017
45 10 5498
45 11 3970
45 12 1522
45 13 160
45 14 3125
45 15 6710
45 16 2306
45 17 3437
45 18 7026
45 19 3474
45 20 2850
45 21 2447
45 22 5530
45 23 2378
45 24 4945
45 25 1379
45 26 1129
45 27 849
45 28 1299
45 29 758
45 30 410
45 31 3177
45 32 2639
45 33 4987
45 34 5164
45 35 7057
45 36 2134
45 37 1503
45 38 6658
45 39 6726
45 40 1144
45 41 2213
45 42 2661
45 43 5754
45 44 1734
45 46 695
45 47 1566
45 48 7496
45 49 7308
45 50 3605
45 51 5878
45 52 6639
45 53 2409
45 54 6064
45 55 7437
45 56 1638
45 57 7345
45 58 6751
45 59 1578
45 60 2708
45 61 1489
45 62 5162
45 63 4652
45 64 3762
45 65 3257
45 66 961
45 67 80
45 68 4431
45 69 1696
45 70 6473
46 1 3166
46 2 3357
46 3 3090
46 4 1356
46 5 6946
46 6 5282
46 7 2835
46 8 1241
46 9 1854
46 10 7074
46 11 3324
46 12 2115
46 13 5787
46 14 3955
46 15 6055
46 16 5530
46 17 5909
46 18 1786
46 19 3218
46 20 7247
46 21 4343
46 22 197
46 23 5375
46 24 2483
46 25 1771
46 26 5223
46 27 7400
46 28 5172
46 29 1691
46 30 7116
46 31 2409
46 32 3355
46 33 5824
46 34 5996
46 35 3899
46 36 1018
46 37 7357
46 38 69
46 39 4293
46 40 1103
46 41 5298
46 42 3035
46 43 1042
46 44 3941
46 45 4088
46 47 3464
46 48 3111
46 49 603
46 50 3988
46 51 5568
46 52 6279
46 53 6938
46 54 1019
46 55 2705
46 56 519
46 57 7281
46 58 4406
46 59 3345
46 60 7234
46 61 3544
46 62 836
46 63 5626
46 64 3172
46 65 6134
46 66 474
46 67 2491
46 68 6416
46 69 3160
46 70 6087
47 1 798
47 2 3898
47 3 3317
47 4 7092
47 5 5307
47 6 1418
47 7 2017
47 8 7474
47 9 1710
47 10 5414
47 11 2573
47 12 2732
47 13 409
47 14 2167
47 15 5896
47 16 6179
47 17 2577
47 18 7171
47 19 5364
47 20 7247
47 21 5652
47 22 5311
47 23 6528
47 24 7270
47 25 7425
47 26 3738
47 27 5440
47 28 84
47 29 4121
47 30 2260
47 31 7114
47 32 7355
47 33 3273
47 34 2394
47 35 6262
47 36 1559
47 37 1648
47 38 1589
47 39 167
47 40 5525
47 41 4671
47 42 2961
47 43 3456
47 44 4955
47 45 2730
47 46 6746
47 48 5721
47 49 305
47 50 7369
47 51 4063
47 52 4450
47 53 4875
47 54 5394
47 55 4485
47 56 6026
47 57 3326
47 58 4718
47 59 827
47 60 2454
47 61 1606
47 62 2927
47 63 3032
47 64 5332
47 65 5283
47 66 7201
47 67 5325
47 68 1170
47 69 2181
47 70 6098
48 1 2705
48 2 7145
48 3 4080
48 4 1390
48 5 2580
48 6 3131
48 7 2721
48 8 3795
48 9 7381
48 10 6728
48 11 7
48 12 5980
48 13 7474
48 14 4801
48 15 3540
48 16 3894
48 17 7408
48 18 2043
48 19 2533
48 20 867
48 21 6751
48 22 6592
48 23 6616
48 24 3775
48 25 5968
48 26 5701
48 27 4200
48 28 4197
48 29 3124
48 30 3059
48 31 5120
48 32 7246
48 33 1802
48 34 1520
48 35 3238
48 36 3428
48 37 7177
48 38 2857
48 39 2051
48 40 7162
48 41 4060
48 42 1522
48 43 393
48 44 5594
48 45 3345
48 46 3518
48 47 7117
48 49 6716
48 50 2021
48 51 1384
48 52 340
48 53 3948
48 54 3956
48 55 3845
48 56 3883
48 57 1250
48 58 5002
48 59 4300
48 60 2222
48 61 3697
48 62 1483
48 63 180
48 64 2948
48 65 5193
48 66 1862
48 67 6404
48 68 7243
48 69 7447
48 70 5433
49 1 6843
49 2 7060
49 3 218
49 4 1325
49 5 2362
49 6 6117
49 7 5611
49 8 283
49 9 5952
49 10 430
49 11 128
49 12 4063
49 13 4676
49 14 2915
49 15 1391
49 16 387
49 17 33
49 18 1498
49 19 6646
49 20 32
49 21 4316
49 22 4166
49 23 1731
49 24 3259
49 25 1024
49 26 6965
49 27 81
49 28 3204
49 29 1574
49 30 1802
49 31 6863
49 32 1109
49 33 1091
49 34 594
49 35 1485
49 36 7047
49 37 6449
49 38 3155
49 39 4873
49 40 4054
49 41 1996
49 42 3295
49 43 1639
49 44 2358
49 45 6330
49 46 1879
49 47 4578
49 48 1402
49 50 4243
49 51 5713
49 52 866
49 53 6814
49 54 7472
49 55 6048
49 56 6262
49 57 3582
49 58 5170
49 59 5628
49 60 4309
49 61 5111
49 62 3976
49 63 3707
49 64 3597
49 65 4817
49 66 2587
49 67 2085
49 68 3150
49 69 2393
49 70 1543
50 1 1465
50 2 1680
50 3 4622
50 4 835
50 5 4368
50 6 5399
50 7 4561
50 8 3333
50 9 2629
50 10 1086
50 11 3961
50 12 3551
50 13 7128
50 14 6592
50 15 6748
50 16 1988
50 17 3426
50 18 4401
50 19 3950
50 20 294
50 21 5684
50 22 3710
50 23 3504
50 24 3225
50 25 2491
50 26 2937
50 27 1004
50 28 5078
50 29 5789
50 30 6048
50 31 6357
50 32 3381
50 33 1182
50 34 3958
50 35 4074
50 36 4399
50 37 3869
50 38 4694
50 39 4366
50 40 1662
50 41 6335
50 42 2717
50 43 2188
50 44 2019
50 45 2536
50 46 6677
50 47 3666
50 48 4168
50 49 6556
50 51 4375
50 52 1738
50 53 5092
50 54 5571
50 55 6071
50 56 1471
50 57 4487
50 58 3730
50 59 4290
50 60 6218
50 61 5316
50 62 1880
50 63 455
50 64 6705
50 65 4654
50 66 3264
50 67 7295
50 68 1016
50 69 5549
50 70 1405
51 1 5001
51 2 1404
51 3 695
51 4 849
51 5 1471
51 6 2565
51 7 5760
51 8 1942
51 9 2805
51 10 1427
51 11 6874
51 12 4865
51 13 1607
51 14 2999
51 15 1869
51 16 3201
51 17 2128
51 18 3218
51 19 4004
51 20 1564
51 21 912
51 22 7173
51 23 260
51 24 7114
51 25 6789
51 26 6334
51 27 7188
51 28 6285
51 29 1126
51 30 7421
51 31 7321
51 32 5995
51 33 7148
51 34 1567
51 35 321
51 36 6208
51 37 7147
51 38 4581
51 39 4044
51 40 7304
51 41 4529
51 42 1233
51 43 6487
51 44 4450
51 45 6876
51 46 6307
51 47 5931
51 48 5734
51 49 3757
51 50 4593
51 52 2002
51 53 527
51 54 2308
51 55 439
51 56 5144
51 57 5377
51 58 5401
51 59 6113
51 60 1494
51 61 5865
51 62 3049
51 63 3011
51 64 3323
51 65 3685
51 66 4098
51 67 1291
51 68 4560
51 69 17
51 70 5886
52 1 7282
52 2 1988
52 3 1601
52 4 462
52 5 2399
52 6 3954
52 7 2899
52 8 3243
52 9 5163
52 10 6029
52 11 3442
52 12 438
52 13 1386
52 14 14
52 15 316
52 16 2080
52 17 2609
52 18 4249
52 19 1954
52 20 5906
52 21 5999
52 22 3124
52 23 5220
52 24 5627
52 25 5393
52 26 4961
52 27 6690
52 28 7129
52 29 3742
52 30 3728
52 31 5828
52 32 2818
52 33 6450
52 34 6226
52 35 6791
52 36 2954
52 37 4422
52 38 5757
52 39 6528
52 40 3353
52 41 1650
52 42 3776
52 43 3590
52 44 5891
52 45 5643
52 46 4121
52 47 5289
52 48 716
52 49 240
52 50 534
52 51 2119
52 53 4844
52 54 7287
52 55 3338
52 56 788
52 57 7376
52 58 6185
52 59 455
52 60 5696
52 61 4927
52 62 52
52 63 6613
52 64 5940
52 65 1178
52 66 1201
52 67 3759
52 68 6857
52 69 4283
52 70 4482
53 1 978
53 2 613
53 3 3124
53 4 5490
53 5 5660
53 6 6515
53 7 3356
53 8 6601
53 9 1426
53 10 787
53 11 3668
53 12 3413
53 13 1144
53 14 408
53 15 4496
53 16 1499
53 17 2997
53 18 6655
53 19 1222
53 20 992
53 21 4821
53 22 7472
53 23 5127
53 24 4638
53 25 2140
53 26 2152
53 27 4445
53 28 961
53 29 590
53 30 538
53 31 7331
53 32 6077
53 33 5028
53 34 1137
53 35 682
53 36 3805
53 37 3561
53 38 2414
53 39 5115
53 40 210
53 41 4164
53 42 4050
53 43 5779
53 44 6979
53 45 5369
53 46 5229
53 47 761
53 48 554
53 49 7358
53 50 6633
53 51 6364
53 52 2401
53 54 4549
53 55 3523
53 56 748
53 57 1595
53 58 4481
53 59 531
53 60 6337
53 61 52
53 62 5917
53 63 3713
53 64 2298
53 65 6982
53 66 5365
53 67 2286
53 68 6320
53 69 6361
53 70 41
54 1 4490
54 2 6318
54 3 6248
54 4 4308
54 5 7308
54 6 5772
54 7 2257
54 8 4767
54 9 4084
54 10 548
54 11 7266
54 12 3467
54 13 484
54 14 5997
54 15 5126
54 16 2414
54 17 3128
54 18 7207
54 19 2629
54 20 2823
54 21 1383
54 22 552
54 23 5149
54 24 3777
54 25 3706
54 26 2795
54 27 6418
54 28 4198
54 29 3235
54 30 550
54 31 1684
54 32 6740
54 33 4777
54 34 3231
54 35 914
54 36 3545
54 37 4200
54 38 3829
54 39 2725
54 40 6410
54 41 5182
54 42 2688
54 43 3406
54 44 1631
54 45 4291
54 46 148
54 47 437
54 48 2424
54 49 1013
54 50 45
54 51 6277
54 52 4931
54 53 6771
54 55 1069
54 56 3361
54 57 1630
54 58 6396
54 59 7103
54 60 484
54 61 4000
54 62 2172
54 63 4341
54 64 72
54 65 6366
54 66 1302
54 67 30
54 68 1838
54 69 1645
54 70 872
55 1 132
55 2 6784
55 3 4369
55 4 1351
55 5 1217
55 6 2937
55 7 1566
55 8 7287
55 9 1350
55 10 1618
55 11 5663
55 12 5186
55 13 3539
55 14 5072
55 15 1812
55 16 5026
55 17 2388
55 18 1861
55 19 4355
55 20 6264
55 21 5597
55 22 2667
55 23 877
55 24 2465
55 25 1141
55 26 4995
55 27 5049
55 28 7183
55 29 1853
55 30 241
55 31 1056
55 32 5418
55 33 1961
55 34 3121
55 35 7087
55 36 6741
55 37 4458
55 38 5290
55 39 4086
55 40 5820
55 41 4942
55 42 2782
55 43 6919
55 44 486
55 45 3466
55 46 7236
55 47 2527
55 48 2315
55 49 269
55 50 1131
55 51 1559
55 52 5053
55 53 7156
55 54 444
55 56 2301
55 57 3716
55 58 2706
55 59 678
55 60 3793
55 61 801
55 62 2893
55 63 589
55 64 7134
55 65 4711
55 66 360
55 67 5143
55 68 3870
55 69 2063
55 70 5969
56 1 2121
56 2 5097
56 3 3923
56 4 4200
56 5 2423
56 6 6721
56 7 1672
56 8 932
56 9 194
56 10 3935
56 11 6606
56 12 5973
56 13 4284
56 14 4223
56 15 4386
56 16 6175
56 17 5494
56 18 7345
56 19 6313
56 20 4274
56 21 7435
56 22 6907
56 23 4492
56 24 2667
56 25 5802
56 26 136
56 27 525
56 28 6295
56 29 1636
56 30 2964
56 31 3088
56 32 4092
56 33 6120
56 34 4612
56 35 2659
56 36 7111
56 37 3203
56 38 3117
56 39 5554
56 40 4825
56 41 94
56 42 152
56 43 6815
56 44 5201
56 45 6115
56 46 2999
56 47 569
56 48 5287
56 49 5641
56 50 6096
56 51 973
56 52 3486
56 53 7105
56 54 3789
56 55 1908
56 57 5772
56 58 2917
56 59 3133
56 60 6660
56 61 5172
56 62 1951
56 63 243
56 64 1356
56 65 2878
56 66 4465
56 67 3997
56 68 6278
56 69 1434
56 70 4464
57 1 2344
57 2 3091
57 3 7288
57 4 1993
57 5 4910
57 6 2209
57 7 7394
57 8 6716
57 9 3694
57 10 6400
57 11 6925
57 12 1132
57 13 2797
57 14 3287
57 15 1638
57 16 96
57 17 996
57 18 5798
57 19 1150
57 20 4226
57 21 6664
57 22 7371
57 23 4049
57 24 6028
57 25 1629
57 26 767
57 27 4872
57 28 4906
57 29 5137
57 30 408
57 31 5728
57 32 3388
57 33 3209
57 34 4530
57 35 1629
57 36 1715
57 37 2771
57 38 4350
57 39 4057
57 40 2728
57 41 3072
57 42 5435
57 43 3695
57 44 638
57 45 5920
57 46 5494
57 47 5698
57 48 1022
57 49 3860
57 50 6912
57 51 4459
57 52 1854
57 53 5569
57 54 4037
57 55 6207
57 56 5267
57 58 647
57 59 7189
57 60 899
57 61 169
57 62 161
57 63 4234
57 64 13
57 65 5040
57 66 2997
57 67 2937
57 68 4917
57 69 2083
57 70 1847
58 1 2092
58 2 2711
58 3 5174
58 4 3817
58 5 1527
58 6 4161
58 7 5610
58 8 40
58 9 2809
58 10 5635
58 11 4568
58 12 5555
58 13 876
58 14 2926
58 15 1724
58 16 4891
58 17 3465
58 18 3840
58 19 2250
58 20 5136
58 21 3892
58 22 4882
58 23 1248
58 24 3414
58 25 2161
58 26 137
58 27 6251
58 28 3160
58 29 2517
58 30 6495
58 31 5744
58 32 7492
58 33 971
58 34 2810
58 35 1493
58 36 5
58 37 3680
58 38 6765
58 39 2980
58 40 6031
58 41 6137
58 42 1769
58 43 6877
58 44 1834
58 45 1089
58 46 4394
58 47 142
58 48 3870
58 49 384
58 50 4727
58 51 7328
58 52 4114
58 53 3940
58 54 1826
58 55 3507
58 56 5954
58 57 1487
58 59 1428
58 60 5766
58 61 1037
58 62 2653
58 63 6657
58 64 1300
58 65 7123
58 66 2572
58 67 2858
58 68 3246
58 69 6475
58 70 1854
59 1 760
59 2 4347
59 3 2502
59 4 541
59 5 5013
59 6 5216
59 7 4952
59 8 1363
59 9 11
59 10 6919
59 11 2136
59 12 924
59 13 6684
59 14 3198
59 15 1758
59 16 5235
59 17 4054
59 18 4438
59 19 4155
59 20 2423
59 21 2349
59 22 7034
59 23 7253
59 24 1700
59 25 4705
59 26 2709
59 27 16
59 28 3927
59 29 6200
59 30 4442
59 31 1478
59 32 1408
59 33 6345
59 34 4007
59 35 2579
59 36 2080
59 37 3405
59 38 343
59 39 7202
59 40 2109
59 41 5932
59 42 725
59 43 3620
59 44 7489
59 45 5557
59 46 6670
59 47 983
59 48 194
59 49 1997
59 50 5365
59 51 6115
59 52 4160
59 53 5207
59 54 3960
59 55 1374
59 56 4715
59 57 4534
59 58 5821
59 60 4811
59 61 5666
59 62 1408
59 63 6552
59 64 317
59 65 5948
59 66 272
59 67 284
59 68 7355
59 69 6139
59 70 3347
60 1 6595
60 2 3255
60 3 6824
60 4 6893
60 5 2720
60 6 6284
60 7 2414
60 8 4274
60 9 2582
60 10 172
60 11 6257
60 12 7249
60 13 5362
60 14 3755
60 15 3845
60 16 4403
60 17 4980
60 18 3695
60 19 429
60 20 2931
60 21 5492
60 22 2218
60 23 135
60 24 6796
60 25 6987
60 26 5887
60 27 7464
60 28 6220
60 29 6958
60 30 2601
60 31 6545
60 32 1161
60 33 7225
60 34 7305
60 35 6867
60 36 7230
60 37 7190
60 38 2386
60 39 3058
60 40 536
60 41 6893
60 42 7196
60 43 2009
60 44 5114
60 45 1324
60 46 6817
60 47 827
60 48 2553
60 49 4819
60 50 937
60 51 4948
60 52 662
60 53 5219
60 54 6272
60 55 1820
60 56 6062
60 57 3464
60 58 2573
60 59 6718
60 61 5613
60 62 6753
60 63 330
60 64 678
60 65 2257
60 66 3837
60 67 2635
60 68 3843
60 69 6519
60 70 335
61 1 208
61 2 2957
61 3 2305
61 4 5006
61 5 7179
61 6 2192
61 7 1688
61 8 6509
61 9 5477
61 10 3478
61 11 1496
61 12 5545
61 13 1426
61 14 5581
61 15 2029
61 16 1312
61 17 845
61 18 3375
61 19 7297
61 20 3092
61 21 6211
61 22 6883
61 23 5921
61 24 4248
61 25 4351
61 26 3033
61 27 2332
61 28 599
61 29 1898
61 30 2093
61 31 752
61 32 5517
61 33 5851
61 34 6692
61 35 5005
61 36 2519
61 37 6337
61 38 1957
61 39 7176
61 40 7489
61 41 1991
61 42 483
61 43 5689
61 44 1804
61 45 1680
61 46 1819
61 47 6513
61 48 5753
61 49 2885
61 50 3378
61 51 6133
61 52 436
61 53 581
61 54 2027
61 55 6673
61 56 1004
61 57 5432
61 58 51
61 59 602
61 60 3472
61 62 5912
61 63 6074
61 64 3
61 65 5095
61 66 5118
61 67 7387
61 68 6474
61 69 6784
61 70 6787
62 1 1926
62 2 2448
62 3 5517
62 4 5162
62 5 3856
62 6 69
62 7 2054
62 8 1840
62 9 5806
62 10 1111
62 11 2213
62 12 5969
62 13 1193
62 14 3024
62 15 1216
62 16 4505
62 17 1746
62 18 6903
62 19 3202
62 20 5338
62 21 4951
62 22 397
62 23 1647
62 24 2557
62 25 5359
62 26 1882
62 27 1041
62 28 5985
62 29 956
62 30 1105
62 31 2554
62 32 6251
62 33 942
62 34 3014
62 35 5664
62 36 3628
62 37 1919
62 38 3020
62 39 4354
62 40 4600
62 41 3147
62 42 5588
62 43 1751
62 44 709
62 45 4642
62 46 4638
62 47 5720
62 48 2918
62 49 4758
62 50 5839
62 51 5501
62 52 6390
62 53 3591
62 54 4285
62 55 3452
62 56 5571
62 57 1146
62 58 2760
62 59 858
62 60 1038
62 61 5670
62 63 3756
62 64 2383
62 65 3604
62 66 6160
62 67 6297
62 68 6964
62 69 2970
62 70 124
63 1 1485
63 2 1597
63 3 3604
63 4 4640
63 5 3225
63 6 5652
63 7 6301
63 8 2534
63 9 158
63 10 3316
63 11 4384
63 12 6015
63 13 1935
63 14 3267
63 15 5825
63 16 6179
63 17 2838
63 18 6318
63 19 6239
63 20 5670
63 21 7439
63 22 7020
63 23 7078
63 24 5473
63 25 3073
63 26 5385
63 27 1355
63 28 2950
63 29 2619
63 30 4353
63 31 2244
63 32 4205
63 33 6394
63 34 5201
63 35 116
63 36 3204
63 37 5349
63 38 3599
63 39 2025
63 40 5901
63 41 1155
63 42 1589
63 43 2970
63 44 6242
63 45 3291
63 46 3536
63 47 6735
63 48 2041
63 49 967
63 50 6677
63 51 3401
63 52 1637
63 53 6684
63 54 4390
63 55 6319
63 56 6353
63 57 1829
63 58 7119
63 59 3027
63 60 3795
63 61 4034
63 62 5924
63 64 5586
63 65 7486
63 66 6938
63 67 3187
63 68 6775
63 69 3639
63 70 6588
64 1 4909
64 2 7484
64 3 1320
64 4 1181
64 5 1129
64 6 4444
64 7 5324
64 8 3342
64 9 2410
64 10 2609
64 11 6741
64 12 3521
64 13 1553
64 14 2778
64 15 4764
64 16 3948
64 17 6603
64 18 1612
64 19 18
64 20 6717
64 21 773
64 22 1095
64 23 664
64 24 2809
64 25 5787
64 26 370
64 27 1194
64 28 3384
64 29 3154
64 30 3211
64 31 1820
64 32 3999
64 33 1962
64 34 1811
64 35 6228
64 36 3601
64 37 4945
64 38 2760
64 39 4310
64 40 5907
64 41 3974
64 42 4359
64 43 1669
64 44 5782
64 45 3723
64 46 1130
64 47 6638
64 48 4155
64 49 6837
64 50 6172
64 51 6248
64 52 1074
64 53 603
64 54 670
64 55 3350
64 56 3896
64 57 5228
64 58 7107
64 59 496
64 60 2634
64 61 3752
64 62 2191
64 63 1802
64 65 5523
64 66 3428
64 67 3800
64 68 2297
64 69 1365
64 70 3649
65 1 4978
65 2 3857
65 3 77
65 4 6077
65 5 72
65 6 7459
65 7 1896
65 8 3298
65 9 6893
65 10 3615
65 11 6697
65 12 394
65 13 5073
65 14 2138
65 15 6792
65 16 5814
65 17 5278
65 18 2619
65 19 2666
65 20 6556
65 21 4289
65 22 5797
65 23 731
65 24 1226
65 25 4640
65 26 2492
65 27 747
65 28 6707
65 29 3971
65 30 3026
65 31 2082
65 32 2868
65 33 241
65 34 3911
65 35 5318
65 36 653
65 37 3134
65 38 1586
65 39 3856
65 40 6350
65 41 6907
65 42 2591
65 43 4386
65 44 4446
65 45 532
65 46 2772
65 47 4
65 48 2669
65 49 4694
65 50 5920
65 51 6880
65 52 7440
65 53 409
65 54 6895
65 55 6578
65 56 6188
65 57 6329
65 58 2718
65 59 6634
65 60 1183
65 61 1082
65 62 6873
65 63 1267
65 64 2581
65 66 7327
65 67 7018
65 68 5146
65 69 2129
65 70 4799
66 1 2826
66 2 4018
66 3 2692
66 4 2684
66 5 4532
66 6 595
66 7 6138
66 8 2842
66 9 5441
66 10 1102
66 11 3773
66 12 999
66 13 3503
66 14 6167
66 15 6322
66 16 266
66 17 4669
66 18 1541
66 19 1081
66 20 1990
66 21 5783
66 22 7445
66 23 4125
66 24 4646
66 25 4919
66 26 810
66 27 3533
66 28 6051
66 29 3645
66 30 661
66 31 2623
66 32 1678
66 33 1327
66 34 85
66 35 702
66 36 4805
66 37 4528
66 38 5152
66 39 5174
66 40 1749
66 41 5074
66 42 6374
66 43 3962
66 44 2923
66 45 3640
66 46 5251
66 47 62
66 48 2865
66 49 7401
66 50 391
66 51 1470
66 52 6766
66 53 6802
66 54 3012
66 55 2761
66 56 4069
66 57 4644
66 58 662
66 59 4835
66 60 3697
66 61 3050
66 62 4621
66 63 1041
66 64 661
66 65 4641
66 67 4326
66 68 2793
66 69 2914
66 70 2849
67 1 3287
67 2 1444
67 3 5579
67 4 1832
67 5 2735
67 6 831
67 7 113
67 8 2961
67 9 3372
67 10 1976
67 11 3248
67 12 711
67 13 12
67 14 2447
67 15 4351
67 16 217
67 17 7474
67 18 7439
67 19 1387
67 20 2495
67 21 2251
67 22 4920
67 23 4049
67 24 5775
67 25 4497
67 26 5392
67 27 6530
67 28 1098
67 29 2221
67 30 6047
67 31 3683
67 32 4841
67 33 1598
67 34 2053
67 35 6577
67 36 6307
67 37 3345
67 38 5031
67 39 2742
67 40 4601
67 41 7130
67 42 7339
67 43 5136
67 44 1421
67 45 3303
67 46 2851
67 47 3778
67 48 5662
67 49 5393
67 50 936
67 51 2921
67 52 883
67 53 4804
67 54 5438
67 55 4934
67 56 1387
67 57 7144
67 58 384
67 59 3943
67 60 944
67 61 4081
67 62 995
67 63 1690
67 64 6464
67 65 3987
67 66 758
67 68 7051
67 69 706
67 70 3111
68 1 5035
68 2 6850
68 3 1890
68 4 2375
68 5 284
68 6 3458
68 7 123
68 8 5325
68 9 323
68 10 2935
68 11 767
68 12 1911
68 13 2821
68 14 6404
68 15 3892
68 16 2848
68 17 7402
68 18 5641
68 19 6452
68 20 7225
68 21 271
68 22 3614
68 23 7201
68 24 1237
68 25 1097
68 26 3718
68 27 7019
68 28 4994
68 29 3663
68 30 645
68 31 4772
68 32 7390
68 33 2397
68 34 4727
68 35 5847
68 36 2799
68 37 1833
68 38 2705
68 39 4198
68 40 985
68 41 2946
68 42 6215
68 43 6870
68 44 6188
68 45 5945
68 46 1491
68 47 5112
68 48 6021
68 49 4512
68 50 1478
68 51 880
68 52 2766
68 53 2397
68 54 2432
68 55 6380
68 56 3840
68 57 1401
68 58 1277
68 59 7058
68 60 4247
68 61 1015
68 62 1543
68 63 7166
68 64 3525
68 65 1941
68 66 5391
68 67 7055
68 69 4409
68 70 6424
69 1 2074
69 2 1949
69 3 3385
69 4 5239
69 5 503
69 6 2956
69 7 2088
69 8 976
69 9 1900
69 10 89
69 11 1860
69 12 336
69 13 3148
69 14 586
69 15 4593
69 16 5979
69 17 4728
69 18 3174
69 19 976
69 20 3466
69 21 5056
69 22 1436
69 23 509
69 24 7307
69 25 5548
69 26 3561
69 27 2124
69 28 4711
69 29 1135
69 30 1132
69 31 3634
69 32 2365
69 33 5416
69 34 4434
69 35 4275
69 36 6396
69 37 1323
69 38 6062
69 39 6109
69 40 2553
69 41 1471
69 42 7425
69 43 6938
69 44 5715
69 45 6734
69 46 3420
69 47 1643
69 48 6688
69 49 1236
69 50 4598
69 51 3086
69 52 2464
69 53 11
69 54 2750
69 55 1490
69 56 3631
69 57 4098
69 58 6
69 59 2386
69 60 436
69 61 119
69 62 5882
69 63 2411
69 64 4369
69 65 3868
69 66 1874
69 67 7366
69 68 4553
69 70 5424
70 1 4697
70 2 3711
70 3 1984
70 4 1338
70 5 2475
70 6 6588
70 7 4722
70 8 6384
70 9 434
70 10 3165
70 11 3690
70 12 6927
70 13 5654
70 14 4062
70 15 5331
70 16 4469
70 17 3503
70 18 3375
70 19 7031
70 20 4722
70 21 3284
70 22 906
70 23 610
70 24 6278
70 25 6824
70 26 1630
70 27 2896
70 28 5377
70 29 2559
70 30 2765
70 31 6589
70 32 2907
70 33 456
70 34 6524
70 35 5140
70 36 5218
70 37 6854
70 38 692
70 39 3160
70 40 2582
70 41 2181
70 42 7232
70 43 5363
70 44 3710
70 45 1253
70 46 2975
70 47 4572
70 48 2826
70 49 2200
70 50 5468
70 51 2371
70 52 2157
70 53 3687
70 54 6169
70 55 1413
70 56 5736
70 57 4829
70 58 7084
70 59 3281
70 60 4374
70 61 3189
70 62 2480
70 63 442
70 64 5069
70 65 5751
70 66 2418
70 67 3992
70 68 5739
70 69 5965
