70 4830
1 2 3763
1 3 2362
1 4 6186
1 5 1512
1 6 6331
1 7 3406
1 8 5207
1 9 573
1 10 6592
1 11 3102
1 12 602
1 13 2661
1 14 1962
1 15 5440
1 16 1618
1 17 5733
1 18 5252
1 19 3712
1 20 194
1 21 4767
1 22 5183
1 23 4837
1 24 629
1 25 5568
1 26 4570
1 27 7344
1 28 5128
1 29 5382
1 30 3801
1 31 6456
1 32 3482
1 33 6984
1 34 2695
1 35 1427
1 36 2444
1 37 2958
1 38 5696
1 39 7372
1 40 3841
1 41 6619
1 42 1129
1 43 598
1 44 2278
1 45 830
1 46 4649
1 47 7201
1 48 3429
1 49 5484
1 50 189
1 51 7107
1 52 1802
1 53 7330
1 54 3168
1 55 7182
1 56 4046
1 57 4978
1 58 5826
1 59 1779
1 60 4013
1 61 2011
1 62 5721
1 63 751
1 64 2530
1 65 4555
1 66 3674
1 67 7048
1 68 5952
1 69 1474
1 70 2628
2 1 5089
2 3 4112
2 4 1149
2 5 3362
2 6 3302
2 7 3986
2 8 5048
2 9 6907
2 10 2724
2 11 4845
2 12 7255
2 13 3481
2 14 4933
2 15 5487
2 16 7471
2 17 1395
2 18 3694
2 19 307
2 20 2197
2 21 2403
2 22 6223
2 23 2911
2 24 5154
2 25 3567
2 26 821
2 27 2418
2 28 5949
2 29 3060
2 30 6778
2 31 6267
2 32 143
2 33 7459
2 34 6420
2 35 2457
2 36 5604
2 37 686
2 38 2441
2 39 1049
2 40 4264
2 41 3520
2 42 1764
2 43 2435
2 44 5846
2 45 4776
2 46 137
2 47 5019
2 48 892
2 49 3000
2 50 3174
2 51 4873
2 52 1603
2 53 1697
2 54 1713
2 55 600
2 56 6679
2 57 923
2 58 4449
2 59 6232
2 60 5599
2 61 769
2 62 5745
2 63 2465
2 64 7050
2 65 1939
2 66 2290
2 67 1158
2 68 863
2 69 1651
2 70 3323
3 1 199
3 2 3186
3 4 1490
3 5 1234
3 6 6344
3 7 1638
3 8 6561
3 9 2331
3 10 517
3 11 3672
3 12 285
3 13 1400
3 14 3502
3 15 524
3 16 4992
3 17 7148
3 18 4595
3 19 2795
3 20 5750
3 21 5359
3 22 5664
3 23 940
3 24 5482
3 25 5069
3 26 3632
3 27 4406
3 28 573
3 29 215
3 30 146
3 31 6285
3 32 6765
3 33 2569
3 34 418
3 35 1600
3 36 7470
3 37 784
3 38 87
3 39 3951
3 40 2408
3 41 1302
3 42 849
3 43 5895
3 44 3624
3 45 2418
3 46 2778
3 47 1753
3 48 3920
3 49 480
3 50 499
3 51 5085
3 52 7360
3 53 789
3 54 6455
3 55 2697
3 56 20
3 57 669
3 58 3426
3 59 1547
3 60 1261
3 61 3265
3 62 6091
3 63 7415
3 64 6830
3 65 3948
3 66 5611
3 67 6654
3 68 3365
3 69 1949
3 70 7188
4 1 5398
4 2 3293
4 3 4035
4 5 5553
4 6 3677
4 7 266
4 8 1323
4 9 4741
4 10 7444
4 11 5933
4 12 5227
4 13 6676
4 14 3339
4 15 6981
4 16 4992
4 17 1238
4 18 6102
4 19 4926
4 20 2635
4 21 6448
4 22 953
4 23 6479
4 24 5213
4 25 3268
4 26 1102
4 27 1168
4 28 5793
4 29 6911
4 30 4752
4 31 6852
4 32 6745
4 33 3447
4 34 6726
4 35 4294
4 36 2690
4 37 1124
4 38 4939
4 39 5523
4 40 2991
4 41 3350
4 42 5128
4 43 3528
4 44 491
4 45 7003
4 46 6677
4 47 625
4 48 5793
4 49 4334
4 50 5149
4 51 2599
4 52 5091
4 53 2440
4 54 481
4 55 3546
4 56 6443
4 57 3220
4 58 1779
4 59 4968
4 60 2936
4 61 3079
4 62 7245
4 63 3544
4 64 735
4 65 5378
4 66 4608
4 67 4687
4 68 5044
4 69 973
4 70 1342
5 1 1870
5 2 5119
5 3 979
5 4 3983
5 6 424
5 7 5390
5 8 4343
5 9 3347
5 10 4807
5 11 1995
5 12 7144
5 13 2288
5 14 4910
5 15 7107
5 16 4977
5 17 5494
5 18 5330
5 19 2558
5 20 2116
5 21 1250
5 22 1118
5 23 2208
5 24 6345
5 25 3681
5 26 7004
5 27 6980
5 28 6667
5 29 360
5 30 1519
5 31 1048
5 32 3874
5 33 6716
5 34 502
5 35 6323
5 36 4566
5 37 4059
5 38 7162
5 39 7119
5 40 142
5 41 6965
5 42 1620
5 43 1478
5 44 1721
5 45 3452
5 46 1190
5 47 1587
5 48 3418
5 49 3167
5 50 198
5 51 4074
5 52 6718
5 53 153
5 54 94
5 55 4062
5 56 4222
5 57 2103
5 58 5545
5 59 1791
5 60 2829
5 61 132
5 62 3960
5 63 4340
5 64 2343
5 65 5552
5 66 3217
5 67 59
5 68 3932
5 69 4864
5 70 5682
6 1 6027
6 2 2997
6 3 16
6 4 6680
6 5 5173
6 7 1868
6 8 4807
6 9 1426
6 10 896
6 11 4804
6 12 3595
6 13 997
6 14 6644
6 15 2069
6 16 582
6 17 1108
6 18 5229
6 19 3023
6 20 582
6 21 6896
6 22 3338
6 23 4462
6 24 6336
6 25 650
6 26 671
6 27 1356
6 28 4287
6 29 4378
6 30 1768
6 31 3785
6 32 7117
6 33 1325
6 34 2712
6 35 5748
6 36 4765
6 37 1849
6 38 1951
6 39 3750
6 40 2839
6 41 2629
6 42 4307
6 43 2060
6 44 3973
6 45 413
6 46 1919
6 47 941
6 48 4597
6 49 5556
6 50 5525
6 51 6502
6 52 393
6 53 1452
6 54 2994
6 55 2182
6 56 4993
6 57 700
6 58 4426
6 59 3203
6 60 4611
6 61 6137
6 62 167
6 63 985
6 64 3519
6 65 6978
6 66 6640
6 67 2863
6 68 578
6 69 3993
6 70 5336
7 1 1472
7 2 7097
7 3 6203
7 4 702
7 5 2145
7 6 2594
7 8 2311
7 9 1187
7 10 4697
7 11 2137
7 12 4788
7 13 6755
7 14 2282
7 15 774
7 16 6808
7 17 3192
7 18 2584
7 19 698
7 20 3705
7 21 3390
7 22 6507
7 23 2059
7 24 3049
7 25 3809
7 26 5434
7 27 2537
7 28 3646
7 29 5303
7 30 494
7 31 4681
7 32 594
7 33 2504
7 34 4380
7 35 5826
7 36 3811
7 37 7404
7 38 4492
7 39 679
7 40 7232
7 41 22
7 42 5287
7 43 3900
7 44 4856
7 45 360
7 46 1321
7 47 5658
7 48 4569
7 49 3514
7 50 3211
7 51 4974
7 52 5048
7 53 3763
7 54 4703
7 55 5625
7 56 1173
7 57 5376
7 58 6150
7 59 2679
7 60 4248
7 61 5837
7 62 1959
7 63 5180
7 64 3470
7 65 4935
7 66 3831
7 67 7128
7 68 4755
7 69 4295
7 70 4219
8 1 4617
8 2 5750
8 3 5633
8 4 6259
8 5 1369
8 6 6405
8 7 2890
8 9 6353
8 10 2963
8 11 7466
8 12 3583
8 13 41
8 14 3230
8 15 250
8 16 6550
8 17 3193
8 18 1291
8 19 2304
8 20 6935
8 21 6174
8 22 3278
8 23 5397
8 24 3387
8 25 4891
8 26 504
8 27 5428
8 28 1806
8 29 1761
8 30 6664
8 31 4740
8 32 5606
8 33 6205
8 34 3085
8 35 1507
8 36 946
8 37 62
8 38 2161
8 39 2040
8 40 2812
8 41 165
8 42 7324
8 43 5157
8 44 7100
8 45 4623
8 46 4566
8 47 2715
8 48 3853
8 49 3405
8 50 5545
8 51 6937
8 52 1155
8 53 3738
8 54 2987
8 55 1409
8 56 27
8 57 7037
8 58 5938
8 59 24
8 60 6720
8 61 6746
8 62 3682
8 63 354
8 64 2477
8 65 1757
8 66 6393
8 67 3922
8 68 3475
8 69 5452
8 70 4378
9 1 4730
9 2 6563
9 3 318
9 4 5242
9 5 6293
9 6 525
9 7 2775
9 8 824
9 10 3228
9 11 828
9 12 4199
9 13 3118
9 14 4262
9 15 116
9 16 5563
9 17 757
9 18 1571
9 19 765
9 20 4897
9 21 6508
9 22 5431
9 23 4102
9 24 5465
9 25 4207
9 26 3648
9 27 4772
9 28 980
9 29 7301
9 30 1087
9 31 7225
9 32 6407
9 33 5181
9 34 3005
9 35 4528
9 36 1312
9 37 5051
9 38 1297
9 39 2138
9 40 293
9 41 5050
9 42 1135
9 43 1830
9 44 1912
9 45 4946
9 46 6921
9 47 1325
9 48 5022
9 49 301
9 50 4093
9 51 3447
9 52 167
9 53 2195
9 54 5206
9 55 3860
9 56 2011
9 57 5971
9 58 6583
9 59 5526
9 60 5806
9 61 2356
9 62 6490
9 63 4096
9 64 2447
9 65 4113
9 66 5202
9 67 6192
9 68 6879
9 69 2972
9 70 6490
10 1 2452
10 2 2162
10 3 3619
10 4 3615
10 5 2238
10 6 6982
10 7 2534
10 8 4722
10 9 1781
10 11 648
10 12 1332
10 13 1882
10 14 1720
10 15 6462
10 16 2686
10 17 4087
10 18 5403
10 19 4949
10 20 4497
10 21 7448
10 22 311
10 23 7418
10 24 7052
10 25 6994
10 26 3306
10 27 2647
10 28 5766
10 29 1251
10 30 6670
10 31 4300
10 32 2484
10 33 2686
10 34 5562
10 35 3648
10 36 1272
10 37 6036
10 38 4981
10 39 5983
10 40 294
10 41 3843
10 42 3601
10 43 3843
10 44 5829
10 45 1073
10 46 2128
10 47 712
10 48 5135
10 49 6662
10 50 2827
10 51 1413
10 52 3088
10 53 638
10 54 4810
10 55 1706
10 56 6542
10 57 1964
10 58 4549
10 59 3914
10 60 1450
10 61 4170
10 62 3899
10 63 1330
10 64 1645
10 65 207
10 66 2883
10 67 1267
10 68 1799
10 69 633
10 70 242
11 1 2828
11 2 2929
11 3 1066
11 4 3940
11 5 188
11 6 7365
11 7 1232
11 8 2266
11 9 2619
11 10 3337
11 12 3272
11 13 1448
11 14 4971
11 15 420
11 16 6206
11 17 5901
11 18 6412
11 19 3087
11 20 5183
11 21 6407
11 22 82
11 23 6909
11 24 2044
11 25 3366
11 26 7473
11 27 1653
11 28 6129
11 29 4408
11 30 3052
11 31 148
11 32 2395
11 33 2483
11 34 2429
11 35 1989
11 36 2120
11 37 332
11 38 6883
11 39 2602
11 40 6879
11 41 3780
11 42 364
11 43 4131
11 44 4586
11 45 4935
11 46 3061
11 47 4706
11 48 5677
11 49 1379
11 50 3458
11 51 5315
11 52 1971
11 53 6126
11 54 5990
11 55 6559
11 56 2378
11 57 2370
11 58 4395
11 59 4399
11 60 4635
11 61 4430
11 62 6755
11 63 635
11 64 4121
11 65 6055
11 66 1934
11 67 4791
11 68 2863
11 69 7282
11 70 6022
12 1 395
12 2 2169
12 3 6528
12 4 1378
12 5 4908
12 6 2195
12 7 2530
12 8 6483
12 9 2778
12 10 6141
12 11 1330
12 13 1567
12 14 247
12 15 5177
12 16 4448
12 17 7227
12 18 1676
12 19 4094
12 20 1185
12 21 2154
12 22 678
12 23 1763
12 24 6202
12 25 2211
12 26 5848
12 27 7045
12 28 5653
12 29 64
12 30 4678
12 31 5621
12 32 6689
12 33 7090
12 34 3119
12 35 6225
12 36 7344
12 37 5521
12 38 5369
12 39 3828
12 40 699
12 41 2390
12 42 6607
12 43 3619
12 44 3930
12 45 1780
12 46 5803
12 47 7021
12 48 4512
12 49 7372
12 50 2399
12 51 1504
12 52 3980
12 53 5987
12 54 4536
12 55 1515
12 56 3247
12 57 1908
12 58 4443
12 59 241
12 60 6603
12 61 2333
12 62 2821
12 63 3419
12 64 1964
12 65 4772
12 66 6620
12 67 3103
12 68 4137
12 69 6739
12 70 3292
13 1 5800
13 2 727
13 3 5013
13 4 2107
13 5 5803
13 6 1435
13 7 4568
13 8 5920
13 9 2571
13 10 7258
13 11 808
13 12 1261
13 14 6158
13 15 4358
13 16 3200
13 17 4799
13 18 5894
13 19 2521
13 20 402
13 21 6199
13 22 7452
13 23 3336
13 24 6786
13 25 5845
13 26 5514
13 27 6717
13 28 2354
13 29 4217
13 30 4156
13 31 848
13 32 1466
13 33 3047
13 34 1367
13 35 2299
13 36 1972
13 37 4074
13 38 1221
13 39 3042
13 40 2977
13 41 2749
13 42 5686
13 43 6361
13 44 1066
13 45 6989
13 46 6957
13 47 4412
13 48 917
13 49 6175
13 50 722
13 51 3136
13 52 5597
13 53 7352
13 54 5804
13 55 5806
13 56 4707
13 57 3582
13 58 2414
13 59 3131
13 60 6847
13 61 1741
13 62 4074
13 63 1777
13 64 3894
13 65 3850
13 66 3021
13 67 3455
13 68 1008
13 69 955
13 70 1913
14 1 2010
14 2 6192
14 3 6796
14 4 4624
14 5 2728
14 6 5003
14 7 5417
14 8 2001
14 9 2363
14 10 1532
14 11 4632
14 12 5451
14 13 7181
14 15 183
14 16 6597
14 17 4842
14 18 1081
14 19 5439
14 20 1695
14 21 1731
14 22 4386
14 23 5717
14 24 6593
14 25 3899
14 26 2431
14 27 6121
14 28 1752
14 29 317
14 30 5282
14 31 7116
14 32 3454
14 33 5034
14 34 2700
14 35 3580
14 36 821
14 37 5324
14 38 6539
14 39 1253
14 40 814
14 41 2174
14 42 1201
14 43 4248
14 44 3590
14 45 2577
14 46 6418
14 47 6560
14 48 243
14 49 5000
14 50 1469
14 51 4524
14 52 4337
14 53 794
14 54 443
14 55 1540
14 56 3447
14 57 3897
14 58 4332
14 59 5080
14 60 2707
14 61 567
14 62 2414
14 63 4487
14 64 2952
14 65 365
14 66 2401
14 67 4021
14 68 5196
14 69 7145
14 70 6261
15 1 3002
15 2 7442
15 3 419
15 4 6516
15 5 1573
15 6 3021
15 7 6857
15 8 5719
15 9 2534
15 10 833
15 11 5614
15 12 5667
15 13 1641
15 14 4958
15 16 2733
15 17 3943
15 18 6279
15 19 7438
15 20 6345
15 21 1972
15 22 653
15 23 3569
15 24 4759
15 25 3807
15 26 5935
15 27 723
15 28 6533
15 29 2450
15 30 5314
15 31 6509
15 32 3951
15 33 1691
15 34 5816
15 35 1033
15 36 5212
15 37 1409
15 38 5022
15 39 5934
15 40 2178
15 41 4220
15 42 6217
15 43 5831
15 44 633
15 45 7337
15 46 5073
15 47 5032
15 48 6605
15 49 4189
15 50 7402
15 51 956
15 52 1117
15 53 1256
15 54 2671
15 55 5356
15 56 3308
15 57 5056
15 58 2054
15 59 2124
15 60 6581
15 61 3545
15 62 3494
15 63 2511
15 64 425
15 65 237
15 66 4823
15 67 4818
15 68 988
15 69 1597
15 70 840
16 1 2716
16 2 6450
16 3 7142
16 4 3819
16 5 5028
16 6 5656
16 7 2443
16 8 2868
16 9 1642
16 10 1861
16 11 803
16 12 3483
16 13 2929
16 14 1012
16 15 1631
16 17 6830
16 18 7438
16 19 4776
16 20 1254
16 21 2922
16 22 1845
16 23 4346
16 24 2104
16 25 4557
16 26 2424
16 27 1046
16 28 1266
16 29 6541
16 30 4913
16 31 7089
16 32 4851
16 33 2385
16 34 6772
16 35 4380
16 36 693
16 37 26
16 38 3462
16 39 6699
16 40 195
16 41 4859
16 42 6432
16 43 2965
16 44 5619
16 45 2950
16 46 3295
16 47 1296
16 48 2798
16 49 2298
16 50 352
16 51 7232
16 52 5386
16 53 5657
16 54 3842
16 55 1005
16 56 1503
16 57 7237
16 58 4775
16 59 4523
16 60 2730
16 61 2583
16 62 4547
16 63 1886
16 64 3573
16 65 824
16 66 1987
16 67 376
16 68 6144
16 69 6129
16 70 2479
17 1 7143
17 2 1772
17 3 1804
17 4 6793
17 5 840
17 6 2138
17 7 4650
17 8 5915
17 9 4507
17 10 1497
17 11 5230
17 12 532
17 13 4832
17 14 1355
17 15 3420
17 16 2404
17 18 1238
17 19 3453
17 20 6476
17 21 173
17 22 650
17 23 3020
17 24 4098
17 25 3422
17 26 4504
17 27 548
17 28 5104
17 29 2900
17 30 1356
17 31 5107
17 32 2927
17 33 4529
17 34 5554
17 35 1922
17 36 5019
17 37 983
17 38 38
17 39 1233
17 40 5524
17 41 1100
17 42 4105
17 43 5351
17 44 2698
17 45 7239
17 46 3298
17 47 160
17 48 2057
17 49 5478
17 50 5804
17 51 6632
17 52 1024
17 53 5632
17 54 2089
17 55 1864
17 56 2740
17 57 3838
17 58 3902
17 59 4787
17 60 2865
17 61 1533
17 62 4228
17 63 2428
17 64 6371
17 65 6967
17 66 2925
17 67 876
17 68 2806
17 69 4912
17 70 2287
18 1 2230
18 2 3899
18 3 1015
18 4 2637
18 5 4565
18 6 6760
18 7 194
18 8 1674
18 9 6790
18 10 555
18 11 1710
18 12 828
18 13 3113
18 14 1803
18 15 5019
18 16 1425
18 17 3144
18 19 2181
18 20 1296
18 21 7194
18 22 2912
18 23 1637
18 24 3331
18 25 7330
18 26 451
18 27 762
18 28 3553
18 29 1257
18 30 2854
18 31 4820
18 32 3630
18 33 6232
18 34 4448
18 35 361
18 36 1811
18 37 3995
18 38 1066
18 39 7349
18 40 1153
18 41 1139
18 42 5208
18 43 4716
18 44 2347
18 45 279
18 46 5135
18 47 2268
18 48 6869
18 49 3333
18 50 5970
18 51 7494
18 52 2472
18 53 7333
18 54 4279
18 55 4233
18 56 2695
18 57 4508
18 58 888
18 59 6703
18 60 6174
18 61 2792
18 62 432
18 63 1507
18 64 1265
18 65 2476
18 66 5308
18 67 1563
18 68 4316
18 69 1011
18 70 1853
19 1 5248
19 2 2427
19 3 7171
19 4 1832
19 5 2755
19 6 7249
19 7 3811
19 8 793
19 9 3799
19 10 1647
19 11 3333
19 12 6299
19 13 4433
19 14 7429
19 15 807
19 16 4679
19 17 4515
19 18 3858
19 20 496
19 21 5461
19 22 4599
19 23 2139
19 24 5390
19 25 2220
19 26 2730
19 27 2393
19 28 2882
19 29 1136
19 30 6936
19 31 4247
19 32 5931
19 33 4694
19 34 3299
19 35 549
19 36 5079
19 37 3112
19 38 5394
19 39 3747
19 40 3150
19 41 1592
19 42 1218
19 43 2173
19 44 4285
19 45 1285
19 46 5888
19 47 74
19 48 3322
19 49 7222
19 50 2464
19 51 5971
19 52 4083
19 53 5559
19 54 5970
19 55 3546
19 56 6153
19 57 1810
19 58 5214
19 59 1290
19 60 2347
19 61 2756
19 62 1471
19 63 5752
19 64 1393
19 65 2416
19 66 3465
19 67 5339
19 68 3206
19 69 5413
19 70 6761
20 1 4446
20 2 3928
20 3 2120
20 4 4560
20 5 1624
20 6 3538
20 7 4925
20 8 6792
20 9 5501
20 10 1862
20 11 3331
20 12 1826
20 13 5746
20 14 385
20 15 7220
20 16 1845
20 17 1307
20 18 5306
20 19 5714
20 21 6065
20 22 2597
20 23 1375
20 24 2330
20 25 6440
20 26 918
20 27 4222
20 28 6407
20 29 5095
20 30 1647
20 31 1687
20 32 6156
20 33 6584
20 34 3098
20 35 6805
20 36 5605
20 37 1185
20 38 5689
20 39 6926
20 40 5649
20 41 3331
20 42 882
20 43 7257
20 44 6397
20 45 1958
20 46 71
20 47 4283
20 48 1076
20 49 5545
20 50 367
20 51 6102
20 52 3686
20 53 4737
20 54 6959
20 55 7134
20 56 2824
20 57 3952
20 58 5389
20 59 1682
20 60 3758
20 61 7145
20 62 5658
20 63 591
20 64 3778
20 65 2277
20 66 6313
20 67 6291
20 68 7408
20 69 6895
20 70 3305
21 1 2843
21 2 1307
21 3 2522
21 4 4836
21 5 6244
21 6 1668
21 7 354
21 8 5104
21 9 1470
21 10 923
21 11 1019
21 12 389
21 13 4208
21 14 365
21 15 1720
21 16 1258
21 17 1382
21 18 796
21 19 785
21 20 6937
21 22 709
21 23 271
21 24 107
21 25 6906
21 26 7485
21 27 2896
21 28 938
21 29 859
21 30 4505
21 31 3537
21 32 6700
21 33 3875
21 34 987
21 35 4494
21 36 2122
21 37 3006
21 38 1608
21 39 1664
21 40 5973
21 41 4918
21 42 3647
21 43 7349
21 44 560
21 45 3016
21 46 6884
21 47 4304
21 48 4366
21 49 5158
21 50 2813
21 51 7221
21 52 2629
21 53 3430
21 54 1144
21 55 20
21 56 2903
21 57 1737
21 58 4291
21 59 5021
21 60 5475
21 61 775
21 62 937
21 63 6931
21 64 3151
21 65 1057
21 66 3882
21 67 6761
21 68 410
21 69 4145
21 70 6052
22 1 2984
22 2 6058
22 3 4015
22 4 5818
22 5 7105
22 6 4641
22 7 1179
22 8 1712
22 9 4586
22 10 1230
22 11 1639
22 12 4875
22 13 6004
22 14 3543
22 15 4961
22 16 1582
22 17 5526
22 18 6868
22 19 6615
22 20 3516
22 21 2713
22 23 5302
22 24 4755
22 25 1326
22 26 6097
22 27 925
22 28 4996
22 29 807
22 30 419
22 31 2955
22 32 6917
22 33 1339
22 34 4807
22 35 4178
22 36 2329
22 37 4156
22 38 1182
22 39 3819
22 40 2384
22 41 5518
22 42 1650
22 43 2888
22 44 1151
22 45 1100
22 46 4400
22 47 6354
22 48 6861
22 49 3067
22 50 3601
22 51 4413
22 52 7403
22 53 723
22 54 6481
22 55 571
22 56 4095
22 57 3241
22 58 4894
22 59 1417
22 60 5404
22 61 5606
22 62 4094
22 63 2193
22 64 2866
22 65 3360
22 66 3315
22 67 7365
22 68 6079
22 69 4143
22 70 1434
23 1 6795
23 2 2388
23 3 1570
23 4 3388
23 5 3708
23 6 5031
23 7 5039
23 8 7370
23 9 6751
23 10 1934
23 11 798
23 12 2369
23 13 5577
23 14 35
23 15 5980
23 16 4471
23 17 2692
23 18 1609
23 19 5404
23 20 243
23 21 5116
23 22 797
23 24 6005
23 25 491
23 26 934
23 27 4191
23 28 5894
23 29 2000
23 30 6273
23 31 3266
23 32 2861
23 33 194
23 34 7313
23 35 5030
23 36 2828
23 37 3086
23 38 3597
23 39 3007
23 40 5753
23 41 1924
23 42 4239
23 43 1430
23 44 4587
23 45 3419
23 46 1385
23 47 4359
23 48 3670
23 49 2872
23 50 2565
23 51 4868
23 52 2354
23 53 4110
23 54 1096
23 55 2125
23 56 894
23 57 2178
23 58 5662
23 59 6146
23 60 3603
23 61 3781
23 62 6540
23 63 2618
23 64 5612
23 65 952
23 66 226
23 67 3568
23 68 2411
23 69 962
23 70 7486
24 1 6704
24 2 6986
24 3 4166
24 4 25
24 5 1902
24 6 930
24 7 4258
24 8 3965
24 9 1350
24 10 4284
24 11 416
24 12 1743
24 13 5902
24 14 6335
24 15 5435
24 16 6576
24 17 3712
24 18 6344
24 19 2434
24 20 1642
24 21 5568
24 22 1395
24 23 4998
24 25 6014
24 26 5618
24 27 3543
24 28 6053
24 29 3638
24 30 2041
24 31 3673
24 32 7395
24 33 2594
24 34 2246
24 35 7025
24 36 2762
24 37 2462
24 38 2267
24 39 3601
24 40 928
24 41 6528
24 42 979
24 43 1511
24 44 7325
24 45 697
24 46 114
24 47 2386
24 48 139
24 49 5235
24 50 5757
24 51 4078
24 52 1493
24 53 3708
24 54 5841
24 55 3394
24 56 3228
24 57 2481
24 58 4784
24 59 3778
24 60 6449
24 61 6559
24 62 3906
24 63 4549
24 64 5655
24 65 5719
24 66 3317
24 67 5474
24 68 6383
24 69 4855
24 70 1209
25 1 7421
25 2 3990
25 3 4431
25 4 5618
25 5 4124
25 6 7183
25 7 3512
25 8 6365
25 9 3157
25 10 4825
25 11 7458
25 12 4941
25 13 4453
25 14 3376
25 15 5213
25 16 5586
25 17 3046
25 18 103
25 19 5026
25 20 3549
25 21 4655
25 22 6364
25 23 1928
25 24 3112
25 26 1973
25 27 6250
25 28 6931
25 29 3179
25 30 1099
25 31 2893
25 32 1311
25 33 4066
25 34 940
25 35 4062
25 36 5188
25 37 6669
25 38 6382
25 39 5958
25 40 6753
25 41 6792
25 42 7139
25 43 4272
25 44 4147
25 45 5606
25 46 1363
25 47 6533
25 48 4460
25 49 3777
25 50 6746
25 51 3833
25 52 3605
25 53 6234
25 54 5837
25 55 4398
25 56 3947
25 57 7449
25 58 2279
25 59 1619
25 60 5327
25 61 1442
25 62 2530
25 63 5843
25 64 1685
25 65 4925
25 66 4389
25 67 6246
25 68 2548
25 69 461
25 70 1239
26 1 972
26 2 1862
26 3 4364
26 4 3844
26 5 2450
26 6 5135
26 7 5791
26 8 1253
26 9 4061
26 10 1615
26 11 2335
26 12 2386
26 13 3826
26 14 2300
26 15 6425
26 16 6967
26 17 3464
26 18 1004
26 19 5751
26 20 3063
26 21 2223
26 22 4615
26 23 4078
26 24 4284
26 25 1725
26 27 4368
26 28 5354
26 29 5029
26 30 7194
26 31 7238
26 32 4908
26 33 1650
26 34 6682
26 35 5554
26 36 2440
26 37 73
26 38 233
26 39 7102
26 40 6288
26 41 6771
26 42 6699
26 43 237
26 44 6466
26 45 2960
26 46 4912
26 47 6
26 48 2896
26 49 3102
26 50 156
26 51 222
26 52 4881
26 53 4824
26 54 3453
26 55 2356
26 56 4456
26 57 4247
26 58 1416
26 59 5607
26 60 5186
26 61 3010
26 62 4341
26 63 7078
26 64 3116
26 65 6508
26 66 2561
26 67 1561
26 68 2368
26 69 6602
26 70 5152
27 1 6474
27 2 5914
27 3 2157
27 4 2931
27 5 5656
27 6 5854
27 7 523
27 8 6545
27 9 3887
27 10 5531
27 11 3527
27 12 3485
27 13 1186
27 14 67
27 15 833
27 16 2917
27 17 6224
27 18 564
27 19 6549
27 20 5526
27 21 128
27 22 4396
27 23 4212
27 24 4637
27 25 6315
27 26 2188
27 28 4602
27 29 4904
27 30 5517
27 31 4261
27 32 6391
27 33 5507
27 34 6889
27 35 5461
27 36 7462
27 37 1957
27 38 6936
27 39 6989
27 40 2151
27 41 2482
27 42 5835
27 43 7375
27 44 7297
27 45 2112
27 46 4437
27 47 2495
27 48 4482
27 49 6323
27 50 6429
27 51 5797
27 52 5281
27 53 328
27 54 898
27 55 6993
27 56 815
27 57 636
27 58 7330
27 59 5058
27 60 1368
27 61 2561
27 62 4971
27 63 5330
27 64 6100
27 65 686
27 66 6210
27 67 3460
27 68 4807
27 69 504
27 70 3176
28 1 5477
28 2 2367
28 3 5605
28 4 5578
28 5 1913
28 6 3038
28 7 4223
28 8 103
28 9 2195
28 10 5037
28 11 58
28 12 3451
28 13 7096
28 14 6956
28 15 5778
28 16 2413
28 17 6175
28 18 4167
28 19 1520
28 20 1934
28 21 4047
28 22 4788
28 23 6860
28 24 6289
28 25 1007
28 26 6832
28 27 51
28 29 6296
28 30 4037
28 31 5338
28 32 1640
28 33 1109
28 34 3831
28 35 1856
28 36 852
28 37 4739
28 38 6376
28 39 4638
28 40 4797
28 41 2933
28 42 6858
28 43 5479
28 44 832
28 45 5404
28 46 6407
28 47 1890
28 48 4775
28 49 4619
28 50 985
28 51 5947
28 52 5779
28 53 906
28 54 1943
28 55 5291
28 56 3848
28 57 3373
28 58 7329
28 59 6305
28 60 1013
28 61 5113
28 62 408
28 63 5667
28 64 2675
28 65 1732
28 66 5222
28 67 71
28 68 2689
28 69 4216
28 70 5174
29 1 7143
29 2 6556
29 3 1728
29 4 5570
29 5 1491
29 6 3074
29 7 2238
29 8 7411
29 9 7119
29 10 7415
29 11 4037
29 12 2144
29 13 41
29 14 3192
29 15 2053
29 16 5892
29 17 5983
29 18 6979
29 19 3559
29 20 5058
29 21 407
29 22 6089
29 23 2946
29 24 7307
29 25 3539
29 26 4599
29 27 7273
29 28 6486
29 30 4538
29 31 6516
29 32 2849
29 33 234
29 34 920
29 35 5095
29 36 6657
29 37 6079
29 38 6998
29 39 6254
29 40 5681
29 41 6624
29 42 3845
29 43 5651
29 44 471
29 45 6258
29 46 7088
29 47 7142
29 48 224
29 49 6628
29 50 2722
29 51 282
29 52 3204
29 53 3680
29 54 6988
29 55 370
29 56 3969
29 57 2002
29 58 6950
29 59 2230
29 60 3193
29 61 3775
29 62 271
29 63 5477
29 64 4538
29 65 4279
29 66 1332
29 67 3094
29 68 6410
29 69 215
29 70 4328
30 1 347
30 2 5566
30 3 5551
30 4 734
30 5 6564
30 6 3824
30 7 286
30 8 2538
30 9 2585
30 10 5808
30 11 3571
30 12 4704
30 13 6334
30 14 4013
30 15 5697
30 16 574
30 17 6214
30 18 4882
30 19 3403
30 20 955
30 21 51
30 22 3002
30 23 1026
30 24 6027
30 25 6045
30 26 5137
30 27 7020
30 28 4714
30 29 7430
30 31 3726
30 32 4224
30 33 5020
30 34 6761
30 35 6814
30 36 7145
30 37 5260
30 38 5325
30 39 4920
30 40 380
30 41 4415
30 42 5238
30 43 4845
30 44 5189
30 45 3508
30 46 2152
30 47 5208
30 48 4786
30 49 6801
30 50 2388
30 51 5607
30 52 1710
30 53 1205
30 54 7094
30 55 6757
30 56 4406
30 57 2289
30 58 383
30 59 1312
30 60 5264
30 61 2821
30 62 433
30 63 6144
30 64 106
30 65 6910
30 66 3195
30 67 5017
30 68 3307
30 69 4429
30 70 7293
31 1 2743
31 2 3050
31 3 2076
31 4 3167
31 5 6288
31 6 1227
31 7 4755
31 8 28
31 9 3853
31 10 7424
31 11 6126
31 12 6660
31 13 5014
31 14 4508
31 15 251
31 16 3739
31 17 4708
31 18 7188
31 19 6878
31 20 5700
31 21 4052
31 22 547
31 23 4106
31 24 3492
31 25 986
31 26 2635
31 27 4543
31 28 5015
31 29 7422
31 30 630
31 32 3314
31 33 7181
31 34 707
31 35 3105
31 36 5353
31 37 6039
31 38 6070
31 39 2795
31 40 441
31 41 764
31 42 4827
31 43 811
31 44 2316
31 45 4883
31 46 6625
31 47 7201
31 48 2182
31 49 1917
31 50 3883
31 51 5440
31 52 6346
31 53 5674
31 54 1214
31 55 5583
31 56 5981
31 57 2868
31 58 4706
31 59 406
31 60 1259
31 61 5042
31 62 6515
31 63 1033
31 64 5432
31 65 3874
31 66 4626
31 67 1473
31 68 1188
31 69 3359
31 70 4205
32 1 3169
32 2 1667
32 3 6435
32 4 596
32 5 4448
32 6 6739
32 7 3499
32 8 2297
32 9 1561
32 10 2883
32 11 5076
32 12 7378
32 13 7402
32 14 1913
32 15 4214
32 16 5319
32 17 6756
32 18 6114
32 19 5786
32 20 5481
32 21 4742
32 22 4424
32 23 3805
32 24 2713
32 25 248
32 26 7177
32 27 7377
32 28 3824
32 29 740
32 30 3875
32 31 5702
32 33 3136
32 34 4915
32 35 1110
32 36 4647
32 37 1176
32 38 2063
32 39 4076
32 40 6788
32 41 106
32 42 3199
32 43 7099
32 44 1861
32 45 4904
32 46 4168
32 47 6103
32 48 3339
32 49 2975
32 50 2721
32 51 7471
32 52 4785
32 53 2557
32 54 5013
32 55 2674
32 56 1
32 57 5014
32 58 4114
32 59 7107
32 60 3050
32 61 1821
32 62 4164
32 63 5281
32 64 113
32 65 7334
32 66 429
32 67 269
32 68 4273
32 69 3399
32 70 6068
33 1 5849
33 2 3192
33 3 5708
33 4 2611
33 5 3308
33 6 233
33 7 6013
33 8 1942
33 9 6796
33 10 1632
33 11 2345
33 12 6082
33 13 2652
33 14 1080
33 15 6571
33 16 6029
33 17 5791
33 18 5899
33 19 2498
33 20 4714
33 21 2239
33 22 5742
33 23 6235
33 24 5689
33 25 1621
33 26 5609
33 27 2414
33 28 2950
33 29 279
33 30 2605
33 31 6860
33 32 2312
33 34 4912
33 35 7495
33 36 4041
33 37 5486
33 38 2079
33 39 2875
33 40 6908
33 41 5059
33 42 4701
33 43 2317
33 44 141
33 45 1354
33 46 2068
33 47 3866
33 48 2908
33 49 4725
33 50 2108
33 51 6499
33 52 6472
33 53 557
33 54 4268
33 55 979
33 56 3545
33 57 2244
33 58 5388
33 59 6379
33 60 860
33 61 6231
33 62 1028
33 63 622
33 64 6181
33 65 4925
33 66 6336
33 67 2901
33 68 2913
33 69 326
33 70 2377
34 1 3486
34 2 3423
34 3 6619
34 4 6865
34 5 1486
34 6 870
34 7 3017
34 8 6374
34 9 285
34 10 1132
34 11 1861
34 12 3316
34 13 7084
34 14 990
34 15 3042
34 16 3933
34 17 5038
34 18 3828
34 19 2081
34 20 5202
34 21 2565
34 22 4883
34 23 3409
34 24 4605
34 25 2483
34 26 1045
34 27 6044
34 28 6732
34 29 5100
34 30 6504
34 31 3465
34 32 5440
34 33 1596
34 35 6267
34 36 2859
34 37 264
34 38 674
34 39 4404
34 40 5636
34 41 313
34 42 7370
34 43 6811
34 44 2303
34 45 6039
34 46 6868
34 47 4853
34 48 6646
34 49 4000
34 50 3197
34 51 5367
34 52 5036
34 53 2375
34 54 7148
34 55 5505
34 56 7397
34 57 2717
34 58 3234
34 59 2914
34 60 7190
34 61 4822
34 62 6176
34 63 2701
34 64 3058
34 65 6356
34 66 375
34 67 1526
34 68 5720
34 69 2847
34 70 7245
35 1 3458
35 2 741
35 3 2477
35 4 1889
35 5 2032
35 6 1215
35 7 67
35 8 1430
35 9 2039
35 10 6504
35 11 6744
35 12 5878
35 13 7204
35 14 50
35 15 5731
35 16 5207
35 17 3951
35 18 7055
35 19 3039
35 20 542
35 21 1905
35 22 3777
35 23 4631
35 24 7331
35 25 3499
35 26 3282
35 27 448
35 28 1963
35 29 6945
35 30 5879
35 31 4746
35 32 581
35 33 507
35 34 7425
35 36 4574
35 37 5343
35 38 5334
35 39 1291
35 40 4318
35 41 3514
35 42 4087
35 43 5535
35 44 6563
35 45 3310
35 46 1453
35 47 4176
35 48 4633
35 49 905
35 50 1477
35 51 6959
35 52 4168
35 53 1496
35 54 5765
35 55 912
35 56 5120
35 57 4603
35 58 1904
35 59 286
35 60 3473
35 61 2801
35 62 3194
35 63 7467
35 64 5050
35 65 7415
35 66 2586
35 67 3713
35 68 5040
35 69 2347
35 70 4350
36 1 1013
36 2 4459
36 3 2349
36 4 393
36 5 1657
36 6 6089
36 7 1973
36 8 4289
36 9 2731
36 10 6957
36 11 6578
36 12 3465
36 13 4667
36 14 5784
36 15 5327
36 16 5739
36 17 1715
36 18 2145
36 19 794
36 20 1293
36 21 6653
36 22 1396
36 23 2532
36 24 5605
36 25 6326
36 26 7403
36 27 5892
36 28 7091
36 29 2989
36 30 5979
36 31 4440
36 32 6678
36 33 4682
36 34 3429
36 35 5858
36 37 7217
36 38 2301
36 39 2878
36 40 4126
36 41 4011
36 42 7220
36 43 5989
36 44 2204
36 45 2287
36 46 2519
36 47 3557
36 48 2138
36 49 6954
36 50 2690
36 51 4262
36 52 505
36 53 5083
36 54 5740
36 55 803
36 56 6889
36 57 199
36 58 1415
36 59 5179
36 60 2296
36 61 192
36 62 5026
36 63 5692
36 64 3025
36 65 6451
36 66 246
36 67 1541
36 68 477
36 69 6229
36 70 6801
37 1 107
37 2 2527
37 3 7271
37 4 6328
37 5 5170
37 6 2995
37 7 7308
37 8 618
37 9 926
37 10 72
37 11 5836
37 12 7306
37 13 23
37 14 3751
37 15 1880
37 16 2788
37 17 3690
37 18 3093
37 19 3912
37 20 1980
37 21 5642
37 22 2045
37 23 3688
37 24 3190
37 25 1687
37 26 865
37 27 7416
37 28 2409
37 29 3770
37 30 6435
37 31 7159
37 32 2238
37 33 4830
37 34 7034
37 35 6037
37 36 2664
37 38 1142
37 39 2418
37 40 3002
37 41 2229
37 42 3176
37 43 1930
37 44 5158
37 45 5235
37 46 5588
37 47 6822
37 48 4403
37 49 3921
37 50 1209
37 51 3655
37 52 3916
37 53 3952
37 54 2568
37 55 2557
37 56 3772
37 57 148
37 58 5797
37 59 2696
37 60 6801
37 61 2783
37 62 3165
37 63 4436
37 64 4631
37 65 3060
37 66 7452
37 67 2921
37 68 3087
37 69 1814
37 70 1080
38 1 3153
38 2 2232
38 3 7213
38 4 6148
38 5 3948
38 6 2920
38 7 5556
38 8 3509
38 9 3625
38 10 7343
38 11 1703
38 12 6899
38 13 23
38 14 3386
38 15 1506
38 16 3362
38 17 5547
38 18 3565
38 19 5859
38 20 2418
38 21 3999
38 22 1803
38 23 2072
38 24 2968
38 25 5137
38 26 4970
38 27 2912
38 28 4154
38 29 5957
38 30 3237
38 31 1253
38 32 4608
38 33 6297
38 34 3324
38 35 1279
38 36 4274
38 37 919
38 39 3174
38 40 6337
38 41 1401
38 42 5146
38 43 578
38 44 2354
38 45 7449
38 46 4735
38 47 408
38 48 3967
38 49 2835
38 50 4897
38 51 1823
38 52 5165
38 53 6423
38 54 5662
38 55 4043
38 56 6468
38 57 2797
38 58 1112
38 59 6309
38 60 5981
38 61 6129
38 62 4989
38 63 4878
38 64 207
38 65 3773
38 66 4892
38 67 4409
38 68 1736
38 69 5858
38 70 2927
39 1 6862
39 2 5406
39 3 7428
39 4 6963
39 5 7004
39 6 1142
39 7 4728
39 8 4485
39 9 4126
39 10 3189
39 11 1798
39 12 2596
39 13 6157
39 14 6686
39 15 3531
39 16 3686
39 17 7222
39 18 1833
39 19 6541
39 20 726
39 21 5902
39 22 5158
39 23 7191
39 24 933
39 25 4722
39 26 4039
39 27 5587
39 28 2834
39 29 6535
39 30 4965
39 31 5486
39 32 3043
39 33 122
39 34 2237
39 35 415
39 36 1865
39 37 3498
39 38 7374
39 40 4481
39 41 2593
39 42 2900
39 43 6154
39 44 4964
39 45 2473
39 46 1169
39 47 1656
39 48 3050
39 49 5054
39 50 7141
39 51 5495
39 52 4530
39 53 2969
39 54 5485
39 55 3161
39 56 6713
39 57 5145
39 58 7208
39 59 6124
39 60 5133
39 61 1108
39 62 7000
39 63 1697
39 64 6811
39 65 1675
39 66 2711
39 67 5705
39 68 1451
39 69 2906
39 70 5344
40 1 4927
40 2 4881
40 3 4512
40 4 6169
40 5 7129
40 6 1927
40 7 1004
40 8 6391
40 9 5806
40 10 1883
40 11 4589
40 12 4818
40 13 925
40 14 3155
40 15 1500
40 16 2103
40 17 57
40 18 2698
40 19 307
40 20 6003
40 21 5059
40 22 3303
40 23 7298
40 24 3858
40 25 4892
40 26 2813
40 27 5710
40 28 3160
40 29 3664
40 30 4189
40 31 5299
40 32 1513
40 33 250
40 34 131
40 35 701
40 36 5780
40 37 6515
40 38 2628
40 39 2253
40 41 7440
40 42 5283
40 43 1008
40 44 683
40 45 5848
40 46 2942
40 47 1451
40 48 5205
40 49 2140
40 50 2566
40 51 662
40 52 4382
40 53 4657
40 54 3364
40 55 4781
40 56 2151
40 57 1748
40 58 2770
40 59 2884
40 60 6012
40 61 1345
40 62 5491
40 63 2661
40 64 367
40 65 2115
40 66 5922
40 67 5762
40 68 3406
40 69 2771
40 70 2075
41 1 2599
41 2 1069
41 3 688
41 4 7152
41 5 547
41 6 3875
41 7 5433
41 8 2865
41 9 6801
41 10 7039
41 11 3870
41 12 4906
41 13 7286
41 14 2023
41 15 7027
41 16 2382
41 17 2934
41 18 2786
41 19 2536
41 20 2147
41 21 6882
41 22 5931
41 23 146
41 24 4166
41 25 568
41 26 5043
41 27 4189
41 28 5142
41 29 3526
41 30 1138
41 31 3540
41 32 2993
41 33 7463
41 34 6919
41 35 5674
41 36 4132
41 37 738
41 38 6724
41 39 6006
41 40 4572
41 42 6284
41 43 3524
41 44 6509
41 45 601
41 46 5916
41 47 1122
41 48 5745
41 49 4735
41 50 4414
41 51 1869
41 52 6623
41 53 5094
41 54 7065
41 55 2719
41 56 7167
41 57 6963
41 58 4240
41 59 1340
41 60 1022
41 61 4933
41 62 5317
41 63 6324
41 64 6522
41 65 217
41 66 4419
41 67 155
41 68 2579
41 69 5933
41 70 678
42 1 1325
42 2 1866
42 3 2976
42 4 6831
42 5 20
42 6 2750
42 7 5043
42 8 7184
42 9 2162
42 10 6706
42 11 1037
42 12 1766
42 13 7344
42 14 6371
42 15 140
42 16 2432
42 17 1142
42 18 4274
42 19 2769
42 20 4127
42 21 2107
42 22 5055
42 23 6029
42 24 4710
42 25 771
42 26 3746
42 27 3562
42 28 3321
42 29 118
42 30 7148
42 31 6262
42 32 404
42 33 5964
42 34 4044
42 35 5605
42 36 4302
42 37 5995
42 38 536
42 39 1981
42 40 435
42 41 1569
42 43 1910
42 44 2794
42 45 3388
42 46 3567
42 47 184
42 48 3181
42 49 610
42 50 3056
42 51 6244
42 52 5272
42 53 4463
42 54 2703
42 55 4493
42 56 4920
42 57 7144
42 58 5897
42 59 6209
42 60 5879
42 61 4245
42 62 870
42 63 1529
42 64 2546
42 65 733
42 66 3763
42 67 5044
42 68 3069
42 69 6020
42 70 3253
43 1 320
43 2 4180
43 3 5828
43 4 5042
43 5 1015
43 6 4512
43 7 2107
43 8 5897
43 9 685
43 10 1324
43 11 7442
43 12 4705
43 13 439
43 14 3175
43 15 3029
43 16 1041
43 17 3381
43 18 982
43 19 1354
43 20 2131
43 21 3339
43 22 388
43 23 1521
43 24 2461
43 25 3921
43 26 1527
43 27 5517
43 28 5327
43 29 7244
43 30 203
43 31 7076
43 32 3107
43 33 323
43 34 5283
43 35 2608
43 36 1730
43 37 4948
43 38 3186
43 39 4020
43 40 866
43 41 3287
43 42 435
43 44 866
43 45 3296
43 46 4345
43 47 5487
43 48 3269
43 49 2352
43 50 825
43 51 5883
43 52 6677
43 53 7202
43 54 3052
43 55 3483
43 56 107
43 57 7206
43 58 687
43 59 2622
43 60 4812
43 61 3970
43 62 7275
43 63 6560
43 64 6012
43 65 571
43 66 4816
43 67 6013
43 68 2614
43 69 911
43 70 2997
44 1 2523
44 2 2385
44 3 3059
44 4 1692
44 5 4737
44 6 4625
44 7 5209
44 8 3482
44 9 3436
44 10 73
44 11 2330
44 12 937
44 13 2980
44 14 4882
44 15 309
44 16 3589
44 17 6921
44 18 3144
44 19 2757
44 20 4169
44 21 6074
44 22 3282
44 23 2995
44 24 1336
44 25 787
44 26 3240
44 27 2838
44 28 6038
44 29 6404
44 30 2582
44 31 6409
44 32 1343
44 33 1773
44 34 4260
44 35 4092
44 36 2801
44 37 4321
44 38 4357
44 39 478
44 40 5462
44 41 1841
44 42 2505
44 43 4256
44 45 7041
44 46 2024
44 47 3017
44 48 2013
44 49 398
44 50 7425
44 51 5840
44 52 767
44 53 9
44 54 769
44 55 4585
44 56 5630
44 57 2134
44 58 6
44 59 5637
44 60 1026
44 61 99
44 62 2281
44 63 5304
44 64 5097
44 65 1558
44 66 1616
44 67 2499
44 68 1579
44 69 5632
44 70 2878
45 1 2440
45 2 373
45 3 1087
45 4 5212
45 5 6168
45 6 4711
45 7 642
45 8 5913
45 9 1822
45 10 4475
45 11 5877
45 12 5759
45 13 6863
45 14 6461
45 15 5631
45 16 58
45 17 2692
45 18 456
45 19 3658
45 20 1199
45 21 5007
45 22 5572
45 23 1831
45 24 3761
45 25 5514
45 26 4500
45 27 5968
45 28 1918
45 29 2314
45 30 1506
45 31 5515
45 32 3111
45 33 7268
45 34 6294
45 35 1422
45 36 4800
45 37 7038
45 38 4380
45 39 6005
45 40 3595
45 41 7261
45 42 2605
45 43 3184
45 44 5344
45 46 2582
45 47 7310
45 48 6627
45 49 1631
45 50 736
45 51 639
45 52 1720
45 53 5680
45 54 5354
45 55 402
45 56 3738
45 57 2777
45 58 644
45 59 3041
45 60 6361
45 61 1956
45 62 1806
45 63 2775
45 64 2073
45 65 6157
45 66 131
45 67 1360
45 68 5693
45 69 3276
45 70 2247
46 1 1833
46 2 2637
46 3 5125
46 4 6437
46 5 5083
46 6 760
46 7 6408
46 8 3250
46 9 3011
46 10 3176
46 11 3133
46 12 411
46 13 6520
46 14 5495
46 15 269
46 16 4028
46 17 480
46 18 7213
46 19 2623
46 20 6698
46 21 5355
46 22 2636
46 23 3193
46 24 5774
46 25 7421
46 26 2853
46 27 1473
46 28 2909
46 29 6835
46 30 3459
46 31 6666
46 32 2189
46 33 4328
46 34 3571
46 35 1698
46 36 5444
46 37 7091
46 38 3003
46 39 6224
46 40 6857
46 41 6433
46 42 3353
46 43 1753
46 44 5381
46 45 2577
46 47 2856
46 48 346
46 49 7194
46 50 7380
46 51 4883
46 52 3229
46 53 5684
46 54 4188
46 55 3503
46 56 5295
46 57 2506
46 58 3561
46 59 4388
46 60 4604
46 61 1987
46 62 6658
46 63 5118
46 64 1796
46 65 5214
46 66 1092
46 67 4495
46 68 3546
46 69 2654
46 70 7394
47 1 707
47 2 3982
47 3 3703
47 4 7045
47 5 4633
47 6 2432
47 7 4216
47 8 1938
47 9 5553
47 10 1174
47 11 2584
47 12 1754
47 13 5086
47 14 2319
47 15 6334
47 16 6703
47 17 5024
47 18 1596
47 19 5140
47 20 3627
47 21 6192
47 22 3787
47 23 5909
47 24 7457
47 25 3721
47 26 4039
47 27 4834
47 28 5362
47 29 3565
47 30 4508
47 31 1083
47 32 2794
47 33 1411
47 34 5418
47 35 1631
47 36 602
47 37 5426
47 38 4640
47 39 5754
47 40 5780
47 41 3456
47 42 450
47 43 5117
47 44 4678
47 45 4499
47 46 6019
47 48 1557
47 49 7343
47 50 7221
47 51 6910
47 52 3371
47 53 2010
47 54 2171
47 55 4690
47 56 3772
47 57 7479
47 58 3983
47 59 5725
47 60 5377
47 61 6696
47 62 4271
47 63 6788
47 64 7422
47 65 4692
47 66 98
47 67 1040
47 68 6188
47 69 2211
47 70 5366
48 1 7341
48 2 4997
48 3 4872
48 4 3827
48 5 2605
48 6 1754
48 7 2385
48 8 6497
48 9 256
48 10 1920
48 11 96
48 12 4859
48 13 1474
48 14 1705
48 15 887
48 16 3870
48 17 5588
48 18 736
48 19 6984
48 20 416
48 21 7080
48 22 6096
48 23 1461
48 24 4716
48 25 3962
48 26 6613
48 27 3161
48 28 3091
48 29 4044
48 30 6483
48 31 6898
48 32 1816
48 33 1106
48 34 4798
48 35 6140
48 36 4293
48 37 6859
48 38 3679
48 39 4286
48 40 5128
48 41 546
48 42 6054
48 43 4309
48 44 2368
48 45 6303
48 46 6342
48 47 7280
48 49 1378
48 50 6212
48 51 4102
48 52 3359
48 53 7420
48 54 2384
48 55 6088
48 56 2031
48 57 4603
48 58 4356
48 59 4515
48 60 4219
48 61 7160
48 62 2820
48 63 4591
48 64 4375
48 65 1787
48 66 2291
48 67 1544
48 68 6557
48 69 3718
48 70 6407
49 1 4898
49 2 4553
49 3 6199
49 4 700
49 5 4014
49 6 2334
49 7 4814
49 8 5397
49 9 5680
49 10 6090
49 11 7095
49 12 3414
49 13 5444
49 14 804
49 15 151
49 16 2854
49 17 3413
49 18 1344
49 19 3804
49 20 4193
49 21 4508
49 22 4601
49 23 6091
49 24 5697
49 25 908
49 26 346
49 27 896
49 28 2761
49 29 2246
49 30 5825
49 31 6409
49 32 5820
49 33 4105
49 34 3355
49 35 5078
49 36 46
49 37 50
49 38 3824
49 39 2488
49 40 193
49 41 4729
49 42 1239
49 43 1561
49 44 2866
49 45 7274
49 46 3163
49 47 3164
49 48 6987
49 50 1525
49 51 6235
49 52 922
49 53 259
49 54 1856
49 55 5308
49 56 1549
49 57 6371
49 58 7285
49 59 5848
49 60 3052
49 61 5314
49 62 5351
49 63 3562
49 64 1129
49 65 1729
49 66 1195
49 67 6411
49 68 6357
49 69 3908
49 70 4361
50 1 1052
50 2 3135
50 3 5564
50 4 2456
50 5 3986
50 6 5253
50 7 53
50 8 690
50 9 2643
50 10 1781
50 11 3232
50 12 764
50 13 1406
50 14 6695
50 15 1746
50 16 2472
50 17 6829
50 18 3689
50 19 1913
50 20 5256
50 21 1999
50 22 317
50 23 1165
50 24 1471
50 25 729
50 26 5360
50 27 6134
50 28 4028
50 29 6222
50 30 4200
50 31 3650
50 32 1765
50 33 2209
50 34 5626
50 35 2953
50 36 3998
50 37 5264
50 38 7036
50 39 2752
50 40 636
50 41 3212
50 42 1107
50 43 899
50 44 524
50 45 17
50 46 5859
50 47 2437
50 48 1543
50 49 3380
50 51 4412
50 52 1762
50 53 4363
50 54 6651
50 55 4173
50 56 2632
50 57 1985
50 58 97
50 59 4131
50 60 935
50 61 3090
50 62 5687
50 63 7282
50 64 5752
50 65 1090
50 66 5680
50 67 886
50 68 6170
50 69 677
50 70 6933
51 1 2482
51 2 3253
51 3 4169
51 4 1269
51 5 3810
51 6 3727
51 7 594
51 8 5105
51 9 6319
51 10 1289
51 11 717
51 12 4239
51 13 3617
51 14 4942
51 15 1732
51 16 1548
51 17 2095
51 18 2854
51 19 345
51 20 1724
51 21 1546
51 22 6901
51 23 4172
51 24 1020
51 25 6059
51 26 1339
51 27 3174
51 28 2063
51 29 1408
51 30 6746
51 31 1677
51 32 4662
51 33 1092
51 34 5889
51 35 3598
51 36 1315
51 37 7219
51 38 5209
51 39 5802
51 40 1059
51 41 4018
51 42 3368
51 43 6179
51 44 4652
51 45 4195
51 46 7390
51 47 949
51 48 5904
51 49 2051
51 50 5098
51 52 970
51 53 5026
51 54 1200
51 55 3252
51 56 4974
51 57 4775
51 58 3863
51 59 4798
51 60 7436
51 61 2769
51 62 886
51 63 4929
51 64 1508
51 65 4197
51 66 5086
51 67 5030
51 68 1886
51 69 365
51 70 4498
52 1 4405
52 2 1221
52 3 5427
52 4 1215
52 5 2708
52 6 4939
52 7 4329
52 8 785
52 9 5519
52 10 5743
52 11 3029
52 12 5893
52 13 2707
52 14 7088
52 15 6046
52 16 2031
52 17 7418
52 18 1951
52 19 2617
52 20 1239
52 21 1276
52 22 3273
52 23 4997
52 24 6142
52 25 3151
52 26 6047
52 27 7133
52 28 3512
52 29 3410
52 30 1000
52 31 1385
52 32 7058
52 33 5988
52 34 5209
52 35 5200
52 36 3057
52 37 2709
52 38 1921
52 39 3450
52 40 5481
52 41 3097
52 42 2738
52 43 3193
52 44 1309
52 45 706
52 46 275
52 47 5488
52 48 5684
52 49 2728
52 50 3941
52 51 5008
52 53 6076
52 54 2919
52 55 6515
52 56 1271
52 57 344
52 58 1640
52 59 4953
52 60 4302
52 61 4068
52 62 3216
52 63 2787
52 64 1130
52 65 3848
52 66 7229
52 67 7070
52 68 1567
52 69 3961
52 70 4832
53 1 2055
53 2 4857
53 3 2031
53 4 5065
53 5 7491
53 6 3684
53 7 4768
53 8 2823
53 9 2977
53 10 3563
53 11 230
53 12 4249
53 13 1130
53 14 2987
53 15 980
53 16 5839
53 17 5386
53 18 986
53 19 1342
53 20 6275
53 21 3820
53 22 6770
53 23 441
53 24 2534
53 25 2929
53 26 4525
53 27 1094
53 28 4326
53 29 1159
53 30 3272
53 31 5727
53 32 5710
53 33 7202
53 34 3018
53 35 5556
53 36 2911
53 37 3868
53 38 2985
53 39 5036
53 40 473
53 41 6878
53 42 4267
53 43 5701
53 44 2372
53 45 4094
53 46 6044
53 47 3930
53 48 7045
53 49 2177
53 50 2319
53 51 1574
53 52 6529
53 54 1763
53 55 1367
53 56 4031
53 57 974
53 58 7035
53 59 3069
53 60 4220
53 61 1129
53 62 1471
53 63 103
53 64 2756
53 65 1089
53 66 5766
53 67 292
53 68 7042
53 69 2891
53 70 5687
54 1 847
54 2 3443
54 3 5863
54 4 6255
54 5 1024
54 6 2881
54 7 804
54 8 6848
54 9 7377
54 10 2534
54 11 1384
54 12 4671
54 13 492
54 14 3935
54 15 3141
54 16 5912
54 17 4337
54 18 4413
54 19 809
54 20 5636
54 21 3096
54 22 355
54 23 456
54 24 4485
54 25 3406
54 26 2119
54 27 7232
54 28 3450
54 29 2533
54 30 4524
54 31 2954
54 32 6110
54 33 2449
54 34 6834
54 35 10
54 36 231
54 37 892
54 38 3670
54 39 2219
54 40 4378
54 41 1230
54 42 5488
54 43 11
54 44 1258
54 45 5753
54 46 2130
54 47 5379
54 48 7316
54 49 1513
54 50 4288
54 51 7456
54 52 5463
54 53 2745
54 55 5776
54 56 4733
54 57 5630
54 58 3950
54 59 7199
54 60 2764
54 61 3660
54 62 905
54 63 895
54 64 4502
54 65 261
54 66 2279
54 67 4621
54 68 6709
54 69 6459
54 70 5586
55 1 2196
55 2 501
55 3 6554
55 4 1957
55 5 1095
55 6 2032
55 7 6628
55 8 801
55 9 2727
55 10 254
55 11 2719
55 12 2546
55 13 2556
55 14 3998
55 15 6426
55 16 6370
55 17 6779
55 18 279
55 19 3908
55 20 714
55 21 5360
55 22 7466
55 23 3208
55 24 4002
55 25 1132
55 26 3559
55 27 7025
55 28 4403
55 29 1471
55 30 3242
55 31 2146
55 32 2557
55 33 2956
55 34 6845
55 35 6751
55 36 6056
55 37 1818
55 38 3896
55 39 2328
55 40 2145
55 41 6448
55 42 6887
55 43 2440
55 44 2956
55 45 4558
55 46 144
55 47 1790
55 48 6279
55 49 671
55 50 1192
55 51 4023
55 52 1374
55 53 4101
55 54 2813
55 56 6845
55 57 4593
55 58 2864
55 59 5061
55 60 5100
55 61 6407
55 62 2229
55 63 3395
55 64 6837
55 65 3108
55 66 4259
55 67 3126
55 68 4743
55 69 3789
55 70 4954
56 1 1235
56 2 7310
56 3 371
56 4 4653
56 5 4174
56 6 5650
56 7 3888
56 8 1805
56 9 1969
56 10 2439
56 11 4194
56 12 1604
56 13 3162
56 14 2226
56 15 2110
56 16 6080
56 17 4052
56 18 2553
56 19 293
56 20 5989
56 21 2959
56 22 6036
56 23 2933
56 24 6219
56 25 1156
56 26 4184
56 27 1114
56 28 3139
56 29 2313
56 30 6804
56 31 2696
56 32 1932
56 33 1090
56 34 5659
56 35 770
56 36 2521
56 37 3733
56 38 129
56 39 3474
56 40 3562
56 41 6058
56 42 562
56 43 486
56 44 1824
56 45 446
56 46 2943
56 47 3116
56 48 7201
56 49 6536
56 50 3168
56 51 6526
56 52 3085
56 53 7200
56 54 6997
56 55 7020
56 57 5661
56 58 5132
56 59 7279
56 60 642
56 61 7232
56 62 1321
56 63 6386
56 64 5167
56 65 3026
56 66 1326
56 67 6633
56 68 2346
56 69 3558
56 70 821
57 1 4818
57 2 6049
57 3 3461
57 4 7423
57 5 2599
57 6 4941
57 7 5995
57 8 789
57 9 3114
57 10 7249
57 11 5159
57 12 3308
57 13 598
57 14 2462
57 15 6301
57 16 5803
57 17 1127
57 18 5350
57 19 633
57 20 2740
57 21 4695
57 22 6388
57 23 5876
57 24 5336
57 25 34
57 26 5769
57 27 3095
57 28 916
57 29 2379
57 30 546
57 31 7319
57 32 1629
57 33 5321
57 34 7179
57 35 2620
57 36 4712
57 37 1284
57 38 1407
57 39 4869
57 40 2262
57 41 3345
57 42 1047
57 43 326
57 44 6172
57 45 802
57 46 5718
57 47 800
57 48 5006
57 49 850
57 50 440
57 51 1832
57 52 6946
57 53 5279
57 54 3563
57 55 5025
57 56 3604
57 58 7043
57 59 6390
57 60 2902
57 61 515
57 62 2145
57 63 5366
57 64 6744
57 65 2759
57 66 6300
57 67 823
57 68 2597
57 69 226
57 70 4276
58 1 2421
58 2 1682
58 3 5052
58 4 2120
58 5 1698
58 6 3478
58 7 7412
58 8 4786
58 9 5039
58 10 4926
58 11 5918
58 12 3230
58 13 3836
58 14 4971
58 15 5983
58 16 4567
58 17 2109
58 18 5102
58 19 3439
58 20 2643
58 21 5522
58 22 1021
58 23 3693
58 24 6921
58 25 4625
58 26 5465
58 27 3120
58 28 5420
58 29 1208
58 30 5795
58 31 4366
58 32 5199
58 33 5469
58 34 2922
58 35 794
58 36 610
58 37 1221
58 38 6186
58 39 2450
58 40 5183
58 41 330
58 42 4848
58 43 3276
58 44 1643
58 45 5207
58 46 2958
58 47 7155
58 48 5914
58 49 2213
58 50 5518
58 51 6418
58 52 1884
58 53 5882
58 54 1609
58 55 7192
58 56 4539
58 57 4808
58 59 1074
58 60 5803
58 61 5276
58 62 6139
58 63 2711
58 64 1886
58 65 4686
58 66 5129
58 67 6564
58 68 6734
58 69 6302
58 70 288
59 1 735
59 2 3943
59 3 3950
59 4 2342
59 5 2141
59 6 1742
59 7 986
59 8 2127
59 9 1029
59 10 4303
59 11 6347
59 12 485
59 13 1872
59 14 7417
59 15 7306
59 16 2457
59 17 3617
59 18 6334
59 19 3095
59 20 2219
59 21 3019
59 22 1699
59 23 7065
59 24 5005
59 25 3525
59 26 574
59 27 6622
59 28 6844
59 29 2564
59 30 943
59 31 937
59 32 6331
59 33 1243
59 34 5998
59 35 5973
59 36 6550
59 37 1950
59 38 2049
59 39 424
59 40 2004
59 41 4231
59 42 2158
59 43 898
59 44 6573
59 45 3406
59 46 6328
59 47 927
59 48 5486
59 49 5006
59 50 1979
59 51 1664
59 52 5183
59 53 5965
59 54 3932
59 55 5227
59 56 6543
59 57 1862
59 58 3724
59 60 3752
59 61 714
59 62 2259
59 63 4854
59 64 3306
59 65 3852
59 66 6690
59 67 4917
59 68 890
59 69 3733
59 70 280
60 1 7400
60 2 2996
60 3 1715
60 4 5280
60 5 683
60 6 457
60 7 4303
60 8 1695
60 9 7189
60 10 1880
60 11 2546
60 12 2714
60 13 5787
60 14 3840
60 15 6964
60 16 1870
60 17 6320
60 18 6336
60 19 2921
60 20 767
60 21 5564
60 22 3588
60 23 1920
60 24 7236
60 25 3953
60 26 2615
60 27 2835
60 28 1056
60 29 1457
60 30 4640
60 31 6002
60 32 1985
60 33 3197
60 34 619
60 35 4595
60 36 7449
60 37 309
60 38 3049
60 39 6217
60 40 6464
60 41 6842
60 42 2572
60 43 1230
60 44 4131
60 45 1698
60 46 5630
60 47 269
60 48 6460
60 49 7103
60 50 5833
60 51 5565
60 52 4208
60 53 1377
60 54 974
60 55 2106
60 56 1465
60 57 2781
60 58 5782
60 59 1505
60 61 3790
60 62 1495
60 63 4558
60 64 5476
60 65 2715
60 66 6694
60 67 5255
60 68 6583
60 69 5473
60 70 6974
61 1 3259
61 2 52
61 3 5663
61 4 6960
61 5 384
61 6 2652
61 7 7337
61 8 3946
61 9 3498
61 10 6174
61 11 6573
61 12 1592
61 13 4113
61 14 2144
61 15 7346
61 16 4639
61 17 6070
61 18 4064
61 19 2319
61 20 4321
61 21 289
61 22 5527
61 23 7047
61 24 6423
61 25 5581
61 26 381
61 27 4017
61 28 1437
61 29 1534
61 30 3375
61 31 1179
61 32 6822
61 33 4575
61 34 2096
61 35 2731
61 36 7009
61 37 7300
61 38 2359
61 39 7061
61 40 532
61 41 127
61 42 3579
61 43 4405
61 44 6497
61 45 3849
61 46 7254
61 47 1917
61 48 5217
61 49 2505
61 50 6885
61 51 3326
61 52 3206
61 53 3045
61 54 3836
61 55 63
61 56 6314
61 57 6680
61 58 1067
61 59 2343
61 60 4771
61 62 2446
61 63 3587
61 64 5800
61 65 3836
61 66 2395
61 67 3933
61 68 2624
61 69 1006
61 70 916
62 1 3487
62 2 2076
62 3 2621
62 4 2462
62 5 3129
62 6 5302
62 7 3254
62 8 1233
62 9 6247
62 10 1489
62 11 3638
62 12 4917
62 13 2482
62 14 1528
62 15 696
62 16 433
62 17 5740
62 18 5522
62 19 5673
62 20 2109
62 21 2620
62 22 3734
62 23 2522
62 24 6170
62 25 2305
62 26 5890
62 27 773
62 28 4462
62 29 139
62 30 2799
62 31 1285
62 32 6658
62 33 7106
62 34 2444
62 35 1424
62 36 990
62 37 4597
62 38 6671
62 39 6542
62 40 2503
62 41 1300
62 42 1273
62 43 3412
62 44 2433
62 45 2752
62 46 254
62 47 2018
62 48 2799
62 49 4576
62 50 6562
62 51 3553
62 52 3244
62 53 6171
62 54 177
62 55 2613
62 56 1496
62 57 6376
62 58 5152
62 59 6890
62 60 1854
62 61 6873
62 63 2297
62 64 2779
62 65 354
62 66 6922
62 67 5673
62 68 5388
62 69 6155
62 70 4667
63 1 621
63 2 3013
63 3 1881
63 4 2785
63 5 3713
63 6 4543
63 7 5278
63 8 3326
63 9 266
63 10 5698
63 11 2607
63 12 896
63 13 2769
63 14 6769
63 15 127
63 16 3191
63 17 5886
63 18 113
63 19 3500
63 20 1394
63 21 7439
63 22 2553
63 23 3396
63 24 6401
63 25 4271
63 26 1899
63 27 2156
63 28 5188
63 29 2100
63 30 794
63 31 6564
63 32 7150
63 33 5755
63 34 6585
63 35 2896
63 36 462
63 37 5791
63 38 3115
63 39 1643
63 40 6361
63 41 6785
63 42 2600
63 43 4751
63 44 5617
63 45 4672
63 46 4363
63 47 4200
63 48 518
63 49 799
63 50 7275
63 51 457
63 52 7441
63 53 3932
63 54 6967
63 55 6470
63 56 2936
63 57 4594
63 58 7286
63 59 3801
63 60 9
63 61 5152
63 62 1960
63 64 3794
63 65 3415
63 66 3738
63 67 3260
63 68 4276
63 69 6156
63 70 6829
64 1 7361
64 2 7427
64 3 4853
64 4 7288
64 5 2107
64 6 2065
64 7 7496
64 8 2343
64 9 123
64 10 744
64 11 843
64 12 1793
64 13 632
64 14 2992
64 15 1741
64 16 1138
64 17 2244
64 18 6846
64 19 2990
64 20 3485
64 21 2402
64 22 5482
64 23 6610
64 24 1197
64 25 3258
64 26 359
64 27 5395
64 28 6073
64 29 6463
64 30 1917
64 31 6493
64 32 4506
64 33 922
64 34 5786
64 35 1464
64 36 2648
64 37 2832
64 38 595
64 39 4867
64 40 4668
64 41 4213
64 42 892
64 43 6476
64 44 4407
64 45 1661
64 46 6029
64 47 2562
64 48 6578
64 49 5043
64 50 5952
64 51 1270
64 52 4642
64 53 6546
64 54 5880
64 55 49
64 56 3782
64 57 4579
64 58 1135
64 59 1090
64 60 4117
64 61 2632
64 62 6387
64 63 3968
64 65 5200
64 66 5814
64 67 5513
64 68 1911
64 69 5276
64 70 2759
65 1 5054
65 2 4990
65 3 1516
65 4 253
65 5 25
65 6 5228
65 7 4389
65 8 3767
65 9 5620
65 10 2322
65 11 3517
65 12 810
65 13 4716
65 14 4483
65 15 4428
65 16 6021
65 17 3244
65 18 1910
65 19 5824
65 20 6150
65 21 744
65 22 4607
65 23 3696
65 24 1773
65 25 7015
65 26 6764
65 27 1512
65 28 2446
65 29 6900
65 30 7370
65 31 4647
65 32 2540
65 33 2248
65 34 6400
65 35 5727
65 36 2092
65 37 1097
65 38 4095
65 39 4215
65 40 4690
65 41 5670
65 42 7077
65 43 2380
65 44 1464
65 45 2538
65 46 5316
65 47 3677
65 48 1223
65 49 7210
65 50 3752
65 51 2880
65 52 6992
65 53 2071
65 54 2108
65 55 3157
65 56 1890
65 57 3309
65 58 418
65 59 675
65 60 7222
65 61 1434
65 62 4440
65 63 932
65 64 6617
65 66 5488
65 67 2011
65 68 2389
65 69 3004
65 70 4849
66 1 6821
66 2 773
66 3 1831
66 4 3299
66 5 128
66 6 5896
66 7 1681
66 8 5552
66 9 2708
66 10 1048
66 11 1
66 12 3359
66 13 6351
66 14 3360
66 15 5376
66 16 705
66 17 5535
66 18 6480
66 19 1188
66 20 53
66 21 3622
66 22 3487
66 23 2969
66 24 6761
66 25 6330
66 26 2585
66 27 2557
66 28 6250
66 29 5559
66 30 92
66 31 5008
66 32 6010
66 33 5844
66 34 2063
66 35 4206
66 36 1379
66 37 743
66 38 3717
66 39 2047
66 40 2795
66 41 6938
66 42 785
66 43 3870
66 44 3688
66 45 1433
66 46 3628
66 47 20
66 48 5602
66 49 2110
66 50 5306
66 51 4558
66 52 5245
66 53 6649
66 54 5919
66 55 7249
66 56 1599
66 57 3582
66 58 6273
66 59 4422
66 60 7085
66 61 2348
66 62 6791
66 63 5542
66 64 4560
66 65 4517
66 67 1264
66 68 3151
66 69 2419
66 70 1997
67 1 312
67 2 3985
67 3 4355
67 4 3072
67 5 1280
67 6 7312
67 7 5899
67 8 4570
67 9 1594
67 10 1975
67 11 5922
67 12 1355
67 13 5229
67 14 6193
67 15 1483
67 16 2116
67 17 4711
67 18 2565
67 19 7400
67 20 5026
67 21 835
67 22 3268
67 23 5859
67 24 2644
67 25 5760
67 26 3436
67 27 34
67 28 7267
67 29 233
67 30 416
67 31 3710
67 32 5861
67 33 7018
67 34 1613
67 35 4577
67 36 531
67 37 1414
67 38 85
67 39 4114
67 40 6210
67 41 5903
67 42 3577
67 43 2241
67 44 3933
67 45 5652
67 46 1081
67 47 2522
67 48 5674
67 49 6377
67 50 4148
67 51 1812
67 52 2113
67 53 4050
67 54 3267
67 55 3891
67 56 1721
67 57 7203
67 58 3428
67 59 2123
67 60 7448
67 61 423
67 62 3539
67 63 1043
67 64 5322
67 65 1081
67 66 6515
67 68 5386
67 69 4174
67 70 5427
68 1 1271
68 2 3790
68 3 3522
68 4 4189
68 5 6594
68 6 242
68 7 5343
68 8 2868
68 9 1868
68 10 2797
68 11 2588
68 12 4444
68 13 2126
68 14 464
68 15 2496
68 16 2340
68 17 2515
68 18 4617
68 19 2082
68 20 6350
68 21 4479
68 22 5569
68 23 3740
68 24 5849
68 25 3979
68 26 7109
68 27 4464
68 28 2323
68 29 3496
68 30 5397
68 31 3600
68 32 6156
68 33 4450
68 34 6557
68 35 6364
68 36 7082
68 37 5324
68 38 3576
68 39 1892
68 40 4972
68 41 1859
68 42 629
68 43 3671
68 44 6994
68 45 6290
68 46 1463
68 47 1785
68 48 2484
68 49 2352
68 50 2608
68 51 6300
68 52 6226
68 53 463
68 54 186
68 55 342
68 56 603
68 57 6851
68 58 1932
68 59 348
68 60 7037
68 61 3787
68 62 5031
68 63 4332
68 64 4810
68 65 286
68 66 3875
68 67 2702
68 69 6875
68 70 5700
69 1 6257
69 2 3646
69 3 7044
69 4 3592
69 5 5687
69 6 782
69 7 3569
69 8 2648
69 9 645
69 10 4211
69 11 2301
69 12 7297
69 13 832
69 14 5086
69 15 1902
69 16 4660
69 17 867
69 18 390
69 19 4749
69 20 777
69 21 4608
69 22 6114
69 23 6648
69 24 957
69 25 2040
69 26 2341
69 27 155
69 28 4592
69 29 6892
69 30 2874
69 31 3250
69 32 5759
69 33 36
69 34 3161
69 35 6910
69 36 5308
69 37 5193
69 38 890
69 39 2930
69 40 1598
69 41 7485
69 42 5590
69 43 1453
69 44 3802
69 45 1306
69 46 2967
69 47 7330
69 48 2804
69 49 5687
69 50 4918
69 51 7351
69 52 1852
69 53 1462
69 54 6340
69 55 5942
69 56 6972
69 57 3175
69 58 5208
69 59 2294
69 60 4933
69 61 4166
69 62 1552
69 63 5375
69 64 1303
69 65 4455
69 66 7464
69 67 3279
69 68 6480
69 70 4634
70 1 2279
70 2 3409
70 3 1465
70 4 5037
70 5 1094
70 6 6699
70 7 1979
70 8 6650
70 9 6456
70 10 6851
70 11 4194
70 12 2937
70 13 3760
70 14 4044
70 15 7017
70 16 1315
70 17 4033
70 18 7253
70 19 6273
70 20 3880
70 21 3802
70 22 1984
70 23 3480
70 24 3472
70 25 1181
70 26 3594
70 27 2163
70 28 4982
70 29 1354
70 30 286
70 31 1113
70 32 4839
70 33 6938
70 34 5480
70 35 4095
70 36 726
70 37 330
70 38 4718
70 39 5424
70 40 285
70 41 3914
70 42 3624
70 43 4859
70 44 3113
70 45 7252
70 46 7326
70 47 654
70 48 6385
70 49 1665
70 50 3179
70 51 6259
70 52 443
70 53 1691
70 54 2852
70 55 5629
70 56 3411
70 57 1759
70 58 360
70 59 2930
70 60 4556
70 61 3265
70 62 2779
70 63 6688
70 64 1182
70 65 1079
70 66 3430
70 67 4892
70 68 4249
70 69 6303
