70 4830
1 2 1388
1 3 6841
1 4 3301
1 5 2254
1 6 4766
1 7 3069
1 8 1350
1 9 3202
1 10 6890
1 11 3503
1 12 835
1 13 2771
1 14 2435
1 15 5438
1 16 998
1 17 1721
1 18 6355
1 19 5856
1 20 1494
1 21 2928
1 22 1318
1 23 1312
1 24 4940
1 25 3229
1 26 2869
1 27 2724
1 28 1424
1 29 2634
1 30 1543
1 31 971
1 32 5022
1 33 1077
1 34 2834
1 35 2398
1 36 6317
1 37 1098
1 38 3918
1 39 3408
1 40 5224
1 41 7271
1 42 6177
1 43 1163
1 44 1229
1 45 7028
1 46 1074
1 47 7410
1 48 5388
1 49 5760
1 50 3728
1 51 1719
1 52 4728
1 53 4832
1 54 5267
1 55 1153
1 56 6829
1 57 1309
1 58 3556
1 59 3972
1 60 3537
1 61 6829
1 62 1161
1 63 5024
1 64 559
1 65 203
1 66 2584
1 67 6558
1 68 96
1 69 1160
1 70 3800
2 1 597
2 3 7275
2 4 1375
2 5 2387
2 6 2408
2 7 659
2 8 3356
2 9 5516
2 10 3436
2 11 4933
2 12 1363
2 13 1826
2 14 3573
2 15 2237
2 16 2809
2 17 3769
2 18 1623
2 19 2785
2 20 7119
2 21 5935
2 22 5005
2 23 5702
2 24 2958
2 25 4958
2 26 3732
2 27 1316
2 28 1726
2 29 3861
2 30 5896
2 31 1750
2 32 504
2 33 3008
2 34 134
2 35 603
2 36 7240
2 37 1644
2 38 4576
2 39 1317
2 40 412
2 41 461
2 42 866
2 43 2645
2 44 5978
2 45 6550
2 46 5613
2 47 2464
2 48 3668
2 49 3373
2 50 1806
2 51 127
2 52 4077
2 53 3659
2 54 2226
2 55 6300
2 56 5081
2 57 6811
2 58 3100
2 59 7035
2 60 1277
2 61 3640
2 62 881
2 63 2731
2 64 4513
2 65 3431
2 66 1247
2 67 5042
2 68 4016
2 69 4193
2 70 2363
3 1 7025
3 2 2836
3 4 4913
3 5 1150
3 6 4283
3 7 571
3 8 4622
3 9 1133
3 10 5745
3 11 4030
3 12 1491
3 13 7326
3 14 3459
3 15 5134
3 16 6963
3 17 7030
3 18 7171
3 19 7153
3 20 7036
3 21 117
3 22 5359
3 23 830
3 24 7135
3 25 6709
3 26 5992
3 27 692
3 28 5529
3 29 130
3 30 3347
3 31 6730
3 32 6847
3 33 733
3 34 4219
3 35 7199
3 36 1053
3 37 2149
3 38 6971
3 39 4991
3 40 1569
3 41 3977
3 42 2626
3 43 5491
3 44 4375
3 45 4161
3 46 2167
3 47 5336
3 48 6721
3 49 6109
3 50 495
3 51 4164
3 52 3430
3 53 1712
3 54 6539
3 55 2835
3 56 4197
3 57 7496
3 58 796
3 59 3007
3 60 2902
3 61 2470
3 62 4221
3 63 6867
3 64 8
3 65 600
3 66 331
3 67 1210
3 68 5660
3 69 3107
3 70 4866
4 1 3536
4 2 4518
4 3 2204
4 5 5294
4 6 4453
4 7 4650
4 8 7395
4 9 790
4 10 4700
4 11 1142
4 12 7265
4 13 1841
4 14 2754
4 15 4978
4 16 2274
4 17 2639
4 18 4046
4 19 2845
4 20 4206
4 21 5151
4 22 6134
4 23 4619
4 24 3769
4 25 1442
4 26 5793
4 27 4494
4 28 6595
4 29 2285
4 30 4868
4 31 356
4 32 890
4 33 2357
4 34 6446
4 35 329
4 36 319
4 37 1013
4 38 3237
4 39 5020
4 40 1535
4 41 1100
4 42 6327
4 43 5710
4 44 3566
4 45 1623
4 46 2899
4 47 4137
4 48 3132
4 49 314
4 50 3903
4 51 4895
4 52 1368
4 53 7075
4 54 6354
4 55 2623
4 56 377
4 57 5492
4 58 128
4 59 2250
4 60 1539
4 61 865
4 62 4431
4 63 5155
4 64 7418
4 65 4450
4 66 1821
4 67 7043
4 68 4297
4 69 2031
4 70 549
5 1 2948
5 2 4897
5 3 2727
5 4 4650
5 6 4497
5 7 4180
5 8 2282
5 9 3915
5 10 1543
5 11 862
5 12 4943
5 13 2311
5 14 396
5 15 7467
5 16 2340
5 17 4038
5 18 4259
5 19 3423
5 20 6265
5 21 195
5 22 115
5 23 6097
5 24 6521
5 25 2203
5 26 3613
5 27 4180
5 28 6861
5 29 4092
5 30 207
5 31 741
5 32 6922
5 33 1374
5 34 5302
5 35 1786
5 36 5263
5 37 3316
5 38 6541
5 39 2215
5 40 1210
5 41 806
5 42 4093
5 43 6909
5 44 1161
5 45 3658
5 46 6431
5 47 6617
5 48 4812
5 49 5268
5 50 6378
5 51 5774
5 52 3871
5 53 5605
5 54 4699
5 55 241
5 56 6578
5 57 4507
5 58 1664
5 59 4837
5 60 639
5 61 2285
5 62 3829
5 63 5333
5 64 5834
5 65 119
5 66 6681
5 67 3826
5 68 3401
5 69 813
5 70 108
6 1 6802
6 2 6792
6 3 1664
6 4 2157
6 5 1894
6 7 6932
6 8 2706
6 9 6479
6 10 5042
6 11 1772
6 12 5624
6 13 2137
6 14 4913
6 15 6728
6 16 4848
6 17 2514
6 18 4722
6 19 2969
6 20 7131
6 21 2095
6 22 6000
6 23 6962
6 24 4553
6 25 5185
6 26 426
6 27 3455
6 28 5811
6 29 1656
6 30 6410
6 31 147
6 32 5883
6 33 3710
6 34 3218
6 35 3782
6 36 4613
6 37 5512
6 38 3101
6 39 2188
6 40 6902
6 41 7167
6 42 5506
6 43 3578
6 44 4011
6 45 4311
6 46 3449
6 47 3894
6 48 1800
6 49 4992
6 50 4670
6 51 2082
6 52 7022
6 53 2054
6 54 2875
6 55 5174
6 56 3947
6 57 724
6 58 4663
6 59 6848
6 60 4872
6 61 897
6 62 1887
6 63 6877
6 64 2790
6 65 1796
6 66 6972
6 67 1161
6 68 5021
6 69 1291
6 70 2426
7 1 3270
7 2 4324
7 3 4216
7 4 877
7 5 5043
7 6 4029
7 8 6660
7 9 507
7 10 7395
7 11 3349
7 12 3732
7 13 2207
7 14 2655
7 15 871
7 16 674
7 17 3971
7 18 17
7 19 3628
7 20 3367
7 21 933
7 22 1377
7 23 407
7 24 514
7 25 5508
7 26 4924
7 27 3683
7 28 6303
7 29 3687
7 30 5470
7 31 6426
7 32 2923
7 33 1604
7 34 2813
7 35 3827
7 36 639
7 37 571
7 38 6612
7 39 4774
7 40 3017
7 41 5832
7 42 4006
7 43 343
7 44 7296
7 45 6097
7 46 6852
7 47 5456
7 48 1898
7 49 5562
7 50 5262
7 51 5480
7 52 5202
7 53 5675
7 54 6441
7 55 5701
7 56 1314
7 57 1439
7 58 1887
7 59 1827
7 60 531
7 61 6232
7 62 5126
7 63 7219
7 64 628
7 65 6190
7 66 1498
7 67 2019
7 68 6758
7 69 6371
7 70 6535
8 1 5977
8 2 5726
8 3 4312
8 4 1377
8 5 5099
8 6 2721
8 7 6553
8 9 5051
8 10 4790
8 11 2093
8 12 4640
8 13 895
8 14 4235
8 15 6944
8 16 6534
8 17 604
8 18 5751
8 19 1837
8 20 5410
8 21 7072
8 22 5026
8 23 874
8 24 2286
8 25 6476
8 26 4668
8 27 140
8 28 4336
8 29 1545
8 30 245
8 31 5776
8 32 4217
8 33 269
8 34 6738
8 35 2373
8 36 4141
8 37 5602
8 38 6795
8 39 6829
8 40 2693
8 41 7221
8 42 2544
8 43 2337
8 44 5335
8 45 3987
8 46 4254
8 47 4161
8 48 953
8 49 3928
8 50 1162
8 51 3461
8 52 2015
8 53 1647
8 54 839
8 55 3464
8 56 3484
8 57 1778
8 58 5191
8 59 7100
8 60 815
8 61 3290
8 62 1261
8 63 5576
8 64 7481
8 65 5199
8 66 1779
8 67 3898
8 68 6624
8 69 2270
8 70 2996
9 1 2584
9 2 2036
9 3 4008
9 4 3665
9 5 319
9 6 673
9 7 4906
9 8 5391
9 10 6436
9 11 1151
9 12 3261
9 13 3649
9 14 3288
9 15 3327
9 16 556
9 17 3497
9 18 2101
9 19 1632
9 20 7026
9 21 3539
9 22 3512
9 23 5320
9 24 4837
9 25 5755
9 26 5144
9 27 5943
9 28 7486
9 29 4814
9 30 1499
9 31 186
9 32 1018
9 33 1983
9 34 3164
9 35 1436
9 36 4449
9 37 7094
9 38 3362
9 39 3654
9 40 645
9 41 4976
9 42 3522
9 43 5726
9 44 2486
9 45 664
9 46 7149
9 47 7069
9 48 6412
9 49 4228
9 50 7187
9 51 5382
9 52 984
9 53 7202
9 54 383
9 55 5971
9 56 7261
9 57 4923
9 58 3576
9 59 1773
9 60 4455
9 61 1156
9 62 254
9 63 5715
9 64 4007
9 65 5989
9 66 1150
9 67 626
9 68 1128
9 69 1958
9 70 3891
10 1 6980
10 2 938
10 3 5049
10 4 4108
10 5 4606
10 6 7123
10 7 6766
10 8 2729
10 9 2452
10 11 5464
10 12 884
10 13 3474
10 14 3031
10 15 6064
10 16 788
10 17 2481
10 18 2051
10 19 4638
10 20 77
10 21 4962
10 22 1991
10 23 7350
10 24 504
10 25 3769
10 26 5754
10 27 4165
10 28 6694
10 29 2710
10 30 3300
10 31 2485
10 32 6897
10 33 5365
10 34 2262
10 35 5818
10 36 7355
10 37 7037
10 38 276
10 39 4298
10 40 6486
10 41 5602
10 42 2054
10 43 5147
10 44 5924
10 45 3950
10 46 5442
10 47 1502
10 48 4241
10 49 4937
10 50 2577
10 51 3372
10 52 6317
10 53 5485
10 54 6681
10 55 1602
10 56 1438
10 57 2231
10 58 72
10 59 6168
10 60 756
10 61 724
10 62 6003
10 63 4739
10 64 5327
10 65 5727
10 66 422
10 67 270
10 68 7385
10 69 6657
10 70 2989
11 1 1955
11 2 4825
11 3 5101
11 4 3512
11 5 4845
11 6 4844
11 7 1583
11 8 2812
11 9 4329
11 10 2668
11 12 1116
11 13 5607
11 14 1856
11 15 7083
11 16 5903
11 17 73
11 18 757
11 19 4121
11 20 1452
11 21 314
11 22 2724
11 23 3029
11 24 1550
11 25 1337
11 26 1047
11 27 5970
11 28 556
11 29 1817
11 30 5719
11 31 5506
11 32 1196
11 33 7462
11 34 7105
11 35 3532
11 36 6932
11 37 5058
11 38 2987
11 39 1519
11 40 5304
11 41 1336
11 42 474
11 43 101
11 44 6452
11 45 5682
11 46 5486
11 47 4688
11 48 2534
11 49 1736
11 50 5858
11 51 4754
11 52 6760
11 53 5641
11 54 7010
11 55 225
11 56 4229
11 57 470
11 58 5156
11 59 3936
11 60 3728
11 61 7199
11 62 3688
11 63 4158
11 64 382
11 65 3733
11 66 4268
11 67 458
11 68 3407
11 69 3654
11 70 3812
12 1 921
12 2 3024
12 3 2007
12 4 3495
12 5 4608
12 6 4589
12 7 379
12 8 1500
12 9 2020
12 10 7037
12 11 7192
12 13 822
12 14 2104
12 15 3726
12 16 7459
12 17 2575
12 18 7432
12 19 6383
12 20 3588
12 21 6282
12 22 2223
12 23 162
12 24 4505
12 25 814
12 26 2936
12 27 4005
12 28 2935
12 29 155
12 30 85
12 31 4802
12 32 1574
12 33 2012
12 34 5637
12 35 2503
12 36 3563
12 37 53
12 38 1818
12 39 224
12 40 6536
12 41 4735
12 42 1265
12 43 1855
12 44 387
12 45 1956
12 46 2335
12 47 6055
12 48 1072
12 49 789
12 50 7050
12 51 2840
12 52 1906
12 53 5606
12 54 6537
12 55 3337
12 56 5132
12 57 4042
12 58 6221
12 59 6049
12 60 690
12 61 786
12 62 6846
12 63 4764
12 64 2637
12 65 7463
12 66 7481
12 67 3096
12 68 5340
12 69 873
12 70 2375
13 1 3827
13 2 3014
13 3 7441
13 4 4362
13 5 3405
13 6 5495
13 7 119
13 8 6746
13 9 4723
13 10 5817
13 11 4875
13 12 6623
13 14 5711
13 15 7236
13 16 4381
13 17 7471
13 18 471
13 19 4697
13 20 6542
13 21 7045
13 22 1773
13 23 6014
13 24 6399
13 25 371
13 26 4017
13 27 2412
13 28 7235
13 29 3713
13 30 2897
13 31 6210
13 32 850
13 33 2730
13 34 4299
13 35 7068
13 36 3904
13 37 6031
13 38 6904
13 39 2674
13 40 317
13 41 543
13 42 4967
13 43 5222
13 44 2529
13 45 5878
13 46 6600
13 47 1469
13 48 2284
13 49 6676
13 50 2433
13 51 5446
13 52 1371
13 53 1861
13 54 462
13 55 6135
13 56 2737
13 57 4422
13 58 28
13 59 5706
13 60 5638
13 61 4247
13 62 4027
13 63 1331
13 64 7454
13 65 4996
13 66 1426
13 67 7275
13 68 3280
13 69 1174
13 70 6908
14 1 6258
14 2 6946
14 3 7077
14 4 670
14 5 1625
14 6 56
14 7 7253
14 8 6362
14 9 1196
14 10 1971
14 11 2497
14 12 6257
14 13 7234
14 15 4721
14 16 2186
14 17 1781
14 18 4409
14 19 5857
14 20 554
14 21 4043
14 22 5358
14 23 6412
14 24 1619
14 25 5621
14 26 6310
14 27 1824
14 28 4994
14 29 7494
14 30 7451
14 31 5202
14 32 7049
14 33 4589
14 34 6490
14 35 2501
14 36 3060
14 37 6534
14 38 4372
14 39 3014
14 40 3952
14 41 4356
14 42 5592
14 43 6987
14 44 6799
14 45 2786
14 46 4663
14 47 5848
14 48 4548
14 49 5047
14 50 5837
14 51 3149
14 52 5308
14 53 3527
14 54 629
14 55 4117
14 56 3164
14 57 768
14 58 558
14 59 6487
14 60 7460
14 61 7371
14 62 5139
14 63 4464
14 64 726
14 65 3838
14 66 3626
14 67 3334
14 68 5215
14 69 1057
14 70 1481
15 1 7324
15 2 5226
15 3 2856
15 4 4006
15 5 2780
15 6 3902
15 7 3006
15 8 5441
15 9 3666
15 10 918
15 11 5295
15 12 5244
15 13 3971
15 14 7206
15 16 7334
15 17 4708
15 18 6572
15 19 7407
15 20 652
15 21 805
15 22 7421
15 23 1794
15 24 2028
15 25 685
15 26 237
15 27 5733
15 28 954
15 29 1989
15 30 256
15 31 5233
15 32 2488
15 33 7170
15 34 4564
15 35 7093
15 36 1968
15 37 4492
15 38 1228
15 39 3326
15 40 2707
15 41 5722
15 42 7124
15 43 2335
15 44 7022
15 45 6800
15 46 4565
15 47 4974
15 48 3505
15 49 5599
15 50 6212
15 51 1084
15 52 4052
15 53 6632
15 54 1801
15 55 2894
15 56 6488
15 57 1347
15 58 5320
15 59 1940
15 60 5954
15 61 2145
15 62 330
15 63 3685
15 64 2274
15 65 3341
15 66 7007
15 67 931
15 68 5422
15 69 6085
15 70 6876
16 1 4050
16 2 6435
16 3 6810
16 4 6068
16 5 3385
16 6 3967
16 7 3611
16 8 817
16 9 403
16 10 6628
16 11 1840
16 12 4493
16 13 2958
16 14 7482
16 15 3399
16 17 1477
16 18 6177
16 19 1708
16 20 5248
16 21 6409
16 22 5676
16 23 3892
16 24 5853
16 25 4577
16 26 6412
16 27 5814
16 28 425
16 29 5500
16 30 6600
16 31 5800
16 32 2586
16 33 1134
16 34 3539
16 35 4080
16 36 4089
16 37 1870
16 38 5206
16 39 1007
16 40 3886
16 41 3899
16 42 1134
16 43 6048
16 44 1402
16 45 2130
16 46 2525
16 47 6353
16 48 3657
16 49 1222
16 50 4267
16 51 6736
16 52 4520
16 53 4652
16 54 1091
16 55 3265
16 56 5401
16 57 7041
16 58 1194
16 59 4539
16 60 1119
16 61 2201
16 62 7244
16 63 2157
16 64 1643
16 65 493
16 66 7490
16 67 2894
16 68 5569
16 69 6013
16 70 7492
17 1 2371
17 2 417
17 3 3690
17 4 2611
17 5 2158
17 6 5771
17 7 1156
17 8 6143
17 9 1049
17 10 1411
17 11 3020
17 12 381
17 13 2437
17 14 5852
17 15 5928
17 16 1947
17 18 6343
17 19 1159
17 20 6234
17 21 5970
17 22 6335
17 23 6692
17 24 991
17 25 2506
17 26 4083
17 27 5404
17 28 5791
17 29 5675
17 30 985
17 31 900
17 32 2182
17 33 5258
17 34 1046
17 35 3998
17 36 7014
17 37 5865
17 38 6476
17 39 7278
17 40 1360
17 41 5535
17 42 2900
17 43 6189
17 44 6810
17 45 6471
17 46 583
17 47 2287
17 48 1978
17 49 2499
17 50 2507
17 51 262
17 52 1145
17 53 1548
17 54 7447
17 55 489
17 56 688
17 57 3736
17 58 3006
17 59 2781
17 60 7481
17 61 927
17 62 601
17 63 4452
17 64 3461
17 65 705
17 66 5229
17 67 7433
17 68 4961
17 69 6609
17 70 7481
18 1 3453
18 2 7003
18 3 1227
18 4 1418
18 5 6334
18 6 1107
18 7 7459
18 8 4230
18 9 5811
18 10 5135
18 11 4163
18 12 5650
18 13 4526
18 14 118
18 15 3488
18 16 472
18 17 632
18 19 324
18 20 4275
18 21 681
18 22 837
18 23 2223
18 24 3341
18 25 1973
18 26 7414
18 27 7040
18 28 2361
18 29 3171
18 30 2520
18 31 6301
18 32 4177
18 33 4446
18 34 7352
18 35 5463
18 36 3095
18 37 7419
18 38 3883
18 39 4021
18 40 5299
18 41 4322
18 42 6173
18 43 1684
18 44 2401
18 45 253
18 46 5751
18 47 6234
18 48 7351
18 49 2001
18 50 3141
18 51 6058
18 52 4513
18 53 4302
18 54 7349
18 55 931
18 56 4832
18 57 4088
18 58 668
18 59 3374
18 60 4278
18 61 5668
18 62 320
18 63 4664
18 64 1515
18 65 2060
18 66 7372
18 67 3737
18 68 4279
18 69 3236
18 70 1266
19 1 6454
19 2 3662
19 3 7269
19 4 3069
19 5 6947
19 6 764
19 7 4915
19 8 4131
19 9 5596
19 10 1029
19 11 6280
19 12 1262
19 13 6995
19 14 3318
19 15 3496
19 16 5136
19 17 7458
19 18 2968
19 20 1022
19 21 5808
19 22 2420
19 23 529
19 24 7046
19 25 7082
19 26 1250
19 27 5964
19 28 5373
19 29 4685
19 30 7268
19 31 5560
19 32 3761
19 33 5282
19 34 5137
19 35 5640
19 36 1323
19 37 4574
19 38 5892
19 39 5049
19 40 5744
19 41 1559
19 42 4526
19 43 823
19 44 1029
19 45 6261
19 46 2229
19 47 5650
19 48 4865
19 49 1121
19 50 7330
19 51 66
19 52 4822
19 53 3435
19 54 3180
19 55 488
19 56 3510
19 57 1461
19 58 27
19 59 4177
19 60 3769
19 61 3432
19 62 3211
19 63 4815
19 64 1936
19 65 2754
19 66 2818
19 67 7352
19 68 3462
19 69 5051
19 70 7432
20 1 5829
20 2 3759
20 3 4133
20 4 6540
20 5 1023
20 6 2501
20 7 1376
20 8 5281
20 9 2048
20 10 5012
20 11 2391
20 12 748
20 13 7473
20 14 4977
20 15 881
20 16 6238
20 17 6201
20 18 1317
20 19 1621
20 21 5454
20 22 2442
20 23 5192
20 24 5375
20 25 227
20 26 1838
20 27 2578
20 28 6063
20 29 1937
20 30 2251
20 31 5397
20 32 331
20 33 1432
20 34 2361
20 35 2922
20 36 4013
20 37 1169
20 38 6152
20 39 6278
20 40 6718
20 41 1817
20 42 1887
20 43 1102
20 44 462
20 45 6241
20 46 765
20 47 3764
20 48 2606
20 49 5266
20 50 2894
20 51 6121
20 52 6254
20 53 4192
20 54 1943
20 55 6932
20 56 4087
20 57 7381
20 58 6178
20 59 4636
20 60 6964
20 61 1028
20 62 1854
20 63 5901
20 64 3358
20 65 7227
20 66 3605
20 67 5813
20 68 375
20 69 1756
20 70 1936
21 1 4866
21 2 1251
21 3 2209
21 4 4192
21 5 450
21 6 4387
21 7 1330
21 8 7030
21 9 4954
21 10 3526
21 11 6862
21 12 815
21 13 5502
21 14 113
21 15 1421
21 16 3705
21 17 6081
21 18 4398
21 19 1304
21 20 1832
21 22 5369
21 23 829
21 24 4232
21 25 5062
21 26 5194
21 27 2801
21 28 6126
21 29 4237
21 30 399
21 31 539
21 32 1258
21 33 1321
21 34 4084
21 35 4072
21 36 6317
21 37 4687
21 38 237
21 39 2418
21 40 6439
21 41 3262
21 42 6437
21 43 401
21 44 7301
21 45 2627
21 46 997
21 47 3046
21 48 2168
21 49 5211
21 50 1047
21 51 4366
21 52 1695
21 53 6120
21 54 6277
21 55 2246
21 56 4575
21 57 5863
21 58 1234
21 59 946
21 60 3278
21 61 7147
21 62 5623
21 63 1506
21 64 6892
21 65 892
21 66 879
21 67 971
21 68 2193
21 69 5063
21 70 2185
22 1 6147
22 2 3657
22 3 3024
22 4 5092
22 5 6094
22 6 3783
22 7 6054
22 8 663
22 9 4436
22 10 3764
22 11 3421
22 12 2717
22 13 262
22 14 1593
22 15 635
22 16 4094
22 17 4259
22 18 5038
22 19 354
22 20 4215
22 21 2803
22 23 389
22 24 2754
22 25 6463
22 26 1458
22 27 152
22 28 2773
22 29 1970
22 30 833
22 31 4898
22 32 7283
22 33 1133
22 34 5966
22 35 5426
22 36 3352
22 37 7411
22 38 1582
22 39 2705
22 40 5493
22 41 5618
22 42 1603
22 43 4049
22 44 3122
22 45 3744
22 46 1688
22 47 6987
22 48 7058
22 49 5988
22 50 1271
22 51 5644
22 52 6682
22 53 4488
22 54 7348
22 55 6998
22 56 2713
22 57 3695
22 58 1027
22 59 6322
22 60 6735
22 61 2382
22 62 5769
22 63 5392
22 64 1156
22 65 2262
22 66 1606
22 67 3606
22 68 6959
22 69 866
22 70 3546
23 1 7370
23 2 1720
23 3 2003
23 4 4848
23 5 3087
23 6 1308
23 7 4936
23 8 794
23 9 3288
23 10 5884
23 11 1805
23 12 5451
23 13 25
23 14 1808
23 15 2551
23 16 6837
23 17 1748
23 18 6403
23 19 2038
23 20 798
23 21 6383
23 22 1463
23 24 4128
23 25 4640
23 26 4434
23 27 5639
23 28 3746
23 29 3763
23 30 6624
23 31 1965
23 32 3466
23 33 5796
23 34 1196
23 35 5834
23 36 7382
23 37 3926
23 38 4866
23 39 1331
23 40 226
23 41 1321
23 42 2309
23 43 931
23 44 1712
23 45 476
23 46 1964
23 47 5780
23 48 5126
23 49 3029
23 50 7368
23 51 7048
23 52 6272
23 53 2699
23 54 2031
23 55 5466
23 56 386
23 57 96
23 58 3538
23 59 6216
23 60 3646
23 61 7306
23 62 2282
23 63 1811
23 64 1263
23 65 4384
23 66 6557
23 67 255
23 68 93
23 69 5075
23 70 1204
24 1 6235
24 2 1080
24 3 4913
24 4 3715
24 5 6513
24 6 329
24 7 3337
24 8 362
24 9 1967
24 10 3354
24 11 12
24 12 1348
24 13 3166
24 14 6795
24 15 4991
24 16 2797
24 17 2106
24 18 212
24 19 2762
24 20 596
24 21 6553
24 22 6944
24 23 752
24 25 4528
24 26 4372
24 27 7349
24 28 1066
24 29 5356
24 30 6540
24 31 5869
24 32 5743
24 33 932
24 34 3839
24 35 5940
24 36 5729
24 37 5338
24 38 2524
24 39 2254
24 40 1399
24 41 6286
24 42 2719
24 43 6953
24 44 5082
24 45 4095
24 46 2245
24 47 5630
24 48 3611
24 49 3876
24 50 1036
24 51 6732
24 52 2986
24 53 3491
24 54 2213
24 55 5872
24 56 6322
24 57 4991
24 58 5933
24 59 4059
24 60 1268
24 61 4816
24 62 233
24 63 1900
24 64 5270
24 65 6583
24 66 3141
24 67 6079
24 68 7436
24 69 3425
24 70 1806
25 1 4347
25 2 1078
25 3 4848
25 4 1175
25 5 6712
25 6 6619
25 7 6122
25 8 3519
25 9 447
25 10 1672
25 11 3296
25 12 4686
25 13 5804
25 14 3665
25 15 4690
25 16 1927
25 17 1460
25 18 465
25 19 5761
25 20 3189
25 21 993
25 22 935
25 23 3965
25 24 3849
25 26 4438
25 27 5834
25 28 6507
25 29 2851
25 30 7043
25 31 1350
25 32 5297
25 33 1970
25 34 469
25 35 3183
25 36 1052
25 37 6969
25 38 5702
25 39 4637
25 40 6120
25 41 7488
25 42 1287
25 43 5155
25 44 3273
25 45 5451
25 46 2993
25 47 7480
25 48 6162
25 49 3212
25 50 6410
25 51 5914
25 52 1744
25 53 4302
25 54 4876
25 55 5777
25 56 7320
25 57 7131
25 58 6909
25 59 6442
25 60 2850
25 61 1392
25 62 6924
25 63 6678
25 64 951
25 65 560
25 66 1220
25 67 5819
25 68 5952
25 69 4602
25 70 7338
26 1 1031
26 2 4857
26 3 3848
26 4 6198
26 5 4140
26 6 5551
26 7 554
26 8 6313
26 9 5236
26 10 6813
26 11 7480
26 12 6562
26 13 3929
26 14 6557
26 15 3595
26 16 6675
26 17 3113
26 18 6748
26 19 536
26 20 1011
26 21 4718
26 22 1437
26 23 4356
26 24 3899
26 25 1795
26 27 5609
26 28 4364
26 29 617
26 30 1612
26 31 1981
26 32 6000
26 33 1260
26 34 6926
26 35 2793
26 36 3049
26 37 3504
26 38 4628
26 39 2061
26 40 7072
26 41 6916
26 42 6779
26 43 5620
26 44 50
26 45 6639
26 46 6603
26 47 6992
26 48 1466
26 49 3493
26 50 3625
26 51 6404
26 52 1760
26 53 3455
26 54 1488
26 55 6956
26 56 2214
26 57 7259
26 58 3368
26 59 2126
26 60 26
26 61 4794
26 62 5285
26 63 6458
26 64 4224
26 65 3267
26 66 1984
26 67 5732
26 68 4016
26 69 6238
26 70 750
27 1 562
27 2 3496
27 3 2828
27 4 5523
27 5 1998
27 6 7337
27 7 7124
27 8 4950
27 9 3725
27 10 712
27 11 7187
27 12 1321
27 13 4770
27 14 5877
27 15 6353
27 16 5821
27 17 259
27 18 3925
27 19 1731
27 20 930
27 21 1291
27 22 7102
27 23 1866
27 24 120
27 25 3730
27 26 543
27 28 3393
27 29 2036
27 30 1192
27 31 1229
27 32 5744
27 33 1977
27 34 4866
27 35 1346
27 36 6447
27 37 568
27 38 5375
27 39 5691
27 40 3314
27 41 1600
27 42 6881
27 43 6689
27 44 894
27 45 638
27 46 5059
27 47 1812
27 48 4626
27 49 398
27 50 5435
27 51 3858
27 52 1552
27 53 6260
27 54 5191
27 55 5758
27 56 2992
27 57 605
27 58 2863
27 59 3909
27 60 2419
27 61 6335
27 62 4941
27 63 5432
27 64 682
27 65 1712
27 66 4526
27 67 1869
27 68 2422
27 69 3959
27 70 6663
28 1 350
28 2 1287
28 3 4765
28 4 7064
28 5 549
28 6 5683
28 7 7188
28 8 3379
28 9 3332
28 10 1492
28 11 6669
28 12 3629
28 13 6915
28 14 2079
28 15 2840
28 16 2001
28 17 5857
28 18 6490
28 19 7017
28 20 5442
28 21 4360
28 22 6949
28 23 5628
28 24 3565
28 25 597
28 26 4297
28 27 3568
28 29 5917
28 30 763
28 31 6909
28 32 6808
28 33 5898
28 34 3569
28 35 6572
28 36 5850
28 37 6792
28 38 2823
28 39 3692
28 40 4526
28 41 6570
28 42 1993
28 43 4824
28 44 998
28 45 4680
28 46 6476
28 47 5645
28 48 6476
28 49 5867
28 50 6673
28 51 2847
28 52 1985
28 53 4991
28 54 4126
28 55 594
28 56 1234
28 57 5573
28 58 2230
28 59 136
28 60 94
28 61 5473
28 62 4425
28 63 7065
28 64 2130
28 65 2457
28 66 3083
28 67 3617
28 68 1778
28 69 2708
28 70 4391
29 1 1107
29 2 5600
29 3 3634
29 4 1507
29 5 5658
29 6 5707
29 7 1672
29 8 6006
29 9 958
29 10 2742
29 11 953
29 12 1086
29 13 5464
29 14 7147
29 15 336
29 16 6940
29 17 5270
29 18 3304
29 19 2857
29 20 2675
29 21 3118
29 22 3958
29 23 1297
29 24 7316
29 25 2758
29 26 4641
29 27 3333
29 28 1885
29 30 4360
29 31 1890
29 32 7245
29 33 4616
29 34 5977
29 35 6072
29 36 1103
29 37 4561
29 38 1069
29 39 3741
29 40 6841
29 41 4630
29 42 2629
29 43 5858
29 44 5420
29 45 6028
29 46 4485
29 47 486
29 48 978
29 49 200
29 50 1936
29 51 2685
29 52 5826
29 53 632
29 54 147
29 55 563
29 56 5639
29 57 446
29 58 3947
29 59 1420
29 60 5659
29 61 3847
29 62 4103
29 63 1642
29 64 5830
29 65 315
29 66 2019
29 67 2793
29 68 3580
29 69 1067
29 70 2608
30 1 5400
30 2 1529
30 3 5072
30 4 2703
30 5 6402
30 6 4365
30 7 1047
30 8 4172
30 9 7214
30 10 6039
30 11 2833
30 12 2566
30 13 7044
30 14 793
30 15 5551
30 16 3523
30 17 6607
30 18 6870
30 19 5764
30 20 2481
30 21 4574
30 22 1721
30 23 1898
30 24 1591
30 25 2367
30 26 1409
30 27 3909
30 28 6039
30 29 5973
30 31 6051
30 32 6902
30 33 542
30 34 3088
30 35 2079
30 36 4442
30 37 1025
30 38 6114
30 39 6828
30 40 5557
30 41 4711
30 42 2472
30 43 7070
30 44 2067
30 45 3404
30 46 6853
30 47 790
30 48 2692
30 49 3590
30 50 3816
30 51 7222
30 52 7246
30 53 2207
30 54 6491
30 55 212
30 56 3537
30 57 7320
30 58 4946
30 59 3626
30 60 1711
30 61 7203
30 62 1398
30 63 7147
30 64 4325
30 65 6717
30 66 1593
30 67 1657
30 68 2477
30 69 185
30 70 7064
31 1 5921
31 2 1900
31 3 1829
31 4 357
31 5 1832
31 6 4259
31 7 5011
31 8 3211
31 9 88
31 10 1729
31 11 1207
31 12 2684
31 13 4891
31 14 5704
31 15 5473
31 16 2799
31 17 6056
31 18 6308
31 19 1028
31 20 2260
31 21 4385
31 22 2351
31 23 1638
31 24 638
31 25 1365
31 26 6784
31 27 5832
31 28 3196
31 29 322
31 30 5291
31 32 4216
31 33 7409
31 34 4666
31 35 1900
31 36 950
31 37 367
31 38 2417
31 39 6621
31 40 7446
31 41 5411
31 42 2431
31 43 6209
31 44 7184
31 45 4636
31 46 1544
31 47 5869
31 48 3548
31 49 754
31 50 1360
31 51 7370
31 52 746
31 53 1773
31 54 3677
31 55 2035
31 56 3514
31 57 5144
31 58 529
31 59 3763
31 60 483
31 61 741
31 62 1329
31 63 5571
31 64 7294
31 65 4831
31 66 1937
31 67 3899
31 68 183
31 69 1882
31 70 5554
32 1 1926
32 2 4324
32 3 3361
32 4 7049
32 5 1910
32 6 49
32 7 2872
32 8 5509
32 9 5465
32 10 1093
32 11 2113
32 12 1630
32 13 446
32 14 71
32 15 6930
32 16 479
32 17 5209
32 18 7037
32 19 6115
32 20 3966
32 21 3768
32 22 1352
32 23 597
32 24 3499
32 25 222
32 26 5340
32 27 7486
32 28 1963
32 29 204
32 30 5362
32 31 3468
32 33 1636
32 34 4808
32 35 7109
32 36 4124
32 37 5025
32 38 4601
32 39 4773
32 40 320
32 41 4381
32 42 5438
32 43 7250
32 44 5135
32 45 5089
32 46 1127
32 47 5731
32 48 5900
32 49 4641
32 50 3091
32 51 1609
32 52 3369
32 53 5580
32 54 890
32 55 5930
32 56 6784
32 57 6045
32 58 1268
32 59 4600
32 60 1322
32 61 491
32 62 909
32 63 5398
32 64 3515
32 65 4508
32 66 7022
32 67 6679
32 68 7096
32 69 3183
32 70 2646
33 1 7095
33 2 2275
33 3 1251
33 4 3147
33 5 3280
33 6 2309
33 7 1091
33 8 5945
33 9 3630
33 10 2264
33 11 5960
33 12 5901
33 13 5377
33 14 4584
33 15 2977
33 16 4358
33 17 3021
33 18 402
33 19 3703
33 20 1726
33 21 3872
33 22 7451
33 23 998
33 24 2594
33 25 1284
33 26 2264
33 27 165
33 28 4774
33 29 7324
33 30 909
33 31 5490
33 32 4584
33 34 6943
33 35 1122
33 36 2691
33 37 78
33 38 4652
33 39 7411
33 40 4365
33 41 4245
33 42 5407
33 43 81
33 44 6588
33 45 3003
33 46 7130
33 47 552
33 48 6801
33 49 6667
33 50 179
33 51 64
33 52 2931
33 53 1942
33 54 4887
33 55 3539
33 56 2030
33 57 5553
33 58 6837
33 59 454
33 60 430
33 61 342
33 62 490
33 63 7040
33 64 6091
33 65 7124
33 66 1509
33 67 4725
33 68 4019
33 69 1518
33 70 979
34 1 7487
34 2 5345
34 3 6086
34 4 5436
34 5 236
34 6 1376
34 7 7030
34 8 5634
34 9 48
34 10 1520
34 11 4285
34 12 4966
34 13 5772
34 14 2821
34 15 5906
34 16 5833
34 17 5837
34 18 5141
34 19 4609
34 20 5085
34 21 2265
34 22 7254
34 23 6913
34 24 3224
34 25 6251
34 26 1099
34 27 1809
34 28 5904
34 29 5208
34 30 43
34 31 4876
34 32 5791
34 33 730
34 35 1891
34 36 2495
34 37 3651
34 38 5308
34 39 3299
34 40 1656
34 41 2358
34 42 3325
34 43 1698
34 44 2131
34 45 4349
34 46 3437
34 47 3098
34 48 2851
34 49 7488
34 50 1885
34 51 7267
34 52 7262
34 53 1132
34 54 7030
34 55 726
34 56 7230
34 57 5898
34 58 1045
34 59 1565
34 60 2221
34 61 1961
34 62 7179
34 63 1512
34 64 1037
34 65 3150
34 66 28
34 67 4553
34 68 3052
34 69 4417
34 70 6933
35 1 2969
35 2 4290
35 3 7285
35 4 6601
35 5 929
35 6 1053
35 7 3998
35 8 319
35 9 603
35 10 1633
35 11 1671
35 12 3812
35 13 1083
35 14 398
35 15 486
35 16 918
35 17 4522
35 18 6965
35 19 952
35 20 2104
35 21 3414
35 22 5595
35 23 524
35 24 7492
35 25 1622
35 26 4352
35 27 6245
35 28 4949
35 29 6636
35 30 5196
35 31 3283
35 32 5957
35 33 4794
35 34 6966
35 36 5583
35 37 6034
35 38 6247
35 39 1718
35 40 2800
35 41 3460
35 42 947
35 43 5287
35 44 114
35 45 4466
35 46 5992
35 47 1511
35 48 6797
35 49 2714
35 50 5956
35 51 5627
35 52 4416
35 53 3164
35 54 5688
35 55 2138
35 56 1194
35 57 531
35 58 7060
35 59 3876
35 60 1552
35 61 6223
35 62 6403
35 63 406
35 64 3675
35 65 3070
35 66 4272
35 67 3156
35 68 2791
35 69 3321
35 70 6104
36 1 1984
36 2 3239
36 3 3587
36 4 4203
36 5 3120
36 6 2811
36 7 6844
36 8 2206
36 9 6935
36 10 2548
36 11 2064
36 12 2120
36 13 7389
36 14 6206
36 15 1664
36 16 5562
36 17 2238
36 18 3638
36 19 5017
36 20 1659
36 21 171
36 22 6986
36 23 1458
36 24 4164
36 25 6129
36 26 6467
36 27 283
36 28 2062
36 29 4559
36 30 5201
36 31 934
36 32 4822
36 33 6903
36 34 56
36 35 3208
36 37 4537
36 38 2498
36 39 2048
36 40 1621
36 41 560
36 42 3747
36 43 3106
36 44 1216
36 45 6437
36 46 5306
36 47 2417
36 48 1968
36 49 5903
36 50 1294
36 51 7380
36 52 5763
36 53 5446
36 54 3065
36 55 2246
36 56 4587
36 57 7209
36 58 2338
36 59 175
36 60 2667
36 61 2479
36 62 3381
36 63 1591
36 64 934
36 65 2604
36 66 6475
36 67 6181
36 68 2191
36 69 1336
36 70 2368
37 1 2012
37 2 1609
37 3 6545
37 4 6976
37 5 7001
37 6 1884
37 7 5092
37 8 7063
37 9 2941
37 10 4270
37 11 5933
37 12 3282
37 13 6253
37 14 1590
37 15 5312
37 16 1258
37 17 498
37 18 3852
37 19 7363
37 20 7222
37 21 7145
37 22 6592
37 23 6035
37 24 6093
37 25 6633
37 26 6667
37 27 1998
37 28 7365
37 29 4888
37 30 6162
37 31 742
37 32 5195
37 33 2311
37 34 923
37 35 1642
37 36 3680
37 38 2475
37 39 5043
37 40 6205
37 41 190
37 42 3971
37 43 1115
37 44 5684
37 45 1525
37 46 4492
37 47 2052
37 48 518
37 49 1026
37 50 4352
37 51 6419
37 52 2723
37 53 6230
37 54 4054
37 55 3021
37 56 3953
37 57 6457
37 58 5178
37 59 6581
37 60 5032
37 61 556
37 62 2144
37 63 532
37 64 6656
37 65 4606
37 66 1830
37 67 6224
37 68 417
37 69 6320
37 70 4024
38 1 3145
38 2 538
38 3 1175
38 4 4519
38 5 2548
38 6 878
38 7 1058
38 8 5296
38 9 1626
38 10 646
38 11 4977
38 12 648
38 13 845
38 14 6642
38 15 5788
38 16 5790
38 17 2988
38 18 4370
38 19 1211
38 20 7282
38 21 2690
38 22 1157
38 23 519
38 24 3609
38 25 7396
38 26 3880
38 27 5377
38 28 2376
38 29 893
38 30 149
38 31 4137
38 32 6893
38 33 7343
38 34 1193
38 35 1446
38 36 2340
38 37 3839
38 39 4116
38 40 6480
38 41 2244
38 42 3231
38 43 2871
38 44 2600
38 45 5978
38 46 5041
38 47 4776
38 48 1400
38 49 2446
38 50 2699
38 51 7440
38 52 5181
38 53 406
38 54 3363
38 55 2947
38 56 1155
38 57 1499
38 58 3342
38 59 6933
38 60 4717
38 61 3290
38 62 5775
38 63 2967
38 64 4013
38 65 6308
38 66 5574
38 67 6626
38 68 1059
38 69 3115
38 70 7267
39 1 4500
39 2 1093
39 3 5229
39 4 2875
39 5 1586
39 6 5050
39 7 6411
39 8 6304
39 9 7117
39 10 2796
39 11 6944
39 12 3440
39 13 3793
39 14 6337
39 15 3584
39 16 7324
39 17 6043
39 18 7303
39 19 3325
39 20 1573
39 21 229
39 22 3111
39 23 5578
39 24 1017
39 25 4579
39 26 5360
39 27 3962
39 28 4014
39 29 3441
39 30 3605
39 31 3445
39 32 6297
39 33 6621
39 34 3099
39 35 1478
39 36 4158
39 37 6104
39 38 2051
39 40 5369
39 41 246
39 42 6163
39 43 5311
39 44 6265
39 45 5604
39 46 1284
39 47 6377
39 48 1002
39 49 1179
39 50 4062
39 51 4845
39 52 6430
39 53 3152
39 54 2922
39 55 2717
39 56 7393
39 57 3829
39 58 2065
39 59 5896
39 60 886
39 61 4059
39 62 5856
39 63 3531
39 64 6972
39 65 4667
39 66 6978
39 67 4850
39 68 2051
39 69 4821
39 70 4929
40 1 4653
40 2 5287
40 3 535
40 4 1054
40 5 1888
40 6 4904
40 7 3086
40 8 3275
40 9 6822
40 10 1948
40 11 1206
40 12 4781
40 13 374
40 14 1687
40 15 7035
40 16 2803
40 17 5488
40 18 1154
40 19 1005
40 20 4986
40 21 1274
40 22 1941
40 23 1488
40 24 54
40 25 650
40 26 6643
40 27 7482
40 28 5186
40 29 5121
40 30 6407
40 31 6447
40 32 594
40 33 4237
40 34 4917
40 35 5512
40 36 2003
40 37 2083
40 38 498
40 39 4883
40 41 789
40 42 5882
40 43 703
40 44 860
40 45 1519
40 46 4748
40 47 3831
40 48 3186
40 49 6994
40 50 851
40 51 6989
40 52 2365
40 53 3029
40 54 3987
40 55 4629
40 56 3271
40 57 3340
40 58 4209
40 59 6133
40 60 1682
40 61 784
40 62 6551
40 63 1800
40 64 5512
40 65 4461
40 66 5097
40 67 3506
40 68 926
40 69 6303
40 70 4723
41 1 5839
41 2 964
41 3 2081
41 4 3461
41 5 1350
41 6 4857
41 7 1313
41 8 4825
41 9 3356
41 10 3679
41 11 155
41 12 487
41 13 1604
41 14 5391
41 15 2079
41 16 2491
41 17 5659
41 18 6658
41 19 7221
41 20 1799
41 21 1383
41 22 4831
41 23 6095
41 24 2065
41 25 173
41 26 3961
41 27 3950
41 28 2237
41 29 5674
41 30 1517
41 31 7059
41 32 3553
41 33 414
41 34 5688
41 35 6583
41 36 1384
41 37 687
41 38 4896
41 39 3267
41 40 875
41 42 6322
41 43 5607
41 44 7059
41 45 3606
41 46 6705
41 47 5472
41 48 5132
41 49 6949
41 50 1182
41 51 2696
41 52 4582
41 53 4449
41 54 4588
41 55 2969
41 56 5294
41 57 2581
41 58 2240
41 59 6535
41 60 3047
41 61 3318
41 62 6646
41 63 3925
41 64 3157
41 65 6953
41 66 964
41 67 2288
41 68 119
41 69 7308
41 70 5196
42 1 2190
42 2 571
42 3 6314
42 4 4596
42 5 7438
42 6 928
42 7 3396
42 8 1368
42 9 813
42 10 281
42 11 6198
42 12 4754
42 13 6586
42 14 1583
42 15 918
42 16 2661
42 17 5731
42 18 5927
42 19 3573
42 20 6870
42 21 5904
42 22 5825
42 23 2485
42 24 1853
42 25 2867
42 26 6408
42 27 6987
42 28 3947
42 29 5555
42 30 961
42 31 5638
42 32 4827
42 33 4062
42 34 3089
42 35 2460
42 36 2972
42 37 7348
42 38 5099
42 39 6004
42 40 6448
42 41 4435
42 43 5263
42 44 3078
42 45 4503
42 46 871
42 47 3757
42 48 1864
42 49 5645
42 50 6574
42 51 2540
42 52 127
42 53 6922
42 54 1537
42 55 2456
42 56 7278
42 57 5351
42 58 473
42 59 5509
42 60 5127
42 61 813
42 62 5086
42 63 7158
42 64 2147
42 65 1005
42 66 3922
42 67 5382
42 68 3159
42 69 4090
42 70 735
43 1 2475
43 2 7026
43 3 4450
43 4 2433
43 5 6244
43 6 609
43 7 2096
43 8 4228
43 9 3786
43 10 4619
43 11 1360
43 12 477
43 13 6950
43 14 5978
43 15 545
43 16 2624
43 17 5595
43 18 1522
43 19 609
43 20 5052
43 21 6622
43 22 7032
43 23 4824
43 24 1822
43 25 5072
43 26 2117
43 27 5035
43 28 1688
43 29 891
43 30 2662
43 31 6807
43 32 1362
43 33 3872
43 34 3647
43 35 6340
43 36 211
43 37 2632
43 38 7308
43 39 4240
43 40 6187
43 41 5961
43 42 6097
43 44 6228
43 45 3725
43 46 2886
43 47 4486
43 48 2324
43 49 2168
43 50 880
43 51 6992
43 52 1330
43 53 1354
43 54 700
43 55 5932
43 56 1255
43 57 5476
43 58 2122
43 59 660
43 60 1101
43 61 355
43 62 6356
43 63 807
43 64 5084
43 65 36
43 66 6172
43 67 6292
43 68 1201
43 69 3006
43 70 2882
44 1 736
44 2 4676
44 3 4300
44 4 3712
44 5 4109
44 6 1074
44 7 7167
44 8 676
44 9 1546
44 10 684
44 11 3092
44 12 4583
44 13 5146
44 14 5719
44 15 1691
44 16 4468
44 17 1037
44 18 2116
44 19 3130
44 20 7060
44 21 3694
44 22 1628
44 23 1040
44 24 3971
44 25 5870
44 26 4315
44 27 3867
44 28 4024
44 29 4815
44 30 1025
44 31 5623
44 32 929
44 33 4771
44 34 224
44 35 652
44 36 3375
44 37 1459
44 38 2273
44 39 4970
44 40 1551
44 41 1751
44 42 5799
44 43 3199
44 45 3207
44 46 6592
44 47 6728
44 48 2279
44 49 448
44 50 2557
44 51 6577
44 52 6631
44 53 7277
44 54 197
44 55 3230
44 56 1912
44 57 2896
44 58 5224
44 59 1212
44 60 4132
44 61 5462
44 62 2312
44 63 7375
44 64 7151
44 65 3905
44 66 4138
44 67 7338
44 68 1657
44 69 2415
44 70 5450
45 1 3079
45 2 6988
45 3 7358
45 4 600
45 5 1199
45 6 5626
45 7 371
45 8 1224
45 9 721
45 10 1072
45 11 3122
45 12 3082
45 13 3785
45 14 603
45 15 4315
45 16 1102
45 17 6598
45 18 1027
45 19 4912
45 20 1013
45 21 4148
45 22 2741
45 23 4195
45 24 7012
45 25 2211
45 26 2241
45 27 3325
45 28 6653
45 29 76
45 30 2221
45 31 6383
45 32 2170
45 33 2031
45 34 4205
45 35 2311
45 36 6821
45 37 2731
45 38 3901
45 39 1339
45 40 1348
45 41 3647
45 42 6064
45 43 5320
45 44 7142
45 46 4774
45 47 7261
45 48 873
45 49 3395
45 50 5411
45 51 6575
45 52 792
45 53 3168
45 54 6099
45 55 2916
45 56 284
45 57 4337
45 58 6218
45 59 3892
45 60 2031
45 61 5855
45 62 5332
45 63 1598
45 64 6529
45 65 6305
45 66 1133
45 67 1579
45 68 4532
45 69 4293
45 70 1776
46 1 1019
46 2 4431
46 3 6442
46 4 4978
46 5 5681
46 6 5479
46 7 3910
46 8 1238
46 9 2175
46 10 2644
46 11 2131
46 12 7016
46 13 2744
46 14 6886
46 15 5888
46 16 6069
46 17 2925
46 18 3104
46 19 1524
46 20 2995
46 21 4728
46 22 1345
46 23 219
46 24 4764
46 25 7418
46 26 3423
46 27 1432
46 28 1141
46 29 4683
46 30 2308
46 31 590
46 32 5241
46 33 2348
46 34 6866
46 35 6558
46 36 1608
46 37 7183
46 38 5603
46 39 1617
46 40 2071
46 41 1728
46 42 7156
46 43 1568
46 44 4628
46 45 1667
46 47 7430
46 48 1909
46 49 1104
46 50 7485
46 51 6672
46 52 349
46 53 5989
46 54 1000
46 55 5479
46 56 673
46 57 4616
46 58 1400
46 59 5241
46 60 469
46 61 6041
46 62 3659
46 63 5889
46 64 459
46 65 2028
46 66 5661
46 67 44
46 68 3568
46 69 3012
46 70 2196
47 1 7112
47 2 3625
47 3 3803
47 4 3601
47 5 6604
47 6 4122
47 7 4917
47 8 2435
47 9 2805
47 10 4645
47 11 73
47 12 5269
47 13 3775
47 14 1475
47 15 4521
47 16 3183
47 17 1835
47 18 4972
47 19 2983
47 20 1718
47 21 487
47 22 7078
47 23 2353
47 24 7103
47 25 3201
47 26 4508
47 27 14
47 28 3571
47 29 3318
47 30 4404
47 31 5223
47 32 2613
47 33 6219
47 34 2327
47 35 2723
47 36 2305
47 37 1976
47 38 6031
47 39 6730
47 40 5561
47 41 6251
47 42 6858
47 43 2280
47 44 7017
47 45 6393
47 46 4671
47 48 6062
47 49 4338
47 50 4218
47 51 3320
47 52 396
47 53 1917
47 54 6353
47 55 5059
47 56 3125
47 57 281
47 58 1939
47 59 6365
47 60 4086
47 61 903
47 62 4802
47 63 4294
47 64 4467
47 65 3571
47 66 5971
47 67 2857
47 68 5096
47 69 3831
47 70 2104
48 1 4398
48 2 3578
48 3 5296
48 4 6131
48 5 5031
48 6 5037
48 7 6289
48 8 4267
48 9 2597
48 10 4215
48 11 5500
48 12 1504
48 13 2501
48 14 5829
48 15 1015
48 16 1668
48 17 1911
48 18 687
48 19 6313
48 20 2919
48 21 3315
48 22 1370
48 23 771
48 24 3841
48 25 4892
48 26 2996
48 27 5628
48 28 6549
48 29 3366
48 30 4698
48 31 6268
48 32 275
48 33 2969
48 34 3202
48 35 2489
48 36 426
48 37 4609
48 38 6820
48 39 877
48 40 294
48 41 3718
48 42 1704
48 43 6636
48 44 4973
48 45 2022
48 46 3785
48 47 6912
48 49 2658
48 50 694
48 51 5790
48 52 844
48 53 5051
48 54 425
48 55 726
48 56 4398
48 57 50
48 58 1011
48 59 5746
48 60 3103
48 61 4868
48 62 7198
48 63 4955
48 64 4501
48 65 6508
48 66 7271
48 67 2232
48 68 3333
48 69 4023
48 70 7102
49 1 2286
49 2 2111
49 3 6602
49 4 4381
49 5 3259
49 6 682
49 7 322
49 8 4104
49 9 4221
49 10 6315
49 11 5963
49 12 5791
49 13 6408
49 14 7015
49 15 1483
49 16 1880
49 17 3415
49 18 1520
49 19 6625
49 20 6091
49 21 4362
49 22 1611
49 23 918
49 24 5724
49 25 1725
49 26 4274
49 27 5011
49 28 5873
49 29 4477
49 30 2862
49 31 1929
49 32 2253
49 33 4130
49 34 6394
49 35 4542
49 36 2046
49 37 1304
49 38 3344
49 39 5052
49 40 2278
49 41 4860
49 42 393
49 43 5326
49 44 4154
49 45 2760
49 46 80
49 47 2475
49 48 5963
49 50 2143
49 51 1213
49 52 3349
49 53 2823
49 54 1823
49 55 3333
49 56 2086
49 57 2731
49 58 4155
49 59 183
49 60 7345
49 61 5255
49 62 6385
49 63 2920
49 64 4334
49 65 850
49 66 6875
49 67 3380
49 68 3922
49 69 2471
49 70 4330
50 1 7074
50 2 6785
50 3 6477
50 4 918
50 5 5710
50 6 1996
50 7 5672
50 8 454
50 9 5468
50 10 3466
50 11 3921
50 12 687
50 13 3267
50 14 3228
50 15 433
50 16 500
50 17 6273
50 18 2398
50 19 3939
50 20 695
50 21 2180
50 22 611
50 23 1960
50 24 5931
50 25 2097
50 26 170
50 27 7183
50 28 2291
50 29 1486
50 30 2744
50 31 5258
50 32 7336
50 33 6163
50 34 6636
50 35 5252
50 36 521
50 37 3231
50 38 6392
50 39 759
50 40 4021
50 41 5589
50 42 5780
50 43 6784
50 44 6232
50 45 5224
50 46 6030
50 47 5015
50 48 1238
50 49 2382
50 51 4415
50 52 1804
50 53 5423
50 54 3588
50 55 6005
50 56 745
50 57 3917
50 58 2235
50 59 1292
50 60 1163
50 61 2729
50 62 2755
50 63 3354
50 64 2161
50 65 5804
50 66 6437
50 67 2669
50 68 5520
50 69 7456
50 70 3807
51 1 2761
51 2 4900
51 3 6434
51 4 3653
51 5 5363
51 6 1582
51 7 3424
51 8 2643
51 9 980
51 10 1778
51 11 4816
51 12 2011
51 13 4926
51 14 6492
51 15 1197
51 16 754
51 17 6097
51 18 5928
51 19 6464
51 20 6037
51 21 7262
51 22 2071
51 23 3321
51 24 6269
51 25 3995
51 26 316
51 27 48
51 28 4316
51 29 2507
51 30 1703
51 31 2474
51 32 6143
51 33 6439
51 34 375
51 35 3273
51 36 6968
51 37 6103
51 38 3112
51 39 6109
51 40 1360
51 41 2465
51 42 65
51 43 5984
51 44 5293
51 45 7198
51 46 1979
51 47 1600
51 48 3287
51 49 26
51 50 4619
51 52 3764
51 53 6627
51 54 1238
51 55 513
51 56 1211
51 57 1364
51 58 1310
51 59 5653
51 60 2172
51 61 1670
51 62 5905
51 63 5055
51 64 5114
51 65 1932
51 66 368
51 67 6824
51 68 1457
51 69 4506
51 70 102
52 1 2535
52 2 3754
52 3 6726
52 4 6762
52 5 3069
52 6 4815
52 7 2275
52 8 6749
52 9 2375
52 10 1645
52 11 6883
52 12 3479
52 13 6621
52 14 5095
52 15 3898
52 16 2286
52 17 3385
52 18 7272
52 19 2072
52 20 5972
52 21 7299
52 22 2756
52 23 1955
52 24 1292
52 25 615
52 26 7306
52 27 6483
52 28 3511
52 29 5917
52 30 7029
52 31 4428
52 32 5451
52 33 6878
52 34 5220
52 35 6141
52 36 3788
52 37 3026
52 38 4243
52 39 6155
52 40 6947
52 41 5190
52 42 87
52 43 1190
52 44 3987
52 45 5772
52 46 7088
52 47 2559
52 48 5421
52 49 4151
52 50 7464
52 51 507
52 53 2860
52 54 1979
52 55 282
52 56 7302
52 57 1200
52 58 2617
52 59 2833
52 60 2033
52 61 1705
52 62 2614
52 63 1219
52 64 3430
52 65 1562
52 66 2151
52 67 3545
52 68 6375
52 69 6693
52 70 1953
53 1 1401
53 2 3738
53 3 2282
53 4 76
53 5 3220
53 6 4017
53 7 59
53 8 5867
53 9 6356
53 10 1507
53 11 4905
53 12 3473
53 13 1732
53 14 4984
53 15 3035
53 16 538
53 17 5710
53 18 6667
53 19 5372
53 20 5190
53 21 2936
53 22 2848
53 23 6032
53 24 3899
53 25 1157
53 26 5144
53 27 7005
53 28 6796
53 29 2269
53 30 4939
53 31 7099
53 32 2224
53 33 5527
53 34 907
53 35 398
53 36 5555
53 37 4623
53 38 2348
53 39 599
53 40 808
53 41 2337
53 42 6894
53 43 3254
53 44 2090
53 45 5906
53 46 2219
53 47 7273
53 48 3660
53 49 2217
53 50 4998
53 51 3432
53 52 2500
53 54 1601
53 55 3411
53 56 5151
53 57 4435
53 58 4994
53 59 393
53 60 1722
53 61 1067
53 62 4800
53 63 2565
53 64 4501
53 65 1367
53 66 4911
53 67 2638
53 68 6371
53 69 5229
53 70 5638
54 1 5022
54 2 739
54 3 5645
54 4 4017
54 5 4779
54 6 4321
54 7 5256
54 8 5003
54 9 6578
54 10 6122
54 11 624
54 12 2688
54 13 1146
54 14 4753
54 15 4510
54 16 1662
54 17 2674
54 18 572
54 19 5428
54 20 4212
54 21 2997
54 22 3113
54 23 5485
54 24 4696
54 25 34
54 26 3063
54 27 4497
54 28 3451
54 29 2775
54 30 3660
54 31 3839
54 32 982
54 33 4388
54 34 1620
54 35 6195
54 36 529
54 37 3133
54 38 2652
54 39 2821
54 40 2404
54 41 5926
54 42 3356
54 43 7337
54 44 5313
54 45 2155
54 46 160
54 47 1472
54 48 3062
54 49 4731
54 50 4182
54 51 2093
54 52 2764
54 53 4691
54 55 279
54 56 2561
54 57 5727
54 58 6640
54 59 950
54 60 4772
54 61 3799
54 62 2043
54 63 3915
54 64 31
54 65 2325
54 66 241
54 67 6870
54 68 952
54 69 4802
54 70 92
55 1 4101
55 2 2869
55 3 673
55 4 3508
55 5 5503
55 6 2083
55 7 6575
55 8 3792
55 9 2909
55 10 5276
55 11 6313
55 12 6208
55 13 5092
55 14 5413
55 15 4382
55 16 1087
55 17 4645
55 18 632
55 19 4205
55 20 1809
55 21 3851
55 22 1634
55 23 4463
55 24 5439
55 25 1515
55 26 4515
55 27 3366
55 28 5368
55 29 5475
55 30 200
55 31 7088
55 32 6391
55 33 4549
55 34 3320
55 35 72
55 36 2450
55 37 628
55 38 4532
55 39 365
55 40 5479
55 41 3526
55 42 767
55 43 661
55 44 1285
55 45 3575
55 46 32
55 47 3015
55 48 4293
55 49 7233
55 50 5886
55 51 4476
55 52 3002
55 53 3983
55 54 3772
55 56 565
55 57 4393
55 58 2613
55 59 2558
55 60 916
55 61 209
55 62 2075
55 63 642
55 64 3320
55 65 3052
55 66 5533
55 67 6725
55 68 6235
55 69 3717
55 70 1297
56 1 322
56 2 5349
56 3 6399
56 4 7482
56 5 7126
56 6 7319
56 7 3848
56 8 4364
56 9 1403
56 10 2245
56 11 1393
56 12 2622
56 13 304
56 14 5549
56 15 7098
56 16 2749
56 17 3490
56 18 243
56 19 6780
56 20 4166
56 21 324
56 22 371
56 23 5509
56 24 42
56 25 1194
56 26 4245
56 27 6313
56 28 3940
56 29 4148
56 30 845
56 31 5264
56 32 6742
56 33 1600
56 34 1810
56 35 2864
56 36 2358
56 37 1747
56 38 3711
56 39 1444
56 40 5776
56 41 5567
56 42 6177
56 43 2351
56 44 2344
56 45 6730
56 46 213
56 47 5018
56 48 5149
56 49 4820
56 50 6500
56 51 3912
56 52 1467
56 53 303
56 54 778
56 55 4538
56 57 1777
56 58 7464
56 59 2000
56 60 86
56 61 2843
56 62 393
56 63 4235
56 64 3068
56 65 2574
56 66 4244
56 67 1272
56 68 859
56 69 4067
56 70 2437
57 1 3092
57 2 2566
57 3 649
57 4 581
57 5 2129
57 6 3143
57 7 847
57 8 4572
57 9 5707
57 10 4362
57 11 6532
57 12 6506
57 13 2768
57 14 4318
57 15 2243
57 16 7424
57 17 2981
57 18 5068
57 19 1381
57 20 6584
57 21 4937
57 22 528
57 23 6732
57 24 3216
57 25 713
57 26 3474
57 27 989
57 28 3524
57 29 80
57 30 6970
57 31 1049
57 32 7108
57 33 1633
57 34 1135
57 35 5674
57 36 7435
57 37 6309
57 38 1926
57 39 4353
57 40 3513
57 41 5502
57 42 5613
57 43 280
57 44 5240
57 45 1720
57 46 4538
57 47 3553
57 48 5262
57 49 6483
57 50 3803
57 51 4069
57 52 3171
57 53 2279
57 54 6109
57 55 679
57 56 4696
57 58 4618
57 59 4049
57 60 2706
57 61 631
57 62 1304
57 63 6929
57 64 388
57 65 6191
57 66 5738
57 67 3076
57 68 2524
57 69 2081
57 70 6502
58 1 5839
58 2 4809
58 3 6919
58 4 4247
58 5 6737
58 6 6283
58 7 5335
58 8 7338
58 9 1857
58 10 4807
58 11 5340
58 12 5003
58 13 241
58 14 641
58 15 4903
58 16 6730
58 17 185
58 18 1140
58 19 454
58 20 543
58 21 4601
58 22 3896
58 23 1152
58 24 4186
58 25 2520
58 26 4669
58 27 4166
58 28 6336
58 29 210
58 30 2162
58 31 2873
58 32 5989
58 33 6815
58 34 7163
58 35 2488
58 36 5572
58 37 267
58 38 5666
58 39 335
58 40 5764
58 41 4215
58 42 1153
58 43 7295
58 44 6070
58 45 5946
58 46 1403
58 47 5280
58 48 5384
58 49 4154
58 50 833
58 51 279
58 52 4516
58 53 1869
58 54 158
58 55 773
58 56 4016
58 57 6202
58 59 7417
58 60 2009
58 61 1656
58 62 4086
58 63 610
58 64 5758
58 65 4692
58 66 4817
58 67 6308
58 68 1860
58 69 3049
58 70 5819
59 1 653
59 2 6338
59 3 1654
59 4 7377
59 5 5078
59 6 5222
59 7 2121
59 8 5527
59 9 7495
59 10 6215
59 11 966
59 12 222
59 13 5497
59 14 6546
59 15 7240
59 16 1319
59 17 181
59 18 4500
59 19 3027
59 20 1445
59 21 2254
59 22 7032
59 23 2905
59 24 1599
59 25 1986
59 26 3394
59 27 3372
59 28 5970
59 29 4821
59 30 5715
59 31 4178
59 32 5687
59 33 5108
59 34 3516
59 35 1388
59 36 2891
59 37 5621
59 38 1069
59 39 7146
59 40 1907
59 41 661
59 42 2390
59 43 7287
59 44 2238
59 45 129
59 46 2495
59 47 5729
59 48 6420
59 49 5582
59 50 7239
59 51 5662
59 52 2985
59 53 4042
59 54 2897
59 55 3494
59 56 7441
59 57 2834
59 58 4078
59 60 2316
59 61 2275
59 62 2068
59 63 3918
59 64 1928
59 65 3192
59 66 6336
59 67 3847
59 68 5941
59 69 6278
59 70 4112
60 1 6194
60 2 5941
60 3 120
60 4 6499
60 5 6866
60 6 4890
60 7 6823
60 8 1002
60 9 5203
60 10 2592
60 11 7090
60 12 2439
60 13 2307
60 14 2426
60 15 4935
60 16 4357
60 17 4532
60 18 6702
60 19 2143
60 20 6579
60 21 6707
60 22 3613
60 23 7011
60 24 6033
60 25 6639
60 26 2541
60 27 1857
60 28 6933
60 29 4924
60 30 5590
60 31 3013
60 32 6997
60 33 1814
60 34 6500
60 35 5831
60 36 5515
60 37 106
60 38 4109
60 39 4057
60 40 5931
60 41 1209
60 42 1359
60 43 3780
60 44 5828
60 45 4754
60 46 4413
60 47 650
60 48 7099
60 49 3871
60 50 929
60 51 3703
60 52 3120
60 53 5182
60 54 7409
60 55 5188
60 56 4264
60 57 6144
60 58 4580
60 59 922
60 61 1210
60 62 2871
60 63 4429
60 64 5122
60 65 5723
60 66 3257
60 67 4608
60 68 6441
60 69 308
60 70 6925
61 1 693
61 2 7291
61 3 2191
61 4 6640
61 5 6521
61 6 3082
61 7 3881
61 8 6504
61 9 3640
61 10 1579
61 11 3972
61 12 6915
61 13 5460
61 14 7430
61 15 4646
61 16 811
61 17 2027
61 18 3630
61 19 702
61 20 4520
61 21 1194
61 22 5996
61 23 1634
61 24 7457
61 25 5129
61 26 51
61 27 6173
61 28 6265
61 29 654
61 30 1037
61 31 6483
61 32 6043
61 33 5850
61 34 709
61 35 5586
61 36 3827
61 37 7151
61 38 2497
61 39 776
61 40 6154
61 41 4361
61 42 3185
61 43 4420
61 44 1052
61 45 6560
61 46 4921
61 47 5008
61 48 5833
61 49 4889
61 50 1785
61 51 5830
61 52 227
61 53 7106
61 54 6877
61 55 7127
61 56 4595
61 57 4685
61 58 4656
61 59 3466
61 60 5866
61 62 2870
61 63 6259
61 64 6110
61 65 1795
61 66 5113
61 67 2480
61 68 7121
61 69 7221
61 70 3526
62 1 542
62 2 7199
62 3 55
62 4 3308
62 5 2036
62 6 6897
62 7 2527
62 8 1725
62 9 5447
62 10 32
62 11 6374
62 12 936
62 13 4227
62 14 2240
62 15 3465
62 16 4722
62 17 5073
62 18 6402
62 19 971
62 20 1103
62 21 2522
62 22 5837
62 23 684
62 24 932
62 25 3378
62 26 6144
62 27 1119
62 28 1648
62 29 913
62 30 4452
62 31 2624
62 32 6788
62 33 3808
62 34 3917
62 35 5666
62 36 5120
62 37 6459
62 38 5569
62 39 3618
62 40 6398
62 41 3904
62 42 408
62 43 4060
62 44 7303
62 45 4574
62 46 1698
62 47 6876
62 48 2801
62 49 562
62 50 5655
62 51 7101
62 52 91
62 53 763
62 54 312
62 55 562
62 56 3371
62 57 7385
62 58 1213
62 59 5073
62 60 5266
62 61 7003
62 63 1021
62 64 1830
62 65 1194
62 66 1129
62 67 2588
62 68 1002
62 69 6791
62 70 5699
63 1 4493
63 2 2124
63 3 6612
63 4 7121
63 5 4882
63 6 6262
63 7 2365
63 8 631
63 9 3602
63 10 5705
63 11 5364
63 12 4827
63 13 1656
63 14 393
63 15 2371
63 16 3367
63 17 6989
63 18 4403
63 19 5672
63 20 3827
63 21 1331
63 22 3004
63 23 4974
63 24 985
63 25 4340
63 26 4242
63 27 6733
63 28 377
63 29 6716
63 30 7315
63 31 1643
63 32 3962
63 33 5234
63 34 4183
63 35 4729
63 36 3362
63 37 219
63 38 2531
63 39 5733
63 40 652
63 41 3206
63 42 3333
63 43 2379
63 44 2580
63 45 2482
63 46 4077
63 47 6953
63 48 3498
63 49 3718
63 50 5461
63 51 391
63 52 3655
63 53 2529
63 54 6000
63 55 1190
63 56 3087
63 57 4233
63 58 2398
63 59 3861
63 60 5499
63 61 3171
63 62 6347
63 64 3909
63 65 2297
63 66 5986
63 67 2257
63 68 1489
63 69 3650
63 70 2040
64 1 4622
64 2 153
64 3 1093
64 4 97
64 5 6490
64 6 5858
64 7 6180
64 8 5321
64 9 3958
64 10 1430
64 11 1696
64 12 2626
64 13 6000
64 14 5067
64 15 1677
64 16 6577
64 17 6683
64 18 5690
64 19 7009
64 20 3572
64 21 5316
64 22 6826
64 23 5015
64 24 7406
64 25 5205
64 26 4956
64 27 1659
64 28 1718
64 29 1420
64 30 4898
64 31 5708
64 32 1236
64 33 2524
64 34 6344
64 35 6494
64 36 3501
64 37 2436
64 38 3320
64 39 3367
64 40 3136
64 41 551
64 42 2359
64 43 4817
64 44 4792
64 45 2051
64 46 6803
64 47 3207
64 48 5244
64 49 3460
64 50 5988
64 51 7418
64 52 6915
64 53 1716
64 54 3852
64 55 4485
64 56 5291
64 57 1592
64 58 6057
64 59 3958
64 60 6318
64 61 668
64 62 27
64 63 6384
64 65 7090
64 66 1601
64 67 5126
64 68 1683
64 69 1731
64 70 117
65 1 6184
65 2 4819
65 3 5037
65 4 3674
65 5 1979
65 6 7053
65 7 1550
65 8 438
65 9 4124
65 10 1726
65 11 5776
65 12 5160
65 13 6395
65 14 1699
65 15 1674
65 16 5606
65 17 22
65 18 6392
65 19 6042
65 20 4219
65 21 1797
65 22 4716
65 23 7054
65 24 508
65 25 2023
65 26 558
65 27 2418
65 28 790
65 29 5477
65 30 2808
65 31 2875
65 32 4815
65 33 3616
65 34 3085
65 35 2489
65 36 6216
65 37 3311
65 38 6161
65 39 3292
65 40 3002
65 41 5608
65 42 1528
65 43 3169
65 44 271
65 45 6516
65 46 3936
65 47 3003
65 48 4323
65 49 5804
65 50 2804
65 51 2603
65 52 7338
65 53 499
65 54 7489
65 55 5487
65 56 3733
65 57 2361
65 58 4058
65 59 2416
65 60 2915
65 61 3628
65 62 3899
65 63 6973
65 64 3915
65 66 921
65 67 3561
65 68 3362
65 69 2718
65 70 4903
66 1 293
66 2 2740
66 3 1829
66 4 6150
66 5 7434
66 6 824
66 7 360
66 8 265
66 9 5277
66 10 5694
66 11 6216
66 12 5853
66 13 1806
66 14 92
66 15 3529
66 16 5218
66 17 1712
66 18 3889
66 19 6346
66 20 2433
66 21 3284
66 22 3959
66 23 4261
66 24 5409
66 25 1048
66 26 3472
66 27 2301
66 28 3304
66 29 3920
66 30 3912
66 31 7484
66 32 220
66 33 4085
66 34 1985
66 35 594
66 36 5409
66 37 2028
66 38 3150
66 39 4801
66 40 4285
66 41 837
66 42 123
66 43 6308
66 44 1339
66 45 2125
66 46 1774
66 47 2064
66 48 5069
66 49 4530
66 50 6965
66 51 2990
66 52 5555
66 53 3099
66 54 3287
66 55 4670
66 56 7135
66 57 290
66 58 6388
66 59 4692
66 60 3635
66 61 1756
66 62 7206
66 63 6126
66 64 6151
66 65 4366
66 67 2606
66 68 6375
66 69 1197
66 70 424
67 1 2499
67 2 6725
67 3 6472
67 4 4189
67 5 3713
67 6 5353
67 7 4586
67 8 148
67 9 416
67 10 2927
67 11 3921
67 12 3641
67 13 6109
67 14 3019
67 15 6732
67 16 3471
67 17 5629
67 18 3066
67 19 159
67 20 4621
67 21 7237
67 22 2615
67 23 6966
67 24 4192
67 25 962
67 26 3692
67 27 4046
67 28 3684
67 29 5601
67 30 3655
67 31 2718
67 32 1010
67 33 2932
67 34 5964
67 35 5805
67 36 1378
67 37 3190
67 38 6232
67 39 4062
67 40 4083
67 41 6931
67 42 4173
67 43 2084
67 44 4284
67 45 5416
67 46 828
67 47 5760
67 48 3091
67 49 245
67 50 3642
67 51 3720
67 52 5267
67 53 3876
67 54 5465
67 55 4550
67 56 6883
67 57 6184
67 58 4892
67 59 6198
67 60 1960
67 61 6184
67 62 5215
67 63 892
67 64 449
67 65 4247
67 66 6195
67 68 347
67 69 7138
67 70 2359
68 1 4883
68 2 1871
68 3 2484
68 4 2466
68 5 1659
68 6 6213
68 7 349
68 8 92
68 9 1354
68 10 6904
68 11 5205
68 12 5491
68 13 6289
68 14 4262
68 15 3435
68 16 927
68 17 4954
68 18 7269
68 19 4834
68 20 3569
68 21 1399
68 22 320
68 23 2958
68 24 5549
68 25 4199
68 26 2133
68 27 2422
68 28 6012
68 29 5942
68 30 2343
68 31 1835
68 32 3714
68 33 3751
68 34 3375
68 35 4683
68 36 5683
68 37 7122
68 38 6035
68 39 4465
68 40 4644
68 41 1888
68 42 6357
68 43 242
68 44 4603
68 45 6726
68 46 2982
68 47 3450
68 48 5324
68 49 5078
68 50 1354
68 51 4488
68 52 4985
68 53 1645
68 54 596
68 55 3494
68 56 3628
68 57 1189
68 58 1349
68 59 5941
68 60 6871
68 61 6930
68 62 3799
68 63 6778
68 64 5113
68 65 4871
68 66 2649
68 67 3273
68 69 7134
68 70 1518
69 1 2979
69 2 703
69 3 434
69 4 2819
69 5 2770
69 6 4808
69 7 2305
69 8 5575
69 9 5315
69 10 1862
69 11 6218
69 12 4305
69 13 1374
69 14 1657
69 15 6125
69 16 398
69 17 5199
69 18 6748
69 19 5316
69 20 6398
69 21 3410
69 22 4197
69 23 1620
69 24 5723
69 25 6584
69 26 2605
69 27 6071
69 28 147
69 29 3364
69 30 2852
69 31 3794
69 32 6725
69 33 2281
69 34 457
69 35 5685
69 36 3271
69 37 5093
69 38 1199
69 39 1477
69 40 5197
69 41 4112
69 42 1760
69 43 5057
69 44 96
69 45 3463
69 46 5636
69 47 7475
69 48 6241
69 49 2236
69 50 148
69 51 1381
69 52 3122
69 53 411
69 54 4462
69 55 5688
69 56 5434
69 57 2612
69 58 3379
69 59 3983
69 60 3606
69 61 5360
69 62 3920
69 63 2300
69 64 6308
69 65 7301
69 66 4544
69 67 4811
69 68 2597
69 70 3010
70 1 1680
70 2 5778
70 3 287
70 4 5620
70 5 4548
70 6 1033
70 7 2142
70 8 2195
70 9 6158
70 10 4687
70 11 800
70 12 6326
70 13 3596
70 14 5385
70 15 1403
70 16 1281
70 17 121
70 18 7479
70 19 3075
70 20 7103
70 21 2362
70 22 6734
70 23 6328
70 24 2343
70 25 5544
70 26 1694
70 27 6387
70 28 4809
70 29 6840
70 30 4328
70 31 6519
70 32 7346
70 33 2858
70 34 4228
70 35 3340
70 36 5062
70 37 6907
70 38 3460
70 39 3181
70 40 3502
70 41 3485
70 42 6204
70 43 5371
70 44 3578
70 45 7158
70 46 4691
70 47 6368
70 48 6821
70 49 5620
70 50 591
70 51 5066
70 52 145
70 53 2415
70 54 2170
70 55 2670
70 56 6949
70 57 91
70 58 2496
70 59 974
70 60 4037
70 61 655
70 62 6253
70 63 7059
70 64 5678
70 65 7144
70 66 2550
70 67 1691
70 68 2603
70 69 4956
