70 4830
1 2 4131
1 3 7365
1 4 5190
1 5 1432
1 6 6312
1 7 2113
1 8 6631
1 9 1499
1 10 5644
1 11 3567
1 12 7120
1 13 3619
1 14 2143
1 15 3644
1 16 4151
1 17 7080
1 18 4767
1 19 3986
1 20 6619
1 21 427
1 22 921
1 23 5671
1 24 5689
1 25 6920
1 26 1146
1 27 6414
1 28 1970
1 29 2718
1 30 7412
1 31 7480
1 32 4877
1 33 7114
1 34 4589
1 35 4141
1 36 4556
1 37 3195
1 38 1704
1 39 1037
1 40 5304
1 41 1834
1 42 968
1 43 5177
1 44 4500
1 45 5941
1 46 1315
1 47 6820
1 48 4556
1 49 3549
1 50 2273
1 51 6993
1 52 46
1 53 1867
1 54 3398
1 55 4829
1 56 6265
1 57 5764
1 58 6864
1 59 367
1 60 472
1 61 2989
1 62 3305
1 63 2570
1 64 2079
1 65 4295
1 66 4795
1 67 7064
1 68 5830
1 69 4454
1 70 4055
2 1 3799
2 3 6491
2 4 6830
2 5 5366
2 6 2189
2 7 3481
2 8 5541
2 9 1769
2 10 115
2 11 3006
2 12 2966
2 13 2924
2 14 2958
2 15 2359
2 16 2659
2 17 2119
2 18 3030
2 19 3414
2 20 5772
2 21 1449
2 22 2639
2 23 6725
2 24 395
2 25 931
2 26 1731
2 27 1306
2 28 6851
2 29 5121
2 30 3583
2 31 6775
2 32 4849
2 33 3707
2 34 6088
2 35 1937
2 36 3770
2 37 3323
2 38 6922
2 39 2068
2 40 54
2 41 1371
2 42 5027
2 43 4858
2 44 5821
2 45 3880
2 46 5254
2 47 3973
2 48 5611
2 49 7295
2 50 4746
2 51 2456
2 52 6092
2 53 5469
2 54 6801
2 55 7419
2 56 2510
2 57 4291
2 58 1773
2 59 4781
2 60 575
2 61 3314
2 62 5489
2 63 3269
2 64 168
2 65 5230
2 66 3957
2 67 3995
2 68 1505
2 69 1903
2 70 3675
3 1 3004
3 2 1588
3 4 3970
3 5 5685
3 6 6547
3 7 6395
3 8 5412
3 9 2911
3 10 4426
3 11 5551
3 12 2071
3 13 576
3 14 1493
3 15 7107
3 16 3888
3 17 1924
3 18 4800
3 19 2825
3 20 3350
3 21 7127
3 22 2377
3 23 3276
3 24 3840
3 25 4154
3 26 234
3 27 1939
3 28 1822
3 29 2433
3 30 5794
3 31 5383
3 32 359
3 33 5596
3 34 3135
3 35 3739
3 36 570
3 37 316
3 38 3553
3 39 2391
3 40 5991
3 41 6480
3 42 1635
3 43 4345
3 44 4325
3 45 2462
3 46 3986
3 47 3953
3 48 2282
3 49 2983
3 50 5665
3 51 4040
3 52 5827
3 53 6131
3 54 6508
3 55 2263
3 56 7462
3 57 1070
3 58 5002
3 59 2700
3 60 3903
3 61 898
3 62 5269
3 63 7034
3 64 2780
3 65 3869
3 66 6425
3 67 2262
3 68 4452
3 69 7409
3 70 789
4 1 4704
4 2 6419
4 3 4834
4 5 1465
4 6 4138
4 7 1635
4 8 7091
4 9 6000
4 10 196
4 11 3571
4 12 153
4 13 5415
4 14 4702
4 15 894
4 16 5157
4 17 4054
4 18 4953
4 19 3358
4 20 1959
4 21 5932
4 22 3295
4 23 1018
4 24 4874
4 25 2406
4 26 6725
4 27 3512
4 28 5876
4 29 2919
4 30 2771
4 31 4691
4 32 2944
4 33 5170
4 34 4964
4 35 86
4 36 3878
4 37 302
4 38 6981
4 39 5910
4 40 10
4 41 872
4 42 2045
4 43 3810
4 44 1933
4 45 675
4 46 3007
4 47 237
4 48 7245
4 49 759
4 50 4357
4 51 1036
4 52 2306
4 53 4790
4 54 4273
4 55 5208
4 56 5056
4 57 2352
4 58 3279
4 59 2888
4 60 7461
4 61 6044
4 62 4336
4 63 5720
4 64 3384
4 65 5154
4 66 3223
4 67 126
4 68 4
4 69 5262
4 70 1286
5 1 1077
5 2 5108
5 3 5184
5 4 6019
5 6 6575
5 7 1511
5 8 4614
5 9 5358
5 10 5483
5 11 657
5 12 4133
5 13 4105
5 14 6889
5 15 656
5 16 3932
5 17 6279
5 18 2181
5 19 5481
5 20 4576
5 21 2472
5 22 2859
5 23 1523
5 24 3164
5 25 4938
5 26 5768
5 27 2488
5 28 1840
5 29 4450
5 30 56
5 31 615
5 32 829
5 33 3774
5 34 2955
5 35 3317
5 36 7263
5 37 6695
5 38 2014
5 39 3772
5 40 7161
5 41 4877
5 42 5134
5 43 1431
5 44 1198
5 45 2150
5 46 1322
5 47 7297
5 48 4421
5 49 4450
5 50 3363
5 51 6373
5 52 7089
5 53 3604
5 54 1583
5 55 6635
5 56 5495
5 57 1217
5 58 5127
5 59 3457
5 60 420
5 61 1978
5 62 2803
5 63 101
5 64 338
5 65 2165
5 66 1280
5 67 1157
5 68 6502
5 69 4421
5 70 3519
6 1 1106
6 2 6575
6 3 7271
6 4 4474
6 5 7070
6 7 2346
6 8 2386
6 9 4643
6 10 4672
6 11 6616
6 12 3881
6 13 3421
6 14 7450
6 15 44
6 16 4486
6 17 4130
6 18 3166
6 19 4925
6 20 6135
6 21 1021
6 22 5845
6 23 1242
6 24 6260
6 25 6096
6 26 439
6 27 3515
6 28 1675
6 29 7317
6 30 1994
6 31 6205
6 32 166
6 33 3352
6 34 6470
6 35 2648
6 36 3362
6 37 6273
6 38 5876
6 39 2860
6 40 1077
6 41 5938
6 42 16
6 43 203
6 44 3810
6 45 2571
6 46 4699
6 47 324
6 48 2881
6 49 6178
6 50 6628
6 51 1446
6 52 1777
6 53 1023
6 54 2953
6 55 5602
6 56 2510
6 57 3808
6 58 5762
6 59 7277
6 60 6255
6 61 4565
6 62 1176
6 63 6322
6 64 6041
6 65 3704
6 66 2659
6 67 216
6 68 3257
6 69 559
6 70 2949
7 1 2422
7 2 3114
7 3 6125
7 4 5942
7 5 1162
7 6 5376
7 8 5127
7 9 212
7 10 2822
7 11 4634
7 12 3833
7 13 6533
7 14 5977
7 15 484
7 16 3331
7 17 3628
7 18 4390
7 19 5395
7 20 3333
7 21 4150
7 22 2071
7 23 1343
7 24 5184
7 25 5507
7 26 6195
7 27 5241
7 28 551
7 29 2636
7 30 5763
7 31 7433
7 32 2646
7 33 2936
7 34 3332
7 35 1911
7 36 795
7 37 1549
7 38 3460
7 39 2749
7 40 6422
7 41 4730
7 42 6351
7 43 4371
7 44 5983
7 45 3451
7 46 5459
7 47 1598
7 48 1288
7 49 46
7 50 558
7 51 1237
7 52 2767
7 53 4828
7 54 2539
7 55 5497
7 56 6181
7 57 1956
7 58 4291
7 59 4289
7 60 6417
7 61 4481
7 62 5470
7 63 2350
7 64 2071
7 65 4108
7 66 2659
7 67 7380
7 68 2045
7 69 5088
7 70 4618
8 1 770
8 2 3374
8 3 473
8 4 4659
8 5 7370
8 6 843
8 7 5419
8 9 2697
8 10 3100
8 11 6879
8 12 1069
8 13 6555
8 14 7157
8 15 4564
8 16 5291
8 17 216
8 18 5631
8 19 2153
8 20 2405
8 21 3268
8 22 5553
8 23 3828
8 24 6095
8 25 3906
8 26 4828
8 27 4964
8 28 6602
8 29 5746
8 30 1710
8 31 5483
8 32 5107
8 33 3037
8 34 3591
8 35 4883
8 36 3789
8 37 2266
8 38 5900
8 39 1707
8 40 2802
8 41 1776
8 42 3548
8 43 4598
8 44 2832
8 45 1554
8 46 6804
8 47 2241
8 48 6957
8 49 4522
8 50 3415
8 51 2407
8 52 7488
8 53 5396
8 54 563
8 55 3217
8 56 1194
8 57 5458
8 58 2353
8 59 6908
8 60 5371
8 61 2175
8 62 487
8 63 1056
8 64 4695
8 65 4717
8 66 7210
8 67 4181
8 68 3845
8 69 1987
8 70 4651
9 1 7081
9 2 4029
9 3 4215
9 4 3745
9 5 1306
9 6 7181
9 7 6112
9 8 1928
9 10 5503
9 11 138
9 12 5513
9 13 5616
9 14 3361
9 15 541
9 16 7454
9 17 4063
9 18 2600
9 19 4062
9 20 1479
9 21 1127
9 22 438
9 23 4875
9 24 7012
9 25 5094
9 26 1024
9 27 7356
9 28 5156
9 29 2583
9 30 5258
9 31 3225
9 32 4367
9 33 6522
9 34 7051
9 35 1300
9 36 1286
9 37 2770
9 38 7223
9 39 2072
9 40 1087
9 41 4719
9 42 405
9 43 186
9 44 2175
9 45 317
9 46 1739
9 47 3454
9 48 4786
9 49 1033
9 50 2646
9 51 4961
9 52 6246
9 53 829
9 54 1574
9 55 6941
9 56 4491
9 57 4998
9 58 8
9 59 1708
9 60 3070
9 61 5272
9 62 5683
9 63 1771
9 64 6566
9 65 1271
9 66 3755
9 67 518
9 68 4400
9 69 5332
9 70 559
10 1 5012
10 2 6954
10 3 5067
10 4 7202
10 5 2306
10 6 1249
10 7 1677
10 8 13
10 9 1622
10 11 7007
10 12 7291
10 13 119
10 14 7316
10 15 661
10 16 7212
10 17 4244
10 18 2010
10 19 248
10 20 6535
10 21 3879
10 22 4118
10 23 7111
10 24 4889
10 25 1898
10 26 4366
10 27 5682
10 28 3012
10 29 2048
10 30 6272
10 31 4975
10 32 4124
10 33 2281
10 34 3812
10 35 3386
10 36 5889
10 37 907
10 38 3767
10 39 1298
10 40 2688
10 41 2170
10 42 3057
10 43 5959
10 44 4010
10 45 766
10 46 1048
10 47 2115
10 48 6375
10 49 5071
10 50 283
10 51 629
10 52 933
10 53 1302
10 54 5625
10 55 311
10 56 972
10 57 2533
10 58 4502
10 59 4683
10 60 3040
10 61 1515
10 62 6300
10 63 304
10 64 3164
10 65 119
10 66 698
10 67 4839
10 68 6742
10 69 1180
10 70 7194
11 1 2738
11 2 3890
11 3 2771
11 4 2859
11 5 4430
11 6 2678
11 7 3186
11 8 4045
11 9 3878
11 10 1092
11 12 3354
11 13 5351
11 14 6775
11 15 5396
11 16 6501
11 17 2755
11 18 5737
11 19 7299
11 20 1375
11 21 3704
11 22 3835
11 23 3638
11 24 3134
11 25 3347
11 26 3887
11 27 5823
11 28 5095
11 29 4020
11 30 4567
11 31 748
11 32 2637
11 33 1774
11 34 2815
11 35 1895
11 36 2456
11 37 2014
11 38 5188
11 39 1316
11 40 7012
11 41 1606
11 42 6648
11 43 6976
11 44 4095
11 45 3352
11 46 3419
11 47 4714
11 48 1474
11 49 1739
11 50 2067
11 51 4080
11 52 5275
11 53 4163
11 54 1157
11 55 5797
11 56 6147
11 57 5113
11 58 217
11 59 742
11 60 3253
11 61 6920
11 62 7186
11 63 3282
11 64 2800
11 65 6419
11 66 3814
11 67 3788
11 68 901
11 69 1641
11 70 3896
12 1 3468
12 2 5364
12 3 4596
12 4 1200
12 5 759
12 6 4068
12 7 212
12 8 4567
12 9 6988
12 10 1560
12 11 5178
12 13 7019
12 14 6241
12 15 6613
12 16 6211
12 17 7278
12 18 6470
12 19 6072
12 20 6531
12 21 2177
12 22 4750
12 23 2675
12 24 25
12 25 5798
12 26 1827
12 27 4565
12 28 560
12 29 3214
12 30 4127
12 31 6787
12 32 3987
12 33 2022
12 34 4720
12 35 297
12 36 5080
12 37 4427
12 38 6466
12 39 1233
12 40 358
12 41 5287
12 42 3952
12 43 4172
12 44 7438
12 45 6454
12 46 133
12 47 2128
12 48 7292
12 49 2328
12 50 306
12 51 368
12 52 6652
12 53 3164
12 54 6050
12 55 4300
12 56 2716
12 57 189
12 58 6435
12 59 7327
12 60 2338
12 61 3483
12 62 6816
12 63 7291
12 64 4564
12 65 5598
12 66 5422
12 67 4884
12 68 6588
12 69 2965
12 70 4720
13 1 5421
13 2 5869
13 3 6160
13 4 4138
13 5 4361
13 6 1670
13 7 1180
13 8 301
13 9 2672
13 10 4421
13 11 5689
13 12 2807
13 14 3941
13 15 4738
13 16 1786
13 17 4342
13 18 2121
13 19 20
13 20 4144
13 21 2668
13 22 7461
13 23 1610
13 24 1027
13 25 1218
13 26 1810
13 27 4687
13 28 7152
13 29 3132
13 30 1008
13 31 1946
13 32 3933
13 33 2472
13 34 2040
13 35 7261
13 36 1498
13 37 5687
13 38 3256
13 39 1048
13 40 3669
13 41 3847
13 42 1523
13 43 2978
13 44 5803
13 45 6542
13 46 1201
13 47 7018
13 48 2661
13 49 6341
13 50 5701
13 51 4446
13 52 182
13 53 4464
13 54 3992
13 55 600
13 56 6630
13 57 6022
13 58 692
13 59 5314
13 60 2809
13 61 6769
13 62 1242
13 63 7456
13 64 1987
13 65 3697
13 66 316
13 67 548
13 68 1492
13 69 248
13 70 1959
14 1 2822
14 2 7303
14 3 3155
14 4 3339
14 5 815
14 6 6090
14 7 5880
14 8 1361
14 9 797
14 10 7170
14 11 3994
14 12 6967
14 13 857
14 15 5195
14 16 4613
14 17 7473
14 18 1600
14 19 7408
14 20 6385
14 21 5287
14 22 6410
14 23 3577
14 24 7486
14 25 6518
14 26 1713
14 27 4009
14 28 6505
14 29 1620
14 30 546
14 31 1304
14 32 1268
14 33 1012
14 34 2489
14 35 1454
14 36 4872
14 37 627
14 38 4424
14 39 7261
14 40 1540
14 41 3780
14 42 919
14 43 6776
14 44 3659
14 45 4852
14 46 376
14 47 1263
14 48 1669
14 49 2815
14 50 3523
14 51 138
14 52 3539
14 53 7412
14 54 6682
14 55 4109
14 56 3531
14 57 2341
14 58 4420
14 59 4169
14 60 5353
14 61 7149
14 62 3702
14 63 593
14 64 981
14 65 4055
14 66 1926
14 67 2701
14 68 3184
14 69 2399
14 70 5809
15 1 6015
15 2 3191
15 3 340
15 4 5277
15 5 857
15 6 996
15 7 4612
15 8 4387
15 9 5810
15 10 5465
15 11 7307
15 12 4418
15 13 6748
15 14 2705
15 16 5248
15 17 706
15 18 653
15 19 1512
15 20 6715
15 21 1238
15 22 2970
15 23 2754
15 24 6789
15 25 5606
15 26 5010
15 27 4794
15 28 434
15 29 5926
15 30 4859
15 31 6058
15 32 3745
15 33 409
15 34 5073
15 35 3092
15 36 6935
15 37 980
15 38 5469
15 39 2734
15 40 7333
15 41 5
15 42 1538
15 43 5336
15 44 1499
15 45 681
15 46 5622
15 47 3152
15 48 5336
15 49 3379
15 50 6143
15 51 1119
15 52 429
15 53 7209
15 54 1514
15 55 2842
15 56 1895
15 57 3465
15 58 1481
15 59 3400
15 60 957
15 61 5386
15 62 321
15 63 795
15 64 4008
15 65 5382
15 66 2023
15 67 6
15 68 4367
15 69 6338
15 70 2252
16 1 6156
16 2 1039
16 3 700
16 4 6662
16 5 124
16 6 6754
16 7 5197
16 8 3272
16 9 6422
16 10 4856
16 11 2609
16 12 343
16 13 760
16 14 6516
16 15 1048
16 17 3113
16 18 3763
16 19 5294
16 20 1194
16 21 758
16 22 4775
16 23 5593
16 24 5563
16 25 7253
16 26 6167
16 27 3318
16 28 2944
16 29 5663
16 30 1578
16 31 886
16 32 256
16 33 6067
16 34 2842
16 35 3436
16 36 3577
16 37 3425
16 38 5172
16 39 5092
16 40 3801
16 41 6102
16 42 2708
16 43 600
16 44 1992
16 45 1592
16 46 1633
16 47 857
16 48 962
16 49 936
16 50 6134
16 51 1858
16 52 620
16 53 3685
16 54 2494
16 55 2641
16 56 4987
16 57 5025
16 58 7152
16 59 2278
16 60 228
16 61 2089
16 62 6547
16 63 3500
16 64 2412
16 65 3718
16 66 3578
16 67 6327
16 68 1294
16 69 6015
16 70 7452
17 1 1961
17 2 5466
17 3 6008
17 4 1430
17 5 3570
17 6 5073
17 7 1924
17 8 18
17 9 1939
17 10 1885
17 11 5320
17 12 424
17 13 6481
17 14 3127
17 15 4515
17 16 1048
17 18 4117
17 19 864
17 20 3255
17 21 2143
17 22 1541
17 23 5646
17 24 5281
17 25 6500
17 26 202
17 27 7200
17 28 4865
17 29 2889
17 30 1090
17 31 6239
17 32 3142
17 33 3801
17 34 3168
17 35 1329
17 36 780
17 37 1975
17 38 5380
17 39 6814
17 40 6260
17 41 788
17 42 1593
17 43 7106
17 44 1686
17 45 1027
17 46 3843
17 47 5538
17 48 5065
17 49 3765
17 50 2892
17 51 4030
17 52 4546
17 53 3130
17 54 6048
17 55 2068
17 56 4842
17 57 5708
17 58 2212
17 59 5924
17 60 2251
17 61 4984
17 62 5288
17 63 7487
17 64 3425
17 65 3320
17 66 6319
17 67 864
17 68 183
17 69 655
17 70 780
18 1 739
18 2 5089
18 3 7
18 4 4602
18 5 303
18 6 2025
18 7 6902
18 8 3508
18 9 6733
18 10 4006
18 11 3077
18 12 2621
18 13 5744
18 14 7143
18 15 2015
18 16 7333
18 17 5862
18 19 3503
18 20 6770
18 21 3666
18 22 2393
18 23 1497
18 24 6699
18 25 171
18 26 2472
18 27 5329
18 28 4871
18 29 4097
18 30 950
18 31 5880
18 32 6944
18 33 3676
18 34 1186
18 35 2724
18 36 1587
18 37 6768
18 38 6844
18 39 3373
18 40 2614
18 41 3373
18 42 2938
18 43 4809
18 44 6812
18 45 7060
18 46 481
18 47 4840
18 48 4263
18 49 1871
18 50 2686
18 51 348
18 52 5187
18 53 3270
18 54 2570
18 55 49
18 56 6783
18 57 6850
18 58 7139
18 59 6066
18 60 5422
18 61 3580
18 62 327
18 63 4859
18 64 6579
18 65 5822
18 66 638
18 67 3479
18 68 1771
18 69 4469
18 70 467
19 1 487
19 2 1316
19 3 3360
19 4 2652
19 5 5845
19 6 2536
19 7 4774
19 8 2742
19 9 2679
19 10 6816
19 11 1410
19 12 1153
19 13 531
19 14 691
19 15 3172
19 16 4203
19 17 6999
19 18 526
19 20 40
19 21 1857
19 22 4293
19 23 5243
19 24 6533
19 25 3685
19 26 5473
19 27 2598
19 28 4825
19 29 1092
19 30 1907
19 31 6854
19 32 5411
19 33 4729
19 34 2768
19 35 2729
19 36 6770
19 37 4061
19 38 1167
19 39 5328
19 40 5728
19 41 7086
19 42 4223
19 43 4223
19 44 673
19 45 5383
19 46 540
19 47 6412
19 48 1790
19 49 7476
19 50 4619
19 51 223
19 52 5520
19 53 138
19 54 3148
19 55 1664
19 56 6087
19 57 5028
19 58 7238
19 59 5372
19 60 3373
19 61 6666
19 62 6012
19 63 1668
19 64 5723
19 65 6225
19 66 6362
19 67 1894
19 68 4090
19 69 3875
19 70 7428
20 1 1571
20 2 2243
20 3 4816
20 4 5579
20 5 461
20 6 2555
20 7 6235
20 8 6891
20 9 6905
20 10 4676
20 11 1660
20 12 465
20 13 2415
20 14 5930
20 15 2376
20 16 689
20 17 333
20 18 1297
20 19 3991
20 21 7405
20 22 1476
20 23 3015
20 24 3516
20 25 1675
20 26 1647
20 27 4137
20 28 2043
20 29 286
20 30 7189
20 31 799
20 32 2424
20 33 5864
20 34 1190
20 35 2090
20 36 1270
20 37 2828
20 38 1626
20 39 5343
20 40 5944
20 41 4609
20 42 2507
20 43 1583
20 44 1953
20 45 2261
20 46 6569
20 47 2194
20 48 4154
20 49 2198
20 50 4156
20 51 1125
20 52 1194
20 53 2905
20 54 5833
20 55 5816
20 56 813
20 57 2570
20 58 1937
20 59 1440
20 60 5027
20 61 3446
20 62 6001
20 63 6380
20 64 7455
20 65 5720
20 66 4724
20 67 1818
20 68 2990
20 69 5784
20 70 3420
21 1 4092
21 2 4190
21 3 77
21 4 6008
21 5 4799
21 6 463
21 7 2364
21 8 6289
21 9 4617
21 10 7472
21 11 1451
21 12 754
21 13 1145
21 14 7060
21 15 857
21 16 5786
21 17 5539
21 18 2384
21 19 4534
21 20 4297
21 22 3619
21 23 3592
21 24 5452
21 25 1816
21 26 1871
21 27 7338
21 28 5671
21 29 5929
21 30 3283
21 31 2599
21 32 919
21 33 4465
21 34 2539
21 35 3221
21 36 5207
21 37 1454
21 38 430
21 39 3702
21 40 3502
21 41 305
21 42 4467
21 43 2445
21 44 4846
21 45 1467
21 46 7421
21 47 3389
21 48 6095
21 49 5626
21 50 4745
21 51 4704
21 52 6456
21 53 7440
21 54 6628
21 55 2671
21 56 4009
21 57 3344
21 58 6722
21 59 3020
21 60 46
21 61 4678
21 62 6547
21 63 6787
21 64 3355
21 65 512
21 66 2479
21 67 4717
21 68 1411
21 69 2104
21 70 7219
22 1 443
22 2 6090
22 3 4537
22 4 4112
22 5 5986
22 6 1936
22 7 3811
22 8 806
22 9 4794
22 10 883
22 11 1685
22 12 2406
22 13 5477
22 14 2756
22 15 3085
22 16 2376
22 17 4021
22 18 1936
22 19 4093
22 20 290
22 21 792
22 23 6963
22 24 6481
22 25 3999
22 26 5601
22 27 3326
22 28 3842
22 29 4778
22 30 5357
22 31 3385
22 32 314
22 33 5159
22 34 1022
22 35 6723
22 36 3076
22 37 1814
22 38 5948
22 39 4718
22 40 7383
22 41 407
22 42 1999
22 43 1571
22 44 2236
22 45 5469
22 46 306
22 47 4912
22 48 1176
22 49 12
22 50 1873
22 51 1630
22 52 2730
22 53 4840
22 54 4197
22 55 3249
22 56 4216
22 57 6200
22 58 4633
22 59 3079
22 60 6263
22 61 915
22 62 7216
22 63 903
22 64 1890
22 65 5528
22 66 4283
22 67 588
22 68 5950
22 69 2995
22 70 6108
23 1 1685
23 2 4191
23 3 985
23 4 101
23 5 7178
23 6 1812
23 7 3725
23 8 4445
23 9 6737
23 10 7465
23 11 6678
23 12 123
23 13 2608
23 14 4530
23 15 5245
23 16 4040
23 17 96
23 18 5298
23 19 4409
23 20 6735
23 21 115
23 22 2023
23 24 4217
23 25 4258
23 26 2015
23 27 4816
23 28 381
23 29 4672
23 30 1067
23 31 6052
23 32 565
23 33 3850
23 34 5795
23 35 2906
23 36 6742
23 37 4912
23 38 7095
23 39 37
23 40 6717
23 41 2345
23 42 4673
23 43 2140
23 44 7035
23 45 1746
23 46 6664
23 47 1176
23 48 4060
23 49 3477
23 50 5339
23 51 6530
23 52 4129
23 53 1471
23 54 5344
23 55 6653
23 56 7488
23 57 3908
23 58 4872
23 59 2277
23 60 1939
23 61 1872
23 62 3117
23 63 5955
23 64 2400
23 65 2426
23 66 5486
23 67 3923
23 68 2167
23 69 4261
23 70 578
24 1 6346
24 2 5422
24 3 2028
24 4 4815
24 5 1634
24 6 4871
24 7 1269
24 8 7151
24 9 5418
24 10 6091
24 11 2521
24 12 5449
24 13 1925
24 14 1700
24 15 956
24 16 1285
24 17 2116
24 18 6075
24 19 1626
24 20 3749
24 21 2085
24 22 4722
24 23 6754
24 25 579
24 26 7439
24 27 3887
24 28 6252
24 29 6118
24 30 380
24 31 3168
24 32 4564
24 33 3422
24 34 3253
24 35 3742
24 36 5745
24 37 6356
24 38 2370
24 39 1709
24 40 7489
24 41 6111
24 42 432
24 43 3089
24 44 5135
24 45 1116
24 46 2248
24 47 3802
24 48 817
24 49 4345
24 50 5919
24 51 5830
24 52 3342
24 53 3075
24 54 3477
24 55 6242
24 56 3131
24 57 5088
24 58 5201
24 59 6954
24 60 5109
24 61 1028
24 62 2907
24 63 1938
24 64 4009
24 65 4124
24 66 6520
24 67 4664
24 68 4508
24 69 1764
24 70 2961
25 1 889
25 2 6995
25 3 4855
25 4 1381
25 5 2727
25 6 6404
25 7 7189
25 8 6405
25 9 501
25 10 5673
25 11 6814
25 12 3849
25 13 5921
25 14 7050
25 15 4763
25 16 645
25 17 2569
25 18 2864
25 19 1926
25 20 6558
25 21 4311
25 22 3764
25 23 1904
25 24 7258
25 26 7097
25 27 5697
25 28 2570
25 29 6607
25 30 6063
25 31 2569
25 32 1826
25 33 6076
25 34 835
25 35 1575
25 36 2053
25 37 1850
25 38 6880
25 39 953
25 40 575
25 41 6689
25 42 4586
25 43 2498
25 44 195
25 45 1053
25 46 5416
25 47 647
25 48 2866
25 49 2540
25 50 4616
25 51 7475
25 52 5596
25 53 581
25 54 3784
25 55 228
25 56 1056
25 57 5046
25 58 6422
25 59 5042
25 60 7342
25 61 936
25 62 3622
25 63 5863
25 64 4816
25 65 3286
25 66 192
25 67 5028
25 68 6656
25 69 17
25 70 733
26 1 4030
26 2 1667
26 3 4795
26 4 7012
26 5 5319
26 6 5568
26 7 7027
26 8 2353
26 9 755
26 10 4283
26 11 2329
26 12 7325
26 13 809
26 14 356
26 15 6970
26 16 4674
26 17 3941
26 18 295
26 19 5611
26 20 7245
26 21 756
26 22 1012
26 23 551
26 24 5511
26 25 3938
26 27 4720
26 28 5180
26 29 6801
26 30 7239
26 31 4172
26 32 1567
26 33 6682
26 34 4603
26 35 3887
26 36 2153
26 37 6104
26 38 3432
26 39 858
26 40 3518
26 41 3240
26 42 5992
26 43 3848
26 44 1282
26 45 1713
26 46 4863
26 47 738
26 48 1029
26 49 605
26 50 2368
26 51 6834
26 52 1141
26 53 167
26 54 3288
26 55 5912
26 56 7199
26 57 608
26 58 6285
26 59 649
26 60 7360
26 61 7375
26 62 6040
26 63 1919
26 64 3105
26 65 4413
26 66 6977
26 67 6917
26 68 4530
26 69 491
26 70 4766
27 1 186
27 2 3040
27 3 4151
27 4 6344
27 5 7192
27 6 3991
27 7 5985
27 8 5061
27 9 4246
27 10 1717
27 11 191
27 12 6045
27 13 1571
27 14 6420
27 15 787
27 16 3847
27 17 4126
27 18 5738
27 19 2841
27 20 872
27 21 6460
27 22 1335
27 23 2881
27 24 2012
27 25 3832
27 26 1953
27 28 5198
27 29 722
27 30 6365
27 31 6186
27 32 4980
27 33 4875
27 34 301
27 35 3704
27 36 2308
27 37 5890
27 38 3974
27 39 5011
27 40 2284
27 41 76
27 42 1235
27 43 1886
27 44 4736
27 45 3492
27 46 3028
27 47 1028
27 48 595
27 49 3215
27 50 4489
27 51 1154
27 52 1925
27 53 3732
27 54 1923
27 55 6609
27 56 2321
27 57 7427
27 58 1548
27 59 595
27 60 4644
27 61 5573
27 62 4704
27 63 5608
27 64 5200
27 65 1036
27 66 4854
27 67 1128
27 68 4806
27 69 168
27 70 3021
28 1 1701
28 2 3196
28 3 2844
28 4 2466
28 5 1377
28 6 7437
28 7 6034
28 8 2238
28 9 3503
28 10 1631
28 11 673
28 12 3443
28 13 5140
28 14 2988
28 15 2433
28 16 6218
28 17 6258
28 18 5123
28 19 6713
28 20 2072
28 21 73
28 22 3617
28 23 2604
28 24 2684
28 25 4839
28 26 3954
28 27 5833
28 29 993
28 30 4355
28 31 1087
28 32 4051
28 33 1143
28 34 1198
28 35 2410
28 36 567
28 37 7083
28 38 4760
28 39 6763
28 40 2435
28 41 6597
28 42 5089
28 43 2373
28 44 6744
28 45 148
28 46 3749
28 47 1675
28 48 5380
28 49 3075
28 50 2616
28 51 5618
28 52 2967
28 53 5094
28 54 1912
28 55 984
28 56 497
28 57 818
28 58 6395
28 59 6422
28 60 1293
28 61 730
28 62 83
28 63 3378
28 64 610
28 65 2816
28 66 7039
28 67 6672
28 68 5067
28 69 3669
28 70 3324
29 1 401
29 2 1703
29 3 4102
29 4 3581
29 5 4738
29 6 5056
29 7 6378
29 8 1214
29 9 843
29 10 4343
29 11 3223
29 12 374
29 13 4878
29 14 6915
29 15 1561
29 16 2952
29 17 6620
29 18 268
29 19 6605
29 20 6527
29 21 4005
29 22 6319
29 23 5646
29 24 1013
29 25 3873
29 26 4819
29 27 4330
29 28 6740
29 30 6839
29 31 1929
29 32 3974
29 33 5650
29 34 5919
29 35 7097
29 36 4100
29 37 6198
29 38 6214
29 39 7032
29 40 217
29 41 3785
29 42 6217
29 43 2763
29 44 4083
29 45 1163
29 46 3773
29 47 1295
29 48 4397
29 49 1858
29 50 2566
29 51 6663
29 52 2177
29 53 6421
29 54 3940
29 55 6452
29 56 798
29 57 5014
29 58 7005
29 59 990
29 60 5269
29 61 707
29 62 2890
29 63 745
29 64 2163
29 65 532
29 66 5448
29 67 2178
29 68 4648
29 69 5723
29 70 6808
30 1 111
30 2 5593
30 3 48
30 4 4701
30 5 5485
30 6 792
30 7 5922
30 8 5481
30 9 4119
30 10 4217
30 11 3573
30 12 1950
30 13 1527
30 14 6558
30 15 2299
30 16 1604
30 17 337
30 18 5955
30 19 6029
30 20 1907
30 21 3437
30 22 1976
30 23 3679
30 24 457
30 25 2914
30 26 4145
30 27 4297
30 28 7396
30 29 5390
30 31 7330
30 32 6534
30 33 2751
30 34 1909
30 35 5876
30 36 4180
30 37 5742
30 38 597
30 39 2042
30 40 5426
30 41 6645
30 42 879
30 43 1620
30 44 7233
30 45 3791
30 46 1035
30 47 2549
30 48 241
30 49 1647
30 50 1307
30 51 4441
30 52 2293
30 53 5565
30 54 2996
30 55 2973
30 56 5689
30 57 1995
30 58 3116
30 59 7441
30 60 6583
30 61 5943
30 62 2126
30 63 865
30 64 827
30 65 1279
30 66 5754
30 67 4297
30 68 6024
30 69 4497
30 70 3863
31 1 6675
31 2 4339
31 3 3611
31 4 7491
31 5 999
31 6 1183
31 7 2561
31 8 2767
31 9 7264
31 10 4221
31 11 7296
31 12 5167
31 13 770
31 14 3855
31 15 3101
31 16 3345
31 17 447
31 18 693
31 19 2446
31 20 5226
31 21 5249
31 22 3934
31 23 5415
31 24 6715
31 25 3818
31 26 4842
31 27 2647
31 28 3157
31 29 916
31 30 4415
31 32 710
31 33 5919
31 34 1476
31 35 5732
31 36 3967
31 37 591
31 38 847
31 39 6658
31 40 16
31 41 1622
31 42 1105
31 43 2029
31 44 2357
31 45 4401
31 46 5278
31 47 5327
31 48 1659
31 49 5894
31 50 1805
31 51 164
31 52 2004
31 53 2082
31 54 6480
31 55 4266
31 56 1324
31 57 932
31 58 7420
31 59 1159
31 60 1752
31 61 3258
31 62 138
31 63 1362
31 64 1924
31 65 5125
31 66 653
31 67 5496
31 68 1754
31 69 3584
31 70 5242
32 1 5137
32 2 6715
32 3 249
32 4 6748
32 5 374
32 6 6594
32 7 2279
32 8 4556
32 9 2145
32 10 4997
32 11 1650
32 12 2177
32 13 325
32 14 7261
32 15 1565
32 16 6383
32 17 573
32 18 4331
32 19 3464
32 20 6896
32 21 4455
32 22 7351
32 23 1952
32 24 6670
32 25 5844
32 26 5762
32 27 6631
32 28 3675
32 29 7145
32 30 1082
32 31 3716
32 33 2777
32 34 4932
32 35 1037
32 36 5315
32 37 2620
32 38 2238
32 39 1072
32 40 2515
32 41 848
32 42 1124
32 43 1036
32 44 2387
32 45 3458
32 46 3363
32 47 3162
32 48 475
32 49 4437
32 50 2256
32 51 1157
32 52 6711
32 53 424
32 54 2600
32 55 6381
32 56 2832
32 57 1947
32 58 378
32 59 5025
32 60 5372
32 61 6715
32 62 5010
32 63 6000
32 64 2780
32 65 4669
32 66 2770
32 67 2695
32 68 3286
32 69 4940
32 70 1051
33 1 4605
33 2 4040
33 3 7008
33 4 3489
33 5 3540
33 6 3701
33 7 819
33 8 3970
33 9 3347
33 10 1946
33 11 1196
33 12 1654
33 13 2127
33 14 4171
33 15 5214
33 16 5571
33 17 2999
33 18 745
33 19 622
33 20 5263
33 21 2011
33 22 1691
33 23 6687
33 24 2574
33 25 3728
33 26 6384
33 27 1978
33 28 7223
33 29 778
33 30 7355
33 31 704
33 32 1182
33 34 6885
33 35 4734
33 36 1694
33 37 3448
33 38 2916
33 39 1093
33 40 6847
33 41 4792
33 42 1756
33 43 5619
33 44 1822
33 45 2962
33 46 7072
33 47 2040
33 48 1102
33 49 2737
33 50 392
33 51 562
33 52 3605
33 53 5581
33 54 4113
33 55 5087
33 56 910
33 57 7424
33 58 3581
33 59 6389
33 60 4569
33 61 2179
33 62 5105
33 63 5301
33 64 288
33 65 1511
33 66 5687
33 67 5374
33 68 7067
33 69 1212
33 70 3062
34 1 4731
34 2 6392
34 3 294
34 4 2307
34 5 2042
34 6 5222
34 7 973
34 8 4165
34 9 3590
34 10 609
34 11 593
34 12 6119
34 13 4929
34 14 72
34 15 3497
34 16 6209
34 17 6366
34 18 6794
34 19 7259
34 20 3907
34 21 7156
34 22 6239
34 23 5543
34 24 1303
34 25 582
34 26 7283
34 27 634
34 28 2800
34 29 2584
34 30 1543
34 31 3288
34 32 6265
34 33 2885
34 35 5608
34 36 3361
34 37 6531
34 38 5591
34 39 6814
34 40 2875
34 41 3295
34 42 2531
34 43 4757
34 44 6924
34 45 7210
34 46 3747
34 47 1708
34 48 3727
34 49 2193
34 50 4543
34 51 7245
34 52 2650
34 53 477
34 54 2723
34 55 4906
34 56 1251
34 57 1308
34 58 6614
34 59 5563
34 60 1735
34 61 5888
34 62 5917
34 63 2176
34 64 2200
34 65 2004
34 66 4201
34 67 4834
34 68 3961
34 69 2313
34 70 1678
35 1 1062
35 2 5386
35 3 2152
35 4 5370
35 5 288
35 6 2754
35 7 2758
35 8 5510
35 9 1343
35 10 3597
35 11 729
35 12 2434
35 13 3875
35 14 5598
35 15 3156
35 16 7293
35 17 1864
35 18 6572
35 19 3252
35 20 831
35 21 1974
35 22 4322
35 23 4222
35 24 4757
35 25 4893
35 26 5512
35 27 6392
35 28 4681
35 29 6373
35 30 4416
35 31 3401
35 32 2424
35 33 4061
35 34 5340
35 36 1492
35 37 5211
35 38 1724
35 39 2781
35 40 2409
35 41 6881
35 42 1417
35 43 4893
35 44 6562
35 45 3630
35 46 6925
35 47 6851
35 48 7495
35 49 3250
35 50 380
35 51 6829
35 52 5122
35 53 125
35 54 1057
35 55 5669
35 56 91
35 57 3911
35 58 7172
35 59 3541
35 60 3795
35 61 153
35 62 6225
35 63 1846
35 64 1598
35 65 3209
35 66 1266
35 67 7273
35 68 5665
35 69 6690
35 70 4074
36 1 1134
36 2 2630
36 3 3531
36 4 2317
36 5 6722
36 6 4110
36 7 6131
36 8 3177
36 9 4397
36 10 2300
36 11 5260
36 12 4836
36 13 3693
36 14 3464
36 15 2988
36 16 577
36 17 393
36 18 333
36 19 732
36 20 4762
36 21 364
36 22 572
36 23 1747
36 24 1623
36 25 1004
36 26 3270
36 27 7063
36 28 5187
36 29 1436
36 30 2896
36 31 4783
36 32 3620
36 33 1522
36 34 4285
36 35 2584
36 37 6942
36 38 5317
36 39 5136
36 40 2653
36 41 6713
36 42 5672
36 43 5456
36 44 2325
36 45 7123
36 46 2818
36 47 646
36 48 4709
36 49 5075
36 50 7008
36 51 3566
36 52 4458
36 53 4830
36 54 5864
36 55 5304
36 56 1744
36 57 6016
36 58 1343
36 59 950
36 60 6171
36 61 5953
36 62 7242
36 63 808
36 64 1967
36 65 4129
36 66 6927
36 67 5249
36 68 2733
36 69 1024
36 70 1044
37 1 1709
37 2 5417
37 3 2742
37 4 6461
37 5 1375
37 6 1866
37 7 3578
37 8 2584
37 9 5479
37 10 5885
37 11 2652
37 12 4408
37 13 2728
37 14 7026
37 15 7309
37 16 1464
37 17 3943
37 18 974
37 19 3012
37 20 3728
37 21 7290
37 22 3762
37 23 3641
37 24 5788
37 25 6789
37 26 6629
37 27 1262
37 28 7182
37 29 5579
37 30 7096
37 31 892
37 32 5739
37 33 931
37 34 5984
37 35 6027
37 36 6111
37 38 6923
37 39 1300
37 40 4149
37 41 3186
37 42 791
37 43 5676
37 44 2889
37 45 6086
37 46 3635
37 47 3574
37 48 1632
37 49 1762
37 50 4251
37 51 3016
37 52 877
37 53 5040
37 54 4690
37 55 5963
37 56 3825
37 57 856
37 58 1271
37 59 5470
37 60 1829
37 61 588
37 62 6345
37 63 904
37 64 4770
37 65 1996
37 66 483
37 67 6229
37 68 3094
37 69 3087
37 70 3528
38 1 6128
38 2 2709
38 3 5812
38 4 3149
38 5 2869
38 6 393
38 7 4696
38 8 6469
38 9 2054
38 10 6596
38 11 5479
38 12 3652
38 13 5402
38 14 5858
38 15 6794
38 16 7040
38 17 834
38 18 7266
38 19 6596
38 20 6511
38 21 417
38 22 3854
38 23 170
38 24 4206
38 25 1550
38 26 749
38 27 3822
38 28 6492
38 29 2758
38 30 2745
38 31 3307
38 32 4669
38 33 7121
38 34 1223
38 35 2993
38 36 7147
38 37 410
38 39 1109
38 40 4632
38 41 3875
38 42 3669
38 43 1251
38 44 2672
38 45 4341
38 46 3939
38 47 6612
38 48 7458
38 49 4388
38 50 1783
38 51 5400
38 52 1489
38 53 1095
38 54 4633
38 55 7215
38 56 4634
38 57 2358
38 58 454
38 59 3048
38 60 4911
38 61 843
38 62 324
38 63 4591
38 64 7388
38 65 837
38 66 6058
38 67 7010
38 68 5284
38 69 1197
38 70 1767
39 1 3585
39 2 827
39 3 6589
39 4 3693
39 5 2665
39 6 437
39 7 1998
39 8 1045
39 9 3094
39 10 6238
39 11 4789
39 12 2550
39 13 4296
39 14 2338
39 15 4480
39 16 5716
39 17 6924
39 18 4831
39 19 4
39 20 5362
39 21 185
39 22 4757
39 23 2193
39 24 2872
39 25 5163
39 26 3740
39 27 5389
39 28 556
39 29 7305
39 30 3715
39 31 2550
39 32 2548
39 33 3905
39 34 2430
39 35 3446
39 36 1025
39 37 2553
39 38 5556
39 40 3719
39 41 821
39 42 1362
39 43 7245
39 44 7371
39 45 3599
39 46 4117
39 47 3203
39 48 2595
39 49 1035
39 50 5697
39 51 19
39 52 2215
39 53 3900
39 54 760
39 55 1099
39 56 3500
39 57 6469
39 58 6849
39 59 7245
39 60 3287
39 61 6845
39 62 5768
39 63 3631
39 64 767
39 65 6099
39 66 7199
39 67 7324
39 68 3036
39 69 6250
39 70 6824
40 1 7193
40 2 6028
40 3 5534
40 4 7034
40 5 7360
40 6 3951
40 7 676
40 8 5215
40 9 6053
40 10 2393
40 11 1912
40 12 3875
40 13 5111
40 14 4134
40 15 3999
40 16 823
40 17 7215
40 18 6356
40 19 5919
40 20 5873
40 21 1652
40 22 3358
40 23 3426
40 24 1914
40 25 2168
40 26 5208
40 27 1439
40 28 862
40 29 4890
40 30 2651
40 31 6343
40 32 3632
40 33 6289
40 34 585
40 35 7039
40 36 5942
40 37 6410
40 38 3871
40 39 5571
40 41 1443
40 42 1867
40 43 2235
40 44 2810
40 45 3458
40 46 2786
40 47 4829
40 48 4111
40 49 902
40 50 2269
40 51 6912
40 52 3653
40 53 1427
40 54 4789
40 55 6541
40 56 443
40 57 6550
40 58 3653
40 59 3263
40 60 896
40 61 5983
40 62 649
40 63 3429
40 64 6822
40 65 1228
40 66 26
40 67 6893
40 68 1299
40 69 4060
40 70 2016
41 1 5098
41 2 2700
41 3 6448
41 4 3191
41 5 6563
41 6 15
41 7 7326
41 8 4368
41 9 1370
41 10 3182
41 11 6074
41 12 1466
41 13 1715
41 14 145
41 15 3228
41 16 4700
41 17 4764
41 18 6487
41 19 4642
41 20 6546
41 21 3268
41 22 7467
41 23 4575
41 24 5047
41 25 5323
41 26 7335
41 27 4611
41 28 2656
41 29 1554
41 30 338
41 31 2922
41 32 255
41 33 4203
41 34 6451
41 35 1022
41 36 3986
41 37 3695
41 38 652
41 39 2235
41 40 2754
41 42 7147
41 43 2734
41 44 1692
41 45 1046
41 46 393
41 47 6208
41 48 3260
41 49 3392
41 50 1403
41 51 3576
41 52 2854
41 53 521
41 54 1187
41 55 5887
41 56 4822
41 57 2472
41 58 21
41 59 6125
41 60 3776
41 61 7328
41 62 3487
41 63 779
41 64 2251
41 65 6443
41 66 2986
41 67 3090
41 68 4014
41 69 1910
41 70 5449
42 1 7100
42 2 7332
42 3 6773
42 4 2183
42 5 2620
42 6 4252
42 7 5816
42 8 5229
42 9 613
42 10 5146
42 11 6704
42 12 6245
42 13 2205
42 14 5002
42 15 6230
42 16 4828
42 17 5521
42 18 6021
42 19 6498
42 20 5257
42 21 226
42 22 3644
42 23 1249
42 24 4886
42 25 6928
42 26 3059
42 27 6920
42 28 3010
42 29 856
42 30 4206
42 31 601
42 32 5380
42 33 2196
42 34 328
42 35 4500
42 36 1308
42 37 4151
42 38 3466
42 39 5480
42 40 7142
42 41 6067
42 43 6910
42 44 6491
42 45 274
42 46 518
42 47 3619
42 48 2306
42 49 5318
42 50 3220
42 51 1438
42 52 3184
42 53 3497
42 54 2076
42 55 5147
42 56 1644
42 57 2098
42 58 4864
42 59 4269
42 60 1331
42 61 2804
42 62 7027
42 63 1596
42 64 2827
42 65 1237
42 66 3636
42 67 5330
42 68 996
42 69 5232
42 70 5197
43 1 4651
43 2 2531
43 3 6711
43 4 4301
43 5 4305
43 6 362
43 7 1657
43 8 7184
43 9 1868
43 10 412
43 11 1990
43 12 2787
43 13 960
43 14 2881
43 15 7350
43 16 6344
43 17 1939
43 18 5904
43 19 4118
43 20 3278
43 21 2730
43 22 943
43 23 5795
43 24 159
43 25 599
43 26 7309
43 27 3220
43 28 6107
43 29 2629
43 30 852
43 31 3594
43 32 5358
43 33 5318
43 34 2645
43 35 2833
43 36 4195
43 37 3150
43 38 1756
43 39 4882
43 40 183
43 41 5535
43 42 1870
43 44 6040
43 45 3482
43 46 4890
43 47 413
43 48 6782
43 49 3370
43 50 714
43 51 3596
43 52 6452
43 53 2708
43 54 838
43 55 6437
43 56 1713
43 57 1410
43 58 6667
43 59 2060
43 60 1314
43 61 4872
43 62 5463
43 63 7396
43 64 6797
43 65 4817
43 66 6364
43 67 2890
43 68 1544
43 69 6939
43 70 5306
44 1 5976
44 2 183
44 3 6901
44 4 7031
44 5 7309
44 6 2612
44 7 2988
44 8 2804
44 9 3828
44 10 5515
44 11 1467
44 12 4424
44 13 2512
44 14 1167
44 15 3147
44 16 1367
44 17 4762
44 18 5605
44 19 1367
44 20 4971
44 21 6925
44 22 4839
44 23 506
44 24 5814
44 25 3098
44 26 389
44 27 5257
44 28 5048
44 29 3734
44 30 940
44 31 5391
44 32 245
44 33 2955
44 34 5446
44 35 6377
44 36 6203
44 37 3912
44 38 2641
44 39 6639
44 40 33
44 41 1458
44 42 2626
44 43 4036
44 45 4888
44 46 5542
44 47 151
44 48 2015
44 49 4804
44 50 7045
44 51 7438
44 52 2564
44 53 2245
44 54 4983
44 55 5826
44 56 2270
44 57 182
44 58 1582
44 59 1080
44 60 3255
44 61 6092
44 62 4630
44 63 2609
44 64 5059
44 65 6656
44 66 227
44 67 5276
44 68 7020
44 69 5628
44 70 4272
45 1 3374
45 2 4843
45 3 605
45 4 542
45 5 5961
45 6 198
45 7 4574
45 8 3687
45 9 6184
45 10 3937
45 11 7448
45 12 584
45 13 226
45 14 4964
45 15 5491
45 16 6761
45 17 6051
45 18 6009
45 19 7323
45 20 2350
45 21 24
45 22 4351
45 23 1266
45 24 3637
45 25 5827
45 26 6218
45 27 5862
45 28 6010
45 29 3451
45 30 4662
45 31 5457
45 32 7115
45 33 6720
45 34 4508
45 35 6773
45 36 4609
45 37 3268
45 38 3766
45 39 5285
45 40 4010
45 41 7163
45 42 5361
45 43 3049
45 44 6976
45 46 6582
45 47 1259
45 48 6356
45 49 1133
45 50 2311
45 51 7332
45 52 1113
45 53 215
45 54 7447
45 55 3989
45 56 1575
45 57 4835
45 58 7035
45 59 5107
45 60 6390
45 61 6521
45 62 1527
45 63 5367
45 64 1860
45 65 5625
45 66 2916
45 67 524
45 68 7244
45 69 23
45 70 3340
46 1 4739
46 2 5321
46 3 1245
46 4 6002
46 5 433
46 6 5546
46 7 4477
46 8 30
46 9 2340
46 10 5960
46 11 5271
46 12 6998
46 13 5962
46 14 516
46 15 770
46 16 5662
46 17 2531
46 18 5434
46 19 4957
46 20 4582
46 21 4295
46 22 4820
46 23 4632
46 24 5487
46 25 5174
46 26 3822
46 27 2188
46 28 1608
46 29 5162
46 30 6194
46 31 7133
46 32 4806
46 33 4702
46 34 6000
46 35 6613
46 36 6309
46 37 4508
46 38 4056
46 39 742
46 40 3253
46 41 7263
46 42 4851
46 43 6198
46 44 3352
46 45 6408
46 47 7275
46 48 4208
46 49 2227
46 50 5949
46 51 2481
46 52 1931
46 53 2585
46 54 3254
46 55 2810
46 56 5516
46 57 2896
46 58 4227
46 59 6402
46 60 5571
46 61 2799
46 62 4485
46 63 253
46 64 5538
46 65 44
46 66 1097
46 67 6435
46 68 889
46 69 3812
46 70 5939
47 1 5083
47 2 277
47 3 6081
47 4 140
47 5 6846
47 6 1365
47 7 4045
47 8 7030
47 9 6358
47 10 6788
47 11 410
47 12 119
47 13 1037
47 14 1824
47 15 1913
47 16 3709
47 17 4886
47 18 3894
47 19 2089
47 20 793
47 21 2644
47 22 3493
47 23 2152
47 24 3032
47 25 5810
47 26 3589
47 27 622
47 28 6529
47 29 687
47 30 2062
47 31 6369
47 32 7435
47 33 692
47 34 3174
47 35 6210
47 36 4057
47 37 5169
47 38 1047
47 39 5504
47 40 5180
47 41 5363
47 42 3630
47 43 2196
47 44 5348
47 45 7406
47 46 5629
47 48 5392
47 49 2095
47 50 1285
47 51 6880
47 52 1769
47 53 2250
47 54 4472
47 55 227
47 56 3450
47 57 432
47 58 87
47 59 3150
47 60 3126
47 61 3818
47 62 1865
47 63 7468
47 64 4977
47 65 4230
47 66 282
47 67 2374
47 68 2460
47 69 6380
47 70 285
48 1 3013
48 2 673
48 3 2757
48 4 1281
48 5 3408
48 6 834
48 7 6997
48 8 5486
48 9 4398
48 10 7432
48 11 3978
48 12 4564
48 13 4737
48 14 3235
48 15 5677
48 16 886
48 17 1825
48 18 3816
48 19 423
48 20 4920
48 21 5116
48 22 1224
48 23 43
48 24 4600
48 25 3614
48 26 3784
48 27 3897
48 28 4870
48 29 5596
48 30 6715
48 31 1034
48 32 2356
48 33 5070
48 34 3389
48 35 1171
48 36 5530
48 37 630
48 38 4738
48 39 1853
48 40 874
48 41 2843
48 42 7475
48 43 1176
48 44 3547
48 45 6188
48 46 1204
48 47 6152
48 49 679
48 50 1058
48 51 4890
48 52 6605
48 53 1452
48 54 3244
48 55 5483
48 56 2879
48 57 3522
48 58 5508
48 59 7233
48 60 492
48 61 3885
48 62 4813
48 63 1794
48 64 7444
48 65 5812
48 66 1314
48 67 1292
48 68 2154
48 69 291
48 70 2769
49 1 4037
49 2 1949
49 3 5273
49 4 1383
49 5 1476
49 6 3711
49 7 5758
49 8 5890
49 9 4198
49 10 268
49 11 4740
49 12 2843
49 13 402
49 14 3536
49 15 1228
49 16 839
49 17 2969
49 18 1963
49 19 1044
49 20 5138
49 21 678
49 22 3249
49 23 3790
49 24 2016
49 25 5202
49 26 6738
49 27 6929
49 28 1613
49 29 1995
49 30 2161
49 31 221
49 32 5998
49 33 6442
49 34 5517
49 35 4737
49 36 6898
49 37 726
49 38 6286
49 39 4545
49 40 6886
49 41 6508
49 42 140
49 43 6372
49 44 7452
49 45 2607
49 46 4395
49 47 2198
49 48 5913
49 50 7217
49 51 779
49 52 5507
49 53 6263
49 54 1771
49 55 3868
49 56 1284
49 57 762
49 58 1461
49 59 6871
49 60 6865
49 61 7302
49 62 7220
49 63 6296
49 64 2352
49 65 4565
49 66 4727
49 67 676
49 68 3438
49 69 6955
49 70 39
50 1 773
50 2 7494
50 3 623
50 4 1060
50 5 1841
50 6 377
50 7 5485
50 8 5835
50 9 4881
50 10 2340
50 11 3169
50 12 4513
50 13 4152
50 14 1768
50 15 7353
50 16 3857
50 17 2507
50 18 4397
50 19 2972
50 20 695
50 21 2248
50 22 7484
50 23 5309
50 24 7483
50 25 4043
50 26 1575
50 27 6816
50 28 5973
50 29 5575
50 30 2001
50 31 5916
50 32 4066
50 33 6935
50 34 7092
50 35 958
50 36 3400
50 37 3542
50 38 5991
50 39 6331
50 40 6919
50 41 3702
50 42 2179
50 43 92
50 44 4118
50 45 3211
50 46 2558
50 47 7442
50 48 4980
50 49 7067
50 51 595
50 52 1696
50 53 5195
50 54 5180
50 55 3405
50 56 3235
50 57 3672
50 58 5935
50 59 2796
50 60 6396
50 61 116
50 62 2925
50 63 3188
50 64 3780
50 65 1541
50 66 2755
50 67 3097
50 68 690
50 69 4419
50 70 5109
51 1 363
51 2 2904
51 3 3892
51 4 299
51 5 505
51 6 6164
51 7 1675
51 8 4839
51 9 4963
51 10 6642
51 11 6953
51 12 1631
51 13 3365
51 14 171
51 15 4915
51 16 450
51 17 5032
51 18 3258
51 19 2362
51 20 1827
51 21 1371
51 22 1502
51 23 3167
51 24 4953
51 25 7043
51 26 359
51 27 4245
51 28 2216
51 29 301
51 30 826
51 31 1614
51 32 3063
51 33 2213
51 34 5651
51 35 4474
51 36 985
51 37 4777
51 38 302
51 39 5029
51 40 4866
51 41 3079
51 42 5490
51 43 5150
51 44 3179
51 45 4852
51 46 4318
51 47 6164
51 48 3229
51 49 4786
51 50 4166
51 52 3763
51 53 6569
51 54 3569
51 55 7350
51 56 812
51 57 3916
51 58 2584
51 59 7372
51 60 3244
51 61 6749
51 62 3844
51 63 150
51 64 3949
51 65 5728
51 66 2677
51 67 1473
51 68 2746
51 69 4099
51 70 6409
52 1 4936
52 2 3448
52 3 4956
52 4 372
52 5 5422
52 6 3053
52 7 343
52 8 865
52 9 367
52 10 2893
52 11 4947
52 12 2847
52 13 5536
52 14 2149
52 15 143
52 16 560
52 17 6490
52 18 5289
52 19 5924
52 20 6129
52 21 7180
52 22 1693
52 23 5028
52 24 5409
52 25 164
52 26 1952
52 27 2665
52 28 224
52 29 1674
52 30 3251
52 31 7239
52 32 2503
52 33 3085
52 34 1939
52 35 7330
52 36 1441
52 37 5708
52 38 551
52 39 4760
52 40 3842
52 41 6462
52 42 3166
52 43 4087
52 44 6273
52 45 1292
52 46 736
52 47 4340
52 48 2613
52 49 5571
52 50 4120
52 51 5168
52 53 206
52 54 997
52 55 3817
52 56 7266
52 57 2535
52 58 2782
52 59 6416
52 60 4546
52 61 4380
52 62 6589
52 63 2106
52 64 1293
52 65 3170
52 66 2523
52 67 6880
52 68 7029
52 69 1998
52 70 1026
53 1 2096
53 2 4444
53 3 720
53 4 924
53 5 2744
53 6 1898
53 7 6306
53 8 6458
53 9 2974
53 10 7496
53 11 624
53 12 734
53 13 360
53 14 2819
53 15 334
53 16 7350
53 17 5020
53 18 825
53 19 1327
53 20 5531
53 21 3923
53 22 4079
53 23 2227
53 24 6125
53 25 4122
53 26 3683
53 27 1771
53 28 5696
53 29 1069
53 30 1019
53 31 3137
53 32 4763
53 33 6724
53 34 6395
53 35 976
53 36 7169
53 37 3427
53 38 3429
53 39 2896
53 40 1506
53 41 1791
53 42 3479
53 43 4677
53 44 2415
53 45 5391
53 46 4180
53 47 4936
53 48 842
53 49 2333
53 50 1605
53 51 4956
53 52 3516
53 54 2467
53 55 4226
53 56 1745
53 57 2956
53 58 1719
53 59 3668
53 60 5686
53 61 437
53 62 2146
53 63 6934
53 64 2821
53 65 4593
53 66 4637
53 67 191
53 68 5386
53 69 992
53 70 1161
54 1 4595
54 2 6608
54 3 1240
54 4 1358
54 5 297
54 6 3638
54 7 3854
54 8 3999
54 9 6895
54 10 186
54 11 796
54 12 5493
54 13 1474
54 14 1324
54 15 3664
54 16 2018
54 17 1927
54 18 6816
54 19 1310
54 20 4683
54 21 4296
54 22 6623
54 23 1223
54 24 3012
54 25 2999
54 26 244
54 27 1242
54 28 7325
54 29 423
54 30 3396
54 31 5602
54 32 1578
54 33 2423
54 34 7000
54 35 227
54 36 2725
54 37 612
54 38 6237
54 39 5416
54 40 2852
54 41 4381
54 42 596
54 43 4624
54 44 1331
54 45 4712
54 46 3819
54 47 6261
54 48 6492
54 49 5535
54 50 463
54 51 1706
54 52 5542
54 53 6677
54 55 4752
54 56 3259
54 57 5526
54 58 7375
54 59 1283
54 60 5728
54 61 2024
54 62 3271
54 63 6328
54 64 6017
54 65 1095
54 66 2099
54 67 3862
54 68 3718
54 69 643
54 70 1214
55 1 5193
55 2 3744
55 3 6869
55 4 3244
55 5 3097
55 6 6869
55 7 4111
55 8 3462
55 9 846
55 10 2530
55 11 3675
55 12 894
55 13 6807
55 14 2458
55 15 1264
55 16 6763
55 17 2123
55 18 7224
55 19 4372
55 20 2708
55 21 2227
55 22 6610
55 23 5251
55 24 583
55 25 5220
55 26 1766
55 27 2632
55 28 1653
55 29 5967
55 30 3256
55 31 5037
55 32 2674
55 33 6407
55 34 2500
55 35 2167
55 36 4526
55 37 6947
55 38 123
55 39 5938
55 40 7100
55 41 4350
55 42 7021
55 43 40
55 44 56
55 45 3747
55 46 3966
55 47 3548
55 48 6765
55 49 1414
55 50 5123
55 51 5084
55 52 6609
55 53 5782
55 54 6232
55 56 5247
55 57 1288
55 58 3590
55 59 7236
55 60 1092
55 61 3428
55 62 3387
55 63 105
55 64 2040
55 65 651
55 66 1870
55 67 3958
55 68 2565
55 69 4936
55 70 5811
56 1 5812
56 2 2376
56 3 6157
56 4 6224
56 5 6979
56 6 1976
56 7 5250
56 8 4191
56 9 1436
56 10 4892
56 11 700
56 12 1128
56 13 5982
56 14 581
56 15 7263
56 16 1548
56 17 6039
56 18 3707
56 19 3854
56 20 3425
56 21 5896
56 22 4345
56 23 558
56 24 1715
56 25 1013
56 26 3610
56 27 4220
56 28 1228
56 29 4595
56 30 2640
56 31 1616
56 32 5015
56 33 6241
56 34 6775
56 35 4371
56 36 6707
56 37 6598
56 38 3771
56 39 539
56 40 4976
56 41 3736
56 42 3167
56 43 1113
56 44 2087
56 45 1134
56 46 1382
56 47 5950
56 48 2040
56 49 929
56 50 3612
56 51 3277
56 52 2002
56 53 1741
56 54 2493
56 55 5491
56 57 6876
56 58 3927
56 59 3405
56 60 536
56 61 6289
56 62 4190
56 63 4997
56 64 5278
56 65 7052
56 66 5465
56 67 1513
56 68 257
56 69 3376
56 70 1212
57 1 4785
57 2 879
57 3 4605
57 4 2492
57 5 2221
57 6 5580
57 7 245
57 8 6493
57 9 46
57 10 6111
57 11 7366
57 12 3165
57 13 4058
57 14 568
57 15 5092
57 16 3024
57 17 6354
57 18 1405
57 19 2540
57 20 2433
57 21 3291
57 22 6200
57 23 7188
57 24 1980
57 25 4250
57 26 682
57 27 3114
57 28 1180
57 29 3931
57 30 1521
57 31 201
57 32 4586
57 33 34
57 34 5411
57 35 6395
57 36 602
57 37 4533
57 38 4796
57 39 7328
57 40 4684
57 41 2031
57 42 4558
57 43 5277
57 44 5953
57 45 901
57 46 6306
57 47 1157
57 48 538
57 49 4380
57 50 3828
57 51 484
57 52 6352
57 53 979
57 54 6409
57 55 3632
57 56 5909
57 58 1937
57 59 7388
57 60 6002
57 61 1700
57 62 459
57 63 7252
57 64 3994
57 65 5044
57 66 3754
57 67 4224
57 68 5319
57 69 707
57 70 4919
58 1 6276
58 2 932
58 3 1051
58 4 332
58 5 6498
58 6 7022
58 7 5873
58 8 3847
58 9 6776
58 10 4417
58 11 6158
58 12 5708
58 13 4863
58 14 5272
58 15 4757
58 16 7012
58 17 2190
58 18 2479
58 19 4022
58 20 5799
58 21 1282
58 22 1884
58 23 5911
58 24 2316
58 25 6314
58 26 5334
58 27 3914
58 28 3062
58 29 5634
58 30 6348
58 31 401
58 32 3820
58 33 1113
58 34 5514
58 35 4453
58 36 470
58 37 4260
58 38 643
58 39 5322
58 40 4996
58 41 1207
58 42 628
58 43 1298
58 44 4679
58 45 5086
58 46 5144
58 47 2567
58 48 7060
58 49 1595
58 50 5496
58 51 5840
58 52 6103
58 53 2572
58 54 831
58 55 2255
58 56 7393
58 57 6331
58 59 2256
58 60 6079
58 61 2249
58 62 5025
58 63 915
58 64 1832
58 65 5218
58 66 3070
58 67 6609
58 68 288
58 69 642
58 70 5523
59 1 4818
59 2 1123
59 3 4984
59 4 4971
59 5 2401
59 6 2883
59 7 6057
59 8 3124
59 9 3968
59 10 6389
59 11 2584
59 12 1223
59 13 1952
59 14 2358
59 15 5963
59 16 3024
59 17 2183
59 18 4356
59 19 5123
59 20 3706
59 21 5145
59 22 1827
59 23 4374
59 24 4612
59 25 3010
59 26 5535
59 27 1932
59 28 4679
59 29 3178
59 30 1360
59 31 3843
59 32 665
59 33 7403
59 34 4837
59 35 6813
59 36 2116
59 37 1878
59 38 2850
59 39 3610
59 40 1952
59 41 2701
59 42 3160
59 43 3971
59 44 331
59 45 3597
59 46 5863
59 47 2019
59 48 2063
59 49 6526
59 50 7407
59 51 489
59 52 4049
59 53 6160
59 54 1107
59 55 5038
59 56 1824
59 57 1415
59 58 4897
59 60 6353
59 61 2257
59 62 3908
59 63 5543
59 64 3282
59 65 2565
59 66 2324
59 67 5215
59 68 1059
59 69 628
59 70 4032
60 1 2550
60 2 2888
60 3 2385
60 4 3577
60 5 2804
60 6 5397
60 7 4030
60 8 1771
60 9 3819
60 10 6878
60 11 3666
60 12 1329
60 13 6021
60 14 848
60 15 3503
60 16 4000
60 17 6147
60 18 647
60 19 7041
60 20 5176
60 21 7081
60 22 1985
60 23 1967
60 24 5224
60 25 5756
60 26 5453
60 27 5395
60 28 7254
60 29 2174
60 30 2890
60 31 4655
60 32 1978
60 33 2001
60 34 4728
60 35 5414
60 36 1316
60 37 6962
60 38 1768
60 39 832
60 40 4389
60 41 7261
60 42 7438
60 43 5374
60 44 1420
60 45 6878
60 46 2622
60 47 5466
60 48 2088
60 49 3322
60 50 3912
60 51 4170
60 52 4868
60 53 208
60 54 5217
60 55 2476
60 56 656
60 57 613
60 58 6601
60 59 3385
60 61 1490
60 62 7248
60 63 4738
60 64 6667
60 65 1624
60 66 4811
60 67 4920
60 68 4379
60 69 2844
60 70 3993
61 1 3277
61 2 5380
61 3 84
61 4 3840
61 5 3086
61 6 2992
61 7 5329
61 8 452
61 9 1633
61 10 3257
61 11 7472
61 12 6603
61 13 3971
61 14 2631
61 15 913
61 16 3377
61 17 3030
61 18 6288
61 19 6234
61 20 5496
61 21 6717
61 22 1365
61 23 2998
61 24 6534
61 25 7192
61 26 3986
61 27 701
61 28 3846
61 29 4259
61 30 5962
61 31 5752
61 32 180
61 33 1039
61 34 2839
61 35 7263
61 36 4685
61 37 4924
61 38 4542
61 39 3551
61 40 1653
61 41 2081
61 42 5708
61 43 408
61 44 6953
61 45 2007
61 46 2773
61 47 4178
61 48 3742
61 49 7314
61 50 4965
61 51 210
61 52 2313
61 53 3393
61 54 934
61 55 3016
61 56 7456
61 57 5239
61 58 6613
61 59 5327
61 60 2653
61 62 4372
61 63 114
61 64 4418
61 65 6520
61 66 6097
61 67 7220
61 68 5945
61 69 4500
61 70 2115
62 1 1583
62 2 1653
62 3 4138
62 4 2825
62 5 1068
62 6 4928
62 7 4631
62 8 462
62 9 6805
62 10 4552
62 11 3556
62 12 7050
62 13 2649
62 14 498
62 15 920
62 16 3849
62 17 189
62 18 1820
62 19 2345
62 20 3629
62 21 7056
62 22 2949
62 23 7237
62 24 4304
62 25 125
62 26 2866
62 27 5942
62 28 307
62 29 319
62 30 6181
62 31 5149
62 32 7438
62 33 6867
62 34 4012
62 35 3866
62 36 6793
62 37 3851
62 38 6143
62 39 4268
62 40 4226
62 41 635
62 42 3482
62 43 3901
62 44 450
62 45 1139
62 46 2249
62 47 4764
62 48 5753
62 49 237
62 50 4741
62 51 2246
62 52 1609
62 53 4751
62 54 3043
62 55 614
62 56 1263
62 57 4125
62 58 755
62 59 3437
62 60 3710
62 61 4429
62 63 4618
62 64 4431
62 65 152
62 66 1909
62 67 5449
62 68 7409
62 69 979
62 70 794
63 1 2130
63 2 4089
63 3 1039
63 4 4446
63 5 5774
63 6 1293
63 7 6513
63 8 1235
63 9 3021
63 10 1686
63 11 4855
63 12 5844
63 13 3993
63 14 1796
63 15 6825
63 16 908
63 17 7020
63 18 3631
63 19 7048
63 20 6818
63 21 4998
63 22 6664
63 23 5280
63 24 1699
63 25 6796
63 26 2820
63 27 2920
63 28 6595
63 29 1737
63 30 3430
63 31 5304
63 32 3127
63 33 1686
63 34 638
63 35 5576
63 36 2045
63 37 2258
63 38 6792
63 39 1677
63 40 2134
63 41 6078
63 42 3158
63 43 1741
63 44 4363
63 45 3563
63 46 6734
63 47 6717
63 48 3152
63 49 1067
63 50 2113
63 51 1965
63 52 1109
63 53 3279
63 54 1305
63 55 819
63 56 2161
63 57 25
63 58 6763
63 59 3593
63 60 2965
63 61 7003
63 62 572
63 64 1665
63 65 6066
63 66 4927
63 67 5908
63 68 1774
63 69 1652
63 70 5395
64 1 5689
64 2 4607
64 3 2615
64 4 4178
64 5 867
64 6 4164
64 7 7052
64 8 2360
64 9 3182
64 10 7430
64 11 5131
64 12 6518
64 13 7158
64 14 6526
64 15 6621
64 16 1346
64 17 6702
64 18 2808
64 19 2956
64 20 5046
64 21 130
64 22 3085
64 23 6483
64 24 1149
64 25 2244
64 26 4542
64 27 371
64 28 2074
64 29 4554
64 30 1036
64 31 564
64 32 2843
64 33 4437
64 34 5120
64 35 2951
64 36 3342
64 37 7094
64 38 2583
64 39 2942
64 40 7198
64 41 3713
64 42 4709
64 43 229
64 44 5588
64 45 1429
64 46 1349
64 47 2225
64 48 7466
64 49 1572
64 50 103
64 51 6347
64 52 5357
64 53 6806
64 54 2122
64 55 5256
64 56 2115
64 57 6402
64 58 3057
64 59 1361
64 60 1437
64 61 6722
64 62 3239
64 63 4727
64 65 4111
64 66 571
64 67 4131
64 68 818
64 69 5085
64 70 3844
65 1 443
65 2 3009
65 3 1342
65 4 2269
65 5 6528
65 6 3693
65 7 5856
65 8 6065
65 9 1212
65 10 362
65 11 655
65 12 778
65 13 3907
65 14 2090
65 15 6734
65 16 2960
65 17 2851
65 18 1811
65 19 1496
65 20 4039
65 21 6421
65 22 3364
65 23 1516
65 24 6386
65 25 2006
65 26 469
65 27 3648
65 28 6151
65 29 7363
65 30 4685
65 31 1544
65 32 4871
65 33 6557
65 34 4461
65 35 6892
65 36 1401
65 37 5481
65 38 1751
65 39 4139
65 40 544
65 41 3376
65 42 3909
65 43 2026
65 44 3608
65 45 976
65 46 6942
65 47 4893
65 48 4417
65 49 6553
65 50 2814
65 51 1133
65 52 6688
65 53 7427
65 54 6154
65 55 3950
65 56 6461
65 57 5831
65 58 3034
65 59 5593
65 60 3576
65 61 296
65 62 3368
65 63 2306
65 64 691
65 66 2887
65 67 5149
65 68 959
65 69 7230
65 70 6104
66 1 6105
66 2 3799
66 3 5661
66 4 3980
66 5 2126
66 6 2170
66 7 4960
66 8 5422
66 9 4581
66 10 1961
66 11 2721
66 12 480
66 13 5765
66 14 4179
66 15 1307
66 16 688
66 17 6354
66 18 4142
66 19 5323
66 20 795
66 21 5016
66 22 7161
66 23 533
66 24 4994
66 25 2444
66 26 1350
66 27 5699
66 28 6598
66 29 3531
66 30 5713
66 31 7305
66 32 1287
66 33 6583
66 34 7307
66 35 1399
66 36 3230
66 37 666
66 38 4497
66 39 4619
66 40 543
66 41 1636
66 42 4847
66 43 5063
66 44 3561
66 45 4665
66 46 6839
66 47 1921
66 48 3579
66 49 7090
66 50 6248
66 51 5667
66 52 2514
66 53 5765
66 54 5816
66 55 6134
66 56 5124
66 57 4070
66 58 1971
66 59 2848
66 60 1677
66 61 4275
66 62 2588
66 63 4991
66 64 3644
66 65 7239
66 67 663
66 68 4478
66 69 4959
66 70 5789
67 1 2328
67 2 2738
67 3 7174
67 4 4525
67 5 6446
67 6 927
67 7 2421
67 8 1433
67 9 1406
67 10 6725
67 11 6081
67 12 2155
67 13 4026
67 14 3132
67 15 1318
67 16 1257
67 17 4823
67 18 3236
67 19 5003
67 20 6963
67 21 7242
67 22 2310
67 23 3906
67 24 1822
67 25 6493
67 26 4039
67 27 7116
67 28 4610
67 29 6489
67 30 1173
67 31 6222
67 32 5778
67 33 2229
67 34 927
67 35 2246
67 36 7126
67 37 3527
67 38 2560
67 39 6280
67 40 3931
67 41 4501
67 42 1411
67 43 1346
67 44 3680
67 45 4598
67 46 6927
67 47 4595
67 48 3589
67 49 6802
67 50 2098
67 51 4923
67 52 4783
67 53 6275
67 54 6861
67 55 222
67 56 4237
67 57 5693
67 58 2651
67 59 2096
67 60 6211
67 61 5899
67 62 2657
67 63 4846
67 64 6637
67 65 6891
67 66 2910
67 68 1101
67 69 3172
67 70 3241
68 1 4218
68 2 3083
68 3 3515
68 4 1215
68 5 4177
68 6 2229
68 7 5486
68 8 6889
68 9 6029
68 10 558
68 11 87
68 12 1478
68 13 5011
68 14 280
68 15 4277
68 16 6314
68 17 1165
68 18 4324
68 19 6317
68 20 6814
68 21 2313
68 22 4896
68 23 1905
68 24 3993
68 25 1059
68 26 7055
68 27 6039
68 28 5558
68 29 3528
68 30 3068
68 31 5833
68 32 131
68 33 916
68 34 2343
68 35 4911
68 36 4379
68 37 3126
68 38 881
68 39 6082
68 40 886
68 41 5746
68 42 4097
68 43 563
68 44 3963
68 45 605
68 46 97
68 47 5366
68 48 6516
68 49 592
68 50 6045
68 51 3028
68 52 6986
68 53 893
68 54 3619
68 55 4796
68 56 5469
68 57 7022
68 58 4231
68 59 6884
68 60 5679
68 61 4098
68 62 1621
68 63 5876
68 64 3902
68 65 5039
68 66 2120
68 67 4486
68 69 481
68 70 4744
69 1 2204
69 2 3306
69 3 3817
69 4 3458
69 5 5347
69 6 5180
69 7 2555
69 8 1274
69 9 6165
69 10 3053
69 11 809
69 12 3408
69 13 2044
69 14 5746
69 15 5058
69 16 1469
69 17 4248
69 18 5655
69 19 7333
69 20 6177
69 21 6028
69 22 3023
69 23 6837
69 24 6827
69 25 4196
69 26 5432
69 27 6759
69 28 4051
69 29 6410
69 30 6142
69 31 2865
69 32 4297
69 33 6867
69 34 5037
69 35 5812
69 36 7372
69 37 1468
69 38 5705
69 39 4907
69 40 5377
69 41 1069
69 42 3169
69 43 3810
69 44 6579
69 45 820
69 46 5988
69 47 6248
69 48 5389
69 49 2201
69 50 7373
69 51 6960
69 52 2949
69 53 1540
69 54 4451
69 55 1545
69 56 5079
69 57 43
69 58 1105
69 59 83
69 60 4679
69 61 6503
69 62 6508
69 63 6826
69 64 3922
69 65 7429
69 66 5077
69 67 107
69 68 7204
69 70 7228
70 1 50
70 2 2412
70 3 4645
70 4 6135
70 5 4685
70 6 5069
70 7 2054
70 8 7044
70 9 3100
70 10 925
70 11 1597
70 12 7068
70 13 2183
70 14 535
70 15 4997
70 16 2950
70 17 1307
70 18 3809
70 19 2747
70 20 3861
70 21 1246
70 22 5552
70 23 6380
70 24 898
70 25 2523
70 26 5345
70 27 3740
70 28 2142
70 29 2684
70 30 5940
70 31 5373
70 32 1872
70 33 1473
70 34 6759
70 35 945
70 36 4542
70 37 2549
70 38 5082
70 39 5778
70 40 3625
70 41 1265
70 42 2769
70 43 961
70 44 2938
70 45 5465
70 46 2601
70 47 6563
70 48 4143
70 49 5334
70 50 2377
70 51 2027
70 52 1543
70 53 1235
70 54 5595
70 55 4773
70 56 900
70 57 571
70 58 6484
70 59 3325
70 60 3375
70 61 173
70 62 5177
70 63 4436
70 64 1122
70 65 534
70 66 6012
70 67 5321
70 68 5407
70 69 3693
