70 4830
1 2 6942
1 3 4308
1 4 5300
1 5 2207
1 6 218
1 7 6909
1 8 1411
1 9 6251
1 10 775
1 11 7335
1 12 6068
1 13 4154
1 14 6250
1 15 3897
1 16 2713
1 17 3952
1 18 1569
1 19 7174
1 20 2357
1 21 443
1 22 3088
1 23 1029
1 24 2261
1 25 4095
1 26 4952
1 27 3217
1 28 4744
1 29 2983
1 30 7100
1 31 4183
1 32 6825
1 33 3852
1 34 4281
1 35 1415
1 36 5552
1 37 5889
1 38 3952
1 39 532
1 40 5484
1 41 3582
1 42 6769
1 43 131
1 44 1782
1 45 1552
1 46 1758
1 47 3227
1 48 5297
1 49 6005
1 50 1581
1 51 6191
1 52 4284
1 53 7379
1 54 6060
1 55 52
1 56 4956
1 57 41
1 58 3167
1 59 6484
1 60 4724
1 61 425
1 62 1862
1 63 3324
1 64 578
1 65 6890
1 66 345
1 67 7280
1 68 979
1 69 4126
1 70 3133
2 1 5458
2 3 3000
2 4 7270
2 5 2095
2 6 6399
2 7 6545
2 8 5785
2 9 7022
2 10 870
2 11 2104
2 12 3453
2 13 4917
2 14 2807
2 15 5150
2 16 3587
2 17 4187
2 18 5620
2 19 2803
2 20 4080
2 21 1531
2 22 2861
2 23 4903
2 24 6348
2 25 1912
2 26 2024
2 27 653
2 28 5316
2 29 4999
2 30 2711
2 31 3703
2 32 4380
2 33 4559
2 34 478
2 35 200
2 36 2634
2 37 5664
2 38 4599
2 39 5877
2 40 4481
2 41 2677
2 42 7314
2 43 7306
2 44 2553
2 45 3698
2 46 3819
2 47 6824
2 48 5659
2 49 663
2 50 3648
2 51 6808
2 52 7118
2 53 5706
2 54 5593
2 55 3859
2 56 2269
2 57 2907
2 58 7138
2 59 6627
2 60 156
2 61 5232
2 62 2846
2 63 2543
2 64 6418
2 65 5539
2 66 2053
2 67 479
2 68 1429
2 69 181
2 70 1035
3 1 3224
3 2 1966
3 4 7066
3 5 5878
3 6 1622
3 7 1315
3 8 6592
3 9 5589
3 10 2220
3 11 5749
3 12 6147
3 13 6765
3 14 4773
3 15 2320
3 16 4853
3 17 6702
3 18 2608
3 19 6543
3 20 2908
3 21 5910
3 22 6168
3 23 5530
3 24 2597
3 25 2533
3 26 4233
3 27 748
3 28 5430
3 29 1377
3 30 2211
3 31 2233
3 32 4494
3 33 2739
3 34 1326
3 35 57
3 36 3920
3 37 5244
3 38 2734
3 39 2244
3 40 6026
3 41 5346
3 42 6279
3 43 6554
3 44 744
3 45 3156
3 46 2887
3 47 5728
3 48 3071
3 49 1949
3 50 1740
3 51 1780
3 52 227
3 53 5755
3 54 3860
3 55 4863
3 56 6237
3 57 4254
3 58 2523
3 59 3225
3 60 2156
3 61 464
3 62 4382
3 63 3258
3 64 3594
3 65 6768
3 66 3074
3 67 3495
3 68 1274
3 69 7197
3 70 2505
4 1 3507
4 2 5210
4 3 3982
4 5 2563
4 6 2447
4 7 4071
4 8 6106
4 9 4201
4 10 3327
4 11 3362
4 12 740
4 13 6815
4 14 6441
4 15 4164
4 16 3741
4 17 2473
4 18 5915
4 19 1786
4 20 3530
4 21 6104
4 22 4914
4 23 3534
4 24 2110
4 25 1785
4 26 5214
4 27 712
4 28 6504
4 29 1818
4 30 2216
4 31 6573
4 32 4914
4 33 4186
4 34 4486
4 35 3063
4 36 3754
4 37 2895
4 38 2963
4 39 6692
4 40 6359
4 41 4016
4 42 6104
4 43 3198
4 44 2617
4 45 7179
4 46 5607
4 47 2524
4 48 1496
4 49 5682
4 50 5523
4 51 4500
4 52 1096
4 53 5449
4 54 6427
4 55 2251
4 56 4237
4 57 2445
4 58 2781
4 59 2023
4 60 3504
4 61 3265
4 62 435
4 63 1700
4 64 4514
4 65 284
4 66 5425
4 67 6479
4 68 5155
4 69 786
4 70 2459
5 1 4395
5 2 5270
5 3 3612
5 4 1015
5 6 602
5 7 5022
5 8 2022
5 9 7278
5 10 3364
5 11 2370
5 12 209
5 13 3220
5 14 785
5 15 6405
5 16 4677
5 17 4335
5 18 281
5 19 5017
5 20 5416
5 21 3591
5 22 543
5 23 4119
5 24 3730
5 25 6839
5 26 3770
5 27 6993
5 28 640
5 29 5856
5 30 2247
5 31 2580
5 32 3945
5 33 1476
5 34 1197
5 35 5949
5 36 5021
5 37 3805
5 38 5309
5 39 5539
5 40 5236
5 41 5436
5 42 2621
5 43 4537
5 44 6796
5 45 6861
5 46 2610
5 47 1998
5 48 7386
5 49 5457
5 50 997
5 51 1188
5 52 4234
5 53 1172
5 54 7253
5 55 6325
5 56 4036
5 57 2860
5 58 5569
5 59 624
5 60 2997
5 61 6728
5 62 7214
5 63 3258
5 64 4703
5 65 1885
5 66 1702
5 67 6015
5 68 3211
5 69 4217
5 70 6232
6 1 982
6 2 6712
6 3 6683
6 4 3041
6 5 3429
6 7 6047
6 8 1634
6 9 5688
6 10 1236
6 11 1425
6 12 4386
6 13 6603
6 14 3732
6 15 2428
6 16 2582
6 17 4448
6 18 2111
6 19 5588
6 20 2373
6 21 6281
6 22 2083
6 23 2069
6 24 3017
6 25 6785
6 26 1287
6 27 2601
6 28 4934
6 29 3092
6 30 2131
6 31 6767
6 32 338
6 33 5441
6 34 7289
6 35 2309
6 36 1962
6 37 6650
6 38 5751
6 39 6786
6 40 3375
6 41 2103
6 42 5811
6 43 6208
6 44 539
6 45 1101
6 46 944
6 47 412
6 48 4197
6 49 6809
6 50 5731
6 51 6885
6 52 5190
6 53 1929
6 54 4394
6 55 3756
6 56 6724
6 57 584
6 58 1699
6 59 6314
6 60 734
6 61 2054
6 62 6364
6 63 6455
6 64 2142
6 65 2461
6 66 3164
6 67 1622
6 68 2667
6 69 3711
6 70 5643
7 1 6283
7 2 5299
7 3 7071
7 4 5000
7 5 4249
7 6 4923
7 8 2302
7 9 3903
7 10 361
7 11 556
7 12 4238
7 13 4612
7 14 1296
7 15 3208
7 16 1820
7 17 6292
7 18 3013
7 19 993
7 20 5354
7 21 4816
7 22 4581
7 23 2280
7 24 7291
7 25 2273
7 26 3758
7 27 7049
7 28 3951
7 29 1666
7 30 747
7 31 4899
7 32 617
7 33 6290
7 34 2695
7 35 5489
7 36 74
7 37 2441
7 38 6593
7 39 1250
7 40 6846
7 41 1013
7 42 3129
7 43 4976
7 44 134
7 45 1708
7 46 58
7 47 3923
7 48 6418
7 49 3708
7 50 5441
7 51 7436
7 52 7009
7 53 476
7 54 6501
7 55 2230
7 56 6615
7 57 873
7 58 2525
7 59 6073
7 60 3457
7 61 1453
7 62 382
7 63 2244
7 64 5016
7 65 4592
7 66 884
7 67 4721
7 68 6848
7 69 3035
7 70 3519
8 1 4110
8 2 7117
8 3 864
8 4 7222
8 5 2034
8 6 7350
8 7 4068
8 9 2786
8 10 3303
8 11 126
8 12 1604
8 13 1743
8 14 4583
8 15 3153
8 16 3051
8 17 6114
8 18 3842
8 19 5624
8 20 6838
8 21 6746
8 22 1199
8 23 1595
8 24 4165
8 25 5228
8 26 6348
8 27 6190
8 28 5947
8 29 7059
8 30 2404
8 31 3628
8 32 6229
8 33 3344
8 34 5092
8 35 1894
8 36 596
8 37 3603
8 38 2129
8 39 4565
8 40 3869
8 41 526
8 42 6694
8 43 6272
8 44 5826
8 45 3452
8 46 5230
8 47 3643
8 48 1029
8 49 7031
8 50 188
8 51 1677
8 52 2440
8 53 1756
8 54 2779
8 55 673
8 56 3608
8 57 5833
8 58 5517
8 59 3597
8 60 7056
8 61 1896
8 62 6673
8 63 3011
8 64 7023
8 65 628
8 66 4960
8 67 2585
8 68 4234
8 69 3735
8 70 5206
9 1 3535
9 2 3611
9 3 1153
9 4 2227
9 5 3308
9 6 2211
9 7 1237
9 8 2648
9 10 5710
9 11 4562
9 12 5827
9 13 6264
9 14 5371
9 15 948
9 16 853
9 17 4551
9 18 6908
9 19 6747
9 20 243
9 21 2300
9 22 2412
9 23 7218
9 24 1231
9 25 7102
9 26 721
9 27 1113
9 28 2135
9 29 4023
9 30 6377
9 31 6758
9 32 854
9 33 6788
9 34 1217
9 35 3769
9 36 6096
9 37 5339
9 38 1459
9 39 5201
9 40 2356
9 41 2570
9 42 7131
9 43 3742
9 44 7475
9 45 955
9 46 7310
9 47 7137
9 48 1229
9 49 2876
9 50 1136
9 51 3724
9 52 279
9 53 6740
9 54 6322
9 55 4620
9 56 5899
9 57 3504
9 58 1567
9 59 2861
9 60 5856
9 61 3191
9 62 3743
9 63 5009
9 64 7204
9 65 5264
9 66 4517
9 67 5806
9 68 6129
9 69 3464
9 70 1185
10 1 6429
10 2 2798
10 3 3092
10 4 6703
10 5 5130
10 6 3094
10 7 2595
10 8 6938
10 9 5281
10 11 634
10 12 6703
10 13 6623
10 14 1261
10 15 1986
10 16 7277
10 17 5531
10 18 5833
10 19 382
10 20 3224
10 21 7047
10 22 2166
10 23 2235
10 24 4847
10 25 1335
10 26 135
10 27 5153
10 28 3906
10 29 82
10 30 5656
10 31 2610
10 32 4751
10 33 4358
10 34 543
10 35 5769
10 36 5876
10 37 2595
10 38 6589
10 39 1981
10 40 6460
10 41 3581
10 42 151
10 43 4381
10 44 1263
10 45 6033
10 46 111
10 47 7320
10 48 1714
10 49 1152
10 50 3079
10 51 4168
10 52 1362
10 53 437
10 54 6257
10 55 6823
10 56 5915
10 57 1861
10 58 5081
10 59 6080
10 60 4334
10 61 2840
10 62 3709
10 63 1720
10 64 3959
10 65 7211
10 66 4525
10 67 2640
10 68 1241
10 69 6326
10 70 1399
11 1 205
11 2 1055
11 3 7231
11 4 619
11 5 2335
11 6 1138
11 7 3579
11 8 1273
11 9 7090
11 10 1271
11 12 5873
11 13 5789
11 14 6606
11 15 3748
11 16 4338
11 17 3503
11 18 4129
11 19 4794
11 20 5528
11 21 5994
11 22 3924
11 23 6125
11 24 4747
11 25 990
11 26 4889
11 27 4372
11 28 677
11 29 6828
11 30 1549
11 31 2079
11 32 6003
11 33 1472
11 34 3640
11 35 3918
11 36 3281
11 37 697
11 38 5177
11 39 5586
11 40 4493
11 41 5240
11 42 496
11 43 5671
11 44 5793
11 45 2894
11 46 1436
11 47 6256
11 48 1445
11 49 6826
11 50 3301
11 51 4482
11 52 4289
11 53 1588
11 54 1855
11 55 5406
11 56 1259
11 57 7401
11 58 1976
11 59 7087
11 60 5561
11 61 6236
11 62 2760
11 63 5344
11 64 2726
11 65 3642
11 66 4455
11 67 2160
11 68 5026
11 69 3297
11 70 977
12 1 6420
12 2 3943
12 3 1560
12 4 5528
12 5 1160
12 6 2601
12 7 5808
12 8 5007
12 9 3969
12 10 130
12 11 7113
12 13 5708
12 14 6145
12 15 1719
12 16 7365
12 17 4347
12 18 1088
12 19 2569
12 20 1735
12 21 19
12 22 6958
12 23 5623
12 24 1191
12 25 4943
12 26 3055
12 27 5913
12 28 7372
12 29 2380
12 30 4948
12 31 156
12 32 2661
12 33 1814
12 34 528
12 35 3490
12 36 6035
12 37 2639
12 38 7363
12 39 6892
12 40 6800
12 41 481
12 42 2874
12 43 3040
12 44 3053
12 45 5016
12 46 2549
12 47 3723
12 48 4595
12 49 728
12 50 1307
12 51 446
12 52 1397
12 53 4937
12 54 5303
12 55 803
12 56 4260
12 57 4359
12 58 5415
12 59 4617
12 60 6176
12 61 6333
12 62 858
12 63 4844
12 64 798
12 65 1745
12 66 7300
12 67 661
12 68 6618
12 69 525
12 70 1320
13 1 4093
13 2 226
13 3 216
13 4 6615
13 5 2087
13 6 2947
13 7 4397
13 8 1647
13 9 2266
13 10 6137
13 11 4103
13 12 3173
13 14 6973
13 15 4693
13 16 7006
13 17 6672
13 18 3858
13 19 6359
13 20 823
13 21 4257
13 22 4845
13 23 639
13 24 6235
13 25 4908
13 26 5119
13 27 2299
13 28 6212
13 29 3553
13 30 7279
13 31 842
13 32 708
13 33 1629
13 34 924
13 35 3151
13 36 3275
13 37 30
13 38 3583
13 39 2246
13 40 5367
13 41 5116
13 42 3950
13 43 4950
13 44 6161
13 45 7019
13 46 7090
13 47 6408
13 48 4697
13 49 2804
13 50 2058
13 51 3819
13 52 1835
13 53 3124
13 54 1802
13 55 4389
13 56 4829
13 57 453
13 58 1238
13 59 1938
13 60 4353
13 61 1292
13 62 5043
13 63 6404
13 64 4191
13 65 3178
13 66 5720
13 67 3013
13 68 6333
13 69 6658
13 70 2508
14 1 6159
14 2 5577
14 3 6254
14 4 4147
14 5 701
14 6 411
14 7 6954
14 8 424
14 9 6118
14 10 4072
14 11 6042
14 12 3067
14 13 1566
14 15 6200
14 16 3082
14 17 1238
14 18 2141
14 19 4501
14 20 3982
14 21 5985
14 22 7075
14 23 2557
14 24 1183
14 25 3497
14 26 6375
14 27 3694
14 28 1810
14 29 3732
14 30 3851
14 31 196
14 32 2701
14 33 2426
14 34 3961
14 35 2561
14 36 5140
14 37 1769
14 38 590
14 39 5924
14 40 2076
14 41 387
14 42 4100
14 43 1758
14 44 1778
14 45 7391
14 46 5411
14 47 2451
14 48 5172
14 49 5117
14 50 3289
14 51 4826
14 52 4116
14 53 6870
14 54 2697
14 55 56
14 56 3600
14 57 4271
14 58 4790
14 59 3756
14 60 923
14 61 2341
14 62 1797
14 63 6729
14 64 3163
14 65 2318
14 66 4649
14 67 4707
14 68 1706
14 69 3799
14 70 922
15 1 5332
15 2 4339
15 3 5666
15 4 7483
15 5 7421
15 6 4160
15 7 5986
15 8 1647
15 9 4150
15 10 511
15 11 383
15 12 5174
15 13 3954
15 14 7353
15 16 1327
15 17 2060
15 18 4633
15 19 3549
15 20 2551
15 21 6425
15 22 491
15 23 4481
15 24 1087
15 25 2191
15 26 4138
15 27 1862
15 28 4734
15 29 354
15 30 4952
15 31 509
15 32 6241
15 33 5751
15 34 6016
15 35 4107
15 36 728
15 37 4433
15 38 3699
15 39 1570
15 40 958
15 41 5067
15 42 5420
15 43 4299
15 44 2010
15 45 6510
15 46 6527
15 47 4900
15 48 2419
15 49 4959
15 50 2112
15 51 2255
15 52 1628
15 53 3794
15 54 6918
15 55 4009
15 56 578
15 57 2335
15 58 272
15 59 2932
15 60 4981
15 61 6895
15 62 4435
15 63 4920
15 64 4270
15 65 2479
15 66 2014
15 67 4500
15 68 2554
15 69 1906
15 70 2286
16 1 1615
16 2 6508
16 3 5233
16 4 3536
16 5 554
16 6 1783
16 7 259
16 8 3902
16 9 2141
16 10 5983
16 11 2190
16 12 119
16 13 5073
16 14 4278
16 15 4915
16 17 4760
16 18 1259
16 19 3718
16 20 6870
16 21 3273
16 22 3910
16 23 4851
16 24 5980
16 25 5322
16 26 2640
16 27 4284
16 28 1266
16 29 1028
16 30 129
16 31 1986
16 32 1642
16 33 863
16 34 6604
16 35 5781
16 36 6706
16 37 429
16 38 5353
16 39 4835
16 40 1782
16 41 4367
16 42 7403
16 43 4978
16 44 1767
16 45 1156
16 46 6934
16 47 4413
16 48 3564
16 49 5120
16 50 2617
16 51 4173
16 52 1793
16 53 6495
16 54 6976
16 55 7066
16 56 2945
16 57 3275
16 58 2933
16 59 2281
16 60 1454
16 61 886
16 62 5816
16 63 4675
16 64 6468
16 65 5994
16 66 4771
16 67 1853
16 68 3138
16 69 4129
16 70 4894
17 1 5769
17 2 2352
17 3 1928
17 4 6470
17 5 3453
17 6 4257
17 7 2026
17 8 5531
17 9 7179
17 10 4319
17 11 601
17 12 185
17 13 259
17 14 6884
17 15 2562
17 16 4122
17 18 963
17 19 1014
17 20 336
17 21 7424
17 22 4993
17 23 3414
17 24 24
17 25 4239
17 26 6411
17 27 1627
17 28 6819
17 29 6363
17 30 5052
17 31 7034
17 32 1123
17 33 5947
17 34 4596
17 35 4970
17 36 3416
17 37 3017
17 38 757
17 39 341
17 40 2947
17 41 6723
17 42 4484
17 43 6411
17 44 2807
17 45 2069
17 46 4342
17 47 2016
17 48 2016
17 49 259
17 50 5818
17 51 2932
17 52 5785
17 53 848
17 54 253
17 55 3854
17 56 5265
17 57 1542
17 58 931
17 59 44
17 60 4993
17 61 3696
17 62 1986
17 63 7474
17 64 3707
17 65 2585
17 66 2656
17 67 6319
17 68 3012
17 69 4477
17 70 4305
18 1 6217
18 2 4718
18 3 1544
18 4 1198
18 5 5151
18 6 6497
18 7 635
18 8 537
18 9 455
18 10 1593
18 11 7050
18 12 5364
18 13 1194
18 14 6464
18 15 1205
18 16 2405
18 17 3343
18 19 3284
18 20 7326
18 21 3912
18 22 551
18 23 4459
18 24 7081
18 25 5674
18 26 653
18 27 3133
18 28 5678
18 29 6070
18 30 7424
18 31 7430
18 32 5235
18 33 2341
18 34 1192
18 35 5126
18 36 432
18 37 2772
18 38 3524
18 39 55
18 40 3108
18 41 14
18 42 3272
18 43 6418
18 44 4314
18 45 407
18 46 1033
18 47 5731
18 48 4248
18 49 1586
18 50 2775
18 51 5796
18 52 3111
18 53 4456
18 54 3669
18 55 4254
18 56 5345
18 57 6813
18 58 1777
18 59 1445
18 60 1887
18 61 502
18 62 6803
18 63 5395
18 64 607
18 65 6080
18 66 3133
18 67 469
18 68 4651
18 69 2491
18 70 3030
19 1 5248
19 2 7232
19 3 2241
19 4 5452
19 5 1703
19 6 2661
19 7 4261
19 8 5682
19 9 5014
19 10 456
19 11 5052
19 12 1662
19 13 4469
19 14 368
19 15 6962
19 16 4025
19 17 4368
19 18 898
19 20 1770
19 21 1191
19 22 680
19 23 1374
19 24 3697
19 25 6242
19 26 3696
19 27 3003
19 28 3616
19 29 1611
19 30 2062
19 31 130
19 32 1069
19 33 3698
19 34 1286
19 35 1132
19 36 2030
19 37 4615
19 38 4312
19 39 2406
19 40 5289
19 41 1960
19 42 5053
19 43 2013
19 44 6827
19 45 2437
19 46 4745
19 47 4663
19 48 2606
19 49 5295
19 50 3084
19 51 2615
19 52 889
19 53 5925
19 54 5859
19 55 378
19 56 7026
19 57 803
19 58 5144
19 59 3813
19 60 624
19 61 6123
19 62 7294
19 63 4929
19 64 1115
19 65 6849
19 66 997
19 67 6475
19 68 1214
19 69 5568
19 70 2215
20 1 6425
20 2 1939
20 3 6065
20 4 2161
20 5 5194
20 6 2875
20 7 3802
20 8 2536
20 9 7179
20 10 1762
20 11 7453
20 12 5308
20 13 3102
20 14 4238
20 15 6805
20 16 5810
20 17 281
20 18 3281
20 19 2890
20 21 6216
20 22 6297
20 23 3603
20 24 5281
20 25 5047
20 26 5702
20 27 1269
20 28 1185
20 29 461
20 30 6745
20 31 1250
20 32 1999
20 33 365
20 34 3349
20 35 5826
20 36 1275
20 37 5898
20 38 6690
20 39 6019
20 40 2723
20 41 1678
20 42 1910
20 43 1123
20 44 982
20 45 3001
20 46 5809
20 47 5870
20 48 2494
20 49 5740
20 50 2340
20 51 4499
20 52 2277
20 53 5391
20 54 6043
20 55 3948
20 56 7227
20 57 5723
20 58 3990
20 59 4062
20 60 7372
20 61 1930
20 62 1633
20 63 5439
20 64 2868
20 65 4708
20 66 5468
20 67 3815
20 68 1098
20 69 6656
20 70 5543
21 1 4519
21 2 4170
21 3 1869
21 4 5765
21 5 6824
21 6 5822
21 7 2412
21 8 6549
21 9 6364
21 10 2876
21 11 807
21 12 7134
21 13 5472
21 14 6826
21 15 3276
21 16 3176
21 17 6642
21 18 3803
21 19 4550
21 20 4454
21 22 4070
21 23 4928
21 24 2446
21 25 39
21 26 351
21 27 300
21 28 2623
21 29 4728
21 30 1401
21 31 992
21 32 4857
21 33 5053
21 34 3498
21 35 4306
21 36 4134
21 37 694
21 38 6009
21 39 285
21 40 917
21 41 6265
21 42 3930
21 43 3592
21 44 5270
21 45 446
21 46 6768
21 47 933
21 48 1801
21 49 201
21 50 5781
21 51 230
21 52 522
21 53 1885
21 54 7357
21 55 879
21 56 44
21 57 4792
21 58 2957
21 59 4864
21 60 2985
21 61 1590
21 62 942
21 63 7354
21 64 152
21 65 927
21 66 5776
21 67 2628
21 68 7038
21 69 2891
21 70 854
22 1 7025
22 2 2764
22 3 3976
22 4 3428
22 5 2112
22 6 6743
22 7 6510
22 8 4488
22 9 954
22 10 1607
22 11 2833
22 12 6492
22 13 2968
22 14 7499
22 15 7322
22 16 327
22 17 5382
22 18 4744
22 19 1456
22 20 5983
22 21 5794
22 23 1870
22 24 3734
22 25 2226
22 26 7082
22 27 2596
22 28 1665
22 29 672
22 30 6952
22 31 1677
22 32 1267
22 33 2667
22 34 1499
22 35 4255
22 36 7177
22 37 2675
22 38 2477
22 39 1773
22 40 2953
22 41 6545
22 42 3122
22 43 5659
22 44 7244
22 45 611
22 46 2102
22 47 6065
22 48 1799
22 49 6906
22 50 1191
22 51 891
22 52 2340
22 53 3684
22 54 3101
22 55 5272
22 56 4480
22 57 1852
22 58 5558
22 59 3453
22 60 3519
22 61 5685
22 62 3325
22 63 2388
22 64 5195
22 65 5693
22 66 309
22 67 5744
22 68 6502
22 69 511
22 70 6483
23 1 4600
23 2 3650
23 3 5151
23 4 4479
23 5 751
23 6 6729
23 7 1981
23 8 6544
23 9 1497
23 10 6883
23 11 1552
23 12 6541
23 13 280
23 14 4229
23 15 5933
23 16 3912
23 17 2943
23 18 6239
23 19 164
23 20 4420
23 21 3187
23 22 7190
23 24 5891
23 25 3904
23 26 6665
23 27 135
23 28 5862
23 29 4528
23 30 6633
23 31 5163
23 32 27
23 33 1957
23 34 3113
23 35 2218
23 36 600
23 37 1017
23 38 5440
23 39 5864
23 40 4218
23 41 6670
23 42 7106
23 43 6587
23 44 3215
23 45 7358
23 46 1273
23 47 5291
23 48 6597
23 49 437
23 50 5633
23 51 3280
23 52 3431
23 53 6636
23 54 7449
23 55 413
23 56 649
23 57 7374
23 58 5862
23 59 3827
23 60 18
23 61 6910
23 62 5405
23 63 306
23 64 5660
23 65 179
23 66 2827
23 67 7
23 68 7342
23 69 5453
23 70 1366
24 1 3842
24 2 5415
24 3 6670
24 4 6838
24 5 4628
24 6 1796
24 7 6663
24 8 4207
24 9 2586
24 10 2895
24 11 3364
24 12 6294
24 13 5588
24 14 3932
24 15 5601
24 16 4572
24 17 679
24 18 6036
24 19 2286
24 20 6214
24 21 190
24 22 3361
24 23 2766
24 25 804
24 26 6305
24 27 6785
24 28 3647
24 29 3940
24 30 2400
24 31 5951
24 32 4284
24 33 53
24 34 826
24 35 635
24 36 5540
24 37 94
24 38 5443
24 39 4482
24 40 4968
24 41 3125
24 42 1090
24 43 1416
24 44 3921
24 45 3780
24 46 5497
24 47 2795
24 48 1998
24 49 53
24 50 6745
24 51 3681
24 52 1286
24 53 4726
24 54 5587
24 55 2
24 56 6272
24 57 6767
24 58 1864
24 59 1103
24 60 2334
24 61 4733
24 62 1935
24 63 1828
24 64 3899
24 65 2252
24 66 3028
24 67 4900
24 68 5988
24 69 919
24 70 6305
25 1 2552
25 2 4130
25 3 4651
25 4 528
25 5 1046
25 6 5531
25 7 2425
25 8 4709
25 9 7026
25 10 2482
25 11 1666
25 12 7
25 13 2374
25 14 4647
25 15 1883
25 16 6833
25 17 1296
25 18 103
25 19 5821
25 20 4483
25 21 3172
25 22 2
25 23 6219
25 24 7115
25 26 4697
25 27 5695
25 28 991
25 29 990
25 30 5250
25 31 4681
25 32 1000
25 33 4986
25 34 6055
25 35 878
25 36 5417
25 37 6957
25 38 2641
25 39 1325
25 40 5354
25 41 2853
25 42 3930
25 43 7108
25 44 72
25 45 3069
25 46 4876
25 47 1795
25 48 4267
25 49 2702
25 50 3687
25 51 4276
25 52 5826
25 53 3997
25 54 6582
25 55 2043
25 56 6433
25 57 651
25 58 3622
25 59 173
25 60 4386
25 61 1875
25 62 2596
25 63 3493
25 64 6906
25 65 5560
25 66 5356
25 67 860
25 68 2253
25 69 426
25 70 6680
26 1 4219
26 2 7248
26 3 4028
26 4 299
26 5 3693
26 6 7473
26 7 403
26 8 5845
26 9 337
26 10 1607
26 11 2246
26 12 4972
26 13 452
26 14 3625
26 15 6102
26 16 5263
26 17 5403
26 18 6618
26 19 7385
26 20 6664
26 21 2413
26 22 5989
26 23 521
26 24 78
26 25 7294
26 27 2264
26 28 3237
26 29 463
26 30 4938
26 31 3201
26 32 6745
26 33 78
26 34 1382
26 35 1754
26 36 425
26 37 3725
26 38 7223
26 39 2180
26 40 4211
26 41 1990
26 42 75
26 43 4857
26 44 543
26 45 6876
26 46 4738
26 47 4069
26 48 24
26 49 2274
26 50 4736
26 51 1559
26 52 1021
26 53 4178
26 54 6128
26 55 7272
26 56 6666
26 57 3435
26 58 399
26 59 6290
26 60 7084
26 61 57
26 62 7346
26 63 4889
26 64 2360
26 65 6769
26 66 208
26 67 5214
26 68 5669
26 69 5746
26 70 2830
27 1 3694
27 2 2040
27 3 1897
27 4 3011
27 5 1634
27 6 5724
27 7 6292
27 8 1506
27 9 2957
27 10 6415
27 11 237
27 12 6734
27 13 5742
27 14 3661
27 15 3005
27 16 2911
27 17 338
27 18 72
27 19 4579
27 20 5734
27 21 2793
27 22 5009
27 23 4149
27 24 3803
27 25 2054
27 26 6539
27 28 3550
27 29 3788
27 30 1944
27 31 3707
27 32 5099
27 33 7406
27 34 42
27 35 5314
27 36 1321
27 37 4251
27 38 313
27 39 3846
27 40 6023
27 41 443
27 42 1933
27 43 6917
27 44 5980
27 45 353
27 46 7318
27 47 7406
27 48 3367
27 49 5153
27 50 1160
27 51 1047
27 52 1424
27 53 843
27 54 2436
27 55 3939
27 56 7331
27 57 5389
27 58 969
27 59 6674
27 60 365
27 61 1159
27 62 1332
27 63 5384
27 64 569
27 65 4862
27 66 120
27 67 6331
27 68 3818
27 69 4142
27 70 552
28 1 3867
28 2 7432
28 3 2389
28 4 3839
28 5 4900
28 6 7333
28 7 3436
28 8 7240
28 9 4159
28 10 6466
28 11 1123
28 12 6565
28 13 695
28 14 1803
28 15 2669
28 16 5492
28 17 2743
28 18 6386
28 19 4529
28 20 6205
28 21 2179
28 22 5168
28 23 5390
28 24 6901
28 25 6061
28 26 482
28 27 4234
28 29 4563
28 30 4600
28 31 5735
28 32 3682
28 33 7246
28 34 6789
28 35 5269
28 36 755
28 37 3183
28 38 6154
28 39 4918
28 40 1986
28 41 6455
28 42 1409
28 43 1798
28 44 7349
28 45 2553
28 46 6022
28 47 6637
28 48 4867
28 49 5659
28 50 5745
28 51 1015
28 52 1035
28 53 6655
28 54 3618
28 55 6887
28 56 2231
28 57 5500
28 58 2134
28 59 1515
28 60 4379
28 61 6006
28 62 4204
28 63 5074
28 64 3019
28 65 2606
28 66 2249
28 67 6727
28 68 5413
28 69 3777
28 70 2225
29 1 3846
29 2 1860
29 3 2922
29 4 3481
29 5 6435
29 6 1940
29 7 2779
29 8 6674
29 9 4624
29 10 7169
29 11 2953
29 12 4753
29 13 4284
29 14 1810
29 15 4201
29 16 1039
29 17 250
29 18 1105
29 19 592
29 20 5928
29 21 2332
29 22 4908
29 23 6680
29 24 3
29 25 6271
29 26 1912
29 27 2336
29 28 1384
29 30 2811
29 31 60
29 32 3619
29 33 3431
29 34 6116
29 35 846
29 36 3987
29 37 6446
29 38 3327
29 39 6180
29 40 3738
29 41 3472
29 42 2540
29 43 329
29 44 2586
29 45 7403
29 46 2622
29 47 7233
29 48 6564
29 49 5114
29 50 6063
29 51 2784
29 52 4960
29 53 844
29 54 7167
29 55 2180
29 56 435
29 57 1736
29 58 186
29 59 3926
29 60 5922
29 61 199
29 62 19
29 63 509
29 64 969
29 65 7017
29 66 423
29 67 1003
29 68 1513
29 69 6663
29 70 4524
30 1 477
30 2 843
30 3 5921
30 4 5234
30 5 2
30 6 2057
30 7 993
30 8 334
30 9 2841
30 10 2829
30 11 2258
30 12 4610
30 13 4280
30 14 1909
30 15 4568
30 16 271
30 17 7184
30 18 6959
30 19 1623
30 20 5184
30 21 3843
30 22 3621
30 23 2513
30 24 6997
30 25 3629
30 26 4653
30 27 2957
30 28 195
30 29 2040
30 31 788
30 32 7027
30 33 3667
30 34 379
30 35 4504
30 36 4260
30 37 2194
30 38 1091
30 39 4769
30 40 6520
30 41 390
30 42 1027
30 43 6464
30 44 6871
30 45 7007
30 46 1889
30 47 1847
30 48 204
30 49 142
30 50 724
30 51 4753
30 52 5056
30 53 6110
30 54 6329
30 55 5042
30 56 6657
30 57 2771
30 58 6816
30 59 3468
30 60 2246
30 61 6003
30 62 7105
30 63 2509
30 64 3323
30 65 4499
30 66 2700
30 67 3964
30 68 4679
30 69 227
30 70 4631
31 1 7346
31 2 899
31 3 2394
31 4 2231
31 5 515
31 6 4206
31 7 4439
31 8 73
31 9 6839
31 10 5704
31 11 445
31 12 61
31 13 2268
31 14 2965
31 15 581
31 16 464
31 17 5712
31 18 1743
31 19 5299
31 20 5166
31 21 4900
31 22 2933
31 23 4965
31 24 4005
31 25 1037
31 26 4392
31 27 7063
31 28 2906
31 29 5382
31 30 6127
31 32 485
31 33 815
31 34 6960
31 35 5646
31 36 6018
31 37 1412
31 38 879
31 39 4545
31 40 4753
31 41 5028
31 42 2437
31 43 1147
31 44 6068
31 45 1877
31 46 4931
31 47 4998
31 48 3226
31 49 533
31 50 6912
31 51 6760
31 52 662
31 53 4800
31 54 3622
31 55 3148
31 56 2477
31 57 4145
31 58 5784
31 59 6189
31 60 3932
31 61 637
31 62 1162
31 63 6468
31 64 4789
31 65 1524
31 66 3727
31 67 432
31 68 3465
31 69 1330
31 70 2341
32 1 5404
32 2 5039
32 3 3804
32 4 2391
32 5 4195
32 6 4581
32 7 1031
32 8 6647
32 9 6943
32 10 3610
32 11 3975
32 12 3125
32 13 1731
32 14 2387
32 15 7389
32 16 1818
32 17 271
32 18 2087
32 19 4056
32 20 1505
32 21 144
32 22 2318
32 23 6453
32 24 3742
32 25 465
32 26 100
32 27 4555
32 28 3211
32 29 6990
32 30 3378
32 31 1098
32 33 114
32 34 3730
32 35 2685
32 36 3858
32 37 2926
32 38 5055
32 39 5261
32 40 670
32 41 3217
32 42 5574
32 43 3869
32 44 4008
32 45 4316
32 46 1438
32 47 4230
32 48 6605
32 49 5021
32 50 700
32 51 402
32 52 6330
32 53 7300
32 54 1238
32 55 7414
32 56 3828
32 57 1003
32 58 4694
32 59 3619
32 60 604
32 61 2177
32 62 2012
32 63 3986
32 64 1406
32 65 5034
32 66 5612
32 67 2315
32 68 1158
32 69 7386
32 70 3517
33 1 1864
33 2 7368
33 3 1246
33 4 5417
33 5 3106
33 6 4898
33 7 3779
33 8 3079
33 9 3278
33 10 4017
33 11 7247
33 12 6842
33 13 765
33 14 1302
33 15 3240
33 16 1817
33 17 6037
33 18 7129
33 19 5507
33 20 600
33 21 840
33 22 6947
33 23 4070
33 24 1580
33 25 1276
33 26 6184
33 27 4818
33 28 778
33 29 6867
33 30 5312
33 31 398
33 32 7441
33 34 1375
33 35 3715
33 36 2901
33 37 4574
33 38 3346
33 39 5694
33 40 771
33 41 1904
33 42 5203
33 43 4885
33 44 4335
33 45 5247
33 46 1390
33 47 5491
33 48 4933
33 49 2257
33 50 3482
33 51 48
33 52 4148
33 53 5869
33 54 1093
33 55 2867
33 56 1711
33 57 3729
33 58 2920
33 59 3774
33 60 7318
33 61 990
33 62 3995
33 63 5210
33 64 4689
33 65 5870
33 66 1985
33 67 3139
33 68 3634
33 69 7261
33 70 4663
34 1 448
34 2 4176
34 3 283
34 4 4763
34 5 994
34 6 7107
34 7 1355
34 8 2979
34 9 3933
34 10 4626
34 11 2786
34 12 6694
34 13 2140
34 14 6943
34 15 967
34 16 2405
34 17 2867
34 18 2859
34 19 3260
34 20 634
34 21 5329
34 22 1459
34 23 6510
34 24 1338
34 25 876
34 26 7454
34 27 3842
34 28 6613
34 29 2512
34 30 6521
34 31 628
34 32 6633
34 33 519
34 35 73
34 36 4556
34 37 234
34 38 4959
34 39 4481
34 40 4549
34 41 2685
34 42 3666
34 43 5873
34 44 1190
34 45 2381
34 46 2380
34 47 5840
34 48 3227
34 49 2172
34 50 1135
34 51 4822
34 52 1266
34 53 4133
34 54 2664
34 55 3125
34 56 4490
34 57 965
34 58 387
34 59 1024
34 60 52
34 61 6790
34 62 1417
34 63 7009
34 64 4394
34 65 7474
34 66 2666
34 67 1801
34 68 1995
34 69 2541
34 70 2149
35 1 24
35 2 6074
35 3 5310
35 4 1247
35 5 6206
35 6 2912
35 7 4471
35 8 3921
35 9 2130
35 10 2623
35 11 7264
35 12 280
35 13 5791
35 14 7352
35 15 5222
35 16 7063
35 17 2646
35 18 5798
35 19 4149
35 20 1765
35 21 5667
35 22 2360
35 23 5053
35 24 6516
35 25 1263
35 26 1560
35 27 1195
35 28 1847
35 29 4803
35 30 12
35 31 3499
35 32 2799
35 33 871
35 34 370
35 36 1903
35 37 817
35 38 6135
35 39 372
35 40 7432
35 41 5205
35 42 4049
35 43 6228
35 44 6912
35 45 4204
35 46 4351
35 47 6663
35 48 1820
35 49 5677
35 50 4668
35 51 1109
35 52 1045
35 53 4484
35 54 2184
35 55 3488
35 56 7470
35 57 567
35 58 4053
35 59 4185
35 60 6825
35 61 3531
35 62 5356
35 63 5535
35 64 6078
35 65 3404
35 66 7396
35 67 4397
35 68 7485
35 69 2007
35 70 1250
36 1 3718
36 2 4640
36 3 7336
36 4 3508
36 5 7216
36 6 688
36 7 1132
36 8 1841
36 9 5846
36 10 1226
36 11 4744
36 12 1478
36 13 1445
36 14 2760
36 15 1556
36 16 1473
36 17 1830
36 18 6858
36 19 2051
36 20 3568
36 21 7339
36 22 6563
36 23 2731
36 24 3913
36 25 193
36 26 502
36 27 5413
36 28 1830
36 29 1795
36 30 1111
36 31 340
36 32 1652
36 33 1695
36 34 4209
36 35 6177
36 37 236
36 38 828
36 39 4614
36 40 7425
36 41 739
36 42 2884
36 43 1244
36 44 1689
36 45 434
36 46 614
36 47 4202
36 48 2148
36 49 78
36 50 100
36 51 1333
36 52 3527
36 53 898
36 54 2572
36 55 6796
36 56 3074
36 57 2433
36 58 3169
36 59 1282
36 60 6900
36 61 7467
36 62 2794
36 63 5052
36 64 4654
36 65 1597
36 66 4578
36 67 6820
36 68 698
36 69 6356
36 70 6966
37 1 6548
37 2 4338
37 3 3624
37 4 6483
37 5 2583
37 6 3689
37 7 3367
37 8 6896
37 9 2359
37 10 6091
37 11 274
37 12 422
37 13 7022
37 14 3276
37 15 4561
37 16 4287
37 17 2435
37 18 3987
37 19 6289
37 20 4199
37 21 6201
37 22 5633
37 23 4672
37 24 5664
37 25 22
37 26 4195
37 27 4856
37 28 1797
37 29 3517
37 30 3555
37 31 1477
37 32 2165
37 33 5461
37 34 4075
37 35 3656
37 36 3086
37 38 2592
37 39 193
37 40 3503
37 41 5863
37 42 2535
37 43 5097
37 44 5987
37 45 129
37 46 2727
37 47 3989
37 48 1060
37 49 3617
37 50 4063
37 51 7327
37 52 3799
37 53 2032
37 54 307
37 55 2444
37 56 1907
37 57 2164
37 58 4191
37 59 3851
37 60 4870
37 61 4569
37 62 406
37 63 3747
37 64 1230
37 65 2535
37 66 4313
37 67 6469
37 68 4079
37 69 1246
37 70 331
38 1 2809
38 2 6031
38 3 2112
38 4 5809
38 5 5357
38 6 6822
38 7 5523
38 8 38
38 9 5932
38 10 2485
38 11 6597
38 12 4096
38 13 1169
38 14 2974
38 15 591
38 16 3846
38 17 437
38 18 6475
38 19 4500
38 20 3860
38 21 909
38 22 754
38 23 4273
38 24 774
38 25 6271
38 26 5113
38 27 6192
38 28 6500
38 29 6470
38 30 4042
38 31 6688
38 32 6258
38 33 350
38 34 449
38 35 3561
38 36 5684
38 37 660
38 39 7060
38 40 1955
38 41 6319
38 42 5117
38 43 3757
38 44 1784
38 45 5104
38 46 6145
38 47 7126
38 48 5680
38 49 2115
38 50 884
38 51 1012
38 52 2129
38 53 618
38 54 2483
38 55 2564
38 56 6412
38 57 1589
38 58 6110
38 59 22
38 60 3819
38 61 1509
38 62 2499
38 63 5018
38 64 2676
38 65 5123
38 66 4098
38 67 4310
38 68 4414
38 69 4381
38 70 2032
39 1 6318
39 2 3427
39 3 4254
39 4 2013
39 5 1779
39 6 5727
39 7 7005
39 8 4759
39 9 3056
39 10 1559
39 11 3389
39 12 4000
39 13 2861
39 14 1247
39 15 2437
39 16 6114
39 17 4848
39 18 7492
39 19 1302
39 20 6701
39 21 2035
39 22 5286
39 23 5797
39 24 1023
39 25 7405
39 26 1391
39 27 1805
39 28 6807
39 29 972
39 30 4636
39 31 7418
39 32 2903
39 33 711
39 34 3580
39 35 7223
39 36 6517
39 37 1986
39 38 4750
39 40 4347
39 41 7039
39 42 5408
39 43 2156
39 44 1138
39 45 1071
39 46 1371
39 47 4223
39 48 1522
39 49 912
39 50 17
39 51 4284
39 52 5717
39 53 3289
39 54 1297
39 55 3514
39 56 4688
39 57 6197
39 58 1153
39 59 2170
39 60 308
39 61 4370
39 62 7054
39 63 1989
39 64 3120
39 65 1621
39 66 2926
39 67 1783
39 68 787
39 69 6134
39 70 3895
40 1 602
40 2 6224
40 3 1930
40 4 7204
40 5 3878
40 6 2873
40 7 2419
40 8 6363
40 9 1542
40 10 2049
40 11 4817
40 12 5620
40 13 4236
40 14 4671
40 15 1768
40 16 4699
40 17 6962
40 18 4040
40 19 137
40 20 1411
40 21 1052
40 22 513
40 23 3115
40 24 990
40 25 802
40 26 1144
40 27 1000
40 28 6340
40 29 1802
40 30 6572
40 31 1035
40 32 4162
40 33 2503
40 34 6214
40 35 5350
40 36 5168
40 37 572
40 38 782
40 39 3139
40 41 3134
40 42 4681
40 43 6666
40 44 1491
40 45 6598
40 46 6528
40 47 4037
40 48 4580
40 49 6368
40 50 652
40 51 864
40 52 1400
40 53 6221
40 54 6185
40 55 7264
40 56 3207
40 57 2000
40 58 4479
40 59 7081
40 60 6860
40 61 675
40 62 3198
40 63 5106
40 64 1379
40 65 3190
40 66 5384
40 67 6702
40 68 6069
40 69 3337
40 70 5670
41 1 1909
41 2 831
41 3 1093
41 4 413
41 5 2510
41 6 4001
41 7 1773
41 8 3394
41 9 4822
41 10 2040
41 11 1449
41 12 4926
41 13 6101
41 14 110
41 15 6618
41 16 5308
41 17 2208
41 18 5779
41 19 5277
41 20 6215
41 21 1153
41 22 4792
41 23 5978
41 24 2477
41 25 591
41 26 7038
41 27 1406
41 28 1996
41 29 6957
41 30 264
41 31 1964
41 32 1365
41 33 1844
41 34 1364
41 35 5529
41 36 688
41 37 516
41 38 6615
41 39 650
41 40 244
41 42 2803
41 43 4686
41 44 46
41 45 6178
41 46 5945
41 47 6453
41 48 6354
41 49 6315
41 50 5685
41 51 7399
41 52 6023
41 53 2178
41 54 6257
41 55 227
41 56 7085
41 57 3787
41 58 2766
41 59 938
41 60 1066
41 61 5806
41 62 4625
41 63 5076
41 64 2419
41 65 387
41 66 5695
41 67 4943
41 68 6596
41 69 1128
41 70 5419
42 1 3799
42 2 7475
42 3 5625
42 4 7441
42 5 2313
42 6 4336
42 7 2249
42 8 6759
42 9 3286
42 10 7341
42 11 6993
42 12 2264
42 13 4964
42 14 5084
42 15 2723
42 16 1226
42 17 828
42 18 752
42 19 4630
42 20 6090
42 21 1191
42 22 574
42 23 5096
42 24 6811
42 25 5880
42 26 5319
42 27 5142
42 28 1180
42 29 6155
42 30 6684
42 31 2845
42 32 1431
42 33 7274
42 34 1479
42 35 13
42 36 5562
42 37 940
42 38 3311
42 39 4561
42 40 1531
42 41 3500
42 43 622
42 44 6013
42 45 4841
42 46 7420
42 47 3621
42 48 2023
42 49 481
42 50 3124
42 51 5835
42 52 6252
42 53 6242
42 54 1482
42 55 6994
42 56 7493
42 57 2353
42 58 7063
42 59 5619
42 60 4789
42 61 4514
42 62 3224
42 63 5060
42 64 5714
42 65 5224
42 66 5280
42 67 824
42 68 768
42 69 460
42 70 3515
43 1 4880
43 2 893
43 3 6794
43 4 2872
43 5 7022
43 6 5131
43 7 4274
43 8 3251
43 9 5595
43 10 4903
43 11 3497
43 12 784
43 13 878
43 14 3038
43 15 3530
43 16 4938
43 17 6617
43 18 6766
43 19 6797
43 20 6449
43 21 230
43 22 5133
43 23 2807
43 24 6211
43 25 1862
43 26 6526
43 27 7268
43 28 5433
43 29 6615
43 30 7427
43 31 5576
43 32 5761
43 33 1265
43 34 4614
43 35 6452
43 36 5595
43 37 5854
43 38 4471
43 39 7278
43 40 258
43 41 970
43 42 3305
43 44 4138
43 45 444
43 46 6273
43 47 5534
43 48 6296
43 49 3281
43 50 1402
43 51 4021
43 52 6431
43 53 3852
43 54 5094
43 55 4718
43 56 2918
43 57 7035
43 58 893
43 59 113
43 60 1321
43 61 5197
43 62 6640
43 63 4072
43 64 5347
43 65 7123
43 66 2461
43 67 4419
43 68 1303
43 69 5047
43 70 5610
44 1 7021
44 2 3752
44 3 3057
44 4 5183
44 5 2902
44 6 6378
44 7 2966
44 8 7397
44 9 230
44 10 675
44 11 297
44 12 206
44 13 6192
44 14 726
44 15 5464
44 16 4498
44 17 3363
44 18 1770
44 19 2769
44 20 870
44 21 6840
44 22 916
44 23 7072
44 24 1490
44 25 4869
44 26 2940
44 27 5833
44 28 3063
44 29 174
44 30 534
44 31 3342
44 32 306
44 33 4655
44 34 1044
44 35 5119
44 36 7391
44 37 3963
44 38 13
44 39 7161
44 40 6947
44 41 608
44 42 1339
44 43 2943
44 45 4943
44 46 1811
44 47 124
44 48 5808
44 49 378
44 50 1257
44 51 2030
44 52 4157
44 53 1995
44 54 820
44 55 3695
44 56 6164
44 57 6620
44 58 6645
44 59 3505
44 60 7383
44 61 822
44 62 3297
44 63 4536
44 64 1332
44 65 2398
44 66 6811
44 67 4194
44 68 330
44 69 6246
44 70 1169
45 1 7368
45 2 2479
45 3 2294
45 4 7123
45 5 1633
45 6 3113
45 7 1168
45 8 2973
45 9 3063
45 10 2369
45 11 1377
45 12 6602
45 13 7199
45 14 6327
45 15 2283
45 16 1726
45 17 2575
45 18 4020
45 19 4582
45 20 6468
45 21 167
45 22 7094
45 23 4488
45 24 2782
45 25 7148
45 26 1989
45 27 1120
45 28 6921
45 29 2857
45 30 2529
45 31 5640
45 32 5117
45 33 5911
45 34 494
45 35 2328
45 36 1682
45 37 2432
45 38 1112
45 39 2091
45 40 4409
45 41 6865
45 42 5327
45 43 6373
45 44 7434
45 46 4457
45 47 5574
45 48 1006
45 49 4092
45 50 4145
45 51 4340
45 52 4850
45 53 7222
45 54 833
45 55 6729
45 56 637
45 57 6922
45 58 930
45 59 7390
45 60 6573
45 61 7275
45 62 1849
45 63 5249
45 64 6696
45 65 4348
45 66 5072
45 67 390
45 68 5298
45 69 5401
45 70 4425
46 1 2774
46 2 4224
46 3 404
46 4 3978
46 5 5732
46 6 2426
46 7 2151
46 8 2964
46 9 472
46 10 6160
46 11 1820
46 12 5101
46 13 2549
46 14 1378
46 15 1221
46 16 1139
46 17 5091
46 18 4663
46 19 2909
46 20 242
46 21 5018
46 22 6782
46 23 3392
46 24 7116
46 25 4497
46 26 3197
46 27 5462
46 28 5700
46 29 5717
46 30 5683
46 31 6986
46 32 6180
46 33 1817
46 34 3590
46 35 2773
46 36 946
46 37 5627
46 38 1583
46 39 6511
46 40 2502
46 41 5540
46 42 1795
46 43 2237
46 44 5783
46 45 1998
46 47 5099
46 48 2173
46 49 2253
46 50 3860
46 51 3583
46 52 4391
46 53 6622
46 54 1993
46 55 1849
46 56 3372
46 57 875
46 58 6884
46 59 3906
46 60 2098
46 61 2097
46 62 3527
46 63 874
46 64 1284
46 65 3448
46 66 3328
46 67 3516
46 68 2492
46 69 2824
46 70 670
47 1 1954
47 2 4258
47 3 4456
47 4 3666
47 5 5219
47 6 4467
47 7 6398
47 8 2630
47 9 2770
47 10 4211
47 11 2125
47 12 6810
47 13 3947
47 14 2928
47 15 5328
47 16 5192
47 17 3012
47 18 3247
47 19 694
47 20 4270
47 21 301
47 22 1807
47 23 4224
47 24 4305
47 25 5709
47 26 7335
47 27 5192
47 28 109
47 29 6281
47 30 4747
47 31 4133
47 32 2426
47 33 3661
47 34 2845
47 35 6413
47 36 6477
47 37 6694
47 38 2604
47 39 406
47 40 2033
47 41 4461
47 42 3077
47 43 5600
47 44 3475
47 45 3345
47 46 2855
47 48 5247
47 49 7193
47 50 477
47 51 1767
47 52 3482
47 53 2750
47 54 3299
47 55 4370
47 56 4418
47 57 84
47 58 1479
47 59 804
47 60 6597
47 61 1429
47 62 2088
47 63 4892
47 64 1318
47 65 4270
47 66 4055
47 67 7427
47 68 2411
47 69 206
47 70 3831
48 1 6982
48 2 3473
48 3 3725
48 4 5191
48 5 59
48 6 4960
48 7 1061
48 8 7097
48 9 421
48 10 2117
48 11 878
48 12 6870
48 13 7091
48 14 3449
48 15 5314
48 16 5204
48 17 7495
48 18 2604
48 19 5658
48 20 1441
48 21 4232
48 22 3311
48 23 6838
48 24 6989
48 25 3280
48 26 1986
48 27 4125
48 28 5527
48 29 4842
48 30 3307
48 31 269
48 32 5639
48 33 441
48 34 5545
48 35 5150
48 36 6254
48 37 2789
48 38 4322
48 39 7185
48 40 4327
48 41 470
48 42 7462
48 43 3928
48 44 4708
48 45 1022
48 46 3646
48 47 6811
48 49 7355
48 50 3866
48 51 2702
48 52 31
48 53 5631
48 54 3683
48 55 7049
48 56 5850
48 57 2627
48 58 6768
48 59 3595
48 60 3780
48 61 4491
48 62 1336
48 63 2355
48 64 3195
48 65 6841
48 66 2796
48 67 5839
48 68 6229
48 69 2480
48 70 2280
49 1 5294
49 2 5488
49 3 847
49 4 1849
49 5 2666
49 6 621
49 7 6740
49 8 6382
49 9 1902
49 10 3874
49 11 5754
49 12 4792
49 13 2625
49 14 21
49 15 4462
49 16 5872
49 17 5091
49 18 5896
49 19 6459
49 20 1382
49 21 5219
49 22 2403
49 23 3209
49 24 935
49 25 2653
49 26 7489
49 27 1362
49 28 3920
49 29 3979
49 30 7500
49 31 2134
49 32 3727
49 33 1916
49 34 3511
49 35 6457
49 36 3775
49 37 5128
49 38 471
49 39 1041
49 40 251
49 41 1717
49 42 6368
49 43 2928
49 44 5346
49 45 4877
49 46 6314
49 47 6535
49 48 307
49 50 1368
49 51 3958
49 52 4001
49 53 1525
49 54 4718
49 55 1389
49 56 3822
49 57 6841
49 58 6289
49 59 4398
49 60 1983
49 61 5764
49 62 4175
49 63 1833
49 64 2807
49 65 2178
49 66 7451
49 67 5363
49 68 6307
49 69 5756
49 70 855
50 1 4175
50 2 3424
50 3 945
50 4 2401
50 5 1212
50 6 4155
50 7 7275
50 8 6715
50 9 2116
50 10 5938
50 11 6078
50 12 3502
50 13 6418
50 14 294
50 15 358
50 16 1444
50 17 1795
50 18 2294
50 19 2154
50 20 266
50 21 790
50 22 2643
50 23 3366
50 24 5569
50 25 6646
50 26 1100
50 27 1553
50 28 4947
50 29 645
50 30 6696
50 31 4711
50 32 4339
50 33 3041
50 34 2538
50 35 727
50 36 4873
50 37 4415
50 38 544
50 39 5206
50 40 368
50 41 4643
50 42 7330
50 43 2323
50 44 5908
50 45 2670
50 46 3017
50 47 2331
50 48 5537
50 49 3314
50 51 6122
50 52 702
50 53 4122
50 54 5897
50 55 1787
50 56 5174
50 57 785
50 58 1604
50 59 2887
50 60 4270
50 61 6636
50 62 5185
50 63 3320
50 64 5789
50 65 4872
50 66 6813
50 67 3639
50 68 2519
50 69 5833
50 70 6527
51 1 4139
51 2 4141
51 3 2937
51 4 3307
51 5 6407
51 6 1771
51 7 5189
51 8 6259
51 9 6734
51 10 1793
51 11 1656
51 12 3663
51 13 6945
51 14 2112
51 15 4842
51 16 1433
51 17 4567
51 18 2538
51 19 1516
51 20 7368
51 21 5713
51 22 6254
51 23 4197
51 24 4984
51 25 5696
51 26 1067
51 27 5257
51 28 2716
51 29 1020
51 30 5931
51 31 1227
51 32 6771
51 33 2785
51 34 762
51 35 3744
51 36 1101
51 37 5578
51 38 202
51 39 933
51 40 5421
51 41 2091
51 42 2833
51 43 47
51 44 4551
51 45 5812
51 46 5247
51 47 4671
51 48 1809
51 49 1957
51 50 4355
51 52 2953
51 53 3426
51 54 7135
51 55 2092
51 56 3873
51 57 2529
51 58 2394
51 59 3965
51 60 4854
51 61 6082
51 62 2292
51 63 1228
51 64 1282
51 65 7129
51 66 6831
51 67 4146
51 68 7227
51 69 3887
51 70 3541
52 1 591
52 2 4484
52 3 533
52 4 5520
52 5 7441
52 6 1730
52 7 4432
52 8 2628
52 9 2058
52 10 667
52 11 6350
52 12 2638
52 13 2207
52 14 4447
52 15 3564
52 16 4375
52 17 553
52 18 2151
52 19 337
52 20 414
52 21 4965
52 22 6431
52 23 894
52 24 318
52 25 5397
52 26 926
52 27 1495
52 28 176
52 29 2829
52 30 3204
52 31 7452
52 32 2474
52 33 4959
52 34 3037
52 35 5381
52 36 3904
52 37 1900
52 38 6562
52 39 210
52 40 6141
52 41 4186
52 42 4529
52 43 3884
52 44 6758
52 45 6261
52 46 1219
52 47 3997
52 48 867
52 49 4328
52 50 707
52 51 3337
52 53 3190
52 54 2677
52 55 7237
52 56 655
52 57 1984
52 58 7056
52 59 4653
52 60 1238
52 61 3587
52 62 2116
52 63 103
52 64 2690
52 65 4666
52 66 4277
52 67 4873
52 68 6011
52 69 3318
52 70 5489
53 1 4092
53 2 5644
53 3 4191
53 4 4941
53 5 4093
53 6 1205
53 7 934
53 8 1845
53 9 5942
53 10 3693
53 11 1137
53 12 2547
53 13 7020
53 14 3254
53 15 7455
53 16 762
53 17 6539
53 18 817
53 19 1738
53 20 7063
53 21 3144
53 22 6675
53 23 3596
53 24 436
53 25 4009
53 26 3335
53 27 1989
53 28 2112
53 29 3201
53 30 3553
53 31 3497
53 32 965
53 33 5175
53 34 6416
53 35 5622
53 36 1420
53 37 6947
53 38 1151
53 39 2655
53 40 3895
53 41 1858
53 42 6789
53 43 5746
53 44 1512
53 45 6719
53 46 287
53 47 195
53 48 7145
53 49 395
53 50 313
53 51 5541
53 52 2594
53 54 3025
53 55 675
53 56 1896
53 57 621
53 58 832
53 59 6038
53 60 1372
53 61 6458
53 62 1109
53 63 2070
53 64 1678
53 65 4725
53 66 4492
53 67 3200
53 68 6809
53 69 258
53 70 2024
54 1 39
54 2 4260
54 3 1504
54 4 6120
54 5 7499
54 6 1318
54 7 5351
54 8 3515
54 9 2678
54 10 4771
54 11 1826
54 12 3939
54 13 1816
54 14 1300
54 15 4043
54 16 4449
54 17 4263
54 18 4006
54 19 4354
54 20 1235
54 21 1850
54 22 1382
54 23 5409
54 24 197
54 25 6054
54 26 3590
54 27 1073
54 28 2185
54 29 208
54 30 6342
54 31 6354
54 32 4727
54 33 6917
54 34 5777
54 35 2930
54 36 6351
54 37 5812
54 38 1568
54 39 1039
54 40 3635
54 41 6214
54 42 3845
54 43 7415
54 44 4479
54 45 942
54 46 5425
54 47 6715
54 48 6859
54 49 2979
54 50 5742
54 51 3360
54 52 1146
54 53 391
54 55 7362
54 56 4127
54 57 6996
54 58 1769
54 59 2683
54 60 4807
54 61 6706
54 62 6246
54 63 5524
54 64 4544
54 65 2683
54 66 3086
54 67 5062
54 68 2049
54 69 53
54 70 5262
55 1 5129
55 2 1718
55 3 5896
55 4 7033
55 5 1684
55 6 3210
55 7 733
55 8 3178
55 9 5551
55 10 4124
55 11 4206
55 12 2952
55 13 7154
55 14 3351
55 15 2741
55 16 5951
55 17 4960
55 18 1694
55 19 6325
55 20 1488
55 21 2419
55 22 4511
55 23 826
55 24 267
55 25 4331
55 26 7140
55 27 1570
55 28 1251
55 29 4812
55 30 3551
55 31 2428
55 32 3458
55 33 2060
55 34 5160
55 35 6351
55 36 7287
55 37 2477
55 38 3839
55 39 6546
55 40 2738
55 41 5966
55 42 4709
55 43 2326
55 44 3366
55 45 1452
55 46 435
55 47 6225
55 48 5279
55 49 4856
55 50 6335
55 51 7184
55 52 1071
55 53 4709
55 54 2644
55 56 4367
55 57 927
55 58 714
55 59 7161
55 60 2060
55 61 2215
55 62 1851
55 63 6712
55 64 5321
55 65 4730
55 66 6856
55 67 5397
55 68 1714
55 69 2909
55 70 4907
56 1 3784
56 2 5543
56 3 3487
56 4 834
56 5 6258
56 6 2885
56 7 6185
56 8 3710
56 9 3837
56 10 3530
56 11 2589
56 12 3702
56 13 1191
56 14 2914
56 15 5526
56 16 5831
56 17 3468
56 18 6892
56 19 4566
56 20 6834
56 21 7046
56 22 1826
56 23 3216
56 24 1659
56 25 4862
56 26 5766
56 27 5955
56 28 3870
56 29 6515
56 30 313
56 31 826
56 32 6413
56 33 7350
56 34 6045
56 35 6524
56 36 1706
56 37 5478
56 38 1322
56 39 5831
56 40 2235
56 41 1035
56 42 6835
56 43 3671
56 44 6080
56 45 3187
56 46 4476
56 47 6854
56 48 7459
56 49 1849
56 50 2846
56 51 6214
56 52 1986
56 53 4888
56 54 6300
56 55 3284
56 57 6481
56 58 4769
56 59 2211
56 60 3133
56 61 4957
56 62 4406
56 63 1237
56 64 6636
56 65 4052
56 66 7048
56 67 4720
56 68 4913
56 69 905
56 70 3559
57 1 7109
57 2 2782
57 3 57
57 4 5444
57 5 50
57 6 2672
57 7 2538
57 8 7127
57 9 895
57 10 1728
57 11 459
57 12 184
57 13 5059
57 14 4552
57 15 6509
57 16 7111
57 17 1430
57 18 1974
57 19 4272
57 20 4684
57 21 3320
57 22 5824
57 23 3035
57 24 3109
57 25 4980
57 26 6004
57 27 5601
57 28 4476
57 29 4773
57 30 5930
57 31 5477
57 32 6737
57 33 509
57 34 4265
57 35 4081
57 36 2288
57 37 2664
57 38 3161
57 39 2442
57 40 1042
57 41 3714
57 42 2977
57 43 4993
57 44 3348
57 45 2905
57 46 2328
57 47 696
57 48 2489
57 49 1287
57 50 3904
57 51 4863
57 52 7071
57 53 5832
57 54 6396
57 55 2128
57 56 603
57 58 348
57 59 5531
57 60 7336
57 61 6530
57 62 4363
57 63 5513
57 64 134
57 65 6102
57 66 674
57 67 1449
57 68 6467
57 69 1058
57 70 6196
58 1 2779
58 2 3710
58 3 3019
58 4 5152
58 5 6507
58 6 7085
58 7 6308
58 8 2247
58 9 3796
58 10 7031
58 11 2816
58 12 2398
58 13 4404
58 14 4228
58 15 797
58 16 7143
58 17 3890
58 18 5647
58 19 2223
58 20 2771
58 21 1062
58 22 699
58 23 567
58 24 3962
58 25 3489
58 26 5689
58 27 4443
58 28 4513
58 29 5009
58 30 3474
58 31 2256
58 32 1719
58 33 6270
58 34 1838
58 35 4344
58 36 3906
58 37 3852
58 38 5718
58 39 6327
58 40 3273
58 41 3917
58 42 4572
58 43 3160
58 44 6307
58 45 1941
58 46 2795
58 47 1186
58 48 6707
58 49 7326
58 50 2342
58 51 6978
58 52 5577
58 53 4904
58 54 2766
58 55 3462
58 56 7305
58 57 5631
58 59 2339
58 60 7429
58 61 1152
58 62 5261
58 63 7085
58 64 5162
58 65 406
58 66 95
58 67 5603
58 68 7262
58 69 3053
58 70 514
59 1 2699
59 2 7318
59 3 2591
59 4 4715
59 5 1474
59 6 6255
59 7 3898
59 8 5651
59 9 1151
59 10 4845
59 11 3394
59 12 5851
59 13 6487
59 14 6099
59 15 4574
59 16 3703
59 17 5664
59 18 4366
59 19 5773
59 20 716
59 21 1783
59 22 7098
59 23 7143
59 24 7102
59 25 4357
59 26 5168
59 27 3070
59 28 3250
59 29 3954
59 30 2515
59 31 4724
59 32 2742
59 33 4609
59 34 2888
59 35 4481
59 36 48
59 37 2472
59 38 1830
59 39 177
59 40 4562
59 41 7106
59 42 6048
59 43 1664
59 44 6350
59 45 6757
59 46 4840
59 47 3470
59 48 1974
59 49 5685
59 50 978
59 51 6898
59 52 1884
59 53 7221
59 54 7029
59 55 5815
59 56 3291
59 57 4467
59 58 807
59 60 4599
59 61 84
59 62 244
59 63 6165
59 64 1294
59 65 3238
59 66 4355
59 67 1229
59 68 3231
59 69 6183
59 70 6124
60 1 4447
60 2 5357
60 3 45
60 4 4058
60 5 224
60 6 1207
60 7 6837
60 8 7197
60 9 839
60 10 6776
60 11 3645
60 12 20
60 13 5027
60 14 5118
60 15 3742
60 16 2264
60 17 1227
60 18 3661
60 19 1039
60 20 7262
60 21 7105
60 22 5522
60 23 1075
60 24 6339
60 25 1487
60 26 3449
60 27 3654
60 28 5462
60 29 7068
60 30 3541
60 31 7328
60 32 7422
60 33 353
60 34 3441
60 35 3686
60 36 306
60 37 128
60 38 739
60 39 2680
60 40 1613
60 41 1102
60 42 5910
60 43 7305
60 44 3454
60 45 2023
60 46 289
60 47 5702
60 48 4495
60 49 4432
60 50 5648
60 51 6871
60 52 5306
60 53 2242
60 54 5285
60 55 5549
60 56 5847
60 57 3601
60 58 4100
60 59 5738
60 61 3633
60 62 7357
60 63 3161
60 64 876
60 65 621
60 66 4130
60 67 7481
60 68 5890
60 69 2731
60 70 7077
61 1 1218
61 2 36
61 3 1545
61 4 3931
61 5 418
61 6 2164
61 7 676
61 8 2731
61 9 1196
61 10 295
61 11 314
61 12 5746
61 13 2459
61 14 2308
61 15 825
61 16 6899
61 17 2328
61 18 6226
61 19 5571
61 20 3186
61 21 4419
61 22 1219
61 23 1937
61 24 1722
61 25 4015
61 26 1524
61 27 4614
61 28 503
61 29 5183
61 30 7327
61 31 4494
61 32 6290
61 33 3395
61 34 2363
61 35 1799
61 36 2171
61 37 7076
61 38 3106
61 39 2521
61 40 838
61 41 2388
61 42 4609
61 43 706
61 44 5427
61 45 5025
61 46 6294
61 47 6026
61 48 5949
61 49 3102
61 50 3586
61 51 1490
61 52 5548
61 53 6250
61 54 6438
61 55 3931
61 56 5230
61 57 4403
61 58 1754
61 59 7063
61 60 6506
61 62 3815
61 63 6591
61 64 839
61 65 6647
61 66 6622
61 67 1739
61 68 4178
61 69 6567
61 70 5208
62 1 3541
62 2 1241
62 3 6557
62 4 2232
62 5 5642
62 6 3064
62 7 2361
62 8 7144
62 9 7130
62 10 7167
62 11 2031
62 12 4084
62 13 2791
62 14 5389
62 15 858
62 16 3813
62 17 2127
62 18 648
62 19 3151
62 20 1350
62 21 6995
62 22 6160
62 23 5504
62 24 1769
62 25 6833
62 26 1084
62 27 5068
62 28 3630
62 29 631
62 30 7177
62 31 3905
62 32 3264
62 33 766
62 34 6172
62 35 4872
62 36 7486
62 37 4280
62 38 5657
62 39 2865
62 40 7266
62 41 367
62 42 679
62 43 4954
62 44 6493
62 45 1822
62 46 273
62 47 4464
62 48 6195
62 49 351
62 50 7045
62 51 270
62 52 2465
62 53 740
62 54 1024
62 55 6997
62 56 7135
62 57 132
62 58 1803
62 59 6984
62 60 7180
62 61 4597
62 63 5450
62 64 1889
62 65 2249
62 66 4852
62 67 3074
62 68 470
62 69 6026
62 70 1574
63 1 1537
63 2 4822
63 3 5479
63 4 2147
63 5 3334
63 6 4682
63 7 411
63 8 3919
63 9 7000
63 10 775
63 11 4407
63 12 16
63 13 4638
63 14 910
63 15 4938
63 16 1597
63 17 6450
63 18 6890
63 19 2105
63 20 5608
63 21 7338
63 22 1064
63 23 4937
63 24 5801
63 25 4926
63 26 5823
63 27 1514
63 28 1510
63 29 2088
63 30 6780
63 31 4853
63 32 3497
63 33 5055
63 34 1664
63 35 3091
63 36 4703
63 37 3093
63 38 5788
63 39 3015
63 40 2291
63 41 5173
63 42 3266
63 43 5136
63 44 5278
63 45 753
63 46 4867
63 47 6995
63 48 1553
63 49 1674
63 50 478
63 51 6066
63 52 3889
63 53 2189
63 54 6696
63 55 6405
63 56 746
63 57 7361
63 58 1347
63 59 4191
63 60 3065
63 61 5754
63 62 4140
63 64 718
63 65 577
63 66 175
63 67 189
63 68 5110
63 69 629
63 70 402
64 1 4647
64 2 4412
64 3 681
64 4 3278
64 5 2969
64 6 6283
64 7 6184
64 8 5462
64 9 121
64 10 1346
64 11 6935
64 12 1424
64 13 2194
64 14 6550
64 15 5724
64 16 4602
64 17 5011
64 18 4690
64 19 1254
64 20 3730
64 21 4739
64 22 2963
64 23 1905
64 24 4035
64 25 3380
64 26 4234
64 27 6326
64 28 1899
64 29 4338
64 30 5387
64 31 7035
64 32 6497
64 33 4572
64 34 567
64 35 1945
64 36 5834
64 37 376
64 38 5413
64 39 3752
64 40 3881
64 41 4313
64 42 5172
64 43 3270
64 44 2205
64 45 6397
64 46 2530
64 47 2060
64 48 4118
64 49 3073
64 50 1383
64 51 1420
64 52 2414
64 53 2678
64 54 4637
64 55 842
64 56 161
64 57 5318
64 58 5524
64 59 4556
64 60 7170
64 61 2463
64 62 6878
64 63 7308
64 65 2662
64 66 2912
64 67 7379
64 68 1248
64 69 6856
64 70 5288
65 1 636
65 2 2424
65 3 6089
65 4 211
65 5 134
65 6 4878
65 7 698
65 8 5456
65 9 2987
65 10 5359
65 11 4937
65 12 6019
65 13 2613
65 14 4809
65 15 3169
65 16 5645
65 17 5541
65 18 3503
65 19 4375
65 20 460
65 21 1419
65 22 5051
65 23 2116
65 24 589
65 25 6393
65 26 5910
65 27 3771
65 28 1243
65 29 3697
65 30 2206
65 31 2616
65 32 1296
65 33 2728
65 34 3127
65 35 3394
65 36 1100
65 37 7001
65 38 2073
65 39 514
65 40 4208
65 41 6139
65 42 380
65 43 469
65 44 4364
65 45 6957
65 46 3663
65 47 1417
65 48 4053
65 49 4339
65 50 3059
65 51 3000
65 52 19
65 53 2994
65 54 223
65 55 3219
65 56 4953
65 57 5512
65 58 2386
65 59 4961
65 60 6285
65 61 4618
65 62 379
65 63 6167
65 64 985
65 66 3969
65 67 427
65 68 29
65 69 1580
65 70 4701
66 1 5432
66 2 4543
66 3 1576
66 4 6088
66 5 4523
66 6 3743
66 7 4494
66 8 1750
66 9 6028
66 10 5948
66 11 135
66 12 4011
66 13 815
66 14 5551
66 15 2982
66 16 5758
66 17 2673
66 18 7396
66 19 5020
66 20 4516
66 21 4593
66 22 897
66 23 3947
66 24 1090
66 25 4985
66 26 533
66 27 6066
66 28 761
66 29 6401
66 30 7059
66 31 2993
66 32 444
66 33 18
66 34 2496
66 35 901
66 36 6818
66 37 2451
66 38 1287
66 39 4346
66 40 4891
66 41 7161
66 42 3208
66 43 7405
66 44 2230
66 45 1828
66 46 3441
66 47 1800
66 48 6424
66 49 835
66 50 3191
66 51 4322
66 52 1701
66 53 7154
66 54 7293
66 55 2678
66 56 4548
66 57 4488
66 58 4631
66 59 3825
66 60 2394
66 61 7318
66 62 6977
66 63 4345
66 64 610
66 65 3770
66 67 4940
66 68 787
66 69 4116
66 70 3455
67 1 6076
67 2 3250
67 3 5029
67 4 1403
67 5 5000
67 6 6566
67 7 6138
67 8 1252
67 9 3149
67 10 7223
67 11 1541
67 12 1561
67 13 4189
67 14 3854
67 15 1570
67 16 5217
67 17 2492
67 18 1190
67 19 130
67 20 777
67 21 3065
67 22 4925
67 23 266
67 24 5557
67 25 1090
67 26 1454
67 27 2016
67 28 3775
67 29 2339
67 30 5523
67 31 5298
67 32 630
67 33 2464
67 34 6318
67 35 7369
67 36 932
67 37 572
67 38 971
67 39 393
67 40 2591
67 41 7239
67 42 6658
67 43 1814
67 44 5414
67 45 2380
67 46 842
67 47 5173
67 48 4653
67 49 1263
67 50 2080
67 51 801
67 52 5488
67 53 4247
67 54 1958
67 55 7330
67 56 2096
67 57 4025
67 58 2010
67 59 5886
67 60 6799
67 61 5686
67 62 616
67 63 1748
67 64 3258
67 65 2788
67 66 4241
67 68 4830
67 69 6902
67 70 6921
68 1 1284
68 2 4125
68 3 291
68 4 6480
68 5 1430
68 6 4300
68 7 4427
68 8 5971
68 9 1022
68 10 7318
68 11 3158
68 12 2168
68 13 1316
68 14 6277
68 15 7074
68 16 1594
68 17 4067
68 18 315
68 19 6241
68 20 3498
68 21 1499
68 22 1080
68 23 7452
68 24 7312
68 25 5221
68 26 1257
68 27 4860
68 28 4459
68 29 7243
68 30 2591
68 31 7374
68 32 4633
68 33 6742
68 34 5012
68 35 3775
68 36 5017
68 37 231
68 38 5293
68 39 1270
68 40 2781
68 41 2598
68 42 4104
68 43 3837
68 44 4843
68 45 747
68 46 1211
68 47 4383
68 48 5945
68 49 4895
68 50 5487
68 51 7045
68 52 1353
68 53 5650
68 54 5080
68 55 7007
68 56 5310
68 57 5686
68 58 5069
68 59 6184
68 60 226
68 61 5446
68 62 1606
68 63 4938
68 64 2129
68 65 205
68 66 4497
68 67 6126
68 69 4198
68 70 4864
69 1 5289
69 2 6120
69 3 6471
69 4 6816
69 5 7251
69 6 6305
69 7 7039
69 8 4598
69 9 1295
69 10 466
69 11 3278
69 12 7210
69 13 6874
69 14 4161
69 15 6543
69 16 1839
69 17 6846
69 18 3407
69 19 2587
69 20 989
69 21 3158
69 22 2235
69 23 3376
69 24 4109
69 25 6053
69 26 1151
69 27 1156
69 28 117
69 29 7291
69 30 5194
69 31 6149
69 32 2105
69 33 7118
69 34 1542
69 35 1818
69 36 4180
69 37 5097
69 38 6588
69 39 10
69 40 1064
69 41 6580
69 42 3205
69 43 4939
69 44 4732
69 45 4620
69 46 1703
69 47 7107
69 48 237
69 49 2624
69 50 5307
69 51 345
69 52 5235
69 53 6694
69 54 425
69 55 585
69 56 7308
69 57 1468
69 58 7061
69 59 3489
69 60 3596
69 61 7246
69 62 841
69 63 3177
69 64 4354
69 65 2518
69 66 5192
69 67 4287
69 68 6191
69 70 533
70 1 5680
70 2 4533
70 3 4175
70 4 5343
70 5 3814
70 6 281
70 7 913
70 8 1044
70 9 4880
70 10 7202
70 11 5659
70 12 1436
70 13 1125
70 14 4152
70 15 1722
70 16 3995
70 17 5805
70 18 6751
70 19 4348
70 20 118
70 21 641
70 22 5683
70 23 6360
70 24 280
70 25 6683
70 26 4834
70 27 7257
70 28 5857
70 29 367
70 30 2246
70 31 4734
70 32 2960
70 33 1450
70 34 4270
70 35 485
70 36 1279
70 37 6147
70 38 2294
70 39 4109
70 40 5752
70 41 1677
70 42 1460
70 43 557
70 44 6546
70 45 5420
70 46 94
70 47 5641
70 48 3628
70 49 2009
70 50 6366
70 51 4396
70 52 6638
70 53 5722
70 54 2759
70 55 6969
70 56 2810
70 57 3525
70 58 512
70 59 2896
70 60 1716
70 61 5538
70 62 755
70 63 4972
70 64 1960
70 65 1453
70 66 1376
70 67 5549
70 68 298
70 69 6670
