70 4830
1 2 4084
1 3 7350
1 4 5390
1 5 5031
1 6 7215
1 7 3256
1 8 5371
1 9 6246
1 10 635
1 11 4837
1 12 3399
1 13 47
1 14 1471
1 15 4658
1 16 6622
1 17 6894
1 18 784
1 19 2907
1 20 1406
1 21 6760
1 22 3634
1 23 7387
1 24 1828
1 25 7095
1 26 6871
1 27 2534
1 28 1090
1 29 5273
1 30 1005
1 31 6816
1 32 5063
1 33 5177
1 34 5532
1 35 6357
1 36 4966
1 37 152
1 38 5013
1 39 4674
1 40 7053
1 41 2553
1 42 986
1 43 407
1 44 3348
1 45 3338
1 46 267
1 47 7174
1 48 2832
1 49 2766
1 50 204
1 51 998
1 52 4750
1 53 5150
1 54 1199
1 55 1093
1 56 2839
1 57 7000
1 58 6883
1 59 2996
1 60 1104
1 61 2822
1 62 5564
1 63 4843
1 64 1780
1 65 2326
1 66 6235
1 67 2968
1 68 3913
1 69 2385
1 70 4253
2 1 1425
2 3 7477
2 4 2298
2 5 1510
2 6 3945
2 7 2860
2 8 5116
2 9 685
2 10 494
2 11 1044
2 12 6871
2 13 1568
2 14 6899
2 15 944
2 16 190
2 17 2866
2 18 6662
2 19 5251
2 20 3867
2 21 6486
2 22 6125
2 23 2478
2 24 1515
2 25 5819
2 26 1273
2 27 7039
2 28 2209
2 29 1293
2 30 5653
2 31 1354
2 32 78
2 33 2673
2 34 3005
2 35 655
2 36 6704
2 37 384
2 38 3518
2 39 2500
2 40 3034
2 41 5203
2 42 7128
2 43 2939
2 44 6592
2 45 2197
2 46 2026
2 47 5025
2 48 2198
2 49 892
2 50 6384
2 51 2933
2 52 2380
2 53 6781
2 54 3065
2 55 3818
2 56 2764
2 57 3776
2 58 2223
2 59 1828
2 60 1263
2 61 6206
2 62 4083
2 63 5815
2 64 2104
2 65 7347
2 66 5047
2 67 5140
2 68 4211
2 69 32
2 70 2736
3 1 2235
3 2 4344
3 4 1197
3 5 7489
3 6 5589
3 7 3341
3 8 6440
3 9 4427
3 10 6561
3 11 2344
3 12 3243
3 13 2382
3 14 6881
3 15 3255
3 16 538
3 17 3031
3 18 7093
3 19 1085
3 20 7047
3 21 6631
3 22 4865
3 23 3910
3 24 1400
3 25 7477
3 26 3848
3 27 3221
3 28 3782
3 29 3961
3 30 4087
3 31 292
3 32 3281
3 33 2677
3 34 4762
3 35 2400
3 36 4581
3 37 60
3 38 5088
3 39 2632
3 40 4530
3 41 7051
3 42 1280
3 43 1056
3 44 5035
3 45 6657
3 46 6618
3 47 6310
3 48 2497
3 49 6180
3 50 1998
3 51 2242
3 52 3154
3 53 5043
3 54 1484
3 55 1104
3 56 737
3 57 6238
3 58 7203
3 59 3531
3 60 3065
3 61 4615
3 62 6514
3 63 4426
3 64 6907
3 65 2159
3 66 3899
3 67 1024
3 68 4463
3 69 398
3 70 6511
4 1 3897
4 2 1255
4 3 3922
4 5 2260
4 6 1155
4 7 4166
4 8 7049
4 9 867
4 10 690
4 11 1532
4 12 1375
4 13 1756
4 14 6096
4 15 6370
4 16 5953
4 17 1768
4 18 7166
4 19 7105
4 20 664
4 21 2303
4 22 3779
4 23 3004
4 24 2597
4 25 685
4 26 6231
4 27 5494
4 28 3835
4 29 4322
4 30 7042
4 31 893
4 32 5672
4 33 5991
4 34 3832
4 35 6683
4 36 3438
4 37 942
4 38 3363
4 39 6150
4 40 608
4 41 3662
4 42 5428
4 43 2659
4 44 946
4 45 1037
4 46 1513
4 47 2497
4 48 6907
4 49 2039
4 50 2079
4 51 932
4 52 2892
4 53 2470
4 54 6031
4 55 2864
4 56 6911
4 57 6525
4 58 1140
4 59 572
4 60 5579
4 61 6866
4 62 5321
4 63 1551
4 64 1023
4 65 1680
4 66 498
4 67 4011
4 68 7067
4 69 7142
4 70 3251
5 1 3284
5 2 7424
5 3 29
5 4 4979
5 6 210
5 7 2155
5 8 4393
5 9 559
5 10 3251
5 11 66
5 12 5015
5 13 2680
5 14 6448
5 15 7112
5 16 213
5 17 7248
5 18 5431
5 19 6460
5 20 2728
5 21 5566
5 22 4200
5 23 3948
5 24 4389
5 25 2299
5 26 2716
5 27 5899
5 28 669
5 29 4764
5 30 4759
5 31 4767
5 32 2578
5 33 7382
5 34 3324
5 35 162
5 36 5316
5 37 2022
5 38 6036
5 39 2941
5 40 411
5 41 6916
5 42 4926
5 43 1723
5 44 940
5 45 2239
5 46 1963
5 47 3548
5 48 1051
5 49 7120
5 50 57
5 51 29
5 52 3648
5 53 5247
5 54 557
5 55 3762
5 56 174
5 57 3323
5 58 2425
5 59 4192
5 60 5788
5 61 1435
5 62 759
5 63 7299
5 64 2018
5 65 6067
5 66 5881
5 67 3237
5 68 7411
5 69 3597
5 70 7159
6 1 5253
6 2 714
6 3 3446
6 4 4029
6 5 5411
6 7 1775
6 8 80
6 9 3145
6 10 552
6 11 3682
6 12 3151
6 13 5575
6 14 1441
6 15 5388
6 16 2044
6 17 5225
6 18 4619
6 19 6453
6 20 4772
6 21 4997
6 22 400
6 23 3710
6 24 4506
6 25 5752
6 26 7386
6 27 3416
6 28 1567
6 29 5864
6 30 140
6 31 7207
6 32 5178
6 33 3681
6 34 5686
6 35 4472
6 36 1456
6 37 5287
6 38 5081
6 39 3392
6 40 5469
6 41 1424
6 42 5690
6 43 2594
6 44 1690
6 45 4477
6 46 2133
6 47 2031
6 48 2414
6 49 2357
6 50 4075
6 51 4119
6 52 5228
6 53 5439
6 54 4091
6 55 4785
6 56 7497
6 57 5671
6 58 498
6 59 667
6 60 4166
6 61 4584
6 62 7374
6 63 1661
6 64 1496
6 65 2315
6 66 537
6 67 3874
6 68 4310
6 69 2322
6 70 5270
7 1 3582
7 2 776
7 3 3962
7 4 1941
7 5 2082
7 6 6321
7 8 2614
7 9 2447
7 10 3528
7 11 4094
7 12 6901
7 13 1643
7 14 7229
7 15 4898
7 16 3721
7 17 6465
7 18 441
7 19 4235
7 20 7417
7 21 1055
7 22 1903
7 23 6085
7 24 6889
7 25 169
7 26 1438
7 27 5551
7 28 3949
7 29 7297
7 30 5121
7 31 3866
7 32 5157
7 33 3199
7 34 1154
7 35 4281
7 36 3948
7 37 5013
7 38 6373
7 39 96
7 40 2249
7 41 834
7 42 98
7 43 365
7 44 7395
7 45 5272
7 46 4631
7 47 155
7 48 4021
7 49 2009
7 50 5517
7 51 4375
7 52 5660
7 53 6008
7 54 1337
7 55 6599
7 56 4639
7 57 117
7 58 2855
7 59 2539
7 60 1156
7 61 6816
7 62 1211
7 63 1111
7 64 2990
7 65 1489
7 66 6970
7 67 1017
7 68 5339
7 69 2756
7 70 2317
8 1 4828
8 2 2353
8 3 1533
8 4 5412
8 5 5125
8 6 130
8 7 5464
8 9 7240
8 10 4880
8 11 3685
8 12 7436
8 13 4781
8 14 2026
8 15 5873
8 16 1269
8 17 7487
8 18 3904
8 19 6064
8 20 2852
8 21 3149
8 22 1955
8 23 6787
8 24 2875
8 25 571
8 26 3646
8 27 3704
8 28 3555
8 29 788
8 30 5844
8 31 5109
8 32 3270
8 33 4344
8 34 1893
8 35 2166
8 36 5108
8 37 188
8 38 497
8 39 5985
8 40 185
8 41 5986
8 42 4247
8 43 1669
8 44 3533
8 45 3528
8 46 3872
8 47 5068
8 48 5780
8 49 4211
8 50 1309
8 51 518
8 52 1740
8 53 3302
8 54 4217
8 55 1074
8 56 4107
8 57 4238
8 58 2359
8 59 2694
8 60 3508
8 61 4340
8 62 5874
8 63 1552
8 64 4774
8 65 4754
8 66 5682
8 67 7315
8 68 5912
8 69 4676
8 70 3296
9 1 306
9 2 6467
9 3 326
9 4 4720
9 5 3863
9 6 6143
9 7 3140
9 8 830
9 10 60
9 11 4457
9 12 3755
9 13 605
9 14 93
9 15 95
9 16 4152
9 17 4146
9 18 5944
9 19 4554
9 20 4184
9 21 196
9 22 143
9 23 3112
9 24 3534
9 25 111
9 26 1321
9 27 4571
9 28 4477
9 29 6479
9 30 1307
9 31 418
9 32 3914
9 33 7354
9 34 6603
9 35 5535
9 36 1721
9 37 3313
9 38 4780
9 39 4789
9 40 1532
9 41 7087
9 42 416
9 43 3847
9 44 4323
9 45 7036
9 46 912
9 47 4920
9 48 481
9 49 6960
9 50 7069
9 51 4555
9 52 6550
9 53 4836
9 54 6421
9 55 99
9 56 5838
9 57 7039
9 58 5453
9 59 4701
9 60 1871
9 61 4321
9 62 2320
9 63 1062
9 64 240
9 65 4574
9 66 3453
9 67 6606
9 68 165
9 69 1949
9 70 5515
10 1 3208
10 2 4777
10 3 3089
10 4 3004
10 5 6395
10 6 7290
10 7 5507
10 8 2014
10 9 6213
10 11 498
10 12 1109
10 13 1065
10 14 5184
10 15 5894
10 16 6988
10 17 2905
10 18 2716
10 19 3232
10 20 4314
10 21 687
10 22 3520
10 23 1022
10 24 4478
10 25 6758
10 26 1894
10 27 4852
10 28 4581
10 29 3595
10 30 3966
10 31 1898
10 32 6795
10 33 6901
10 34 5077
10 35 5466
10 36 1836
10 37 4624
10 38 7102
10 39 5561
10 40 2355
10 41 4783
10 42 5416
10 43 6615
10 44 2775
10 45 1056
10 46 3087
10 47 1544
10 48 7452
10 49 4293
10 50 2529
10 51 6384
10 52 5400
10 53 1211
10 54 959
10 55 7061
10 56 7183
10 57 4228
10 58 1592
10 59 5754
10 60 3094
10 61 4556
10 62 3315
10 63 3502
10 64 28
10 65 1705
10 66 677
10 67 3526
10 68 5759
10 69 5728
10 70 4576
11 1 5945
11 2 3222
11 3 883
11 4 5080
11 5 6646
11 6 3842
11 7 160
11 8 3796
11 9 3477
11 10 4244
11 12 5741
11 13 4528
11 14 5171
11 15 7293
11 16 1435
11 17 5943
11 18 1935
11 19 6577
11 20 815
11 21 5947
11 22 1650
11 23 4718
11 24 1043
11 25 3239
11 26 6642
11 27 263
11 28 1477
11 29 4266
11 30 2206
11 31 6944
11 32 4115
11 33 5492
11 34 1537
11 35 6092
11 36 5155
11 37 4802
11 38 6747
11 39 223
11 40 414
11 41 3568
11 42 7144
11 43 2237
11 44 6913
11 45 1512
11 46 579
11 47 35
11 48 5
11 49 649
11 50 875
11 51 1157
11 52 2247
11 53 6584
11 54 5986
11 55 4950
11 56 2509
11 57 7384
11 58 7248
11 59 2095
11 60 610
11 61 4041
11 62 2304
11 63 6463
11 64 3920
11 65 6453
11 66 1115
11 67 5254
11 68 1946
11 69 7038
11 70 1560
12 1 1665
12 2 5460
12 3 7140
12 4 5102
12 5 6353
12 6 4903
12 7 5067
12 8 2076
12 9 2318
12 10 2814
12 11 5349
12 13 148
12 14 933
12 15 7074
12 16 2278
12 17 5435
12 18 2976
12 19 3393
12 20 6195
12 21 5618
12 22 887
12 23 6919
12 24 6870
12 25 4717
12 26 4251
12 27 6811
12 28 487
12 29 5963
12 30 1359
12 31 3801
12 32 4913
12 33 2409
12 34 2668
12 35 6843
12 36 6442
12 37 7241
12 38 2703
12 39 6013
12 40 2764
12 41 804
12 42 6219
12 43 2394
12 44 1308
12 45 5717
12 46 7363
12 47 2764
12 48 870
12 49 588
12 50 6169
12 51 7093
12 52 3226
12 53 4947
12 54 4356
12 55 3042
12 56 3157
12 57 342
12 58 3317
12 59 424
12 60 6656
12 61 4306
12 62 592
12 63 2142
12 64 4495
12 65 2982
12 66 6679
12 67 2906
12 68 7297
12 69 205
12 70 702
13 1 2232
13 2 6622
13 3 786
13 4 334
13 5 1472
13 6 3841
13 7 5843
13 8 7487
13 9 2602
13 10 333
13 11 4911
13 12 4762
13 14 3088
13 15 2719
13 16 831
13 17 1137
13 18 1957
13 19 6180
13 20 2589
13 21 3359
13 22 1688
13 23 7136
13 24 1626
13 25 2836
13 26 3869
13 27 1194
13 28 1091
13 29 990
13 30 7491
13 31 2580
13 32 5561
13 33 4347
13 34 6954
13 35 768
13 36 7149
13 37 778
13 38 3492
13 39 6873
13 40 4020
13 41 4482
13 42 392
13 43 375
13 44 4492
13 45 6091
13 46 2394
13 47 352
13 48 3960
13 49 1654
13 50 1343
13 51 7377
13 52 3977
13 53 6432
13 54 3072
13 55 2906
13 56 3222
13 57 5664
13 58 47
13 59 4173
13 60 416
13 61 1932
13 62 4463
13 63 1312
13 64 5211
13 65 4895
13 66 5468
13 67 1476
13 68 6489
13 69 5118
13 70 5061
14 1 431
14 2 3159
14 3 6043
14 4 4467
14 5 4009
14 6 555
14 7 1277
14 8 2835
14 9 1050
14 10 6750
14 11 6430
14 12 2381
14 13 5210
14 15 4403
14 16 2164
14 17 5895
14 18 4093
14 19 55
14 20 6810
14 21 3435
14 22 2849
14 23 6909
14 24 9
14 25 7277
14 26 7382
14 27 5723
14 28 1499
14 29 1915
14 30 5519
14 31 5038
14 32 580
14 33 4428
14 34 4769
14 35 5950
14 36 1235
14 37 6553
14 38 2759
14 39 6590
14 40 2157
14 41 1248
14 42 3899
14 43 1807
14 44 5204
14 45 2910
14 46 3180
14 47 3469
14 48 3948
14 49 3077
14 50 1492
14 51 1203
14 52 1648
14 53 7406
14 54 140
14 55 5518
14 56 608
14 57 2321
14 58 2317
14 59 2762
14 60 519
14 61 3274
14 62 4275
14 63 5850
14 64 6715
14 65 695
14 66 3328
14 67 4438
14 68 827
14 69 6293
14 70 1778
15 1 4707
15 2 3832
15 3 6101
15 4 7136
15 5 6798
15 6 6400
15 7 3316
15 8 3721
15 9 774
15 10 471
15 11 4922
15 12 4627
15 13 5974
15 14 5862
15 16 2225
15 17 2589
15 18 3091
15 19 5619
15 20 2208
15 21 915
15 22 2462
15 23 649
15 24 4678
15 25 4803
15 26 7322
15 27 7247
15 28 252
15 29 4704
15 30 5872
15 31 1949
15 32 654
15 33 1983
15 34 2184
15 35 5121
15 36 7452
15 37 3975
15 38 7196
15 39 4574
15 40 5387
15 41 936
15 42 6621
15 43 3088
15 44 2623
15 45 6539
15 46 4582
15 47 6638
15 48 1036
15 49 3205
15 50 2965
15 51 6207
15 52 2725
15 53 5151
15 54 4842
15 55 4342
15 56 3245
15 57 5745
15 58 3273
15 59 3329
15 60 5755
15 61 2753
15 62 704
15 63 3571
15 64 3709
15 65 5611
15 66 2087
15 67 4658
15 68 4584
15 69 2964
15 70 5776
16 1 3023
16 2 2016
16 3 1909
16 4 104
16 5 1617
16 6 2574
16 7 6551
16 8 7195
16 9 2142
16 10 36
16 11 2123
16 12 3095
16 13 59
16 14 3124
16 15 6717
16 17 5055
16 18 5507
16 19 2703
16 20 4687
16 21 6452
16 22 5528
16 23 2624
16 24 6252
16 25 3607
16 26 6733
16 27 5883
16 28 281
16 29 658
16 30 925
16 31 2952
16 32 6530
16 33 6716
16 34 1614
16 35 1688
16 36 967
16 37 981
16 38 4399
16 39 576
16 40 4313
16 41 2937
16 42 7101
16 43 4669
16 44 5883
16 45 1994
16 46 6433
16 47 3010
16 48 2931
16 49 5356
16 50 3071
16 51 4148
16 52 1706
16 53 3156
16 54 1964
16 55 3927
16 56 2137
16 57 1757
16 58 2047
16 59 1677
16 60 5883
16 61 6667
16 62 938
16 63 2509
16 64 3557
16 65 5827
16 66 2405
16 67 182
16 68 3921
16 69 6872
16 70 1092
17 1 7441
17 2 3490
17 3 2648
17 4 4427
17 5 7328
17 6 3610
17 7 2040
17 8 3383
17 9 1283
17 10 4717
17 11 4418
17 12 2453
17 13 7477
17 14 5462
17 15 4632
17 16 1044
17 18 5061
17 19 2640
17 20 4410
17 21 6944
17 22 436
17 23 2837
17 24 1641
17 25 3896
17 26 5963
17 27 5814
17 28 369
17 29 2623
17 30 2204
17 31 6434
17 32 5348
17 33 438
17 34 1579
17 35 5897
17 36 5645
17 37 704
17 38 7180
17 39 1014
17 40 4144
17 41 2649
17 42 5415
17 43 1622
17 44 7451
17 45 441
17 46 2215
17 47 5315
17 48 7073
17 49 4436
17 50 5938
17 51 3355
17 52 2308
17 53 330
17 54 857
17 55 6568
17 56 6753
17 57 6262
17 58 1680
17 59 7319
17 60 3873
17 61 3093
17 62 174
17 63 4238
17 64 3884
17 65 6896
17 66 1225
17 67 216
17 68 4122
17 69 2568
17 70 7378
18 1 317
18 2 975
18 3 7217
18 4 227
18 5 1585
18 6 7219
18 7 4837
18 8 4888
18 9 6333
18 10 1848
18 11 5421
18 12 7096
18 13 3047
18 14 3186
18 15 4404
18 16 5929
18 17 6448
18 19 1992
18 20 1283
18 21 6848
18 22 6281
18 23 6200
18 24 6902
18 25 6969
18 26 3279
18 27 6273
18 28 4524
18 29 6489
18 30 4519
18 31 4975
18 32 2056
18 33 3751
18 34 2416
18 35 4063
18 36 1889
18 37 5894
18 38 6951
18 39 5680
18 40 2757
18 41 5439
18 42 5886
18 43 389
18 44 3667
18 45 2560
18 46 5102
18 47 1612
18 48 7065
18 49 819
18 50 3278
18 51 4831
18 52 4124
18 53 1510
18 54 3462
18 55 866
18 56 2407
18 57 3754
18 58 7494
18 59 5154
18 60 3609
18 61 4981
18 62 5456
18 63 2672
18 64 5876
18 65 36
18 66 4717
18 67 1525
18 68 204
18 69 7052
18 70 1756
19 1 921
19 2 5605
19 3 6268
19 4 498
19 5 1537
19 6 6037
19 7 1310
19 8 632
19 9 4930
19 10 3723
19 11 412
19 12 1900
19 13 5524
19 14 99
19 15 2522
19 16 6985
19 17 7488
19 18 6642
19 20 5174
19 21 3523
19 22 4327
19 23 5213
19 24 5258
19 25 3889
19 26 1326
19 27 6187
19 28 5685
19 29 5019
19 30 2096
19 31 981
19 32 5691
19 33 5969
19 34 1172
19 35 1398
19 36 3439
19 37 2566
19 38 1287
19 39 5784
19 40 2417
19 41 3128
19 42 1423
19 43 3538
19 44 3894
19 45 5126
19 46 2246
19 47 3175
19 48 6641
19 49 6301
19 50 5138
19 51 5767
19 52 1359
19 53 861
19 54 7207
19 55 2
19 56 5349
19 57 6582
19 58 3178
19 59 5066
19 60 2015
19 61 7192
19 62 3130
19 63 3009
19 64 561
19 65 5891
19 66 7267
19 67 5347
19 68 7482
19 69 175
19 70 4419
20 1 6787
20 2 2787
20 3 5625
20 4 5841
20 5 2982
20 6 238
20 7 443
20 8 5106
20 9 953
20 10 4384
20 11 2000
20 12 462
20 13 1195
20 14 2237
20 15 4833
20 16 3746
20 17 3196
20 18 1832
20 19 4339
20 21 7235
20 22 1517
20 23 3126
20 24 1158
20 25 1508
20 26 1102
20 27 2192
20 28 5906
20 29 243
20 30 5855
20 31 7207
20 32 4834
20 33 4433
20 34 1111
20 35 6082
20 36 6048
20 37 1569
20 38 5875
20 39 4139
20 40 5402
20 41 7265
20 42 6347
20 43 1418
20 44 3529
20 45 2850
20 46 4820
20 47 1577
20 48 954
20 49 5043
20 50 7165
20 51 2971
20 52 1907
20 53 3429
20 54 3417
20 55 409
20 56 6896
20 57 3272
20 58 6035
20 59 6197
20 60 3876
20 61 371
20 62 2734
20 63 1786
20 64 2533
20 65 5990
20 66 7162
20 67 1278
20 68 967
20 69 725
20 70 167
21 1 2689
21 2 2121
21 3 1699
21 4 3318
21 5 3734
21 6 2387
21 7 3040
21 8 380
21 9 4587
21 10 4972
21 11 598
21 12 4858
21 13 3566
21 14 5376
21 15 6278
21 16 6140
21 17 3509
21 18 6152
21 19 3400
21 20 5681
21 22 4357
21 23 3432
21 24 2600
21 25 3339
21 26 6829
21 27 6898
21 28 3363
21 29 4160
21 30 324
21 31 95
21 32 5609
21 33 2140
21 34 5087
21 35 4141
21 36 2017
21 37 3500
21 38 1904
21 39 4570
21 40 6277
21 41 6379
21 42 6996
21 43 2785
21 44 3255
21 45 127
21 46 314
21 47 6601
21 48 3506
21 49 3313
21 50 6664
21 51 3088
21 52 4368
21 53 2068
21 54 79
21 55 4828
21 56 4336
21 57 6796
21 58 2066
21 59 1700
21 60 6595
21 61 5603
21 62 2877
21 63 1465
21 64 6773
21 65 6609
21 66 3205
21 67 3423
21 68 2832
21 69 2311
21 70 7273
22 1 1642
22 2 2630
22 3 1750
22 4 3984
22 5 3722
22 6 3290
22 7 3128
22 8 1445
22 9 1032
22 10 1369
22 11 1888
22 12 2994
22 13 4866
22 14 4681
22 15 188
22 16 5855
22 17 6371
22 18 2967
22 19 3469
22 20 2108
22 21 2569
22 23 2271
22 24 5558
22 25 2837
22 26 671
22 27 4639
22 28 1024
22 29 7146
22 30 935
22 31 817
22 32 1324
22 33 1956
22 34 5556
22 35 3798
22 36 6954
22 37 6228
22 38 7024
22 39 3953
22 40 4929
22 41 723
22 42 3109
22 43 5889
22 44 5137
22 45 2576
22 46 6658
22 47 2374
22 48 638
22 49 3524
22 50 980
22 51 771
22 52 259
22 53 3260
22 54 3865
22 55 2309
22 56 5419
22 57 2563
22 58 635
22 59 1268
22 60 5581
22 61 4619
22 62 6441
22 63 5588
22 64 3405
22 65 3045
22 66 3582
22 67 104
22 68 2360
22 69 1099
22 70 737
23 1 409
23 2 2311
23 3 3067
23 4 5472
23 5 4784
23 6 4063
23 7 3718
23 8 4929
23 9 3579
23 10 5847
23 11 549
23 12 3473
23 13 1192
23 14 6926
23 15 5921
23 16 2820
23 17 1685
23 18 903
23 19 5722
23 20 3551
23 21 1307
23 22 1053
23 24 5553
23 25 406
23 26 739
23 27 2885
23 28 3767
23 29 5724
23 30 7448
23 31 4028
23 32 5636
23 33 3886
23 34 3008
23 35 6537
23 36 5764
23 37 7291
23 38 4234
23 39 1380
23 40 983
23 41 6844
23 42 3242
23 43 4468
23 44 3370
23 45 5783
23 46 1019
23 47 1073
23 48 1837
23 49 4261
23 50 2103
23 51 6020
23 52 6527
23 53 6503
23 54 5092
23 55 6172
23 56 3135
23 57 3808
23 58 827
23 59 539
23 60 578
23 61 3747
23 62 3475
23 63 5574
23 64 2944
23 65 6144
23 66 3335
23 67 4086
23 68 5358
23 69 1016
23 70 579
24 1 4031
24 2 2457
24 3 3170
24 4 711
24 5 5424
24 6 5694
24 7 3487
24 8 4020
24 9 4159
24 10 1590
24 11 6171
24 12 4297
24 13 2942
24 14 4353
24 15 977
24 16 6191
24 17 1746
24 18 4645
24 19 1990
24 20 1930
24 21 6393
24 22 5237
24 23 745
24 25 6842
24 26 4910
24 27 7286
24 28 1816
24 29 4655
24 30 1487
24 31 4879
24 32 68
24 33 5333
24 34 3459
24 35 4421
24 36 1643
24 37 5033
24 38 5331
24 39 7031
24 40 3398
24 41 1968
24 42 3209
24 43 394
24 44 1794
24 45 4099
24 46 1429
24 47 5129
24 48 1708
24 49 2042
24 50 1265
24 51 4407
24 52 3604
24 53 2701
24 54 2996
24 55 5419
24 56 7111
24 57 3460
24 58 3777
24 59 3692
24 60 4519
24 61 1737
24 62 5255
24 63 5580
24 64 4033
24 65 6000
24 66 2189
24 67 2000
24 68 452
24 69 7397
24 70 6184
25 1 1962
25 2 426
25 3 3368
25 4 2059
25 5 4414
25 6 6274
25 7 6642
25 8 6105
25 9 100
25 10 5526
25 11 5442
25 12 6341
25 13 4328
25 14 780
25 15 618
25 16 1276
25 17 44
25 18 6331
25 19 1099
25 20 358
25 21 1821
25 22 130
25 23 1775
25 24 4135
25 26 7423
25 27 5578
25 28 6893
25 29 6508
25 30 3249
25 31 833
25 32 1152
25 33 1864
25 34 4382
25 35 3698
25 36 2203
25 37 2690
25 38 3284
25 39 2994
25 40 4747
25 41 3341
25 42 2023
25 43 6265
25 44 2166
25 45 6241
25 46 5680
25 47 7344
25 48 2980
25 49 5000
25 50 1741
25 51 1128
25 52 7490
25 53 7297
25 54 5800
25 55 6677
25 56 3991
25 57 3886
25 58 4106
25 59 787
25 60 3506
25 61 7384
25 62 3603
25 63 5776
25 64 2578
25 65 5019
25 66 3997
25 67 2994
25 68 4996
25 69 391
25 70 3845
26 1 5793
26 2 7426
26 3 4463
26 4 291
26 5 6217
26 6 2633
26 7 2493
26 8 1151
26 9 5964
26 10 4760
26 11 5698
26 12 6858
26 13 100
26 14 325
26 15 3141
26 16 4875
26 17 5436
26 18 1275
26 19 4003
26 20 3965
26 21 6784
26 22 2471
26 23 5294
26 24 6803
26 25 6012
26 27 151
26 28 1856
26 29 3788
26 30 1822
26 31 145
26 32 7150
26 33 2991
26 34 4924
26 35 6835
26 36 1838
26 37 4578
26 38 5211
26 39 2186
26 40 6896
26 41 4027
26 42 1416
26 43 4518
26 44 5423
26 45 3605
26 46 1372
26 47 6955
26 48 1003
26 49 6537
26 50 1713
26 51 2660
26 52 152
26 53 3901
26 54 1079
26 55 6371
26 56 3601
26 57 1361
26 58 961
26 59 3376
26 60 4726
26 61 5251
26 62 6131
26 63 261
26 64 642
26 65 1195
26 66 6269
26 67 5682
26 68 3517
26 69 4929
26 70 913
27 1 2305
27 2 4698
27 3 3698
27 4 7
27 5 7495
27 6 7492
27 7 1874
27 8 4782
27 9 13
27 10 7268
27 11 6639
27 12 3371
27 13 3485
27 14 5284
27 15 3428
27 16 6884
27 17 5996
27 18 2035
27 19 6253
27 20 2763
27 21 5081
27 22 3743
27 23 7080
27 24 7083
27 25 685
27 26 6022
27 28 25
27 29 556
27 30 5469
27 31 6354
27 32 4095
27 33 4429
27 34 4192
27 35 2366
27 36 5450
27 37 1939
27 38 2965
27 39 7092
27 40 5864
27 41 2222
27 42 1682
27 43 2933
27 44 6873
27 45 5127
27 46 129
27 47 2457
27 48 1796
27 49 6556
27 50 5006
27 51 4648
27 52 5830
27 53 5124
27 54 7492
27 55 2988
27 56 1392
27 57 4240
27 58 979
27 59 921
27 60 6464
27 61 3292
27 62 3750
27 63 3644
27 64 623
27 65 7382
27 66 4067
27 67 4472
27 68 3942
27 69 653
27 70 5765
28 1 3946
28 2 3778
28 3 911
28 4 5071
28 5 5035
28 6 987
28 7 6068
28 8 5836
28 9 3354
28 10 5451
28 11 5142
28 12 2621
28 13 495
28 14 4247
28 15 6325
28 16 7288
28 17 2242
28 18 1416
28 19 881
28 20 7304
28 21 6933
28 22 943
28 23 6042
28 24 251
28 25 4340
28 26 5599
28 27 6853
28 29 706
28 30 5508
28 31 2362
28 32 5114
28 33 4097
28 34 7204
28 35 5653
28 36 6052
28 37 3766
28 38 3897
28 39 5570
28 40 3695
28 41 6655
28 42 6264
28 43 2454
28 44 4494
28 45 2646
28 46 5048
28 47 3694
28 48 89
28 49 2939
28 50 4713
28 51 2875
28 52 2035
28 53 217
28 54 4853
28 55 1872
28 56 3529
28 57 6312
28 58 546
28 59 4301
28 60 5136
28 61 3314
28 62 211
28 63 1491
28 64 6285
28 65 6891
28 66 5630
28 67 6825
28 68 1184
28 69 1898
28 70 1816
29 1 547
29 2 2098
29 3 2913
29 4 1467
29 5 5026
29 6 3227
29 7 2544
29 8 126
29 9 2046
29 10 7145
29 11 5164
29 12 7148
29 13 2350
29 14 3177
29 15 204
29 16 1757
29 17 5691
29 18 7039
29 19 4098
29 20 6977
29 21 307
29 22 5283
29 23 2800
29 24 1156
29 25 4259
29 26 2680
29 27 6852
29 28 6795
29 30 5474
29 31 6330
29 32 5082
29 33 1386
29 34 2378
29 35 3051
29 36 5126
29 37 564
29 38 765
29 39 5305
29 40 3205
29 41 5041
29 42 1430
29 43 633
29 44 3868
29 45 1363
29 46 2891
29 47 388
29 48 1012
29 49 2573
29 50 6856
29 51 2328
29 52 6256
29 53 158
29 54 541
29 55 6807
29 56 5892
29 57 244
29 58 7047
29 59 568
29 60 498
29 61 2865
29 62 6547
29 63 4842
29 64 4855
29 65 3226
29 66 2856
29 67 1185
29 68 4711
29 69 5499
29 70 2019
30 1 6640
30 2 4305
30 3 6038
30 4 550
30 5 4637
30 6 3189
30 7 2070
30 8 2427
30 9 4494
30 10 947
30 11 567
30 12 2079
30 13 2033
30 14 5894
30 15 2315
30 16 4804
30 17 3239
30 18 2209
30 19 6910
30 20 6011
30 21 736
30 22 4918
30 23 7187
30 24 2990
30 25 4920
30 26 1125
30 27 2889
30 28 2652
30 29 4639
30 31 6468
30 32 3555
30 33 3701
30 34 6024
30 35 6252
30 36 5818
30 37 464
30 38 3919
30 39 1542
30 40 2191
30 41 670
30 42 5460
30 43 6894
30 44 1082
30 45 2031
30 46 7184
30 47 4009
30 48 1868
30 49 4982
30 50 1013
30 51 1016
30 52 1324
30 53 3054
30 54 1306
30 55 6686
30 56 5137
30 57 2
30 58 2366
30 59 1404
30 60 7359
30 61 712
30 62 4715
30 63 229
30 64 1090
30 65 4152
30 66 2830
30 67 4708
30 68 4114
30 69 4334
30 70 3549
31 1 4758
31 2 2334
31 3 4502
31 4 5781
31 5 181
31 6 3375
31 7 3406
31 8 7032
31 9 3834
31 10 3757
31 11 1476
31 12 1609
31 13 3187
31 14 5132
31 15 4908
31 16 6992
31 17 4036
31 18 3995
31 19 586
31 20 4325
31 21 4326
31 22 6532
31 23 6602
31 24 3703
31 25 7486
31 26 213
31 27 4338
31 28 4655
31 29 3327
31 30 3745
31 32 6463
31 33 3309
31 34 4000
31 35 5630
31 36 2851
31 37 1263
31 38 6968
31 39 6916
31 40 4794
31 41 3555
31 42 872
31 43 472
31 44 6727
31 45 5537
31 46 2522
31 47 21
31 48 4276
31 49 1262
31 50 4277
31 51 2586
31 52 6463
31 53 2313
31 54 2922
31 55 5445
31 56 2765
31 57 2076
31 58 1546
31 59 6449
31 60 5195
31 61 343
31 62 3492
31 63 4416
31 64 6789
31 65 6948
31 66 629
31 67 3091
31 68 7247
31 69 1236
31 70 6200
32 1 3200
32 2 5537
32 3 7260
32 4 4164
32 5 5306
32 6 1150
32 7 1156
32 8 1934
32 9 1399
32 10 4844
32 11 270
32 12 4199
32 13 6102
32 14 5750
32 15 211
32 16 5201
32 17 1439
32 18 4077
32 19 2019
32 20 286
32 21 291
32 22 1907
32 23 1752
32 24 7123
32 25 1792
32 26 4781
32 27 5961
32 28 6079
32 29 5391
32 30 3754
32 31 5417
32 33 6317
32 34 7323
32 35 6710
32 36 1867
32 37 380
32 38 5295
32 39 3399
32 40 5547
32 41 3133
32 42 2915
32 43 374
32 44 561
32 45 2227
32 46 5628
32 47 46
32 48 6607
32 49 6040
32 50 5683
32 51 7411
32 52 3512
32 53 7293
32 54 3870
32 55 3831
32 56 5939
32 57 4106
32 58 1550
32 59 6044
32 60 4245
32 61 6543
32 62 2970
32 63 6547
32 64 331
32 65 1232
32 66 2033
32 67 2622
32 68 5427
32 69 3679
32 70 4565
33 1 6631
33 2 515
33 3 5637
33 4 5813
33 5 1728
33 6 3892
33 7 1070
33 8 7315
33 9 3433
33 10 3727
33 11 3678
33 12 7435
33 13 5254
33 14 3729
33 15 4644
33 16 857
33 17 5525
33 18 1802
33 19 5881
33 20 7301
33 21 5889
33 22 1700
33 23 4756
33 24 3147
33 25 2647
33 26 1614
33 27 7215
33 28 1484
33 29 873
33 30 2766
33 31 5828
33 32 3359
33 34 2159
33 35 4622
33 36 1756
33 37 6588
33 38 6713
33 39 2839
33 40 1578
33 41 3632
33 42 1111
33 43 2419
33 44 5699
33 45 7436
33 46 1623
33 47 5345
33 48 6784
33 49 6358
33 50 4453
33 51 2590
33 52 5852
33 53 1160
33 54 3298
33 55 420
33 56 7051
33 57 5482
33 58 5518
33 59 3027
33 60 6181
33 61 5606
33 62 3767
33 63 6761
33 64 3986
33 65 6546
33 66 100
33 67 4152
33 68 3088
33 69 2735
33 70 4973
34 1 7224
34 2 7008
34 3 5007
34 4 1320
34 5 795
34 6 4555
34 7 3521
34 8 6814
34 9 1137
34 10 3457
34 11 6339
34 12 4923
34 13 3451
34 14 1235
34 15 4230
34 16 611
34 17 7461
34 18 3521
34 19 6783
34 20 6224
34 21 1245
34 22 3108
34 23 6002
34 24 3796
34 25 911
34 26 5085
34 27 4492
34 28 2420
34 29 5741
34 30 3209
34 31 299
34 32 2259
34 33 4878
34 35 5010
34 36 3889
34 37 6290
34 38 375
34 39 5337
34 40 4076
34 41 5204
34 42 2789
34 43 6785
34 44 394
34 45 727
34 46 6087
34 47 6927
34 48 3414
34 49 7175
34 50 3130
34 51 4276
34 52 3904
34 53 7181
34 54 1811
34 55 810
34 56 1020
34 57 332
34 58 2496
34 59 6286
34 60 4189
34 61 5019
34 62 7117
34 63 3831
34 64 5204
34 65 861
34 66 3822
34 67 6629
34 68 2389
34 69 4172
34 70 5237
35 1 3655
35 2 1612
35 3 5901
35 4 7164
35 5 5652
35 6 3702
35 7 6074
35 8 6239
35 9 3914
35 10 6586
35 11 2467
35 12 7096
35 13 1908
35 14 7495
35 15 4109
35 16 7055
35 17 6202
35 18 6150
35 19 3704
35 20 2461
35 21 883
35 22 4713
35 23 6652
35 24 7319
35 25 7094
35 26 2247
35 27 2323
35 28 5918
35 29 6871
35 30 719
35 31 2690
35 32 5433
35 33 5863
35 34 1471
35 36 1040
35 37 1529
35 38 5686
35 39 1979
35 40 6665
35 41 1516
35 42 6252
35 43 3741
35 44 6032
35 45 3966
35 46 2177
35 47 5025
35 48 376
35 49 1850
35 50 5333
35 51 3101
35 52 6682
35 53 7441
35 54 4296
35 55 1597
35 56 6222
35 57 6885
35 58 6639
35 59 2886
35 60 716
35 61 205
35 62 2787
35 63 6250
35 64 3239
35 65 3712
35 66 7292
35 67 1971
35 68 1678
35 69 1829
35 70 5831
36 1 1151
36 2 402
36 3 5195
36 4 1583
36 5 1895
36 6 4408
36 7 1249
36 8 5330
36 9 941
36 10 4598
36 11 6708
36 12 5853
36 13 4690
36 14 2002
36 15 2058
36 16 5323
36 17 3290
36 18 2156
36 19 2913
36 20 58
36 21 913
36 22 7318
36 23 902
36 24 4652
36 25 5727
36 26 7329
36 27 5860
36 28 1229
36 29 2800
36 30 4804
36 31 394
36 32 6704
36 33 3982
36 34 980
36 35 5518
36 37 1532
36 38 4458
36 39 1349
36 40 5284
36 41 2673
36 42 3269
36 43 5222
36 44 6099
36 45 3294
36 46 1132
36 47 53
36 48 3214
36 49 6004
36 50 7065
36 51 7120
36 52 4177
36 53 5948
36 54 2325
36 55 5572
36 56 6945
36 57 943
36 58 4821
36 59 3494
36 60 3714
36 61 4324
36 62 6233
36 63 2352
36 64 4841
36 65 5138
36 66 4191
36 67 6529
36 68 3410
36 69 5736
36 70 5750
37 1 2235
37 2 4167
37 3 3783
37 4 1626
37 5 2190
37 6 5996
37 7 2086
37 8 3805
37 9 6138
37 10 894
37 11 7129
37 12 7416
37 13 2675
37 14 2914
37 15 6480
37 16 4960
37 17 5755
37 18 3466
37 19 4447
37 20 3292
37 21 2266
37 22 3896
37 23 350
37 24 3329
37 25 392
37 26 5066
37 27 1442
37 28 5814
37 29 5018
37 30 5355
37 31 213
37 32 6595
37 33 2275
37 34 3026
37 35 3299
37 36 2651
37 38 984
37 39 3396
37 40 5417
37 41 907
37 42 5940
37 43 6967
37 44 6300
37 45 1639
37 46 4730
37 47 1951
37 48 6193
37 49 4739
37 50 3167
37 51 2367
37 52 5689
37 53 7320
37 54 7269
37 55 524
37 56 785
37 57 6509
37 58 4584
37 59 2257
37 60 341
37 61 1634
37 62 2306
37 63 3035
37 64 1163
37 65 7483
37 66 7
37 67 1329
37 68 7437
37 69 3515
37 70 6732
38 1 3983
38 2 5292
38 3 7300
38 4 7180
38 5 2249
38 6 1550
38 7 3906
38 8 2515
38 9 4890
38 10 4467
38 11 2889
38 12 3415
38 13 5986
38 14 822
38 15 2533
38 16 2627
38 17 959
38 18 4586
38 19 6079
38 20 3517
38 21 2134
38 22 2390
38 23 4417
38 24 5227
38 25 6462
38 26 5716
38 27 3311
38 28 5278
38 29 6403
38 30 5441
38 31 4340
38 32 2356
38 33 1823
38 34 329
38 35 5881
38 36 3175
38 37 4519
38 39 4171
38 40 5891
38 41 6216
38 42 4086
38 43 3603
38 44 4706
38 45 281
38 46 3646
38 47 5886
38 48 5464
38 49 5977
38 50 1974
38 51 1305
38 52 2740
38 53 1920
38 54 6289
38 55 3987
38 56 3887
38 57 3309
38 58 4727
38 59 4692
38 60 3070
38 61 3101
38 62 6322
38 63 1788
38 64 4772
38 65 4236
38 66 5486
38 67 4266
38 68 6882
38 69 5414
38 70 162
39 1 58
39 2 7405
39 3 904
39 4 2872
39 5 6264
39 6 4092
39 7 6983
39 8 5631
39 9 7287
39 10 994
39 11 295
39 12 2609
39 13 904
39 14 5813
39 15 2170
39 16 2648
39 17 801
39 18 6979
39 19 123
39 20 629
39 21 1477
39 22 6048
39 23 1857
39 24 2178
39 25 672
39 26 634
39 27 1558
39 28 4341
39 29 592
39 30 6703
39 31 1217
39 32 6919
39 33 7459
39 34 5021
39 35 1300
39 36 3736
39 37 4374
39 38 7264
39 40 5700
39 41 1321
39 42 1292
39 43 1639
39 44 4520
39 45 5803
39 46 1833
39 47 529
39 48 7443
39 49 1855
39 50 1042
39 51 5028
39 52 1508
39 53 3601
39 54 7082
39 55 6610
39 56 6930
39 57 6443
39 58 4302
39 59 4790
39 60 3616
39 61 2435
39 62 5259
39 63 5173
39 64 3432
39 65 4812
39 66 1597
39 67 4853
39 68 4287
39 69 5379
39 70 7313
40 1 5385
40 2 4156
40 3 6237
40 4 853
40 5 3971
40 6 988
40 7 551
40 8 2884
40 9 2794
40 10 3731
40 11 2016
40 12 2099
40 13 6583
40 14 1344
40 15 3268
40 16 5130
40 17 1957
40 18 2006
40 19 840
40 20 829
40 21 2378
40 22 4974
40 23 1851
40 24 6617
40 25 1628
40 26 3703
40 27 7181
40 28 541
40 29 4133
40 30 2562
40 31 4165
40 32 2566
40 33 1902
40 34 5964
40 35 5871
40 36 7310
40 37 2758
40 38 6953
40 39 1277
40 41 1736
40 42 1029
40 43 3881
40 44 4389
40 45 281
40 46 1206
40 47 2535
40 48 4751
40 49 1585
40 50 5371
40 51 4752
40 52 4518
40 53 5701
40 54 3271
40 55 3096
40 56 793
40 57 3207
40 58 1857
40 59 6392
40 60 1872
40 61 6369
40 62 105
40 63 5147
40 64 4502
40 65 1019
40 66 6119
40 67 5602
40 68 5622
40 69 1775
40 70 5947
41 1 5335
41 2 595
41 3 236
41 4 4039
41 5 307
41 6 5615
41 7 3640
41 8 1303
41 9 4718
41 10 2960
41 11 2602
41 12 3237
41 13 6116
41 14 2797
41 15 3348
41 16 4353
41 17 6232
41 18 2020
41 19 4918
41 20 4701
41 21 6289
41 22 2802
41 23 2191
41 24 6056
41 25 1254
41 26 1922
41 27 2485
41 28 88
41 29 978
41 30 1955
41 31 6271
41 32 4966
41 33 6631
41 34 6809
41 35 4363
41 36 4209
41 37 3906
41 38 4718
41 39 1776
41 40 6589
41 42 5146
41 43 6926
41 44 5841
41 45 5101
41 46 691
41 47 5663
41 48 1475
41 49 1412
41 50 6841
41 51 5512
41 52 7095
41 53 7486
41 54 3134
41 55 892
41 56 1769
41 57 3145
41 58 6861
41 59 5460
41 60 5930
41 61 2887
41 62 2222
41 63 199
41 64 5986
41 65 6153
41 66 7421
41 67 2862
41 68 6646
41 69 2598
41 70 1363
42 1 5902
42 2 802
42 3 6889
42 4 4728
42 5 4634
42 6 4007
42 7 3010
42 8 1504
42 9 2814
42 10 3350
42 11 5529
42 12 526
42 13 1564
42 14 7494
42 15 942
42 16 2019
42 17 1817
42 18 6288
42 19 1189
42 20 1591
42 21 1381
42 22 564
42 23 202
42 24 6448
42 25 2484
42 26 4187
42 27 5406
42 28 6579
42 29 859
42 30 5580
42 31 1115
42 32 6474
42 33 6759
42 34 2223
42 35 7441
42 36 2165
42 37 707
42 38 1604
42 39 3781
42 40 5457
42 41 7037
42 43 769
42 44 5699
42 45 5945
42 46 5809
42 47 5085
42 48 5003
42 49 1559
42 50 1136
42 51 5624
42 52 4151
42 53 2351
42 54 4572
42 55 4585
42 56 2953
42 57 6073
42 58 318
42 59 2118
42 60 3566
42 61 5303
42 62 5074
42 63 5732
42 64 4957
42 65 1401
42 66 545
42 67 1480
42 68 559
42 69 1895
42 70 6426
43 1 2118
43 2 6985
43 3 7499
43 4 1918
43 5 1144
43 6 4907
43 7 2514
43 8 6505
43 9 4777
43 10 1495
43 11 6872
43 12 6250
43 13 594
43 14 7163
43 15 5243
43 16 931
43 17 4649
43 18 5800
43 19 5572
43 20 1548
43 21 6087
43 22 2171
43 23 2344
43 24 2931
43 25 213
43 26 6615
43 27 4495
43 28 4316
43 29 2020
43 30 1970
43 31 4137
43 32 3583
43 33 5611
43 34 5420
43 35 787
43 36 777
43 37 770
43 38 4964
43 39 7189
43 40 3711
43 41 6309
43 42 4642
43 44 5376
43 45 5882
43 46 5155
43 47 5872
43 48 3223
43 49 1399
43 50 5206
43 51 4048
43 52 7335
43 53 1993
43 54 845
43 55 3322
43 56 3363
43 57 497
43 58 4637
43 59 3443
43 60 6811
43 61 6865
43 62 534
43 63 1459
43 64 1372
43 65 4261
43 66 6792
43 67 961
43 68 6383
43 69 4859
43 70 1657
44 1 5296
44 2 1949
44 3 4032
44 4 591
44 5 1247
44 6 1150
44 7 641
44 8 5924
44 9 3381
44 10 2992
44 11 2842
44 12 1692
44 13 4137
44 14 1951
44 15 7297
44 16 6885
44 17 6598
44 18 5361
44 19 1961
44 20 4500
44 21 982
44 22 427
44 23 6476
44 24 3250
44 25 6870
44 26 453
44 27 2640
44 28 6227
44 29 5166
44 30 165
44 31 5104
44 32 5545
44 33 7464
44 34 3508
44 35 5068
44 36 1244
44 37 7415
44 38 3823
44 39 5901
44 40 3635
44 41 6178
44 42 4340
44 43 1294
44 45 2184
44 46 4494
44 47 1257
44 48 1153
44 49 4969
44 50 1200
44 51 176
44 52 5584
44 53 4795
44 54 568
44 55 764
44 56 2384
44 57 7205
44 58 2846
44 59 6467
44 60 6915
44 61 4746
44 62 5855
44 63 6236
44 64 4675
44 65 7198
44 66 5679
44 67 241
44 68 1263
44 69 696
44 70 6023
45 1 1060
45 2 6095
45 3 7101
45 4 3260
45 5 385
45 6 4283
45 7 208
45 8 2979
45 9 4555
45 10 6306
45 11 3784
45 12 2247
45 13 3878
45 14 3335
45 15 2395
45 16 2869
45 17 2362
45 18 2091
45 19 5071
45 20 5470
45 21 1006
45 22 4785
45 23 5312
45 24 3148
45 25 5015
45 26 955
45 27 2710
45 28 2980
45 29 2665
45 30 3227
45 31 6175
45 32 6044
45 33 7479
45 34 4906
45 35 5491
45 36 1778
45 37 1374
45 38 4357
45 39 5069
45 40 7402
45 41 6708
45 42 672
45 43 1126
45 44 7148
45 46 7124
45 47 6518
45 48 466
45 49 1196
45 50 1289
45 51 3460
45 52 2926
45 53 2563
45 54 4242
45 55 291
45 56 2277
45 57 1382
45 58 601
45 59 3777
45 60 3086
45 61 4796
45 62 7345
45 63 927
45 64 6778
45 65 744
45 66 4347
45 67 423
45 68 23
45 69 413
45 70 3815
46 1 2807
46 2 5896
46 3 4824
46 4 5663
46 5 6134
46 6 6558
46 7 7197
46 8 414
46 9 1872
46 10 2431
46 11 3378
46 12 2438
46 13 7497
46 14 5305
46 15 3735
46 16 6221
46 17 1244
46 18 5792
46 19 5773
46 20 50
46 21 1159
46 22 6199
46 23 2711
46 24 386
46 25 5227
46 26 3514
46 27 7139
46 28 4161
46 29 336
46 30 1451
46 31 528
46 32 887
46 33 171
46 34 6093
46 35 2630
46 36 3142
46 37 1058
46 38 3690
46 39 2993
46 40 691
46 41 3126
46 42 1571
46 43 7494
46 44 4862
46 45 3243
46 47 4206
46 48 2761
46 49 969
46 50 2915
46 51 4229
46 52 1592
46 53 4690
46 54 1177
46 55 3742
46 56 3230
46 57 838
46 58 8
46 59 4876
46 60 665
46 61 5682
46 62 7191
46 63 6450
46 64 6191
46 65 2968
46 66 6844
46 67 1809
46 68 5346
46 69 3964
46 70 4121
47 1 5383
47 2 6157
47 3 4437
47 4 4228
47 5 989
47 6 4845
47 7 6337
47 8 6126
47 9 7156
47 10 1763
47 11 5148
47 12 1826
47 13 1075
47 14 3062
47 15 783
47 16 4379
47 17 5697
47 18 147
47 19 5262
47 20 172
47 21 937
47 22 4030
47 23 3026
47 24 4067
47 25 3087
47 26 3669
47 27 5817
47 28 4672
47 29 3568
47 30 3883
47 31 7438
47 32 3276
47 33 3978
47 34 5714
47 35 5845
47 36 3617
47 37 4137
47 38 6485
47 39 2166
47 40 6926
47 41 5391
47 42 1099
47 43 7321
47 44 6121
47 45 7103
47 46 901
47 48 2664
47 49 1008
47 50 2033
47 51 2821
47 52 2155
47 53 6108
47 54 3021
47 55 4843
47 56 6354
47 57 1629
47 58 3819
47 59 3319
47 60 1164
47 61 4726
47 62 4662
47 63 2935
47 64 1738
47 65 6050
47 66 5106
47 67 868
47 68 1671
47 69 1661
47 70 30
48 1 40
48 2 2153
48 3 4802
48 4 4697
48 5 4357
48 6 1148
48 7 6125
48 8 6105
48 9 1482
48 10 5899
48 11 3435
48 12 2819
48 13 740
48 14 5211
48 15 5790
48 16 4928
48 17 2811
48 18 5953
48 19 83
48 20 1248
48 21 2701
48 22 1337
48 23 5135
48 24 1816
48 25 4733
48 26 1932
48 27 4659
48 28 4142
48 29 2631
48 30 3224
48 31 444
48 32 92
48 33 1372
48 34 5466
48 35 5385
48 36 72
48 37 4814
48 38 5975
48 39 4490
48 40 3535
48 41 1573
48 42 6366
48 43 3870
48 44 2600
48 45 6850
48 46 1650
48 47 6694
48 49 483
48 50 2503
48 51 7364
48 52 5306
48 53 2579
48 54 4282
48 55 6637
48 56 1969
48 57 997
48 58 7340
48 59 3117
48 60 3347
48 61 4601
48 62 6009
48 63 4639
48 64 4370
48 65 2372
48 66 2484
48 67 401
48 68 5051
48 69 1824
48 70 4404
49 1 3204
49 2 2955
49 3 4354
49 4 5695
49 5 7118
49 6 4206
49 7 271
49 8 6884
49 9 3552
49 10 5960
49 11 5437
49 12 1312
49 13 6368
49 14 318
49 15 6798
49 16 4253
49 17 3814
49 18 1315
49 19 2782
49 20 928
49 21 2764
49 22 5893
49 23 698
49 24 6978
49 25 5273
49 26 2707
49 27 6296
49 28 201
49 29 3092
49 30 2297
49 31 3273
49 32 6268
49 33 6374
49 34 3471
49 35 5918
49 36 5176
49 37 1319
49 38 1008
49 39 1681
49 40 4718
49 41 1993
49 42 5195
49 43 2815
49 44 2975
49 45 72
49 46 5837
49 47 538
49 48 4907
49 50 636
49 51 2981
49 52 688
49 53 5205
49 54 6306
49 55 2223
49 56 6905
49 57 5535
49 58 982
49 59 2778
49 60 834
49 61 1156
49 62 1468
49 63 6953
49 64 7476
49 65 1583
49 66 5475
49 67 5147
49 68 5028
49 69 2665
49 70 4870
50 1 5917
50 2 2874
50 3 1673
50 4 5388
50 5 5866
50 6 2525
50 7 3936
50 8 3298
50 9 5299
50 10 4345
50 11 2705
50 12 4416
50 13 351
50 14 4149
50 15 1870
50 16 4263
50 17 6988
50 18 1335
50 19 6748
50 20 2942
50 21 2566
50 22 688
50 23 1923
50 24 684
50 25 3600
50 26 6544
50 27 4615
50 28 1156
50 29 4044
50 30 816
50 31 7119
50 32 3343
50 33 7014
50 34 6509
50 35 823
50 36 2089
50 37 1023
50 38 977
50 39 919
50 40 680
50 41 4263
50 42 7146
50 43 2046
50 44 4521
50 45 4610
50 46 2397
50 47 776
50 48 3450
50 49 4687
50 51 2747
50 52 408
50 53 7242
50 54 1669
50 55 2912
50 56 3849
50 57 1721
50 58 286
50 59 3092
50 60 2433
50 61 38
50 62 2776
50 63 7133
50 64 1564
50 65 753
50 66 7146
50 67 2678
50 68 7243
50 69 6734
50 70 4292
51 1 5340
51 2 5138
51 3 753
51 4 3947
51 5 5307
51 6 3808
51 7 5425
51 8 217
51 9 1556
51 10 252
51 11 5942
51 12 2687
51 13 5823
51 14 2700
51 15 6884
51 16 2332
51 17 98
51 18 6223
51 19 3702
51 20 6841
51 21 450
51 22 1771
51 23 7397
51 24 5794
51 25 4694
51 26 5601
51 27 7204
51 28 3036
51 29 812
51 30 1653
51 31 1775
51 32 634
51 33 6699
51 34 7072
51 35 1525
51 36 2444
51 37 5642
51 38 4272
51 39 7264
51 40 4578
51 41 7340
51 42 886
51 43 4229
51 44 2630
51 45 2450
51 46 1758
51 47 3389
51 48 4055
51 49 4752
51 50 6564
51 52 4968
51 53 2525
51 54 4304
51 55 4094
51 56 1772
51 57 6393
51 58 3062
51 59 1341
51 60 678
51 61 4666
51 62 2532
51 63 2685
51 64 3148
51 65 4293
51 66 2391
51 67 6176
51 68 4326
51 69 835
51 70 417
52 1 3751
52 2 2302
52 3 560
52 4 2923
52 5 3799
52 6 3114
52 7 995
52 8 5226
52 9 5050
52 10 2935
52 11 4210
52 12 7388
52 13 3705
52 14 254
52 15 6680
52 16 1070
52 17 1036
52 18 6878
52 19 6713
52 20 3616
52 21 6223
52 22 6731
52 23 5923
52 24 377
52 25 3981
52 26 7185
52 27 1091
52 28 153
52 29 2903
52 30 5759
52 31 2249
52 32 3696
52 33 3387
52 34 5657
52 35 1796
52 36 3662
52 37 2879
52 38 754
52 39 3816
52 40 4718
52 41 5255
52 42 3199
52 43 6755
52 44 4848
52 45 6333
52 46 5245
52 47 4822
52 48 671
52 49 2889
52 50 6519
52 51 6613
52 53 5466
52 54 2511
52 55 4842
52 56 7018
52 57 3900
52 58 3354
52 59 3507
52 60 6364
52 61 1859
52 62 2323
52 63 4293
52 64 4871
52 65 5825
52 66 3748
52 67 3821
52 68 1842
52 69 2542
52 70 4528
53 1 3343
53 2 3398
53 3 5995
53 4 4471
53 5 2892
53 6 653
53 7 866
53 8 660
53 9 249
53 10 205
53 11 1414
53 12 4420
53 13 6788
53 14 5825
53 15 5654
53 16 4771
53 17 851
53 18 4591
53 19 1409
53 20 3359
53 21 2203
53 22 6971
53 23 7353
53 24 801
53 25 3140
53 26 3038
53 27 1724
53 28 1888
53 29 6558
53 30 3662
53 31 949
53 32 1262
53 33 3250
53 34 3249
53 35 5525
53 36 7202
53 37 557
53 38 3201
53 39 6033
53 40 1732
53 41 4367
53 42 3043
53 43 5303
53 44 952
53 45 7138
53 46 2606
53 47 1225
53 48 4663
53 49 6291
53 50 5771
53 51 3115
53 52 147
53 54 5380
53 55 7263
53 56 1297
53 57 1350
53 58 3916
53 59 6277
53 60 402
53 61 2257
53 62 342
53 63 335
53 64 3199
53 65 1146
53 66 2817
53 67 5594
53 68 4021
53 69 7258
53 70 6303
54 1 7337
54 2 2180
54 3 569
54 4 5154
54 5 5867
54 6 5327
54 7 4924
54 8 6048
54 9 7356
54 10 1636
54 11 1987
54 12 3499
54 13 1725
54 14 3176
54 15 2565
54 16 2494
54 17 2633
54 18 3902
54 19 6499
54 20 3293
54 21 5237
54 22 207
54 23 2850
54 24 4662
54 25 1625
54 26 823
54 27 4213
54 28 3843
54 29 5348
54 30 2125
54 31 2026
54 32 6455
54 33 7016
54 34 7075
54 35 1237
54 36 1149
54 37 4978
54 38 5269
54 39 3180
54 40 4179
54 41 964
54 42 3044
54 43 2590
54 44 3928
54 45 5373
54 46 915
54 47 457
54 48 4414
54 49 2838
54 50 2890
54 51 50
54 52 5522
54 53 1937
54 55 4083
54 56 2162
54 57 6706
54 58 7155
54 59 3979
54 60 5140
54 61 2654
54 62 3391
54 63 5937
54 64 1261
54 65 3630
54 66 6996
54 67 2399
54 68 284
54 69 2820
54 70 2674
55 1 215
55 2 2303
55 3 3224
55 4 4475
55 5 5002
55 6 3218
55 7 6832
55 8 1916
55 9 3530
55 10 5250
55 11 6486
55 12 701
55 13 5409
55 14 7498
55 15 2834
55 16 2908
55 17 6339
55 18 1149
55 19 3322
55 20 372
55 21 1755
55 22 2039
55 23 4692
55 24 5879
55 25 3637
55 26 4653
55 27 4472
55 28 5015
55 29 3154
55 30 5782
55 31 6291
55 32 6623
55 33 3381
55 34 6622
55 35 5467
55 36 3959
55 37 5209
55 38 4842
55 39 136
55 40 2069
55 41 2357
55 42 6573
55 43 4173
55 44 5785
55 45 1194
55 46 4658
55 47 6819
55 48 7019
55 49 118
55 50 4886
55 51 1461
55 52 5488
55 53 589
55 54 4332
55 56 1078
55 57 2446
55 58 3031
55 59 1707
55 60 5791
55 61 2704
55 62 4742
55 63 96
55 64 6594
55 65 4033
55 66 3523
55 67 6264
55 68 2254
55 69 1189
55 70 5847
56 1 6259
56 2 5686
56 3 5665
56 4 2267
56 5 4115
56 6 5262
56 7 6877
56 8 7055
56 9 5154
56 10 3740
56 11 199
56 12 5038
56 13 1421
56 14 2572
56 15 6861
56 16 4115
56 17 3439
56 18 3109
56 19 4737
56 20 2890
56 21 3080
56 22 7000
56 23 6455
56 24 2249
56 25 5634
56 26 1246
56 27 5924
56 28 4606
56 29 2282
56 30 2750
56 31 5894
56 32 4187
56 33 3873
56 34 7400
56 35 4989
56 36 6006
56 37 6243
56 38 337
56 39 5
56 40 5205
56 41 230
56 42 4538
56 43 7339
56 44 1978
56 45 6242
56 46 3612
56 47 5797
56 48 1298
56 49 6059
56 50 5018
56 51 3198
56 52 1516
56 53 4536
56 54 1054
56 55 6957
56 57 1869
56 58 2063
56 59 6439
56 60 4492
56 61 118
56 62 2088
56 63 6841
56 64 6591
56 65 1866
56 66 121
56 67 3153
56 68 2654
56 69 3111
56 70 4911
57 1 3732
57 2 2316
57 3 5057
57 4 3120
57 5 3830
57 6 3363
57 7 134
57 8 5993
57 9 7082
57 10 2483
57 11 2707
57 12 5903
57 13 6923
57 14 6698
57 15 3900
57 16 3599
57 17 4363
57 18 2627
57 19 375
57 20 254
57 21 3596
57 22 3773
57 23 607
57 24 5628
57 25 2119
57 26 7281
57 27 2959
57 28 3161
57 29 4680
57 30 4512
57 31 4849
57 32 3844
57 33 450
57 34 6993
57 35 7186
57 36 4760
57 37 3776
57 38 7436
57 39 2079
57 40 3022
57 41 3057
57 42 4676
57 43 2857
57 44 302
57 45 6989
57 46 827
57 47 6864
57 48 1019
57 49 4332
57 50 3334
57 51 4442
57 52 2964
57 53 4597
57 54 5899
57 55 996
57 56 3871
57 58 438
57 59 769
57 60 330
57 61 3110
57 62 1049
57 63 5934
57 64 1812
57 65 2304
57 66 4029
57 67 4058
57 68 4966
57 69 4093
57 70 4992
58 1 6496
58 2 815
58 3 1735
58 4 5837
58 5 5923
58 6 4466
58 7 4906
58 8 7367
58 9 3250
58 10 1139
58 11 3505
58 12 1684
58 13 3803
58 14 7473
58 15 4438
58 16 3675
58 17 1901
58 18 1278
58 19 5195
58 20 4361
58 21 2795
58 22 6748
58 23 4735
58 24 5196
58 25 207
58 26 5651
58 27 2523
58 28 1808
58 29 5544
58 30 7204
58 31 6098
58 32 6857
58 33 4555
58 34 270
58 35 7101
58 36 1218
58 37 7242
58 38 2360
58 39 4446
58 40 2980
58 41 6737
58 42 4798
58 43 1203
58 44 5649
58 45 356
58 46 927
58 47 149
58 48 7097
58 49 4103
58 50 714
58 51 6346
58 52 2209
58 53 753
58 54 5771
58 55 7291
58 56 254
58 57 4909
58 59 4827
58 60 5651
58 61 894
58 62 6628
58 63 4459
58 64 5675
58 65 5477
58 66 5406
58 67 1410
58 68 7310
58 69 413
58 70 5168
59 1 2213
59 2 681
59 3 4871
59 4 6946
59 5 3986
59 6 6822
59 7 447
59 8 2929
59 9 4027
59 10 742
59 11 5417
59 12 4446
59 13 80
59 14 3930
59 15 1746
59 16 155
59 17 2224
59 18 1664
59 19 4020
59 20 4454
59 21 6178
59 22 5475
59 23 2353
59 24 1847
59 25 4655
59 26 1486
59 27 971
59 28 485
59 29 485
59 30 6527
59 31 6836
59 32 7324
59 33 3097
59 34 334
59 35 4885
59 36 1350
59 37 5957
59 38 27
59 39 823
59 40 4896
59 41 663
59 42 2633
59 43 3909
59 44 6136
59 45 3207
59 46 3772
59 47 1813
59 48 3113
59 49 5697
59 50 4149
59 51 74
59 52 6243
59 53 2553
59 54 6196
59 55 1827
59 56 5426
59 57 5797
59 58 515
59 60 7204
59 61 2068
59 62 3636
59 63 2554
59 64 2819
59 65 1183
59 66 7118
59 67 3322
59 68 2847
59 69 3104
59 70 6684
60 1 2840
60 2 4345
60 3 688
60 4 2417
60 5 5718
60 6 4423
60 7 4580
60 8 1107
60 9 1784
60 10 1314
60 11 1561
60 12 1996
60 13 5856
60 14 7318
60 15 6163
60 16 6240
60 17 4748
60 18 4870
60 19 501
60 20 741
60 21 3296
60 22 4834
60 23 3959
60 24 1686
60 25 872
60 26 1894
60 27 5806
60 28 5178
60 29 7235
60 30 7365
60 31 2369
60 32 6505
60 33 3013
60 34 5069
60 35 740
60 36 5612
60 37 6910
60 38 2305
60 39 402
60 40 460
60 41 6982
60 42 2560
60 43 1287
60 44 7222
60 45 1278
60 46 5472
60 47 2621
60 48 6932
60 49 6189
60 50 1310
60 51 4692
60 52 4151
60 53 6828
60 54 6649
60 55 3811
60 56 4125
60 57 5319
60 58 3658
60 59 5791
60 61 1151
60 62 33
60 63 4424
60 64 1534
60 65 5977
60 66 2059
60 67 4791
60 68 1059
60 69 2274
60 70 6848
61 1 2196
61 2 5656
61 3 3208
61 4 6818
61 5 5530
61 6 3442
61 7 7379
61 8 4197
61 9 3806
61 10 4603
61 11 563
61 12 4232
61 13 3983
61 14 3329
61 15 4169
61 16 5491
61 17 2119
61 18 3438
61 19 5452
61 20 7086
61 21 3887
61 22 1754
61 23 2614
61 24 6447
61 25 2836
61 26 5021
61 27 3274
61 28 3742
61 29 3680
61 30 4107
61 31 3208
61 32 515
61 33 1231
61 34 709
61 35 2699
61 36 1956
61 37 1420
61 38 1656
61 39 3443
61 40 3781
61 41 5853
61 42 3538
61 43 475
61 44 3024
61 45 2627
61 46 1646
61 47 7235
61 48 2196
61 49 5620
61 50 5075
61 51 6076
61 52 6516
61 53 4561
61 54 2301
61 55 2453
61 56 7108
61 57 7252
61 58 956
61 59 3898
61 60 3132
61 62 5806
61 63 2778
61 64 2812
61 65 185
61 66 113
61 67 6006
61 68 6662
61 69 306
61 70 1799
62 1 650
62 2 5947
62 3 3987
62 4 3808
62 5 1482
62 6 5266
62 7 3195
62 8 2188
62 9 5024
62 10 6092
62 11 5217
62 12 4273
62 13 1218
62 14 7465
62 15 7431
62 16 2434
62 17 5208
62 18 4190
62 19 1626
62 20 6125
62 21 6706
62 22 433
62 23 5634
62 24 3789
62 25 3663
62 26 2916
62 27 1185
62 28 1351
62 29 262
62 30 784
62 31 3139
62 32 3976
62 33 601
62 34 2770
62 35 1162
62 36 2318
62 37 6449
62 38 5275
62 39 1455
62 40 4257
62 41 2750
62 42 2293
62 43 831
62 44 2409
62 45 6676
62 46 2967
62 47 1926
62 48 661
62 49 4950
62 50 4478
62 51 2315
62 52 5334
62 53 6844
62 54 4043
62 55 2343
62 56 4081
62 57 3039
62 58 4901
62 59 6177
62 60 6781
62 61 3288
62 63 6586
62 64 2695
62 65 5087
62 66 4569
62 67 3946
62 68 5686
62 69 6235
62 70 5168
63 1 1726
63 2 4464
63 3 3470
63 4 2679
63 5 1962
63 6 5988
63 7 1396
63 8 3201
63 9 2711
63 10 1051
63 11 4145
63 12 1333
63 13 5092
63 14 2078
63 15 4177
63 16 410
63 17 1496
63 18 2177
63 19 2974
63 20 7218
63 21 6696
63 22 4721
63 23 4719
63 24 1539
63 25 2015
63 26 6336
63 27 3395
63 28 3296
63 29 1127
63 30 2571
63 31 6099
63 32 5671
63 33 6973
63 34 1094
63 35 6281
63 36 394
63 37 1521
63 38 3134
63 39 7159
63 40 5778
63 41 899
63 42 1167
63 43 6347
63 44 7387
63 45 1417
63 46 139
63 47 1318
63 48 884
63 49 4232
63 50 3349
63 51 5981
63 52 5436
63 53 4660
63 54 1853
63 55 4819
63 56 3430
63 57 3249
63 58 3383
63 59 2966
63 60 2473
63 61 3778
63 62 564
63 64 6016
63 65 6462
63 66 453
63 67 2131
63 68 7235
63 69 624
63 70 3631
64 1 3854
64 2 1749
64 3 4421
64 4 6004
64 5 1767
64 6 4981
64 7 7392
64 8 7285
64 9 26
64 10 5105
64 11 681
64 12 1899
64 13 6219
64 14 1866
64 15 4622
64 16 3988
64 17 3064
64 18 4691
64 19 804
64 20 1173
64 21 5938
64 22 5821
64 23 764
64 24 7215
64 25 4215
64 26 4408
64 27 2928
64 28 3505
64 29 5662
64 30 3360
64 31 4186
64 32 6613
64 33 4347
64 34 6470
64 35 2553
64 36 323
64 37 6628
64 38 1858
64 39 366
64 40 2566
64 41 4898
64 42 1442
64 43 1926
64 44 2275
64 45 901
64 46 268
64 47 3134
64 48 6473
64 49 4271
64 50 6951
64 51 6060
64 52 840
64 53 2636
64 54 5206
64 55 5884
64 56 6342
64 57 5001
64 58 1132
64 59 2986
64 60 6876
64 61 3179
64 62 7495
64 63 5596
64 65 7277
64 66 4487
64 67 5481
64 68 976
64 69 3899
64 70 4081
65 1 1621
65 2 4523
65 3 6877
65 4 6885
65 5 3727
65 6 4525
65 7 4310
65 8 5626
65 9 5915
65 10 4472
65 11 2899
65 12 1615
65 13 2234
65 14 6521
65 15 4109
65 16 6271
65 17 2694
65 18 4785
65 19 1691
65 20 496
65 21 6235
65 22 386
65 23 1797
65 24 6035
65 25 3503
65 26 4867
65 27 1329
65 28 2697
65 29 3734
65 30 1989
65 31 2068
65 32 4084
65 33 1244
65 34 2455
65 35 3059
65 36 4055
65 37 2041
65 38 1259
65 39 4382
65 40 6712
65 41 5953
65 42 5715
65 43 4670
65 44 6521
65 45 6547
65 46 1507
65 47 6286
65 48 5562
65 49 1358
65 50 1557
65 51 3604
65 52 2455
65 53 42
65 54 5041
65 55 5974
65 56 3980
65 57 959
65 58 5417
65 59 5365
65 60 585
65 61 4373
65 62 6041
65 63 4145
65 64 4977
65 66 2630
65 67 819
65 68 3130
65 69 4534
65 70 2632
66 1 4453
66 2 5477
66 3 1377
66 4 1164
66 5 1898
66 6 6367
66 7 2711
66 8 550
66 9 3579
66 10 5297
66 11 3434
66 12 7450
66 13 6119
66 14 2398
66 15 6624
66 16 3820
66 17 42
66 18 41
66 19 2942
66 20 7374
66 21 963
66 22 3934
66 23 7215
66 24 5089
66 25 3738
66 26 6517
66 27 6023
66 28 2602
66 29 4477
66 30 7153
66 31 3603
66 32 1540
66 33 705
66 34 2937
66 35 1335
66 36 7205
66 37 4883
66 38 6052
66 39 5212
66 40 2296
66 41 4497
66 42 6135
66 43 4493
66 44 785
66 45 5689
66 46 2821
66 47 2271
66 48 1774
66 49 1482
66 50 6239
66 51 4099
66 52 3896
66 53 2020
66 54 3333
66 55 5256
66 56 6030
66 57 5087
66 58 6377
66 59 5133
66 60 5832
66 61 3108
66 62 353
66 63 4117
66 64 1212
66 65 5798
66 67 1717
66 68 2850
66 69 6300
66 70 5994
67 1 7340
67 2 6903
67 3 6423
67 4 4794
67 5 2206
67 6 6568
67 7 1617
67 8 136
67 9 2091
67 10 7223
67 11 4403
67 12 1795
67 13 6939
67 14 5014
67 15 6705
67 16 3541
67 17 4532
67 18 7256
67 19 977
67 20 2220
67 21 7253
67 22 2168
67 23 6522
67 24 2512
67 25 5450
67 26 7039
67 27 5040
67 28 7096
67 29 1686
67 30 2403
67 31 5629
67 32 4127
67 33 4460
67 34 2674
67 35 3827
67 36 6499
67 37 4554
67 38 334
67 39 4649
67 40 2083
67 41 3480
67 42 5295
67 43 7245
67 44 2789
67 45 7479
67 46 5843
67 47 4973
67 48 1825
67 49 84
67 50 7032
67 51 4068
67 52 6086
67 53 1711
67 54 6174
67 55 7460
67 56 1485
67 57 1
67 58 6270
67 59 368
67 60 3827
67 61 6424
67 62 6121
67 63 5182
67 64 2298
67 65 1160
67 66 2399
67 68 787
67 69 3255
67 70 5873
68 1 3014
68 2 972
68 3 68
68 4 5434
68 5 4411
68 6 4414
68 7 4748
68 8 4233
68 9 1433
68 10 494
68 11 7162
68 12 4569
68 13 2180
68 14 3907
68 15 5214
68 16 6953
68 17 2303
68 18 2372
68 19 3932
68 20 2082
68 21 1628
68 22 6763
68 23 6469
68 24 1317
68 25 6472
68 26 1130
68 27 4919
68 28 4493
68 29 6495
68 30 1941
68 31 5529
68 32 6588
68 33 1979
68 34 2379
68 35 3038
68 36 1861
68 37 3280
68 38 3876
68 39 2760
68 40 691
68 41 1601
68 42 3708
68 43 1987
68 44 6879
68 45 3409
68 46 7192
68 47 3128
68 48 5070
68 49 3530
68 50 3913
68 51 6109
68 52 3835
68 53 2405
68 54 2349
68 55 6731
68 56 3546
68 57 4413
68 58 1930
68 59 7188
68 60 56
68 61 2861
68 62 5888
68 63 5752
68 64 922
68 65 1303
68 66 7206
68 67 6709
68 69 3773
68 70 7428
69 1 7011
69 2 582
69 3 6234
69 4 2441
69 5 2449
69 6 5528
69 7 5299
69 8 4565
69 9 3519
69 10 4603
69 11 6280
69 12 4394
69 13 2605
69 14 1813
69 15 6936
69 16 6399
69 17 778
69 18 2215
69 19 3017
69 20 3962
69 21 917
69 22 4977
69 23 913
69 24 3042
69 25 18
69 26 3365
69 27 2788
69 28 4864
69 29 2528
69 30 4394
69 31 2219
69 32 2883
69 33 4832
69 34 3206
69 35 4143
69 36 4728
69 37 6559
69 38 3596
69 39 4658
69 40 4801
69 41 5068
69 42 522
69 43 7358
69 44 5646
69 45 3413
69 46 3165
69 47 6095
69 48 483
69 49 7408
69 50 2261
69 51 1113
69 52 2456
69 53 358
69 54 6975
69 55 6228
69 56 628
69 57 3428
69 58 5494
69 59 1769
69 60 1285
69 61 6184
69 62 1614
69 63 6378
69 64 4848
69 65 4033
69 66 5825
69 67 5878
69 68 770
69 70 4601
70 1 1305
70 2 2896
70 3 1972
70 4 768
70 5 3341
70 6 7266
70 7 7476
70 8 2386
70 9 950
70 10 1358
70 11 5495
70 12 729
70 13 212
70 14 2365
70 15 2151
70 16 446
70 17 4113
70 18 3597
70 19 776
70 20 7420
70 21 794
70 22 3623
70 23 5878
70 24 213
70 25 3042
70 26 2855
70 27 6595
70 28 605
70 29 6228
70 30 4716
70 31 3285
70 32 2818
70 33 2722
70 34 3797
70 35 1439
70 36 4623
70 37 4717
70 38 309
70 39 3497
70 40 3421
70 41 315
70 42 3987
70 43 6523
70 44 2405
70 45 3634
70 46 7384
70 47 2726
70 48 5333
70 49 6708
70 50 1248
70 51 2902
70 52 1420
70 53 6504
70 54 6525
70 55 1761
70 56 1643
70 57 3316
70 58 4681
70 59 152
70 60 3028
70 61 3161
70 62 510
70 63 694
70 64 1405
70 65 3610
70 66 1966
70 67 2540
70 68 1064
70 69 7149
