70 4830
1 2 2990
1 3 5560
1 4 4440
1 5 5117
1 6 7309
1 7 6714
1 8 4586
1 9 5326
1 10 5455
1 11 6535
1 12 1984
1 13 4442
1 14 5493
1 15 2596
1 16 2068
1 17 3399
1 18 2589
1 19 1810
1 20 3966
1 21 2552
1 22 1371
1 23 4902
1 24 5061
1 25 100
1 26 2575
1 27 7073
1 28 2153
1 29 3479
1 30 2760
1 31 1936
1 32 1758
1 33 7347
1 34 1211
1 35 12
1 36 1930
1 37 6323
1 38 2828
1 39 5826
1 40 1341
1 41 2014
1 42 6786
1 43 216
1 44 1465
1 45 2421
1 46 4458
1 47 5897
1 48 620
1 49 6347
1 50 7243
1 51 7470
1 52 5523
1 53 6862
1 54 3454
1 55 7127
1 56 5111
1 57 5110
1 58 2414
1 59 4813
1 60 1638
1 61 3138
1 62 3083
1 63 2570
1 64 5458
1 65 2782
1 66 4140
1 67 4094
1 68 2605
1 69 4116
1 70 1159
2 1 7438
2 3 6900
2 4 7201
2 5 1346
2 6 3728
2 7 1823
2 8 3847
2 9 2351
2 10 6135
2 11 3269
2 12 6394
2 13 931
2 14 6838
2 15 5437
2 16 5378
2 17 5982
2 18 5026
2 19 5922
2 20 6572
2 21 4819
2 22 5464
2 23 201
2 24 1232
2 25 4960
2 26 3423
2 27 68
2 28 11
2 29 4926
2 30 4935
2 31 6868
2 32 5264
2 33 2036
2 34 615
2 35 3064
2 36 5371
2 37 4950
2 38 5300
2 39 3722
2 40 309
2 41 4416
2 42 3173
2 43 2845
2 44 2494
2 45 3116
2 46 1473
2 47 587
2 48 4598
2 49 625
2 50 6713
2 51 4178
2 52 1674
2 53 2533
2 54 1821
2 55 2298
2 56 628
2 57 667
2 58 2203
2 59 4027
2 60 253
2 61 3076
2 62 6644
2 63 5089
2 64 5178
2 65 1670
2 66 958
2 67 5973
2 68 5453
2 69 5225
2 70 1965
3 1 2735
3 2 1171
3 4 1190
3 5 7448
3 6 1175
3 7 6092
3 8 1812
3 9 3566
3 10 251
3 11 685
3 12 4136
3 13 6236
3 14 5576
3 15 5732
3 16 1381
3 17 3412
3 18 5706
3 19 2344
3 20 6086
3 21 2933
3 22 5910
3 23 6812
3 24 6017
3 25 337
3 26 3453
3 27 2414
3 28 5123
3 29 5843
3 30 906
3 31 780
3 32 6271
3 33 2877
3 34 1720
3 35 7164
3 36 4868
3 37 6228
3 38 202
3 39 634
3 40 6258
3 41 4197
3 42 1336
3 43 5162
3 44 949
3 45 3945
3 46 4772
3 47 2459
3 48 2080
3 49 1961
3 50 6542
3 51 6178
3 52 1793
3 53 3822
3 54 4529
3 55 959
3 56 79
3 57 6671
3 58 3348
3 59 2179
3 60 2514
3 61 3978
3 62 6909
3 63 5490
3 64 3706
3 65 6232
3 66 423
3 67 3426
3 68 6132
3 69 6504
3 70 2455
4 1 3361
4 2 6317
4 3 2192
4 5 4857
4 6 2675
4 7 4269
4 8 5065
4 9 5137
4 10 1504
4 11 3467
4 12 975
4 13 3632
4 14 2752
4 15 5083
4 16 5130
4 17 4806
4 18 5204
4 19 1593
4 20 7359
4 21 2416
4 22 1770
4 23 3520
4 24 656
4 25 1272
4 26 2022
4 27 5623
4 28 2022
4 29 7175
4 30 7325
4 31 7064
4 32 6687
4 33 5811
4 34 5014
4 35 2259
4 36 5851
4 37 260
4 38 2587
4 39 50
4 40 4746
4 41 1826
4 42 6435
4 43 679
4 44 1673
4 45 5555
4 46 2530
4 47 1822
4 48 954
4 49 949
4 50 1998
4 51 7164
4 52 4126
4 53 7343
4 54 6177
4 55 5260
4 56 7309
4 57 3999
4 58 1786
4 59 5198
4 60 6462
4 61 6418
4 62 56
4 63 1414
4 64 1103
4 65 7333
4 66 4735
4 67 7050
4 68 6426
4 69 744
4 70 2492
5 1 5829
5 2 252
5 3 4809
5 4 391
5 6 3286
5 7 6976
5 8 304
5 9 2407
5 10 1447
5 11 1876
5 12 5548
5 13 5650
5 14 2392
5 15 3314
5 16 7173
5 17 5000
5 18 3291
5 19 1187
5 20 4179
5 21 5994
5 22 1977
5 23 6005
5 24 1100
5 25 1470
5 26 213
5 27 7053
5 28 7205
5 29 6246
5 30 6459
5 31 6694
5 32 831
5 33 7158
5 34 4908
5 35 1310
5 36 5867
5 37 6757
5 38 5307
5 39 6392
5 40 7051
5 41 6240
5 42 3782
5 43 4210
5 44 414
5 45 3377
5 46 2489
5 47 1826
5 48 58
5 49 2625
5 50 5074
5 51 1731
5 52 1411
5 53 1118
5 54 6640
5 55 5071
5 56 6854
5 57 3128
5 58 601
5 59 1266
5 60 6150
5 61 7182
5 62 1534
5 63 1094
5 64 2090
5 65 3710
5 66 2217
5 67 4468
5 68 1884
5 69 6058
5 70 6324
6 1 6827
6 2 7438
6 3 5759
6 4 46
6 5 4396
6 7 4810
6 8 3886
6 9 5835
6 10 3344
6 11 6095
6 12 3833
6 13 5570
6 14 6933
6 15 541
6 16 5600
6 17 1672
6 18 73
6 19 3762
6 20 6774
6 21 2316
6 22 7202
6 23 3012
6 24 4132
6 25 7060
6 26 3275
6 27 1995
6 28 5933
6 29 3546
6 30 3718
6 31 6370
6 32 1214
6 33 6517
6 34 6095
6 35 3594
6 36 858
6 37 2056
6 38 5856
6 39 904
6 40 577
6 41 5547
6 42 5979
6 43 2460
6 44 688
6 45 6544
6 46 2340
6 47 5756
6 48 2664
6 49 4241
6 50 1645
6 51 4448
6 52 3386
6 53 2481
6 54 3188
6 55 7468
6 56 5232
6 57 7297
6 58 4289
6 59 640
6 60 5632
6 61 1851
6 62 4393
6 63 1459
6 64 264
6 65 6273
6 66 2862
6 67 2221
6 68 1366
6 69 4519
6 70 3619
7 1 6560
7 2 3530
7 3 3485
7 4 5069
7 5 3949
7 6 6873
7 8 864
7 9 1934
7 10 6756
7 11 7357
7 12 2049
7 13 828
7 14 7421
7 15 4414
7 16 1021
7 17 1872
7 18 5803
7 19 616
7 20 1142
7 21 2429
7 22 3774
7 23 146
7 24 7353
7 25 95
7 26 6685
7 27 4200
7 28 7082
7 29 4875
7 30 5967
7 31 1324
7 32 6124
7 33 6339
7 34 5387
7 35 3532
7 36 3186
7 37 6965
7 38 943
7 39 3270
7 40 1199
7 41 3212
7 42 4530
7 43 5939
7 44 2862
7 45 2840
7 46 442
7 47 3196
7 48 3361
7 49 5379
7 50 10
7 51 4530
7 52 4971
7 53 6257
7 54 1606
7 55 3437
7 56 1971
7 57 7072
7 58 4021
7 59 6182
7 60 5905
7 61 594
7 62 7435
7 63 6686
7 64 1178
7 65 3227
7 66 2182
7 67 3170
7 68 738
7 69 2341
7 70 248
8 1 4852
8 2 6159
8 3 2379
8 4 753
8 5 729
8 6 4748
8 7 19
8 9 7189
8 10 5349
8 11 6280
8 12 2598
8 13 4795
8 14 1595
8 15 5830
8 16 7290
8 17 5691
8 18 6510
8 19 7497
8 20 7308
8 21 2955
8 22 4060
8 23 6075
8 24 7172
8 25 4037
8 26 6735
8 27 3396
8 28 2629
8 29 3828
8 30 6389
8 31 1476
8 32 4344
8 33 3534
8 34 2748
8 35 979
8 36 7034
8 37 7276
8 38 1840
8 39 4375
8 40 7220
8 41 3721
8 42 1921
8 43 5282
8 44 1848
8 45 5402
8 46 4936
8 47 5029
8 48 6648
8 49 6267
8 50 745
8 51 2838
8 52 3281
8 53 2194
8 54 1793
8 55 3449
8 56 4638
8 57 3243
8 58 4700
8 59 3789
8 60 4703
8 61 3319
8 62 1213
8 63 2624
8 64 2519
8 65 5287
8 66 3561
8 67 6728
8 68 2722
8 69 2104
8 70 666
9 1 3430
9 2 1501
9 3 729
9 4 6551
9 5 1955
9 6 118
9 7 897
9 8 5234
9 10 6236
9 11 2012
9 12 1868
9 13 5370
9 14 4461
9 15 3628
9 16 5544
9 17 69
9 18 2518
9 19 4953
9 20 521
9 21 6291
9 22 3070
9 23 4763
9 24 2450
9 25 3007
9 26 2235
9 27 5312
9 28 524
9 29 5711
9 30 3316
9 31 7071
9 32 7111
9 33 330
9 34 1232
9 35 7008
9 36 6111
9 37 6995
9 38 6971
9 39 2536
9 40 2766
9 41 1752
9 42 2941
9 43 5227
9 44 7360
9 45 1702
9 46 3585
9 47 4820
9 48 6296
9 49 3550
9 50 3639
9 51 283
9 52 1117
9 53 869
9 54 4511
9 55 5131
9 56 3553
9 57 1948
9 58 4957
9 59 5197
9 60 3713
9 61 2534
9 62 84
9 63 4658
9 64 467
9 65 361
9 66 1325
9 67 5065
9 68 6840
9 69 1804
9 70 1551
10 1 596
10 2 7403
10 3 4889
10 4 3263
10 5 4001
10 6 2512
10 7 6216
10 8 6527
10 9 7149
10 11 932
10 12 2250
10 13 2935
10 14 2110
10 15 3409
10 16 2710
10 17 30
10 18 3575
10 19 1963
10 20 170
10 21 7313
10 22 7274
10 23 2747
10 24 5843
10 25 1367
10 26 1138
10 27 2671
10 28 6158
10 29 2534
10 30 3989
10 31 862
10 32 4427
10 33 5129
10 34 3792
10 35 298
10 36 2827
10 37 2972
10 38 7402
10 39 4723
10 40 6597
10 41 3430
10 42 4967
10 43 6428
10 44 5487
10 45 1705
10 46 5150
10 47 2475
10 48 5853
10 49 2533
10 50 4971
10 51 4626
10 52 1384
10 53 1306
10 54 3260
10 55 2016
10 56 2429
10 57 1487
10 58 4523
10 59 2376
10 60 5275
10 61 4643
10 62 1814
10 63 1342
10 64 6725
10 65 1870
10 66 4409
10 67 3246
10 68 77
10 69 6115
10 70 1525
11 1 596
11 2 5525
11 3 5265
11 4 1820
11 5 5806
11 6 7149
11 7 1781
11 8 7373
11 9 833
11 10 2276
11 12 4499
11 13 5865
11 14 7200
11 15 2253
11 16 6130
11 17 4387
11 18 4218
11 19 2286
11 20 1134
11 21 1508
11 22 5244
11 23 6720
11 24 6300
11 25 3513
11 26 3659
11 27 1232
11 28 4213
11 29 3310
11 30 3954
11 31 5626
11 32 6598
11 33 2112
11 34 2284
11 35 5314
11 36 4018
11 37 6861
11 38 6874
11 39 966
11 40 6138
11 41 5050
11 42 6528
11 43 2216
11 44 4510
11 45 2199
11 46 5848
11 47 5911
11 48 727
11 49 7221
11 50 4204
11 51 5154
11 52 2531
11 53 3599
11 54 1454
11 55 6264
11 56 712
11 57 7244
11 58 5685
11 59 1022
11 60 7037
11 61 2493
11 62 6179
11 63 5085
11 64 5447
11 65 182
11 66 2462
11 67 2291
11 68 98
11 69 1472
11 70 3988
12 1 2893
12 2 4545
12 3 1727
12 4 5470
12 5 6477
12 6 5804
12 7 4884
12 8 3566
12 9 5985
12 10 3085
12 11 51
12 13 1560
12 14 1561
12 15 2583
12 16 2318
12 17 686
12 18 7259
12 19 6632
12 20 5907
12 21 1929
12 22 5379
12 23 727
12 24 5158
12 25 5891
12 26 4646
12 27 538
12 28 6488
12 29 5686
12 30 7423
12 31 3074
12 32 4591
12 33 3549
12 34 5628
12 35 4922
12 36 2069
12 37 2817
12 38 7071
12 39 3865
12 40 3523
12 41 2513
12 42 1529
12 43 4547
12 44 3406
12 45 2617
12 46 6379
12 47 7206
12 48 2844
12 49 2159
12 50 652
12 51 4803
12 52 1898
12 53 3921
12 54 1455
12 55 2226
12 56 1106
12 57 430
12 58 1526
12 59 6804
12 60 6260
12 61 3853
12 62 2714
12 63 4480
12 64 5445
12 65 2785
12 66 933
12 67 6406
12 68 4576
12 69 814
12 70 7030
13 1 7380
13 2 3035
13 3 2802
13 4 6660
13 5 7031
13 6 3597
13 7 6368
13 8 185
13 9 2712
13 10 4729
13 11 1639
13 12 4054
13 14 404
13 15 3776
13 16 2985
13 17 6180
13 18 778
13 19 3819
13 20 4867
13 21 2441
13 22 5886
13 23 4556
13 24 1349
13 25 3582
13 26 4837
13 27 3777
13 28 2369
13 29 6417
13 30 3799
13 31 6093
13 32 5667
13 33 4659
13 34 3814
13 35 3582
13 36 1296
13 37 5176
13 38 68
13 39 4393
13 40 795
13 41 4207
13 42 1981
13 43 5852
13 44 2069
13 45 3285
13 46 1075
13 47 2674
13 48 5251
13 49 753
13 50 3018
13 51 4769
13 52 2883
13 53 3440
13 54 367
13 55 6999
13 56 4223
13 57 1452
13 58 1558
13 59 82
13 60 4342
13 61 4302
13 62 6213
13 63 5086
13 64 1488
13 65 3845
13 66 5858
13 67 5250
13 68 2461
13 69 1843
13 70 4825
14 1 6371
14 2 4432
14 3 2358
14 4 244
14 5 1649
14 6 5168
14 7 2301
14 8 1118
14 9 3862
14 10 3172
14 11 363
14 12 1607
14 13 1772
14 15 7338
14 16 6344
14 17 5967
14 18 989
14 19 6971
14 20 7339
14 21 1634
14 22 406
14 23 2790
14 24 1025
14 25 12
14 26 213
14 27 7187
14 28 4835
14 29 5648
14 30 2289
14 31 3517
14 32 6380
14 33 1045
14 34 1951
14 35 2296
14 36 1995
14 37 1934
14 38 2175
14 39 4047
14 40 4257
14 41 6564
14 42 3178
14 43 3
14 44 566
14 45 6845
14 46 5528
14 47 3092
14 48 3405
14 49 2091
14 50 1488
14 51 7435
14 52 5157
14 53 4220
14 54 6668
14 55 4696
14 56 2693
14 57 3603
14 58 6084
14 59 5207
14 60 1302
14 61 7441
14 62 4404
14 63 5598
14 64 7342
14 65 3481
14 66 4094
14 67 6672
14 68 2802
14 69 339
14 70 3912
15 1 3156
15 2 1267
15 3 7161
15 4 3715
15 5 6731
15 6 2415
15 7 2977
15 8 4781
15 9 2343
15 10 597
15 11 5744
15 12 3845
15 13 3778
15 14 2371
15 16 5832
15 17 459
15 18 768
15 19 72
15 20 4372
15 21 124
15 22 3390
15 23 6631
15 24 2534
15 25 3981
15 26 3819
15 27 2508
15 28 6764
15 29 2573
15 30 3393
15 31 4964
15 32 6723
15 33 411
15 34 1727
15 35 5033
15 36 76
15 37 6275
15 38 7129
15 39 3902
15 40 2765
15 41 3790
15 42 3136
15 43 2053
15 44 3806
15 45 1996
15 46 5011
15 47 3184
15 48 7469
15 49 1207
15 50 5653
15 51 1455
15 52 5505
15 53 4831
15 54 434
15 55 5357
15 56 2873
15 57 6488
15 58 3239
15 59 1911
15 60 2934
15 61 2284
15 62 6637
15 63 7261
15 64 3463
15 65 4569
15 66 1717
15 67 5505
15 68 3179
15 69 1144
15 70 2380
16 1 7374
16 2 4146
16 3 6292
16 4 6683
16 5 3510
16 6 48
16 7 4081
16 8 4323
16 9 2551
16 10 2950
16 11 4638
16 12 2136
16 13 1062
16 14 4081
16 15 1619
16 17 4345
16 18 4511
16 19 3188
16 20 5016
16 21 5457
16 22 5110
16 23 3650
16 24 4287
16 25 5745
16 26 1909
16 27 3721
16 28 286
16 29 4812
16 30 2270
16 31 5508
16 32 6247
16 33 2672
16 34 4630
16 35 409
16 36 495
16 37 1914
16 38 7148
16 39 3912
16 40 2284
16 41 5467
16 42 1561
16 43 1110
16 44 1254
16 45 4598
16 46 5499
16 47 3355
16 48 3907
16 49 1286
16 50 129
16 51 3864
16 52 3338
16 53 6340
16 54 6231
16 55 2813
16 56 1813
16 57 4432
16 58 4750
16 59 5058
16 60 5091
16 61 3629
16 62 2870
16 63 1977
16 64 4728
16 65 371
16 66 1237
16 67 1413
16 68 417
16 69 4694
16 70 3066
17 1 2904
17 2 6904
17 3 4821
17 4 5652
17 5 3652
17 6 4911
17 7 1491
17 8 4169
17 9 7431
17 10 2089
17 11 2882
17 12 2437
17 13 2374
17 14 4655
17 15 2396
17 16 3844
17 18 1903
17 19 4281
17 20 5149
17 21 7417
17 22 365
17 23 978
17 24 1789
17 25 6846
17 26 5409
17 27 352
17 28 6731
17 29 6905
17 30 5901
17 31 4766
17 32 3309
17 33 1977
17 34 2913
17 35 4047
17 36 3073
17 37 2669
17 38 5834
17 39 7281
17 40 1592
17 41 521
17 42 3074
17 43 2313
17 44 1430
17 45 3655
17 46 1693
17 47 4270
17 48 5922
17 49 2171
17 50 3012
17 51 2611
17 52 339
17 53 6645
17 54 5514
17 55 7174
17 56 6180
17 57 204
17 58 982
17 59 426
17 60 661
17 61 571
17 62 5051
17 63 6730
17 64 7494
17 65 3249
17 66 6126
17 67 1255
17 68 1673
17 69 687
17 70 3279
18 1 7042
18 2 3484
18 3 3029
18 4 4758
18 5 4760
18 6 6575
18 7 3668
18 8 3492
18 9 1213
18 10 4642
18 11 5921
18 12 2742
18 13 4369
18 14 5769
18 15 7218
18 16 2694
18 17 3878
18 19 2845
18 20 6077
18 21 4974
18 22 1394
18 23 2541
18 24 409
18 25 7252
18 26 4586
18 27 3620
18 28 3304
18 29 1895
18 30 4422
18 31 1438
18 32 6984
18 33 3286
18 34 5535
18 35 4307
18 36 5077
18 37 3515
18 38 6034
18 39 68
18 40 6096
18 41 904
18 42 3748
18 43 4643
18 44 7462
18 45 1396
18 46 5536
18 47 3440
18 48 5877
18 49 1774
18 50 5654
18 51 104
18 52 5436
18 53 7207
18 54 5634
18 55 5892
18 56 4088
18 57 3070
18 58 5406
18 59 6002
18 60 5462
18 61 4260
18 62 4656
18 63 5130
18 64 5410
18 65 3247
18 66 4373
18 67 1571
18 68 7171
18 69 6294
18 70 312
19 1 1966
19 2 5181
19 3 4657
19 4 4681
19 5 1605
19 6 6806
19 7 2189
19 8 5181
19 9 7491
19 10 4887
19 11 7224
19 12 3015
19 13 261
19 14 5083
19 15 5227
19 16 6808
19 17 5335
19 18 5058
19 20 3152
19 21 5364
19 22 1520
19 23 4302
19 24 6400
19 25 3488
19 26 3498
19 27 810
19 28 4868
19 29 1225
19 30 1375
19 31 3888
19 32 1033
19 33 2918
19 34 6223
19 35 1663
19 36 3690
19 37 827
19 38 3878
19 39 805
19 40 3051
19 41 3587
19 42 3652
19 43 6647
19 44 2763
19 45 4503
19 46 2132
19 47 3702
19 48 2487
19 49 5174
19 50 5622
19 51 4175
19 52 4415
19 53 4448
19 54 6002
19 55 6782
19 56 4087
19 57 3434
19 58 4379
19 59 2612
19 60 4172
19 61 2174
19 62 3047
19 63 3255
19 64 1451
19 65 760
19 66 4099
19 67 4130
19 68 4145
19 69 5601
19 70 5788
20 1 3989
20 2 5832
20 3 6659
20 4 565
20 5 7367
20 6 3401
20 7 328
20 8 3243
20 9 6452
20 10 5753
20 11 4920
20 12 7001
20 13 5707
20 14 4146
20 15 5416
20 16 6388
20 17 318
20 18 6409
20 19 2524
20 21 5293
20 22 2332
20 23 7039
20 24 556
20 25 2064
20 26 4455
20 27 3580
20 28 4566
20 29 1314
20 30 2006
20 31 2938
20 32 3067
20 33 3162
20 34 3766
20 35 117
20 36 2102
20 37 7356
20 38 4283
20 39 5981
20 40 5547
20 41 692
20 42 6737
20 43 632
20 44 6936
20 45 4871
20 46 3195
20 47 2446
20 48 4785
20 49 690
20 50 4877
20 51 1062
20 52 6158
20 53 6581
20 54 4161
20 55 6001
20 56 4226
20 57 6387
20 58 4691
20 59 1196
20 60 3989
20 61 6225
20 62 7152
20 63 4433
20 64 4942
20 65 3860
20 66 4949
20 67 3831
20 68 4858
20 69 4939
20 70 3235
21 1 6380
21 2 3219
21 3 2219
21 4 4529
21 5 4139
21 6 1428
21 7 6545
21 8 7009
21 9 3422
21 10 7010
21 11 879
21 12 2419
21 13 4888
21 14 3805
21 15 1279
21 16 6652
21 17 2934
21 18 6825
21 19 2853
21 20 2423
21 22 2265
21 23 3016
21 24 2702
21 25 6079
21 26 3066
21 27 5219
21 28 6342
21 29 4181
21 30 2377
21 31 4460
21 32 2202
21 33 3581
21 34 729
21 35 4879
21 36 5120
21 37 4219
21 38 5604
21 39 6957
21 40 4585
21 41 5139
21 42 2179
21 43 2375
21 44 6518
21 45 7270
21 46 7139
21 47 454
21 48 4706
21 49 3679
21 50 6458
21 51 5888
21 52 4797
21 53 6524
21 54 6644
21 55 1020
21 56 1361
21 57 3510
21 58 6800
21 59 6886
21 60 5971
21 61 633
21 62 4425
21 63 4946
21 64 7131
21 65 2054
21 66 645
21 67 6839
21 68 5219
21 69 2787
21 70 2565
22 1 1878
22 2 2820
22 3 3757
22 4 6730
22 5 1554
22 6 102
22 7 566
22 8 6945
22 9 575
22 10 5943
22 11 1523
22 12 5122
22 13 7314
22 14 2028
22 15 1375
22 16 6696
22 17 7245
22 18 5804
22 19 4580
22 20 1469
22 21 376
22 23 4887
22 24 4105
22 25 2749
22 26 7090
22 27 6328
22 28 6920
22 29 6310
22 30 1221
22 31 1182
22 32 674
22 33 3677
22 34 6389
22 35 3616
22 36 114
22 37 7467
22 38 1361
22 39 1391
22 40 6589
22 41 4300
22 42 3932
22 43 7284
22 44 1944
22 45 5878
22 46 6706
22 47 2484
22 48 5279
22 49 6022
22 50 4281
22 51 4977
22 52 790
22 53 1716
22 54 7008
22 55 4225
22 56 5596
22 57 5234
22 58 2782
22 59 5592
22 60 5605
22 61 7260
22 62 3087
22 63 2459
22 64 5664
22 65 2873
22 66 5293
22 67 761
22 68 147
22 69 5395
22 70 4340
23 1 3680
23 2 5535
23 3 1417
23 4 6732
23 5 4307
23 6 4881
23 7 1356
23 8 4955
23 9 6905
23 10 5366
23 11 4302
23 12 7400
23 13 6510
23 14 1759
23 15 3842
23 16 6200
23 17 5975
23 18 7458
23 19 7460
23 20 863
23 21 6621
23 22 6136
23 24 7423
23 25 4930
23 26 2827
23 27 5993
23 28 5358
23 29 5617
23 30 2494
23 31 123
23 32 293
23 33 1797
23 34 6152
23 35 865
23 36 323
23 37 6938
23 38 7040
23 39 5935
23 40 6440
23 41 3568
23 42 3455
23 43 801
23 44 2043
23 45 2717
23 46 3930
23 47 1953
23 48 2518
23 49 519
23 50 3580
23 51 3965
23 52 4956
23 53 6051
23 54 6518
23 55 3236
23 56 7121
23 57 543
23 58 6648
23 59 4440
23 60 2180
23 61 3188
23 62 606
23 63 3582
23 64 3362
23 65 4898
23 66 2134
23 67 3468
23 68 6500
23 69 4600
23 70 4563
24 1 4003
24 2 1937
24 3 525
24 4 1543
24 5 5766
24 6 3764
24 7 2126
24 8 3646
24 9 1258
24 10 1571
24 11 623
24 12 3918
24 13 1321
24 14 6611
24 15 5416
24 16 2796
24 17 6275
24 18 1598
24 19 6007
24 20 4667
24 21 5799
24 22 4844
24 23 6575
24 25 4032
24 26 5682
24 27 5219
24 28 67
24 29 2498
24 30 2263
24 31 257
24 32 2408
24 33 2993
24 34 1457
24 35 3210
24 36 5284
24 37 6460
24 38 521
24 39 6148
24 40 3627
24 41 3255
24 42 1342
24 43 2920
24 44 3564
24 45 5604
24 46 1083
24 47 6292
24 48 1196
24 49 72
24 50 2218
24 51 1210
24 52 5175
24 53 6250
24 54 1486
24 55 3752
24 56 3574
24 57 3252
24 58 4221
24 59 211
24 60 3873
24 61 4998
24 62 4084
24 63 170
24 64 2560
24 65 1788
24 66 1641
24 67 1682
24 68 1480
24 69 7056
24 70 1742
25 1 6919
25 2 5024
25 3 1929
25 4 3070
25 5 6869
25 6 5631
25 7 3448
25 8 2513
25 9 2631
25 10 3549
25 11 3508
25 12 7207
25 13 3812
25 14 1517
25 15 2121
25 16 742
25 17 1001
25 18 3125
25 19 1954
25 20 5642
25 21 7124
25 22 7020
25 23 6248
25 24 3014
25 26 6687
25 27 3556
25 28 3737
25 29 2696
25 30 7429
25 31 1453
25 32 218
25 33 4860
25 34 6591
25 35 1969
25 36 5745
25 37 5236
25 38 4346
25 39 4548
25 40 2559
25 41 6045
25 42 5185
25 43 6013
25 44 5318
25 45 2421
25 46 6480
25 47 6447
25 48 4323
25 49 6456
25 50 7196
25 51 6725
25 52 769
25 53 2915
25 54 3925
25 55 2036
25 56 5937
25 57 4230
25 58 3565
25 59 5412
25 60 3903
25 61 6395
25 62 6326
25 63 5747
25 64 2860
25 65 2856
25 66 3973
25 67 6017
25 68 1227
25 69 7300
25 70 195
26 1 2927
26 2 1013
26 3 4247
26 4 5523
26 5 1612
26 6 4164
26 7 1105
26 8 6779
26 9 2738
26 10 4239
26 11 3335
26 12 3364
26 13 892
26 14 4414
26 15 538
26 16 6914
26 17 2402
26 18 4121
26 19 2918
26 20 6391
26 21 7289
26 22 4896
26 23 6574
26 24 5816
26 25 266
26 27 7381
26 28 5393
26 29 5594
26 30 678
26 31 4126
26 32 1067
26 33 6182
26 34 3260
26 35 3434
26 36 1397
26 37 3494
26 38 4456
26 39 1661
26 40 5154
26 41 7167
26 42 4911
26 43 3860
26 44 2845
26 45 4108
26 46 3099
26 47 1754
26 48 6285
26 49 458
26 50 4114
26 51 2178
26 52 577
26 53 46
26 54 7224
26 55 2320
26 56 3055
26 57 44
26 58 2842
26 59 3127
26 60 3018
26 61 6889
26 62 399
26 63 3937
26 64 1887
26 65 4295
26 66 4382
26 67 69
26 68 5403
26 69 196
26 70 3973
27 1 5028
27 2 3023
27 3 1008
27 4 6194
27 5 3398
27 6 5699
27 7 7241
27 8 243
27 9 6775
27 10 5604
27 11 6744
27 12 5258
27 13 2565
27 14 5689
27 15 796
27 16 6164
27 17 5098
27 18 6366
27 19 5953
27 20 3904
27 21 5670
27 22 6181
27 23 444
27 24 2534
27 25 2501
27 26 5862
27 28 1066
27 29 5044
27 30 2554
27 31 552
27 32 1915
27 33 4592
27 34 3773
27 35 6918
27 36 1585
27 37 1594
27 38 4445
27 39 5509
27 40 6116
27 41 6914
27 42 4033
27 43 6747
27 44 291
27 45 6559
27 46 4046
27 47 4836
27 48 3570
27 49 3475
27 50 2673
27 51 3323
27 52 5085
27 53 6339
27 54 4814
27 55 4199
27 56 3775
27 57 1938
27 58 6296
27 59 4291
27 60 712
27 61 1204
27 62 2788
27 63 3276
27 64 6964
27 65 2906
27 66 1814
27 67 4244
27 68 6938
27 69 7347
27 70 1456
28 1 3848
28 2 4135
28 3 2628
28 4 3379
28 5 1534
28 6 5137
28 7 5401
28 8 2145
28 9 2011
28 10 1801
28 11 4567
28 12 6036
28 13 2426
28 14 946
28 15 5799
28 16 5167
28 17 5895
28 18 5437
28 19 323
28 20 3106
28 21 3855
28 22 4025
28 23 6138
28 24 5666
28 25 5097
28 26 2530
28 27 3041
28 29 3781
28 30 75
28 31 1078
28 32 4007
28 33 6698
28 34 416
28 35 3445
28 36 6296
28 37 4503
28 38 4178
28 39 2348
28 40 6728
28 41 1023
28 42 1091
28 43 3697
28 44 2802
28 45 5852
28 46 2709
28 47 4473
28 48 4942
28 49 5927
28 50 5046
28 51 1252
28 52 1808
28 53 343
28 54 5073
28 55 4589
28 56 772
28 57 6032
28 58 1199
28 59 2151
28 60 938
28 61 467
28 62 4349
28 63 2903
28 64 1942
28 65 6357
28 66 1834
28 67 3515
28 68 2357
28 69 3082
28 70 1785
29 1 6305
29 2 1401
29 3 1090
29 4 6658
29 5 2551
29 6 7368
29 7 558
29 8 2157
29 9 4275
29 10 6991
29 11 4341
29 12 6451
29 13 6554
29 14 6820
29 15 2560
29 16 831
29 17 5799
29 18 1839
29 19 2449
29 20 5052
29 21 3408
29 22 4492
29 23 6893
29 24 1261
29 25 7170
29 26 2597
29 27 2942
29 28 3617
29 30 669
29 31 1439
29 32 3970
29 33 5626
29 34 2036
29 35 161
29 36 5541
29 37 7316
29 38 2713
29 39 5060
29 40 1950
29 41 5554
29 42 3696
29 43 3633
29 44 2507
29 45 4266
29 46 3113
29 47 3774
29 48 5392
29 49 2010
29 50 6122
29 51 2798
29 52 3623
29 53 4465
29 54 276
29 55 7136
29 56 2275
29 57 6309
29 58 6366
29 59 3817
29 60 3583
29 61 2145
29 62 2805
29 63 3434
29 64 6046
29 65 5686
29 66 5227
29 67 6762
29 68 244
29 69 4259
29 70 5617
30 1 786
30 2 5282
30 3 4653
30 4 6244
30 5 3558
30 6 5421
30 7 5924
30 8 4864
30 9 1091
30 10 2174
30 11 6646
30 12 2843
30 13 4572
30 14 5213
30 15 2775
30 16 1881
30 17 2042
30 18 3050
30 19 183
30 20 4894
30 21 3442
30 22 1854
30 23 1406
30 24 5511
30 25 4859
30 26 423
30 27 5024
30 28 5200
30 29 6352
30 31 1291
30 32 7212
30 33 2381
30 34 3328
30 35 1557
30 36 4521
30 37 876
30 38 5570
30 39 4169
30 40 4873
30 41 3306
30 42 758
30 43 4438
30 44 1641
30 45 3785
30 46 4262
30 47 1036
30 48 3925
30 49 435
30 50 2935
30 51 6013
30 52 7041
30 53 5824
30 54 1049
30 55 668
30 56 2008
30 57 1979
30 58 6125
30 59 1426
30 60 384
30 61 3718
30 62 3075
30 63 743
30 64 1415
30 65 3317
30 66 6995
30 67 2809
30 68 4302
30 69 6229
30 70 2254
31 1 6648
31 2 3233
31 3 7390
31 4 5921
31 5 3794
31 6 1663
31 7 560
31 8 4217
31 9 6653
31 10 131
31 11 1625
31 12 5761
31 13 1925
31 14 5462
31 15 6511
31 16 3537
31 17 2189
31 18 7200
31 19 1042
31 20 7031
31 21 1317
31 22 4821
31 23 230
31 24 5905
31 25 19
31 26 2539
31 27 5291
31 28 4190
31 29 2895
31 30 4988
31 32 734
31 33 5654
31 34 15
31 35 6624
31 36 5886
31 37 3483
31 38 7037
31 39 5975
31 40 2542
31 41 4286
31 42 816
31 43 4192
31 44 4788
31 45 24
31 46 2503
31 47 1487
31 48 770
31 49 98
31 50 369
31 51 6107
31 52 6930
31 53 5801
31 54 6596
31 55 3331
31 56 1378
31 57 584
31 58 6090
31 59 5114
31 60 2831
31 61 1681
31 62 4311
31 63 3952
31 64 7120
31 65 2307
31 66 2177
31 67 5975
31 68 7120
31 69 1671
31 70 1650
32 1 7284
32 2 3464
32 3 918
32 4 292
32 5 7407
32 6 3817
32 7 384
32 8 6892
32 9 1590
32 10 3419
32 11 6869
32 12 6757
32 13 3089
32 14 5526
32 15 7482
32 16 2015
32 17 1136
32 18 703
32 19 7064
32 20 5778
32 21 600
32 22 707
32 23 737
32 24 522
32 25 1247
32 26 7269
32 27 102
32 28 3976
32 29 3886
32 30 5396
32 31 5801
32 33 3581
32 34 3417
32 35 3649
32 36 7059
32 37 5573
32 38 2590
32 39 6271
32 40 4203
32 41 3498
32 42 6985
32 43 7046
32 44 7115
32 45 527
32 46 4487
32 47 5508
32 48 6434
32 49 4903
32 50 2850
32 51 5724
32 52 4750
32 53 5539
32 54 2626
32 55 6063
32 56 5409
32 57 1918
32 58 2168
32 59 6345
32 60 6201
32 61 3977
32 62 3058
32 63 5223
32 64 5615
32 65 2137
32 66 4795
32 67 3150
32 68 1107
32 69 6561
32 70 3945
33 1 677
33 2 1543
33 3 6007
33 4 7163
33 5 3798
33 6 5387
33 7 2715
33 8 3860
33 9 7429
33 10 6582
33 11 5240
33 12 3935
33 13 1109
33 14 1701
33 15 1400
33 16 824
33 17 3857
33 18 7411
33 19 6082
33 20 5741
33 21 6125
33 22 4793
33 23 2815
33 24 155
33 25 3109
33 26 4045
33 27 1355
33 28 5433
33 29 4452
33 30 6968
33 31 6868
33 32 5232
33 34 3941
33 35 1125
33 36 2515
33 37 1885
33 38 5838
33 39 4764
33 40 2630
33 41 7268
33 42 141
33 43 2897
33 44 6240
33 45 4578
33 46 4247
33 47 295
33 48 7462
33 49 948
33 50 3477
33 51 166
33 52 945
33 53 5955
33 54 6040
33 55 4534
33 56 946
33 57 7029
33 58 876
33 59 4252
33 60 6654
33 61 2110
33 62 7056
33 63 3919
33 64 930
33 65 6575
33 66 5269
33 67 1044
33 68 4619
33 69 7109
33 70 1556
34 1 6575
34 2 5974
34 3 4692
34 4 7224
34 5 5508
34 6 821
34 7 5829
34 8 3399
34 9 4693
34 10 6722
34 11 5048
34 12 3230
34 13 1060
34 14 5911
34 15 3456
34 16 7437
34 17 6569
34 18 4848
34 19 2868
34 20 4794
34 21 2486
34 22 93
34 23 6370
34 24 3135
34 25 6499
34 26 7213
34 27 7103
34 28 5441
34 29 2556
34 30 1809
34 31 7128
34 32 6970
34 33 1107
34 35 6017
34 36 3440
34 37 1415
34 38 7186
34 39 995
34 40 5557
34 41 2963
34 42 753
34 43 2292
34 44 4878
34 45 1073
34 46 2399
34 47 3237
34 48 7479
34 49 6931
34 50 1185
34 51 7290
34 52 3260
34 53 3325
34 54 3221
34 55 7209
34 56 5292
34 57 255
34 58 6071
34 59 4919
34 60 3027
34 61 2242
34 62 4325
34 63 6662
34 64 4307
34 65 5708
34 66 2301
34 67 5410
34 68 1521
34 69 1774
34 70 3785
35 1 472
35 2 6790
35 3 5698
35 4 4803
35 5 1614
35 6 3246
35 7 4397
35 8 1926
35 9 3735
35 10 5691
35 11 7158
35 12 3180
35 13 2347
35 14 3971
35 15 441
35 16 6091
35 17 1353
35 18 7182
35 19 3569
35 20 7315
35 21 3140
35 22 1190
35 23 5078
35 24 2496
35 25 51
35 26 5789
35 27 704
35 28 4700
35 29 6040
35 30 3716
35 31 4295
35 32 724
35 33 3381
35 34 3146
35 36 2277
35 37 2595
35 38 4127
35 39 5383
35 40 638
35 41 2568
35 42 1353
35 43 5031
35 44 4777
35 45 495
35 46 6703
35 47 6794
35 48 6792
35 49 2926
35 50 5159
35 51 6291
35 52 2911
35 53 6061
35 54 4658
35 55 6077
35 56 4198
35 57 4546
35 58 5116
35 59 3205
35 60 4480
35 61 4746
35 62 6542
35 63 4833
35 64 5398
35 65 5170
35 66 270
35 67 521
35 68 5894
35 69 6326
35 70 542
36 1 6404
36 2 2001
36 3 3091
36 4 6373
36 5 760
36 6 7070
36 7 6882
36 8 6154
36 9 3808
36 10 653
36 11 1695
36 12 5292
36 13 6008
36 14 5613
36 15 7294
36 16 4157
36 17 3463
36 18 6181
36 19 3231
36 20 5847
36 21 4125
36 22 5600
36 23 5355
36 24 7130
36 25 4086
36 26 2908
36 27 2628
36 28 6524
36 29 2040
36 30 2036
36 31 2219
36 32 411
36 33 607
36 34 6633
36 35 4651
36 37 5475
36 38 2540
36 39 608
36 40 6331
36 41 2853
36 42 976
36 43 4269
36 44 4644
36 45 6645
36 46 4655
36 47 5254
36 48 3300
36 49 3209
36 50 5427
36 51 3747
36 52 2981
36 53 4602
36 54 1708
36 55 6687
36 56 6163
36 57 6333
36 58 4928
36 59 3995
36 60 538
36 61 1706
36 62 6963
36 63 6534
36 64 2682
36 65 1269
36 66 5013
36 67 5950
36 68 375
36 69 4125
36 70 5489
37 1 665
37 2 2448
37 3 1588
37 4 4114
37 5 7143
37 6 395
37 7 3094
37 8 2936
37 9 7469
37 10 875
37 11 1165
37 12 4304
37 13 5193
37 14 6985
37 15 7302
37 16 422
37 17 667
37 18 3727
37 19 2849
37 20 1454
37 21 4926
37 22 2436
37 23 409
37 24 6237
37 25 2730
37 26 5044
37 27 2044
37 28 3920
37 29 7049
37 30 1833
37 31 662
37 32 2937
37 33 2196
37 34 2874
37 35 6004
37 36 247
37 38 5591
37 39 1625
37 40 6630
37 41 4994
37 42 795
37 43 7228
37 44 1832
37 45 2106
37 46 3033
37 47 921
37 48 6874
37 49 1357
37 50 4623
37 51 3602
37 52 4944
37 53 1055
37 54 3402
37 55 2228
37 56 2957
37 57 3200
37 58 6538
37 59 479
37 60 6565
37 61 5770
37 62 1894
37 63 318
37 64 3691
37 65 2918
37 66 2275
37 67 5839
37 68 3676
37 69 1303
37 70 418
38 1 4292
38 2 6031
38 3 1768
38 4 2443
38 5 4448
38 6 7157
38 7 3935
38 8 6705
38 9 4498
38 10 1096
38 11 4120
38 12 1264
38 13 7281
38 14 162
38 15 3174
38 16 2427
38 17 5402
38 18 541
38 19 3505
38 20 1998
38 21 6888
38 22 5934
38 23 910
38 24 4963
38 25 6495
38 26 1329
38 27 1038
38 28 1309
38 29 5565
38 30 4488
38 31 3121
38 32 3728
38 33 4611
38 34 7119
38 35 1825
38 36 1251
38 37 5092
38 39 3325
38 40 757
38 41 969
38 42 4579
38 43 4116
38 44 7424
38 45 2366
38 46 3407
38 47 4866
38 48 2869
38 49 4100
38 50 5985
38 51 5081
38 52 106
38 53 872
38 54 576
38 55 2583
38 56 1807
38 57 5501
38 58 2176
38 59 4224
38 60 4729
38 61 6447
38 62 5948
38 63 816
38 64 4795
38 65 2261
38 66 3469
38 67 5
38 68 7357
38 69 3471
38 70 2949
39 1 4912
39 2 4530
39 3 2604
39 4 5390
39 5 736
39 6 1740
39 7 2399
39 8 677
39 9 1692
39 10 6599
39 11 1358
39 12 2544
39 13 130
39 14 1853
39 15 521
39 16 2536
39 17 4498
39 18 710
39 19 15
39 20 6743
39 21 2974
39 22 4517
39 23 2374
39 24 2484
39 25 4485
39 26 4660
39 27 1954
39 28 4900
39 29 6370
39 30 2715
39 31 7459
39 32 2770
39 33 6220
39 34 4239
39 35 3172
39 36 4769
39 37 7035
39 38 139
39 40 565
39 41 4960
39 42 3036
39 43 5553
39 44 3906
39 45 5515
39 46 1872
39 47 6421
39 48 4376
39 49 335
39 50 5210
39 51 7451
39 52 2145
39 53 1622
39 54 1299
39 55 1699
39 56 5625
39 57 1741
39 58 6165
39 59 476
39 60 3923
39 61 3508
39 62 2155
39 63 5025
39 64 5797
39 65 2179
39 66 7415
39 67 5147
39 68 3999
39 69 2722
39 70 1405
40 1 5809
40 2 6085
40 3 3330
40 4 6813
40 5 2800
40 6 6886
40 7 5096
40 8 89
40 9 4334
40 10 478
40 11 1158
40 12 4588
40 13 3874
40 14 645
40 15 6726
40 16 6076
40 17 3935
40 18 6256
40 19 328
40 20 5280
40 21 1191
40 22 2303
40 23 6837
40 24 6298
40 25 3428
40 26 5898
40 27 4816
40 28 6921
40 29 5159
40 30 994
40 31 7363
40 32 6339
40 33 2275
40 34 6776
40 35 6303
40 36 4301
40 37 6080
40 38 6762
40 39 1573
40 41 1089
40 42 6779
40 43 6749
40 44 1700
40 45 2041
40 46 1503
40 47 139
40 48 6348
40 49 5272
40 50 3481
40 51 2771
40 52 346
40 53 7152
40 54 5341
40 55 5935
40 56 4473
40 57 1428
40 58 175
40 59 318
40 60 4057
40 61 6212
40 62 519
40 63 6748
40 64 6511
40 65 2511
40 66 3374
40 67 1178
40 68 6931
40 69 6258
40 70 3104
41 1 4109
41 2 6623
41 3 5126
41 4 1683
41 5 1878
41 6 2062
41 7 1397
41 8 1189
41 9 1059
41 10 5826
41 11 3500
41 12 1830
41 13 3327
41 14 4280
41 15 3161
41 16 168
41 17 5891
41 18 6960
41 19 2934
41 20 4458
41 21 2678
41 22 3983
41 23 914
41 24 2091
41 25 2084
41 26 2733
41 27 5278
41 28 3259
41 29 743
41 30 248
41 31 787
41 32 6167
41 33 658
41 34 339
41 35 74
41 36 1119
41 37 1347
41 38 2563
41 39 1481
41 40 5272
41 42 921
41 43 1538
41 44 2071
41 45 6896
41 46 5221
41 47 420
41 48 6239
41 49 2130
41 50 7150
41 51 7236
41 52 3699
41 53 1025
41 54 5001
41 55 4921
41 56 3373
41 57 2693
41 58 2819
41 59 3917
41 60 4971
41 61 5978
41 62 7089
41 63 5413
41 64 6291
41 65 4774
41 66 1744
41 67 6180
41 68 6045
41 69 2012
41 70 7115
42 1 4202
42 2 5392
42 3 1575
42 4 4667
42 5 6238
42 6 2513
42 7 992
42 8 6232
42 9 6483
42 10 7310
42 11 5090
42 12 3691
42 13 4854
42 14 4970
42 15 3473
42 16 1209
42 17 1799
42 18 3652
42 19 4653
42 20 2579
42 21 2064
42 22 6297
42 23 2368
42 24 6272
42 25 6246
42 26 6698
42 27 3819
42 28 481
42 29 6274
42 30 33
42 31 1905
42 32 4204
42 33 4198
42 34 2916
42 35 4972
42 36 157
42 37 3040
42 38 5854
42 39 1730
42 40 1554
42 41 3668
42 43 2883
42 44 145
42 45 3393
42 46 1143
42 47 3303
42 48 3739
42 49 4487
42 50 3126
42 51 380
42 52 2787
42 53 3567
42 54 3925
42 55 664
42 56 3709
42 57 88
42 58 6295
42 59 3142
42 60 3406
42 61 6953
42 62 3954
42 63 3955
42 64 310
42 65 5826
42 66 2249
42 67 4253
42 68 4163
42 69 1476
42 70 4386
43 1 1195
43 2 7100
43 3 79
43 4 2816
43 5 106
43 6 3393
43 7 3891
43 8 7389
43 9 3993
43 10 2684
43 11 4144
43 12 1298
43 13 4579
43 14 7179
43 15 6143
43 16 517
43 17 4015
43 18 3778
43 19 1023
43 20 1337
43 21 1469
43 22 5815
43 23 376
43 24 29
43 25 5376
43 26 6927
43 27 6676
43 28 5526
43 29 2597
43 30 5423
43 31 6130
43 32 909
43 33 1268
43 34 5032
43 35 601
43 36 1483
43 37 1468
43 38 3297
43 39 2963
43 40 4080
43 41 1423
43 42 2448
43 44 2332
43 45 2905
43 46 536
43 47 5177
43 48 1806
43 49 4224
43 50 6707
43 51 3282
43 52 3404
43 53 7372
43 54 1952
43 55 79
43 56 7363
43 57 1391
43 58 1839
43 59 2597
43 60 2599
43 61 1366
43 62 1887
43 63 3976
43 64 937
43 65 1322
43 66 5640
43 67 7348
43 68 1780
43 69 6425
43 70 913
44 1 1058
44 2 210
44 3 3383
44 4 4634
44 5 2031
44 6 6760
44 7 4703
44 8 3358
44 9 7459
44 10 3112
44 11 622
44 12 2477
44 13 4952
44 14 525
44 15 2017
44 16 5082
44 17 3546
44 18 848
44 19 4779
44 20 6505
44 21 7452
44 22 2727
44 23 5083
44 24 4687
44 25 3759
44 26 4964
44 27 7455
44 28 3248
44 29 5021
44 30 929
44 31 5115
44 32 7007
44 33 7284
44 34 5552
44 35 973
44 36 6135
44 37 2154
44 38 6526
44 39 6798
44 40 1258
44 41 2778
44 42 5199
44 43 6157
44 45 1743
44 46 1975
44 47 1294
44 48 5214
44 49 3500
44 50 6090
44 51 104
44 52 1842
44 53 797
44 54 2373
44 55 5104
44 56 2905
44 57 3974
44 58 2503
44 59 978
44 60 3517
44 61 4753
44 62 6531
44 63 2502
44 64 253
44 65 1089
44 66 140
44 67 5794
44 68 4026
44 69 2217
44 70 2200
45 1 876
45 2 6236
45 3 823
45 4 2831
45 5 5661
45 6 2655
45 7 4517
45 8 5745
45 9 7453
45 10 5346
45 11 2315
45 12 721
45 13 6379
45 14 116
45 15 2788
45 16 7276
45 17 1946
45 18 4014
45 19 6507
45 20 3666
45 21 6617
45 22 7228
45 23 3868
45 24 4485
45 25 1389
45 26 6384
45 27 3260
45 28 6612
45 29 4740
45 30 5370
45 31 441
45 32 5566
45 33 2789
45 34 1313
45 35 1349
45 36 4152
45 37 4084
45 38 6401
45 39 2291
45 40 3626
45 41 5076
45 42 6104
45 43 2047
45 44 5936
45 46 4977
45 47 456
45 48 3791
45 49 1788
45 50 7379
45 51 7218
45 52 5652
45 53 4730
45 54 6404
45 55 1637
45 56 7374
45 57 1415
45 58 1555
45 59 4617
45 60 3328
45 61 348
45 62 5830
45 63 5058
45 64 2752
45 65 4159
45 66 4465
45 67 37
45 68 5099
45 69 4603
45 70 1308
46 1 802
46 2 7466
46 3 890
46 4 4325
46 5 1425
46 6 2922
46 7 6493
46 8 1383
46 9 6340
46 10 862
46 11 7419
46 12 97
46 13 5889
46 14 1538
46 15 2275
46 16 2929
46 17 2728
46 18 2059
46 19 2592
46 20 4234
46 21 5078
46 22 5141
46 23 1566
46 24 5976
46 25 233
46 26 6594
46 27 6856
46 28 3211
46 29 3231
46 30 173
46 31 4943
46 32 3104
46 33 1785
46 34 3737
46 35 4961
46 36 6748
46 37 3150
46 38 5020
46 39 6394
46 40 5886
46 41 7220
46 42 4091
46 43 124
46 44 4402
46 45 4801
46 47 3051
46 48 1810
46 49 5912
46 50 5895
46 51 6421
46 52 1488
46 53 3462
46 54 55
46 55 3077
46 56 1224
46 57 3338
46 58 6896
46 59 4471
46 60 6847
46 61 3746
46 62 6284
46 63 6837
46 64 4935
46 65 1654
46 66 3227
46 67 7462
46 68 95
46 69 2990
46 70 2947
47 1 1096
47 2 5432
47 3 7343
47 4 1859
47 5 521
47 6 6415
47 7 2190
47 8 3909
47 9 6004
47 10 5832
47 11 5369
47 12 1223
47 13 3234
47 14 6168
47 15 4560
47 16 1451
47 17 834
47 18 911
47 19 2233
47 20 4642
47 21 7199
47 22 598
47 23 242
47 24 2246
47 25 258
47 26 6554
47 27 5606
47 28 3081
47 29 1108
47 30 2318
47 31 4952
47 32 3062
47 33 1416
47 34 2691
47 35 5672
47 36 3350
47 37 7495
47 38 1179
47 39 6519
47 40 5124
47 41 1387
47 42 7042
47 43 1673
47 44 6373
47 45 3725
47 46 6209
47 48 5894
47 49 5441
47 50 5266
47 51 5944
47 52 3335
47 53 3328
47 54 2896
47 55 6187
47 56 5913
47 57 5346
47 58 6721
47 59 532
47 60 3868
47 61 2075
47 62 1501
47 63 4341
47 64 2364
47 65 5239
47 66 6125
47 67 6852
47 68 4748
47 69 1238
47 70 242
48 1 5132
48 2 7224
48 3 2469
48 4 6273
48 5 3645
48 6 6418
48 7 1823
48 8 5124
48 9 2585
48 10 4497
48 11 1370
48 12 4283
48 13 5845
48 14 1902
48 15 2512
48 16 3186
48 17 3204
48 18 2333
48 19 7183
48 20 7235
48 21 1804
48 22 2110
48 23 2950
48 24 395
48 25 4730
48 26 3485
48 27 4248
48 28 4481
48 29 5458
48 30 3008
48 31 589
48 32 4431
48 33 3576
48 34 7129
48 35 6039
48 36 5824
48 37 361
48 38 7473
48 39 6915
48 40 843
48 41 1977
48 42 6131
48 43 698
48 44 3804
48 45 6341
48 46 1474
48 47 6690
48 49 1651
48 50 5866
48 51 2881
48 52 4672
48 53 6237
48 54 5096
48 55 416
48 56 7073
48 57 3417
48 58 6674
48 59 7061
48 60 7335
48 61 6578
48 62 2184
48 63 791
48 64 2861
48 65 7095
48 66 7412
48 67 6009
48 68 7282
48 69 3476
48 70 6041
49 1 4996
49 2 5410
49 3 302
49 4 5702
49 5 2051
49 6 1199
49 7 1962
49 8 3562
49 9 3901
49 10 371
49 11 7330
49 12 6668
49 13 4285
49 14 2430
49 15 337
49 16 948
49 17 6676
49 18 433
49 19 4703
49 20 2009
49 21 6187
49 22 5525
49 23 2264
49 24 3157
49 25 2511
49 26 6801
49 27 7374
49 28 6668
49 29 130
49 30 6618
49 31 642
49 32 445
49 33 3702
49 34 2732
49 35 6598
49 36 339
49 37 5202
49 38 3067
49 39 1437
49 40 7176
49 41 6574
49 42 5251
49 43 3237
49 44 6795
49 45 7158
49 46 709
49 47 1016
49 48 2151
49 50 5806
49 51 2826
49 52 2341
49 53 5894
49 54 754
49 55 3850
49 56 1339
49 57 5919
49 58 5487
49 59 3704
49 60 4379
49 61 4938
49 62 5354
49 63 6048
49 64 4912
49 65 6404
49 66 4503
49 67 1761
49 68 4293
49 69 2952
49 70 5424
50 1 1815
50 2 6440
50 3 745
50 4 6562
50 5 198
50 6 3520
50 7 3280
50 8 4077
50 9 1573
50 10 6918
50 11 2799
50 12 2200
50 13 4879
50 14 771
50 15 996
50 16 3314
50 17 747
50 18 5872
50 19 298
50 20 7028
50 21 3683
50 22 3107
50 23 140
50 24 6058
50 25 1478
50 26 844
50 27 65
50 28 3194
50 29 1409
50 30 5261
50 31 1653
50 32 47
50 33 1512
50 34 5462
50 35 7276
50 36 5910
50 37 6604
50 38 4790
50 39 236
50 40 6805
50 41 3613
50 42 4379
50 43 1022
50 44 6077
50 45 6261
50 46 1614
50 47 1280
50 48 3183
50 49 7298
50 51 3390
50 52 1008
50 53 11
50 54 7347
50 55 5084
50 56 5784
50 57 1574
50 58 4528
50 59 2903
50 60 6278
50 61 6965
50 62 264
50 63 7308
50 64 4109
50 65 4818
50 66 6095
50 67 6549
50 68 6580
50 69 420
50 70 178
51 1 6189
51 2 7360
51 3 6473
51 4 5312
51 5 5512
51 6 1153
51 7 7193
51 8 2301
51 9 519
51 10 1724
51 11 4800
51 12 6775
51 13 6935
51 14 6619
51 15 3394
51 16 4179
51 17 1685
51 18 3686
51 19 2264
51 20 4938
51 21 2243
51 22 3806
51 23 3900
51 24 704
51 25 5215
51 26 4073
51 27 6393
51 28 7158
51 29 5176
51 30 2171
51 31 1610
51 32 7261
51 33 4031
51 34 5803
51 35 5064
51 36 4235
51 37 6340
51 38 7434
51 39 6003
51 40 114
51 41 6606
51 42 1870
51 43 6985
51 44 6733
51 45 6709
51 46 2439
51 47 549
51 48 2385
51 49 3228
51 50 3541
51 52 7102
51 53 224
51 54 629
51 55 2403
51 56 1711
51 57 2898
51 58 2693
51 59 6428
51 60 5474
51 61 6372
51 62 166
51 63 5468
51 64 1192
51 65 7418
51 66 2209
51 67 75
51 68 3484
51 69 3304
51 70 1936
52 1 6985
52 2 5144
52 3 1980
52 4 4475
52 5 5555
52 6 380
52 7 1292
52 8 2362
52 9 1079
52 10 742
52 11 3467
52 12 2635
52 13 179
52 14 5446
52 15 6113
52 16 1438
52 17 5497
52 18 5189
52 19 7426
52 20 3774
52 21 3403
52 22 5756
52 23 5685
52 24 5043
52 25 7500
52 26 4351
52 27 5961
52 28 1508
52 29 2586
52 30 2896
52 31 1420
52 32 98
52 33 4573
52 34 7236
52 35 907
52 36 3832
52 37 3258
52 38 6410
52 39 4976
52 40 499
52 41 7483
52 42 1921
52 43 6827
52 44 1071
52 45 3704
52 46 5629
52 47 7372
52 48 699
52 49 788
52 50 6126
52 51 2878
52 53 6596
52 54 4499
52 55 6283
52 56 2200
52 57 6195
52 58 6297
52 59 4854
52 60 1562
52 61 3905
52 62 127
52 63 4452
52 64 5790
52 65 2593
52 66 2223
52 67 7205
52 68 5851
52 69 5567
52 70 4344
53 1 1497
53 2 526
53 3 6299
53 4 2348
53 5 353
53 6 7102
53 7 7260
53 8 3715
53 9 5820
53 10 7352
53 11 3830
53 12 5464
53 13 379
53 14 2497
53 15 1606
53 16 3732
53 17 1222
53 18 5459
53 19 684
53 20 6151
53 21 2032
53 22 1165
53 23 2937
53 24 4308
53 25 3386
53 26 1710
53 27 2819
53 28 993
53 29 1989
53 30 4085
53 31 4857
53 32 4866
53 33 5128
53 34 2832
53 35 3051
53 36 1573
53 37 1780
53 38 2880
53 39 6072
53 40 4245
53 41 7309
53 42 1193
53 43 4190
53 44 2670
53 45 548
53 46 4875
53 47 2457
53 48 4537
53 49 4241
53 50 5830
53 51 6338
53 52 4083
53 54 2033
53 55 649
53 56 6911
53 57 4080
53 58 2390
53 59 4923
53 60 3868
53 61 3182
53 62 2549
53 63 2936
53 64 6102
53 65 7442
53 66 534
53 67 5908
53 68 7212
53 69 3435
53 70 2230
54 1 3387
54 2 6992
54 3 4886
54 4 883
54 5 6818
54 6 5141
54 7 1357
54 8 2058
54 9 1050
54 10 1142
54 11 1771
54 12 2242
54 13 2760
54 14 2601
54 15 2859
54 16 74
54 17 6128
54 18 4812
54 19 970
54 20 4418
54 21 417
54 22 3260
54 23 46
54 24 2022
54 25 2074
54 26 1844
54 27 2297
54 28 2222
54 29 4327
54 30 1324
54 31 286
54 32 3811
54 33 3372
54 34 4473
54 35 7480
54 36 2139
54 37 4279
54 38 5337
54 39 3481
54 40 3608
54 41 1266
54 42 2175
54 43 4132
54 44 3687
54 45 3119
54 46 3462
54 47 852
54 48 2324
54 49 2105
54 50 5879
54 51 288
54 52 3434
54 53 6953
54 55 1277
54 56 1209
54 57 6068
54 58 7445
54 59 3767
54 60 5865
54 61 3343
54 62 7147
54 63 1530
54 64 4251
54 65 5279
54 66 7083
54 67 3996
54 68 1084
54 69 1278
54 70 7050
55 1 5354
55 2 2710
55 3 4045
55 4 6465
55 5 4508
55 6 252
55 7 2343
55 8 3444
55 9 192
55 10 5749
55 11 3023
55 12 930
55 13 2166
55 14 5100
55 15 5049
55 16 6421
55 17 4139
55 18 7126
55 19 4527
55 20 4608
55 21 2956
55 22 5979
55 23 2129
55 24 6887
55 25 3435
55 26 7048
55 27 7098
55 28 546
55 29 2244
55 30 3469
55 31 1868
55 32 5908
55 33 3222
55 34 1958
55 35 5326
55 36 1683
55 37 2662
55 38 2555
55 39 3053
55 40 5039
55 41 3161
55 42 5196
55 43 2682
55 44 4736
55 45 2004
55 46 2118
55 47 3473
55 48 7476
55 49 4617
55 50 3730
55 51 2758
55 52 6100
55 53 4013
55 54 1602
55 56 2792
55 57 1919
55 58 5928
55 59 5524
55 60 1465
55 61 1118
55 62 1143
55 63 5619
55 64 4076
55 65 1855
55 66 4551
55 67 7322
55 68 3610
55 69 2431
55 70 5751
56 1 3924
56 2 303
56 3 4197
56 4 5688
56 5 5047
56 6 6092
56 7 2092
56 8 1563
56 9 7155
56 10 1445
56 11 4527
56 12 6160
56 13 1149
56 14 1617
56 15 312
56 16 6646
56 17 3839
56 18 4982
56 19 5291
56 20 6872
56 21 4784
56 22 47
56 23 149
56 24 7468
56 25 786
56 26 2332
56 27 4595
56 28 4776
56 29 5525
56 30 804
56 31 2833
56 32 2199
56 33 4087
56 34 2375
56 35 5683
56 36 3055
56 37 7184
56 38 4221
56 39 6529
56 40 6678
56 41 7179
56 42 3224
56 43 5428
56 44 5149
56 45 4315
56 46 3239
56 47 4737
56 48 1508
56 49 7099
56 50 7053
56 51 5017
56 52 2595
56 53 896
56 54 5595
56 55 4876
56 57 4753
56 58 1346
56 59 1751
56 60 5262
56 61 3591
56 62 5604
56 63 2209
56 64 7010
56 65 4663
56 66 5742
56 67 1734
56 68 7145
56 69 1473
56 70 531
57 1 1932
57 2 5043
57 3 7420
57 4 1656
57 5 5600
57 6 977
57 7 574
57 8 3452
57 9 1427
57 10 1314
57 11 4064
57 12 3569
57 13 1340
57 14 3203
57 15 3765
57 16 3870
57 17 3352
57 18 5393
57 19 4628
57 20 6420
57 21 4772
57 22 5300
57 23 5032
57 24 5380
57 25 1627
57 26 5896
57 27 6285
57 28 1088
57 29 911
57 30 6627
57 31 6874
57 32 6931
57 33 7115
57 34 869
57 35 1761
57 36 1759
57 37 5486
57 38 3239
57 39 6726
57 40 7448
57 41 6583
57 42 714
57 43 1706
57 44 7104
57 45 6779
57 46 6969
57 47 1111
57 48 1857
57 49 6457
57 50 1500
57 51 7270
57 52 3195
57 53 3980
57 54 763
57 55 5735
57 56 226
57 58 7345
57 59 4401
57 60 5374
57 61 709
57 62 3677
57 63 2518
57 64 7351
57 65 1165
57 66 1658
57 67 267
57 68 604
57 69 2334
57 70 3182
58 1 6278
58 2 2052
58 3 2254
58 4 620
58 5 7223
58 6 5572
58 7 4117
58 8 6227
58 9 2985
58 10 7107
58 11 3784
58 12 5107
58 13 3776
58 14 5474
58 15 2079
58 16 6442
58 17 340
58 18 1908
58 19 6090
58 20 1933
58 21 1247
58 22 3144
58 23 434
58 24 1612
58 25 5467
58 26 4871
58 27 6102
58 28 2132
58 29 3719
58 30 4665
58 31 127
58 32 3246
58 33 5359
58 34 5023
58 35 1195
58 36 5261
58 37 3834
58 38 5781
58 39 5187
58 40 6961
58 41 5179
58 42 3996
58 43 4059
58 44 3038
58 45 6159
58 46 5411
58 47 5066
58 48 1929
58 49 7062
58 50 3386
58 51 4556
58 52 4808
58 53 3225
58 54 6103
58 55 2177
58 56 4691
58 57 7107
58 59 1357
58 60 1465
58 61 41
58 62 6991
58 63 2001
58 64 822
58 65 1081
58 66 2528
58 67 1517
58 68 153
58 69 6038
58 70 7193
59 1 669
59 2 5973
59 3 2484
59 4 5701
59 5 4020
59 6 3391
59 7 72
59 8 5911
59 9 1143
59 10 3169
59 11 5609
59 12 1056
59 13 3007
59 14 5900
59 15 4479
59 16 3081
59 17 5879
59 18 373
59 19 4068
59 20 1494
59 21 536
59 22 1323
59 23 4983
59 24 2036
59 25 2956
59 26 6508
59 27 4118
59 28 3048
59 29 3144
59 30 5405
59 31 7337
59 32 5624
59 33 4628
59 34 1571
59 35 5253
59 36 2859
59 37 7385
59 38 5303
59 39 4750
59 40 532
59 41 1635
59 42 4180
59 43 4291
59 44 7447
59 45 3936
59 46 3531
59 47 6106
59 48 647
59 49 505
59 50 5880
59 51 2994
59 52 2991
59 53 6099
59 54 4276
59 55 4443
59 56 5233
59 57 6388
59 58 2949
59 60 260
59 61 2642
59 62 7423
59 63 4464
59 64 1528
59 65 1186
59 66 2926
59 67 2200
59 68 6487
59 69 898
59 70 872
60 1 7426
60 2 1525
60 3 4228
60 4 3144
60 5 6407
60 6 7456
60 7 2199
60 8 6371
60 9 1483
60 10 2304
60 11 5400
60 12 7295
60 13 2768
60 14 1091
60 15 516
60 16 7299
60 17 5742
60 18 3369
60 19 2391
60 20 4111
60 21 475
60 22 5942
60 23 3130
60 24 5632
60 25 5924
60 26 4891
60 27 2508
60 28 6051
60 29 3085
60 30 4718
60 31 4093
60 32 7185
60 33 4965
60 34 3371
60 35 4237
60 36 4564
60 37 6617
60 38 1791
60 39 2614
60 40 7005
60 41 3721
60 42 6988
60 43 1985
60 44 1738
60 45 1058
60 46 5422
60 47 3587
60 48 6915
60 49 4021
60 50 5352
60 51 5970
60 52 1267
60 53 2437
60 54 1492
60 55 7153
60 56 6142
60 57 1785
60 58 6183
60 59 3600
60 61 3525
60 62 1424
60 63 5914
60 64 2259
60 65 1324
60 66 4708
60 67 5507
60 68 3127
60 69 1549
60 70 3124
61 1 4765
61 2 1429
61 3 6424
61 4 2635
61 5 314
61 6 524
61 7 848
61 8 4025
61 9 3008
61 10 5311
61 11 3389
61 12 6110
61 13 6420
61 14 4705
61 15 3957
61 16 796
61 17 5381
61 18 5973
61 19 3678
61 20 5250
61 21 6356
61 22 1493
61 23 1822
61 24 6357
61 25 5732
61 26 5257
61 27 525
61 28 5670
61 29 2524
61 30 1684
61 31 3345
61 32 3598
61 33 6024
61 34 832
61 35 3021
61 36 2498
61 37 4996
61 38 3900
61 39 238
61 40 5143
61 41 3228
61 42 921
61 43 1125
61 44 4545
61 45 3156
61 46 7499
61 47 6825
61 48 1171
61 49 2602
61 50 4440
61 51 7418
61 52 6952
61 53 5509
61 54 2042
61 55 1221
61 56 1243
61 57 1576
61 58 5674
61 59 3547
61 60 4071
61 62 6377
61 63 6986
61 64 5657
61 65 764
61 66 2719
61 67 6683
61 68 6978
61 69 2783
61 70 5304
62 1 858
62 2 1001
62 3 3734
62 4 1262
62 5 3432
62 6 3947
62 7 7239
62 8 1996
62 9 4859
62 10 5513
62 11 6197
62 12 6216
62 13 1456
62 14 4724
62 15 5574
62 16 3352
62 17 4791
62 18 3883
62 19 4628
62 20 3037
62 21 5627
62 22 4783
62 23 3823
62 24 4797
62 25 946
62 26 5989
62 27 3036
62 28 698
62 29 1583
62 30 2676
62 31 3109
62 32 1391
62 33 4271
62 34 3583
62 35 4638
62 36 5226
62 37 949
62 38 1572
62 39 4080
62 40 699
62 41 3176
62 42 195
62 43 5349
62 44 7259
62 45 3219
62 46 2343
62 47 5269
62 48 7279
62 49 3648
62 50 3312
62 51 2369
62 52 858
62 53 2354
62 54 2839
62 55 1349
62 56 7470
62 57 3408
62 58 5982
62 59 1038
62 60 264
62 61 4841
62 63 4600
62 64 5397
62 65 3492
62 66 6223
62 67 3923
62 68 4206
62 69 4067
62 70 199
63 1 3576
63 2 2821
63 3 4778
63 4 1917
63 5 5387
63 6 4806
63 7 1091
63 8 3303
63 9 2038
63 10 5105
63 11 12
63 12 2267
63 13 1848
63 14 2401
63 15 6883
63 16 4531
63 17 5988
63 18 6348
63 19 2749
63 20 6925
63 21 5251
63 22 5036
63 23 833
63 24 5590
63 25 307
63 26 398
63 27 5348
63 28 6690
63 29 6663
63 30 5041
63 31 5118
63 32 5654
63 33 6432
63 34 6309
63 35 819
63 36 7321
63 37 3463
63 38 4005
63 39 801
63 40 3932
63 41 6479
63 42 1181
63 43 5224
63 44 7108
63 45 3604
63 46 2568
63 47 6300
63 48 1987
63 49 597
63 50 3860
63 51 674
63 52 5722
63 53 6353
63 54 3749
63 55 1562
63 56 3025
63 57 568
63 58 4893
63 59 5301
63 60 6172
63 61 5040
63 62 323
63 64 3641
63 65 1592
63 66 5460
63 67 2563
63 68 7064
63 69 3418
63 70 4957
64 1 2738
64 2 1472
64 3 6406
64 4 1987
64 5 5024
64 6 7115
64 7 1905
64 8 2572
64 9 1506
64 10 5777
64 11 6296
64 12 3064
64 13 3895
64 14 3916
64 15 3339
64 16 3422
64 17 1389
64 18 5337
64 19 2517
64 20 6769
64 21 4310
64 22 2926
64 23 2380
64 24 521
64 25 3113
64 26 3634
64 27 2964
64 28 7408
64 29 4634
64 30 4224
64 31 2471
64 32 96
64 33 1171
64 34 5191
64 35 4805
64 36 3725
64 37 759
64 38 5960
64 39 38
64 40 4775
64 41 5694
64 42 317
64 43 2320
64 44 2706
64 45 7040
64 46 3739
64 47 1451
64 48 6255
64 49 2134
64 50 7394
64 51 6978
64 52 6823
64 53 3025
64 54 4888
64 55 2837
64 56 1203
64 57 5266
64 58 1408
64 59 4881
64 60 6339
64 61 1821
64 62 5662
64 63 6952
64 65 6974
64 66 5817
64 67 2444
64 68 1858
64 69 3118
64 70 3246
65 1 5387
65 2 197
65 3 1213
65 4 4029
65 5 3868
65 6 4828
65 7 3115
65 8 2204
65 9 2022
65 10 1611
65 11 2109
65 12 1982
65 13 3970
65 14 1066
65 15 4677
65 16 6423
65 17 6749
65 18 5370
65 19 1091
65 20 5654
65 21 4046
65 22 2145
65 23 2846
65 24 2239
65 25 6466
65 26 1717
65 27 3872
65 28 2409
65 29 6165
65 30 2653
65 31 7438
65 32 4448
65 33 887
65 34 4827
65 35 6409
65 36 7172
65 37 6582
65 38 3564
65 39 4779
65 40 7378
65 41 7187
65 42 2901
65 43 2279
65 44 6565
65 45 264
65 46 3262
65 47 6214
65 48 3862
65 49 6296
65 50 916
65 51 2173
65 52 1107
65 53 6111
65 54 5916
65 55 4430
65 56 7226
65 57 6349
65 58 6643
65 59 4818
65 60 5377
65 61 2452
65 62 6320
65 63 3421
65 64 3158
65 66 4004
65 67 1041
65 68 472
65 69 1978
65 70 7082
66 1 2417
66 2 7163
66 3 3780
66 4 5101
66 5 4091
66 6 778
66 7 5817
66 8 6835
66 9 5508
66 10 1121
66 11 2431
66 12 5886
66 13 1887
66 14 845
66 15 6489
66 16 3937
66 17 2461
66 18 2520
66 19 3289
66 20 5054
66 21 3865
66 22 1221
66 23 6986
66 24 6111
66 25 6669
66 26 460
66 27 6357
66 28 2400
66 29 777
66 30 2355
66 31 4687
66 32 1300
66 33 3375
66 34 7208
66 35 5239
66 36 3694
66 37 3674
66 38 4290
66 39 5976
66 40 4263
66 41 1113
66 42 3046
66 43 6886
66 44 1786
66 45 981
66 46 6300
66 47 100
66 48 4916
66 49 4426
66 50 4575
66 51 2827
66 52 3530
66 53 4379
66 54 847
66 55 4187
66 56 248
66 57 1076
66 58 1795
66 59 1050
66 60 253
66 61 1771
66 62 4014
66 63 5825
66 64 5841
66 65 3859
66 67 288
66 68 7104
66 69 6492
66 70 4619
67 1 686
67 2 331
67 3 723
67 4 1448
67 5 585
67 6 4331
67 7 5027
67 8 2731
67 9 6741
67 10 5376
67 11 3217
67 12 41
67 13 7462
67 14 2726
67 15 3786
67 16 5457
67 17 3879
67 18 2448
67 19 2224
67 20 1562
67 21 421
67 22 784
67 23 5740
67 24 2450
67 25 6306
67 26 2296
67 27 6715
67 28 2076
67 29 3138
67 30 7346
67 31 4720
67 32 7463
67 33 7151
67 34 1444
67 35 6747
67 36 6608
67 37 2975
67 38 823
67 39 2267
67 40 4061
67 41 3966
67 42 4187
67 43 3097
67 44 3174
67 45 2227
67 46 5923
67 47 1157
67 48 322
67 49 1806
67 50 2367
67 51 122
67 52 7014
67 53 4830
67 54 3759
67 55 147
67 56 5400
67 57 2784
67 58 5763
67 59 144
67 60 4927
67 61 2661
67 62 2446
67 63 4250
67 64 369
67 65 5842
67 66 5498
67 68 3446
67 69 503
67 70 1393
68 1 1122
68 2 6894
68 3 5002
68 4 2193
68 5 2942
68 6 5845
68 7 6584
68 8 2988
68 9 3217
68 10 2830
68 11 6972
68 12 5058
68 13 1319
68 14 5025
68 15 2860
68 16 6815
68 17 3446
68 18 1423
68 19 1972
68 20 1919
68 21 4988
68 22 5095
68 23 1797
68 24 2736
68 25 2391
68 26 3065
68 27 560
68 28 6229
68 29 7241
68 30 2651
68 31 6679
68 32 6620
68 33 4773
68 34 3986
68 35 4523
68 36 1983
68 37 3736
68 38 586
68 39 6005
68 40 1030
68 41 2760
68 42 4925
68 43 2407
68 44 6394
68 45 5221
68 46 1141
68 47 665
68 48 3409
68 49 2088
68 50 5206
68 51 4605
68 52 3803
68 53 6712
68 54 1538
68 55 3805
68 56 576
68 57 6166
68 58 7313
68 59 3953
68 60 308
68 61 3914
68 62 178
68 63 6892
68 64 419
68 65 1204
68 66 3331
68 67 1466
68 69 6346
68 70 7172
69 1 4988
69 2 487
69 3 4828
69 4 1337
69 5 1758
69 6 691
69 7 1684
69 8 310
69 9 2512
69 10 3781
69 11 5737
69 12 906
69 13 5993
69 14 2234
69 15 2302
69 16 1873
69 17 567
69 18 535
69 19 5598
69 20 1966
69 21 1874
69 22 4812
69 23 3189
69 24 1689
69 25 168
69 26 2378
69 27 590
69 28 6549
69 29 5590
69 30 4525
69 31 2
69 32 5104
69 33 6977
69 34 5391
69 35 1450
69 36 3513
69 37 5119
69 38 99
69 39 2043
69 40 6552
69 41 3370
69 42 6753
69 43 2105
69 44 4489
69 45 1504
69 46 1856
69 47 2618
69 48 824
69 49 7339
69 50 7309
69 51 7081
69 52 1183
69 53 1499
69 54 5197
69 55 48
69 56 165
69 57 5704
69 58 3374
69 59 3545
69 60 2454
69 61 6021
69 62 3727
69 63 6010
69 64 5196
69 65 4676
69 66 617
69 67 6911
69 68 4315
69 70 5194
70 1 1975
70 2 3270
70 3 1815
70 4 2634
70 5 1973
70 6 4466
70 7 2105
70 8 1097
70 9 1234
70 10 6595
70 11 2095
70 12 586
70 13 831
70 14 5114
70 15 3703
70 16 6046
70 17 3082
70 18 7244
70 19 5051
70 20 531
70 21 422
70 22 2892
70 23 3994
70 24 2083
70 25 268
70 26 3648
70 27 2047
70 28 632
70 29 210
70 30 6330
70 31 2279
70 32 6427
70 33 643
70 34 3486
70 35 5680
70 36 2473
70 37 3314
70 38 6540
70 39 2746
70 40 4731
70 41 1542
70 42 4641
70 43 672
70 44 5513
70 45 647
70 46 769
70 47 4377
70 48 3056
70 49 7134
70 50 1225
70 51 250
70 52 474
70 53 5940
70 54 1026
70 55 3749
70 56 123
70 57 5469
70 58 7307
70 59 5731
70 60 2500
70 61 2991
70 62 6796
70 63 4655
70 64 6200
70 65 3336
70 66 6467
70 67 2690
70 68 2322
70 69 578
