70 4830
1 2 5596
1 3 3426
1 4 4107
1 5 3284
1 6 1732
1 7 6703
1 8 7241
1 9 3029
1 10 1978
1 11 686
1 12 64
1 13 4447
1 14 3229
1 15 5535
1 16 7328
1 17 3606
1 18 4161
1 19 4680
1 20 4692
1 21 953
1 22 6904
1 23 4934
1 24 3541
1 25 6868
1 26 6191
1 27 6317
1 28 3042
1 29 4973
1 30 6520
1 31 23
1 32 3897
1 33 2289
1 34 7438
1 35 3907
1 36 3817
1 37 4017
1 38 1388
1 39 5035
1 40 1111
1 41 138
1 42 4659
1 43 5796
1 44 375
1 45 5623
1 46 2427
1 47 7419
1 48 6864
1 49 4091
1 50 2331
1 51 4521
1 52 2519
1 53 2210
1 54 491
1 55 1916
1 56 7072
1 57 1778
1 58 6376
1 59 3143
1 60 7249
1 61 5943
1 62 3937
1 63 6521
1 64 6122
1 65 7035
1 66 2939
1 67 6841
1 68 2412
1 69 1493
1 70 7356
2 1 873
2 3 5712
2 4 1693
2 5 4149
2 6 5674
2 7 4961
2 8 3119
2 9 6514
2 10 6333
2 11 4395
2 12 277
2 13 7414
2 14 4306
2 15 1850
2 16 7218
2 17 1173
2 18 4855
2 19 1239
2 20 6347
2 21 3260
2 22 2586
2 23 5459
2 24 1266
2 25 6945
2 26 1622
2 27 6877
2 28 42
2 29 7217
2 30 6290
2 31 3184
2 32 5482
2 33 5160
2 34 6998
2 35 6823
2 36 1926
2 37 4413
2 38 6084
2 39 3764
2 40 4413
2 41 5909
2 42 4097
2 43 410
2 44 5182
2 45 6654
2 46 5054
2 47 6072
2 48 2310
2 49 347
2 50 5513
2 51 8
2 52 4378
2 53 972
2 54 4264
2 55 2349
2 56 7008
2 57 3619
2 58 4565
2 59 250
2 60 1354
2 61 381
2 62 2534
2 63 3320
2 64 2635
2 65 5575
2 66 3693
2 67 4335
2 68 3767
2 69 5914
2 70 4501
3 1 693
3 2 926
3 4 2109
3 5 5447
3 6 1332
3 7 3430
3 8 7206
3 9 2514
3 10 6507
3 11 1368
3 12 2233
3 13 834
3 14 1441
3 15 5261
3 16 4376
3 17 6283
3 18 3614
3 19 7147
3 20 2044
3 21 155
3 22 1414
3 23 6128
3 24 6603
3 25 2030
3 26 3029
3 27 3109
3 28 6521
3 29 3799
3 30 5857
3 31 1691
3 32 7290
3 33 4295
3 34 5412
3 35 1586
3 36 1651
3 37 2917
3 38 5719
3 39 281
3 40 7024
3 41 4394
3 42 5893
3 43 3587
3 44 4382
3 45 1699
3 46 3151
3 47 4990
3 48 1250
3 49 5128
3 50 3041
3 51 6887
3 52 1411
3 53 6088
3 54 2985
3 55 3487
3 56 5967
3 57 4133
3 58 5000
3 59 2689
3 60 2898
3 61 5428
3 62 7295
3 63 2340
3 64 1991
3 65 1393
3 66 4596
3 67 1781
3 68 7263
3 69 2878
3 70 4416
4 1 6332
4 2 4579
4 3 6944
4 5 2535
4 6 3656
4 7 4588
4 8 884
4 9 7095
4 10 4004
4 11 3269
4 12 313
4 13 7461
4 14 2613
4 15 5658
4 16 5567
4 17 3969
4 18 4230
4 19 1997
4 20 4424
4 21 6632
4 22 7273
4 23 2008
4 24 1023
4 25 859
4 26 5107
4 27 1443
4 28 1410
4 29 4744
4 30 6614
4 31 6704
4 32 7370
4 33 3652
4 34 2115
4 35 3304
4 36 6143
4 37 2368
4 38 3931
4 39 4329
4 40 1510
4 41 6369
4 42 1599
4 43 4963
4 44 4670
4 45 6756
4 46 2470
4 47 4887
4 48 6386
4 49 2822
4 50 6073
4 51 6330
4 52 5803
4 53 5312
4 54 953
4 55 1515
4 56 1533
4 57 1637
4 58 3148
4 59 3367
4 60 525
4 61 684
4 62 5222
4 63 4859
4 64 967
4 65 1868
4 66 5742
4 67 5113
4 68 5929
4 69 2655
4 70 5790
5 1 5035
5 2 2834
5 3 4636
5 4 2993
5 6 2836
5 7 1714
5 8 4844
5 9 3314
5 10 2100
5 11 1693
5 12 3468
5 13 6033
5 14 2318
5 15 3132
5 16 5004
5 17 3225
5 18 3633
5 19 6997
5 20 3892
5 21 4026
5 22 856
5 23 524
5 24 4034
5 25 799
5 26 4276
5 27 7034
5 28 1242
5 29 6859
5 30 1046
5 31 4072
5 32 4723
5 33 844
5 34 1955
5 35 6139
5 36 5340
5 37 3432
5 38 2718
5 39 295
5 40 5519
5 41 977
5 42 3381
5 43 1862
5 44 817
5 45 6671
5 46 5135
5 47 234
5 48 3881
5 49 248
5 50 6996
5 51 7300
5 52 1787
5 53 5392
5 54 6195
5 55 5187
5 56 5119
5 57 3170
5 58 4766
5 59 3690
5 60 3917
5 61 6242
5 62 4364
5 63 6518
5 64 7160
5 65 1562
5 66 5569
5 67 4322
5 68 6250
5 69 6082
5 70 509
6 1 3440
6 2 3478
6 3 4582
6 4 3184
6 5 7290
6 7 4523
6 8 5187
6 9 635
6 10 5782
6 11 3588
6 12 1709
6 13 6071
6 14 6509
6 15 661
6 16 3787
6 17 269
6 18 485
6 19 4370
6 20 1238
6 21 2552
6 22 3036
6 23 1559
6 24 4431
6 25 1055
6 26 3575
6 27 5330
6 28 6350
6 29 5767
6 30 2295
6 31 3605
6 32 4675
6 33 2284
6 34 1769
6 35 4304
6 36 1256
6 37 3863
6 38 3367
6 39 7129
6 40 7255
6 41 3037
6 42 3229
6 43 391
6 44 57
6 45 3139
6 46 6169
6 47 7221
6 48 1727
6 49 146
6 50 1542
6 51 2057
6 52 1009
6 53 5417
6 54 5605
6 55 6431
6 56 2167
6 57 2101
6 58 411
6 59 3133
6 60 4230
6 61 1592
6 62 1088
6 63 6087
6 64 4400
6 65 5365
6 66 2331
6 67 1428
6 68 4328
6 69 219
6 70 2344
7 1 2357
7 2 2631
7 3 5938
7 4 3069
7 5 5907
7 6 4309
7 8 2957
7 9 4013
7 10 6636
7 11 2908
7 12 983
7 13 186
7 14 2205
7 15 2122
7 16 1110
7 17 1246
7 18 6939
7 19 3142
7 20 2930
7 21 383
7 22 1234
7 23 388
7 24 73
7 25 420
7 26 5932
7 27 1774
7 28 1964
7 29 3631
7 30 690
7 31 1555
7 32 3695
7 33 2265
7 34 4273
7 35 2917
7 36 1594
7 37 944
7 38 2325
7 39 6056
7 40 4772
7 41 7449
7 42 285
7 43 1950
7 44 2689
7 45 5915
7 46 2570
7 47 4743
7 48 6385
7 49 4500
7 50 1137
7 51 5479
7 52 3085
7 53 6250
7 54 5721
7 55 1373
7 56 4363
7 57 5583
7 58 1915
7 59 654
7 60 4567
7 61 2064
7 62 1668
7 63 3017
7 64 4453
7 65 2615
7 66 4337
7 67 5273
7 68 4486
7 69 3786
7 70 153
8 1 1527
8 2 5412
8 3 2385
8 4 488
8 5 3881
8 6 983
8 7 916
8 9 3408
8 10 6223
8 11 6382
8 12 2993
8 13 5757
8 14 166
8 15 488
8 16 5359
8 17 1372
8 18 2064
8 19 3630
8 20 377
8 21 2510
8 22 6445
8 23 2902
8 24 62
8 25 7194
8 26 2119
8 27 4355
8 28 4249
8 29 2594
8 30 1221
8 31 5248
8 32 6741
8 33 4610
8 34 2473
8 35 2190
8 36 3629
8 37 1715
8 38 1763
8 39 3771
8 40 5683
8 41 2069
8 42 6293
8 43 3906
8 44 1311
8 45 2144
8 46 6333
8 47 5443
8 48 1208
8 49 6153
8 50 2158
8 51 459
8 52 4535
8 53 1051
8 54 5184
8 55 7143
8 56 6544
8 57 3682
8 58 6628
8 59 1098
8 60 4055
8 61 5720
8 62 3118
8 63 3146
8 64 4034
8 65 1519
8 66 1314
8 67 3311
8 68 1338
8 69 375
8 70 6976
9 1 4053
9 2 7198
9 3 5723
9 4 2834
9 5 5596
9 6 2291
9 7 4117
9 8 3111
9 10 5925
9 11 1572
9 12 5113
9 13 6946
9 14 1821
9 15 2045
9 16 6750
9 17 7301
9 18 3006
9 19 1731
9 20 7437
9 21 1008
9 22 1644
9 23 4472
9 24 901
9 25 5404
9 26 5979
9 27 3146
9 28 142
9 29 186
9 30 4129
9 31 275
9 32 3112
9 33 3162
9 34 3804
9 35 6589
9 36 2200
9 37 5740
9 38 4721
9 39 2574
9 40 3002
9 41 1686
9 42 463
9 43 3693
9 44 502
9 45 7043
9 46 6921
9 47 7106
9 48 6681
9 49 3258
9 50 630
9 51 3828
9 52 661
9 53 455
9 54 1294
9 55 5416
9 56 384
9 57 5559
9 58 681
9 59 5853
9 60 4274
9 61 4334
9 62 988
9 63 6600
9 64 4524
9 65 7432
9 66 6058
9 67 5804
9 68 5730
9 69 2001
9 70 6339
10 1 3310
10 2 7461
10 3 3574
10 4 1693
10 5 1785
10 6 6222
10 7 5782
10 8 2678
10 9 1868
10 11 3316
10 12 7433
10 13 1835
10 14 1657
10 15 1679
10 16 1985
10 17 4675
10 18 4493
10 19 2646
10 20 3406
10 21 1051
10 22 4651
10 23 2084
10 24 3153
10 25 4889
10 26 62
10 27 954
10 28 1353
10 29 4101
10 30 4363
10 31 6570
10 32 553
10 33 2746
10 34 2243
10 35 2931
10 36 851
10 37 121
10 38 5866
10 39 892
10 40 388
10 41 2903
10 42 4243
10 43 4575
10 44 2974
10 45 3640
10 46 1720
10 47 6199
10 48 4923
10 49 5362
10 50 616
10 51 2482
10 52 4424
10 53 5901
10 54 6865
10 55 1433
10 56 7173
10 57 7044
10 58 4213
10 59 4445
10 60 2426
10 61 6786
10 62 1558
10 63 325
10 64 5960
10 65 2589
10 66 2184
10 67 145
10 68 3863
10 69 3215
10 70 1558
11 1 5320
11 2 6053
11 3 6175
11 4 7470
11 5 4591
11 6 4771
11 7 3113
11 8 6900
11 9 3766
11 10 1682
11 12 1829
11 13 2505
11 14 4162
11 15 2407
11 16 5510
11 17 2837
11 18 5966
11 19 885
11 20 4990
11 21 6041
11 22 662
11 23 2594
11 24 7430
11 25 3165
11 26 4849
11 27 2341
11 28 6900
11 29 6556
11 30 6524
11 31 1506
11 32 890
11 33 370
11 34 3741
11 35 2134
11 36 6365
11 37 3994
11 38 736
11 39 7267
11 40 1530
11 41 866
11 42 7129
11 43 3748
11 44 3601
11 45 5857
11 46 1840
11 47 7398
11 48 6943
11 49 6285
11 50 6864
11 51 3196
11 52 674
11 53 2341
11 54 73
11 55 34
11 56 6697
11 57 469
11 58 6100
11 59 143
11 60 1231
11 61 5763
11 62 248
11 63 598
11 64 1642
11 65 2894
11 66 2429
11 67 1918
11 68 1785
11 69 781
11 70 96
12 1 3561
12 2 762
12 3 7485
12 4 1293
12 5 1576
12 6 2374
12 7 6420
12 8 3950
12 9 1740
12 10 5628
12 11 1589
12 13 1586
12 14 4328
12 15 2434
12 16 4610
12 17 6877
12 18 7379
12 19 2532
12 20 1461
12 21 1526
12 22 3717
12 23 5213
12 24 3969
12 25 3380
12 26 7149
12 27 7392
12 28 5310
12 29 3856
12 30 497
12 31 5669
12 32 6664
12 33 7500
12 34 1159
12 35 2813
12 36 6265
12 37 5928
12 38 7323
12 39 7272
12 40 207
12 41 940
12 42 2208
12 43 5229
12 44 3598
12 45 3578
12 46 6716
12 47 2325
12 48 4694
12 49 2323
12 50 5457
12 51 7097
12 52 2210
12 53 3475
12 54 4307
12 55 2146
12 56 2535
12 57 6256
12 58 1904
12 59 3810
12 60 2727
12 61 1418
12 62 4885
12 63 3314
12 64 4037
12 65 3984
12 66 1928
12 67 5385
12 68 6206
12 69 903
12 70 330
13 1 5817
13 2 1524
13 3 4936
13 4 349
13 5 5049
13 6 4389
13 7 5903
13 8 2631
13 9 91
13 10 5392
13 11 4614
13 12 1628
13 14 2805
13 15 303
13 16 1519
13 17 5886
13 18 5408
13 19 6577
13 20 3854
13 21 439
13 22 230
13 23 2408
13 24 2801
13 25 5299
13 26 6740
13 27 4119
13 28 3914
13 29 4602
13 30 7038
13 31 3229
13 32 5603
13 33 5167
13 34 5857
13 35 6629
13 36 2222
13 37 2990
13 38 476
13 39 2558
13 40 6122
13 41 1973
13 42 1567
13 43 4540
13 44 5004
13 45 927
13 46 2619
13 47 2043
13 48 4827
13 49 4354
13 50 548
13 51 7465
13 52 4246
13 53 4779
13 54 5057
13 55 3879
13 56 5994
13 57 5755
13 58 1561
13 59 6398
13 60 2818
13 61 7385
13 62 4477
13 63 5428
13 64 2614
13 65 4676
13 66 2345
13 67 6832
13 68 3333
13 69 777
13 70 259
14 1 3640
14 2 3118
14 3 1608
14 4 929
14 5 726
14 6 6133
14 7 1954
14 8 4290
14 9 5229
14 10 5037
14 11 4672
14 12 3937
14 13 420
14 15 2069
14 16 313
14 17 3146
14 18 58
14 19 5232
14 20 424
14 21 6816
14 22 880
14 23 2595
14 24 4167
14 25 106
14 26 3338
14 27 408
14 28 5353
14 29 5059
14 30 6610
14 31 945
14 32 1413
14 33 6743
14 34 4012
14 35 5213
14 36 6991
14 37 3233
14 38 4775
14 39 3325
14 40 3534
14 41 5999
14 42 4413
14 43 7014
14 44 5511
14 45 2418
14 46 845
14 47 6693
14 48 5880
14 49 971
14 50 6437
14 51 4545
14 52 2999
14 53 3591
14 54 840
14 55 6728
14 56 49
14 57 1198
14 58 4432
14 59 182
14 60 1675
14 61 1501
14 62 3292
14 63 935
14 64 2037
14 65 4089
14 66 3270
14 67 1178
14 68 3933
14 69 6350
14 70 1300
15 1 3774
15 2 7416
15 3 1483
15 4 5106
15 5 2912
15 6 4834
15 7 6308
15 8 1210
15 9 4514
15 10 4751
15 11 4427
15 12 3273
15 13 6636
15 14 4679
15 16 5272
15 17 1480
15 18 2766
15 19 1565
15 20 7269
15 21 1165
15 22 2341
15 23 5575
15 24 6741
15 25 950
15 26 1513
15 27 4586
15 28 1394
15 29 4934
15 30 4839
15 31 3082
15 32 7400
15 33 6818
15 34 6117
15 35 1672
15 36 3671
15 37 710
15 38 3208
15 39 1076
15 40 6979
15 41 6039
15 42 1313
15 43 347
15 44 6889
15 45 4885
15 46 5690
15 47 2010
15 48 1515
15 49 645
15 50 1918
15 51 3126
15 52 460
15 53 4609
15 54 4409
15 55 976
15 56 4866
15 57 15
15 58 6127
15 59 985
15 60 742
15 61 4133
15 62 3335
15 63 6117
15 64 3188
15 65 2214
15 66 1827
15 67 1727
15 68 1066
15 69 4901
15 70 3706
16 1 3364
16 2 901
16 3 7346
16 4 962
16 5 2246
16 6 5770
16 7 160
16 8 93
16 9 3963
16 10 4388
16 11 6032
16 12 1580
16 13 3711
16 14 2755
16 15 6423
16 17 403
16 18 1839
16 19 3600
16 20 3800
16 21 2800
16 22 872
16 23 5056
16 24 3656
16 25 2573
16 26 2184
16 27 3173
16 28 1371
16 29 1375
16 30 969
16 31 1728
16 32 4445
16 33 1422
16 34 5322
16 35 7101
16 36 4713
16 37 2761
16 38 4233
16 39 2614
16 40 4176
16 41 2920
16 42 1126
16 43 2607
16 44 126
16 45 3053
16 46 6768
16 47 7357
16 48 1174
16 49 88
16 50 4071
16 51 7126
16 52 6980
16 53 1478
16 54 7286
16 55 3155
16 56 6590
16 57 467
16 58 6377
16 59 6861
16 60 6088
16 61 1890
16 62 6230
16 63 6497
16 64 7227
16 65 2519
16 66 2507
16 67 3058
16 68 1375
16 69 6335
16 70 4897
17 1 302
17 2 3563
17 3 5193
17 4 3017
17 5 4611
17 6 4573
17 7 5413
17 8 6528
17 9 5266
17 10 4084
17 11 2720
17 12 904
17 13 5776
17 14 2361
17 15 1190
17 16 6854
17 18 467
17 19 219
17 20 6831
17 21 5597
17 22 3804
17 23 1618
17 24 1184
17 25 5961
17 26 5438
17 27 1200
17 28 3342
17 29 655
17 30 3406
17 31 98
17 32 4318
17 33 6660
17 34 335
17 35 5030
17 36 1819
17 37 4899
17 38 7007
17 39 6992
17 40 167
17 41 1620
17 42 4260
17 43 7241
17 44 6355
17 45 1473
17 46 218
17 47 4878
17 48 4603
17 49 2598
17 50 4035
17 51 392
17 52 6363
17 53 1282
17 54 287
17 55 5879
17 56 5902
17 57 230
17 58 5800
17 59 3009
17 60 2030
17 61 5353
17 62 4726
17 63 4588
17 64 5823
17 65 3434
17 66 2954
17 67 1008
17 68 522
17 69 4152
17 70 499
18 1 7283
18 2 4712
18 3 6725
18 4 29
18 5 5170
18 6 690
18 7 1919
18 8 1019
18 9 3188
18 10 6973
18 11 5543
18 12 3742
18 13 3653
18 14 2605
18 15 666
18 16 3612
18 17 3513
18 19 2892
18 20 2907
18 21 3571
18 22 427
18 23 2381
18 24 6705
18 25 4110
18 26 924
18 27 3987
18 28 5238
18 29 2454
18 30 107
18 31 3010
18 32 5454
18 33 5336
18 34 6191
18 35 2596
18 36 6344
18 37 7143
18 38 1638
18 39 3716
18 40 3859
18 41 5311
18 42 7383
18 43 5307
18 44 4251
18 45 7309
18 46 2599
18 47 6815
18 48 971
18 49 4243
18 50 2152
18 51 4957
18 52 1004
18 53 3314
18 54 834
18 55 1377
18 56 3187
18 57 2780
18 58 1700
18 59 3590
18 60 6526
18 61 5691
18 62 5670
18 63 7298
18 64 7391
18 65 7024
18 66 6664
18 67 6050
18 68 1102
18 69 2275
18 70 3324
19 1 5952
19 2 2013
19 3 5569
19 4 1288
19 5 3895
19 6 6954
19 7 3422
19 8 3706
19 9 6021
19 10 3087
19 11 5293
19 12 1915
19 13 2870
19 14 4529
19 15 2468
19 16 4119
19 17 5129
19 18 4992
19 20 3848
19 21 669
19 22 5972
19 23 252
19 24 5156
19 25 530
19 26 740
19 27 1547
19 28 6138
19 29 2582
19 30 4261
19 31 759
19 32 3405
19 33 2313
19 34 3518
19 35 3407
19 36 4680
19 37 4616
19 38 7349
19 39 2955
19 40 3084
19 41 1084
19 42 5011
19 43 6444
19 44 7160
19 45 2983
19 46 1572
19 47 6117
19 48 1912
19 49 1759
19 50 180
19 51 7251
19 52 1398
19 53 1111
19 54 3150
19 55 863
19 56 6495
19 57 2050
19 58 4237
19 59 2334
19 60 2160
19 61 5875
19 62 1838
19 63 6376
19 64 4799
19 65 4884
19 66 4180
19 67 3189
19 68 3317
19 69 2468
19 70 2329
20 1 3141
20 2 1833
20 3 5196
20 4 1817
20 5 4776
20 6 298
20 7 3497
20 8 975
20 9 3807
20 10 3799
20 11 6842
20 12 6460
20 13 892
20 14 772
20 15 3154
20 16 3587
20 17 6394
20 18 5778
20 19 528
20 21 2241
20 22 1353
20 23 6724
20 24 1890
20 25 2374
20 26 6503
20 27 6180
20 28 3915
20 29 426
20 30 2229
20 31 2635
20 32 812
20 33 5480
20 34 2551
20 35 5865
20 36 904
20 37 6350
20 38 7249
20 39 7220
20 40 2661
20 41 186
20 42 571
20 43 2036
20 44 3536
20 45 4625
20 46 3281
20 47 3852
20 48 6079
20 49 963
20 50 1512
20 51 563
20 52 261
20 53 1545
20 54 5611
20 55 752
20 56 3053
20 57 5725
20 58 3368
20 59 4349
20 60 1126
20 61 789
20 62 4159
20 63 2603
20 64 3473
20 65 7376
20 66 3817
20 67 2508
20 68 1915
20 69 3055
20 70 3090
21 1 6018
21 2 661
21 3 1865
21 4 7487
21 5 6116
21 6 6722
21 7 4663
21 8 3749
21 9 6135
21 10 6112
21 11 1397
21 12 6296
21 13 4038
21 14 1434
21 15 3952
21 16 1294
21 17 4892
21 18 1176
21 19 720
21 20 7453
21 22 2636
21 23 5946
21 24 7362
21 25 7236
21 26 5343
21 27 5452
21 28 5359
21 29 930
21 30 5037
21 31 1109
21 32 2573
21 33 5711
21 34 6174
21 35 2587
21 36 2978
21 37 3318
21 38 4119
21 39 2490
21 40 3
21 41 6401
21 42 2295
21 43 6158
21 44 1877
21 45 5303
21 46 4994
21 47 3764
21 48 5574
21 49 3472
21 50 1104
21 51 6909
21 52 288
21 53 5694
21 54 2529
21 55 4906
21 56 2119
21 57 2691
21 58 5665
21 59 5796
21 60 6328
21 61 3004
21 62 6018
21 63 939
21 64 7468
21 65 4350
21 66 877
21 67 105
21 68 3863
21 69 4887
21 70 2375
22 1 1680
22 2 2764
22 3 6267
22 4 4104
22 5 6583
22 6 4218
22 7 4767
22 8 522
22 9 5885
22 10 4591
22 11 6665
22 12 2371
22 13 6631
22 14 2023
22 15 3337
22 16 1259
22 17 4536
22 18 6235
22 19 3880
22 20 2833
22 21 2405
22 23 6352
22 24 3519
22 25 5868
22 26 5002
22 27 4394
22 28 127
22 29 1663
22 30 905
22 31 6610
22 32 5951
22 33 1525
22 34 2577
22 35 5907
22 36 77
22 37 2494
22 38 2216
22 39 2848
22 40 6632
22 41 5058
22 42 5710
22 43 4921
22 44 198
22 45 1041
22 46 497
22 47 2265
22 48 7311
22 49 7387
22 50 1977
22 51 4495
22 52 5921
22 53 2457
22 54 6132
22 55 6304
22 56 1256
22 57 5640
22 58 2621
22 59 7387
22 60 5517
22 61 4454
22 62 2575
22 63 6355
22 64 4073
22 65 20
22 66 4653
22 67 3118
22 68 7298
22 69 1020
22 70 5821
23 1 3965
23 2 425
23 3 5157
23 4 2617
23 5 135
23 6 5062
23 7 5066
23 8 1377
23 9 863
23 10 2435
23 11 5766
23 12 4034
23 13 6088
23 14 5038
23 15 4550
23 16 2566
23 17 2704
23 18 2027
23 19 175
23 20 6063
23 21 2273
23 22 1297
23 24 5215
23 25 4187
23 26 17
23 27 329
23 28 1029
23 29 260
23 30 781
23 31 5069
23 32 3580
23 33 5719
23 34 4254
23 35 7082
23 36 5246
23 37 881
23 38 3676
23 39 4472
23 40 1143
23 41 5525
23 42 2428
23 43 570
23 44 1768
23 45 3791
23 46 1617
23 47 7204
23 48 6825
23 49 3599
23 50 4993
23 51 7181
23 52 597
23 53 3346
23 54 6474
23 55 4943
23 56 1054
23 57 6119
23 58 4069
23 59 2948
23 60 7119
23 61 1542
23 62 5520
23 63 5823
23 64 296
23 65 5754
23 66 4340
23 67 4577
23 68 7018
23 69 6695
23 70 4788
24 1 4021
24 2 1397
24 3 1635
24 4 3588
24 5 3896
24 6 5448
24 7 4599
24 8 5345
24 9 4199
24 10 4473
24 11 4217
24 12 4984
24 13 1453
24 14 4930
24 15 4856
24 16 1622
24 17 136
24 18 4452
24 19 7063
24 20 3875
24 21 2756
24 22 6809
24 23 4883
24 25 1278
24 26 2293
24 27 1357
24 28 2294
24 29 7363
24 30 907
24 31 4001
24 32 5011
24 33 1912
24 34 4533
24 35 7345
24 36 1533
24 37 1111
24 38 7215
24 39 5195
24 40 6361
24 41 6983
24 42 5227
24 43 1358
24 44 4425
24 45 1756
24 46 4347
24 47 1644
24 48 387
24 49 3486
24 50 6636
24 51 5772
24 52 6882
24 53 5321
24 54 2147
24 55 3191
24 56 2904
24 57 1752
24 58 3909
24 59 1882
24 60 3774
24 61 2301
24 62 82
24 63 2946
24 64 5032
24 65 529
24 66 5920
24 67 51
24 68 1936
24 69 1939
24 70 4681
25 1 4149
25 2 6368
25 3 4591
25 4 1140
25 5 5613
25 6 4468
25 7 4481
25 8 6952
25 9 1858
25 10 4789
25 11 4568
25 12 5563
25 13 2229
25 14 1753
25 15 5811
25 16 5590
25 17 5401
25 18 1693
25 19 2500
25 20 7329
25 21 255
25 22 4507
25 23 1675
25 24 1595
25 26 5866
25 27 3691
25 28 6547
25 29 3100
25 30 854
25 31 4812
25 32 3232
25 33 4682
25 34 4665
25 35 5548
25 36 6143
25 37 46
25 38 4586
25 39 749
25 40 6275
25 41 5076
25 42 3047
25 43 6802
25 44 3817
25 45 1673
25 46 6973
25 47 2170
25 48 226
25 49 289
25 50 4336
25 51 5043
25 52 4819
25 53 1331
25 54 3903
25 55 6856
25 56 6674
25 57 1272
25 58 5787
25 59 2631
25 60 6373
25 61 6252
25 62 4910
25 63 4334
25 64 317
25 65 2472
25 66 2651
25 67 237
25 68 625
25 69 4147
25 70 761
26 1 3102
26 2 5106
26 3 6895
26 4 284
26 5 7081
26 6 3968
26 7 6385
26 8 3993
26 9 2011
26 10 3824
26 11 1017
26 12 4972
26 13 1672
26 14 18
26 15 3750
26 16 3703
26 17 1188
26 18 2272
26 19 4741
26 20 3337
26 21 5640
26 22 1352
26 23 7334
26 24 6400
26 25 3945
26 27 7152
26 28 1473
26 29 4249
26 30 1373
26 31 3946
26 32 3413
26 33 5565
26 34 6646
26 35 6009
26 36 1605
26 37 5517
26 38 44
26 39 5267
26 40 7387
26 41 2162
26 42 6243
26 43 2567
26 44 4339
26 45 2143
26 46 7347
26 47 2617
26 48 4129
26 49 4735
26 50 1796
26 51 2392
26 52 7083
26 53 4699
26 54 6750
26 55 6157
26 56 195
26 57 6972
26 58 3755
26 59 2686
26 60 5195
26 61 3136
26 62 2445
26 63 4402
26 64 4346
26 65 725
26 66 5953
26 67 1953
26 68 2871
26 69 6293
26 70 5867
27 1 3789
27 2 5410
27 3 5128
27 4 7123
27 5 4537
27 6 4695
27 7 49
27 8 999
27 9 1830
27 10 4687
27 11 500
27 12 7400
27 13 3535
27 14 4327
27 15 1499
27 16 7066
27 17 5780
27 18 4373
27 19 5058
27 20 936
27 21 6761
27 22 1061
27 23 1172
27 24 415
27 25 405
27 26 2062
27 28 756
27 29 4583
27 30 5915
27 31 5642
27 32 1986
27 33 7130
27 34 4569
27 35 795
27 36 356
27 37 390
27 38 3158
27 39 885
27 40 1210
27 41 1682
27 42 3367
27 43 39
27 44 3206
27 45 6055
27 46 4428
27 47 5564
27 48 6029
27 49 5769
27 50 4590
27 51 2686
27 52 3214
27 53 5188
27 54 1519
27 55 2580
27 56 6318
27 57 1524
27 58 5536
27 59 115
27 60 5309
27 61 3792
27 62 802
27 63 5631
27 64 1037
27 65 5856
27 66 3901
27 67 5568
27 68 5363
27 69 5913
27 70 6319
28 1 781
28 2 5823
28 3 3536
28 4 5876
28 5 2430
28 6 1108
28 7 3589
28 8 2982
28 9 2617
28 10 1644
28 11 4449
28 12 5879
28 13 4202
28 14 5150
28 15 5596
28 16 5466
28 17 1331
28 18 6939
28 19 5467
28 20 166
28 21 6305
28 22 4199
28 23 2898
28 24 2511
28 25 7348
28 26 3590
28 27 1806
28 29 3926
28 30 3351
28 31 1018
28 32 5531
28 33 4844
28 34 7282
28 35 447
28 36 436
28 37 6432
28 38 2351
28 39 3243
28 40 1351
28 41 4058
28 42 2453
28 43 2029
28 44 6936
28 45 2788
28 46 4248
28 47 2766
28 48 5660
28 49 1429
28 50 5801
28 51 5682
28 52 4961
28 53 304
28 54 6516
28 55 5436
28 56 5416
28 57 916
28 58 5754
28 59 2896
28 60 5426
28 61 2565
28 62 2139
28 63 1900
28 64 169
28 65 465
28 66 473
28 67 4528
28 68 4619
28 69 3879
28 70 5770
29 1 3443
29 2 5968
29 3 7440
29 4 6747
29 5 5716
29 6 5692
29 7 960
29 8 2097
29 9 1665
29 10 3141
29 11 2521
29 12 174
29 13 5335
29 14 7359
29 15 25
29 16 6923
29 17 3779
29 18 6401
29 19 3958
29 20 619
29 21 2559
29 22 5583
29 23 7058
29 24 1863
29 25 1533
29 26 7398
29 27 3228
29 28 2333
29 30 3471
29 31 2268
29 32 3154
29 33 2675
29 34 5179
29 35 3168
29 36 421
29 37 4362
29 38 4027
29 39 21
29 40 514
29 41 6697
29 42 6619
29 43 4621
29 44 3720
29 45 6918
29 46 6239
29 47 2002
29 48 798
29 49 3007
29 50 902
29 51 5277
29 52 407
29 53 2441
29 54 1860
29 55 1380
29 56 6969
29 57 3049
29 58 6745
29 59 4463
29 60 6466
29 61 3732
29 62 630
29 63 3001
29 64 5060
29 65 3386
29 66 6642
29 67 3933
29 68 6180
29 69 4754
29 70 2645
30 1 1363
30 2 2128
30 3 4953
30 4 71
30 5 2195
30 6 4217
30 7 2412
30 8 2946
30 9 985
30 10 670
30 11 5226
30 12 7377
30 13 4610
30 14 4082
30 15 7077
30 16 4825
30 17 4617
30 18 28
30 19 4066
30 20 1477
30 21 3114
30 22 7100
30 23 1610
30 24 7126
30 25 271
30 26 3404
30 27 390
30 28 7097
30 29 6447
30 31 89
30 32 2594
30 33 1370
30 34 6001
30 35 6114
30 36 5408
30 37 1453
30 38 343
30 39 4354
30 40 3417
30 41 5095
30 42 1984
30 43 6791
30 44 2387
30 45 7123
30 46 3743
30 47 2329
30 48 5963
30 49 7215
30 50 4844
30 51 7391
30 52 196
30 53 1555
30 54 215
30 55 4784
30 56 483
30 57 275
30 58 6114
30 59 1092
30 60 2912
30 61 924
30 62 2032
30 63 5635
30 64 6393
30 65 7172
30 66 759
30 67 6332
30 68 5354
30 69 218
30 70 3994
31 1 1135
31 2 6745
31 3 5277
31 4 1438
31 5 3988
31 6 7432
31 7 380
31 8 6911
31 9 4886
31 10 442
31 11 3943
31 12 1182
31 13 3667
31 14 1891
31 15 5200
31 16 3581
31 17 3010
31 18 571
31 19 1239
31 20 4841
31 21 1516
31 22 20
31 23 6204
31 24 3462
31 25 6800
31 26 2799
31 27 293
31 28 1165
31 29 5851
31 30 5798
31 32 3573
31 33 3230
31 34 5374
31 35 2464
31 36 7492
31 37 3584
31 38 2393
31 39 600
31 40 4038
31 41 5676
31 42 2086
31 43 5291
31 44 5513
31 45 4281
31 46 3789
31 47 2718
31 48 798
31 49 7157
31 50 4273
31 51 3809
31 52 994
31 53 4654
31 54 3423
31 55 5989
31 56 250
31 57 2149
31 58 962
31 59 6
31 60 6492
31 61 4747
31 62 1375
31 63 198
31 64 804
31 65 5789
31 66 5698
31 67 3899
31 68 5893
31 69 1580
31 70 933
32 1 2609
32 2 2121
32 3 7363
32 4 3065
32 5 3776
32 6 3556
32 7 686
32 8 5471
32 9 6747
32 10 6845
32 11 6460
32 12 7129
32 13 1102
32 14 4022
32 15 1981
32 16 6244
32 17 3995
32 18 4237
32 19 659
32 20 3198
32 21 1395
32 22 6869
32 23 5836
32 24 3199
32 25 2564
32 26 5717
32 27 441
32 28 6204
32 29 2882
32 30 5149
32 31 1429
32 33 2281
32 34 517
32 35 4613
32 36 5907
32 37 5696
32 38 419
32 39 6
32 40 365
32 41 2221
32 42 3719
32 43 744
32 44 3685
32 45 555
32 46 5356
32 47 652
32 48 2710
32 49 5735
32 50 2519
32 51 5820
32 52 1599
32 53 6039
32 54 3336
32 55 2954
32 56 6614
32 57 2195
32 58 7444
32 59 6338
32 60 704
32 61 2345
32 62 6237
32 63 4415
32 64 947
32 65 2955
32 66 4359
32 67 3937
32 68 7257
32 69 2334
32 70 2474
33 1 3140
33 2 825
33 3 2848
33 4 6075
33 5 1416
33 6 7474
33 7 4823
33 8 3890
33 9 1535
33 10 4682
33 11 1855
33 12 3034
33 13 3301
33 14 3729
33 15 3359
33 16 653
33 17 3477
33 18 5698
33 19 5592
33 20 2191
33 21 3886
33 22 7175
33 23 2897
33 24 1591
33 25 7321
33 26 2718
33 27 2757
33 28 22
33 29 5986
33 30 1341
33 31 3362
33 32 3846
33 34 5566
33 35 3642
33 36 2499
33 37 381
33 38 5327
33 39 514
33 40 3657
33 41 4185
33 42 2536
33 43 7440
33 44 1368
33 45 5022
33 46 4568
33 47 3308
33 48 4691
33 49 3787
33 50 4429
33 51 1964
33 52 5375
33 53 2594
33 54 3891
33 55 6611
33 56 1353
33 57 5453
33 58 5222
33 59 7204
33 60 4669
33 61 2198
33 62 1236
33 63 4476
33 64 1951
33 65 6288
33 66 658
33 67 6089
33 68 6680
33 69 6001
33 70 2245
34 1 3778
34 2 2662
34 3 1534
34 4 27
34 5 3581
34 6 4005
34 7 1058
34 8 4161
34 9 7406
34 10 5819
34 11 1716
34 12 2122
34 13 5853
34 14 6217
34 15 4024
34 16 7153
34 17 6392
34 18 6722
34 19 3091
34 20 5313
34 21 3932
34 22 3849
34 23 3800
34 24 6231
34 25 2570
34 26 2146
34 27 1863
34 28 5635
34 29 2032
34 30 3634
34 31 4076
34 32 1655
34 33 5512
34 35 1272
34 36 5345
34 37 5115
34 38 7348
34 39 3117
34 40 3792
34 41 2022
34 42 3544
34 43 2143
34 44 3572
34 45 7235
34 46 381
34 47 4455
34 48 621
34 49 7329
34 50 1426
34 51 610
34 52 4298
34 53 3822
34 54 6333
34 55 3009
34 56 7420
34 57 5432
34 58 4774
34 59 711
34 60 5992
34 61 4300
34 62 5789
34 63 5647
34 64 4627
34 65 7089
34 66 1705
34 67 151
34 68 1971
34 69 366
34 70 4735
35 1 3253
35 2 5468
35 3 5620
35 4 5375
35 5 3218
35 6 4954
35 7 408
35 8 3587
35 9 6300
35 10 6518
35 11 4304
35 12 2625
35 13 500
35 14 7473
35 15 92
35 16 5195
35 17 5005
35 18 438
35 19 2213
35 20 5281
35 21 6936
35 22 5993
35 23 170
35 24 5326
35 25 3494
35 26 2523
35 27 5239
35 28 4890
35 29 6874
35 30 4207
35 31 6408
35 32 6521
35 33 377
35 34 1256
35 36 5766
35 37 1433
35 38 5165
35 39 5015
35 40 5564
35 41 792
35 42 2774
35 43 4340
35 44 1451
35 45 320
35 46 6008
35 47 5052
35 48 1827
35 49 1918
35 50 5111
35 51 5082
35 52 3282
35 53 7482
35 54 3470
35 55 3691
35 56 7300
35 57 3759
35 58 5927
35 59 6802
35 60 5038
35 61 5947
35 62 6969
35 63 808
35 64 2234
35 65 6424
35 66 397
35 67 2410
35 68 3840
35 69 3653
35 70 3788
36 1 5837
36 2 2267
36 3 5405
36 4 3080
36 5 3540
36 6 2528
36 7 437
36 8 715
36 9 4678
36 10 4844
36 11 4844
36 12 4978
36 13 4403
36 14 456
36 15 7184
36 16 2128
36 17 4022
36 18 4769
36 19 590
36 20 3345
36 21 7085
36 22 4672
36 23 678
36 24 4796
36 25 1665
36 26 1503
36 27 1805
36 28 4443
36 29 5471
36 30 1051
36 31 6230
36 32 5511
36 33 7264
36 34 1915
36 35 5501
36 37 1832
36 38 2889
36 39 4053
36 40 4275
36 41 2614
36 42 3626
36 43 6886
36 44 6505
36 45 7160
36 46 2300
36 47 795
36 48 3433
36 49 3037
36 50 6035
36 51 6022
36 52 1407
36 53 4253
36 54 6723
36 55 7015
36 56 1605
36 57 2941
36 58 4538
36 59 6680
36 60 6208
36 61 3324
36 62 3150
36 63 4353
36 64 5024
36 65 6933
36 66 2802
36 67 1560
36 68 4371
36 69 3079
36 70 3993
37 1 7368
37 2 5632
37 3 7177
37 4 4620
37 5 6362
37 6 1371
37 7 2169
37 8 5358
37 9 1788
37 10 4504
37 11 379
37 12 349
37 13 7230
37 14 7211
37 15 3745
37 16 6295
37 17 6532
37 18 7448
37 19 6913
37 20 4000
37 21 3305
37 22 4720
37 23 1682
37 24 182
37 25 4378
37 26 6996
37 27 255
37 28 895
37 29 5942
37 30 4483
37 31 3694
37 32 6668
37 33 3402
37 34 5048
37 35 1349
37 36 4050
37 38 560
37 39 3651
37 40 1317
37 41 6938
37 42 6759
37 43 4607
37 44 853
37 45 5699
37 46 3516
37 47 4027
37 48 3549
37 49 5984
37 50 6158
37 51 3883
37 52 5725
37 53 4797
37 54 1755
37 55 1319
37 56 7137
37 57 3794
37 58 1477
37 59 3566
37 60 2767
37 61 6785
37 62 2223
37 63 789
37 64 5251
37 65 1050
37 66 3296
37 67 4683
37 68 338
37 69 7400
37 70 32
38 1 5639
38 2 2385
38 3 1099
38 4 5475
38 5 3749
38 6 6777
38 7 2762
38 8 7274
38 9 6394
38 10 2999
38 11 3485
38 12 5141
38 13 7402
38 14 1441
38 15 4911
38 16 6677
38 17 898
38 18 5828
38 19 1670
38 20 4473
38 21 7371
38 22 1767
38 23 6883
38 24 4277
38 25 7274
38 26 2749
38 27 6788
38 28 5593
38 29 1086
38 30 5868
38 31 5880
38 32 6904
38 33 6157
38 34 7291
38 35 250
38 36 1033
38 37 5299
38 39 3410
38 40 1082
38 41 6534
38 42 2946
38 43 6063
38 44 4523
38 45 5662
38 46 3186
38 47 1907
38 48 2911
38 49 4642
38 50 7168
38 51 4668
38 52 6507
38 53 430
38 54 2160
38 55 5022
38 56 2816
38 57 3952
38 58 3464
38 59 3286
38 60 5544
38 61 5473
38 62 3842
38 63 5875
38 64 6740
38 65 4485
38 66 6119
38 67 2954
38 68 3403
38 69 362
38 70 6195
39 1 1295
39 2 3167
39 3 4827
39 4 1923
39 5 3180
39 6 5304
39 7 4777
39 8 1291
39 9 5131
39 10 337
39 11 5296
39 12 3503
39 13 2471
39 14 5662
39 15 2873
39 16 1945
39 17 242
39 18 5365
39 19 7375
39 20 5473
39 21 1532
39 22 698
39 23 1072
39 24 3490
39 25 1252
39 26 1126
39 27 4210
39 28 3486
39 29 7317
39 30 7276
39 31 3511
39 32 5155
39 33 493
39 34 7201
39 35 4146
39 36 6420
39 37 5665
39 38 2774
39 40 4190
39 41 6139
39 42 3676
39 43 2202
39 44 4102
39 45 3921
39 46 2083
39 47 5034
39 48 4209
39 49 3879
39 50 695
39 51 4101
39 52 642
39 53 3075
39 54 3758
39 55 4804
39 56 5953
39 57 1549
39 58 3479
39 59 2670
39 60 1230
39 61 6217
39 62 2035
39 63 6927
39 64 1652
39 65 229
39 66 5341
39 67 3491
39 68 3995
39 69 1732
39 70 3625
40 1 2632
40 2 2072
40 3 879
40 4 6600
40 5 6891
40 6 738
40 7 3581
40 8 1186
40 9 4404
40 10 668
40 11 394
40 12 5320
40 13 711
40 14 4686
40 15 6486
40 16 5387
40 17 883
40 18 7417
40 19 7389
40 20 6332
40 21 1526
40 22 2966
40 23 2535
40 24 7179
40 25 1580
40 26 3070
40 27 4613
40 28 5755
40 29 1774
40 30 6660
40 31 3610
40 32 3569
40 33 6765
40 34 2717
40 35 307
40 36 4777
40 37 2355
40 38 3639
40 39 2585
40 41 179
40 42 3825
40 43 4475
40 44 535
40 45 4067
40 46 989
40 47 1462
40 48 5142
40 49 6988
40 50 3653
40 51 4253
40 52 2323
40 53 3270
40 54 5856
40 55 2531
40 56 257
40 57 3988
40 58 1087
40 59 733
40 60 5568
40 61 5939
40 62 4046
40 63 3853
40 64 6359
40 65 59
40 66 4589
40 67 6283
40 68 2339
40 69 4133
40 70 1594
41 1 3025
41 2 3966
41 3 6322
41 4 2495
41 5 5505
41 6 2105
41 7 6241
41 8 4453
41 9 10
41 10 1630
41 11 3016
41 12 4566
41 13 7285
41 14 1362
41 15 6121
41 16 2163
41 17 250
41 18 144
41 19 1524
41 20 6631
41 21 3732
41 22 2600
41 23 3265
41 24 5796
41 25 2453
41 26 126
41 27 1234
41 28 5677
41 29 1197
41 30 877
41 31 5424
41 32 2318
41 33 6473
41 34 6203
41 35 292
41 36 978
41 37 5292
41 38 4815
41 39 6774
41 40 6126
41 42 1505
41 43 4312
41 44 5683
41 45 2260
41 46 2364
41 47 4407
41 48 4902
41 49 4535
41 50 1415
41 51 2212
41 52 508
41 53 6433
41 54 5897
41 55 6925
41 56 1072
41 57 6531
41 58 2950
41 59 1327
41 60 1899
41 61 3311
41 62 7345
41 63 5793
41 64 4853
41 65 4336
41 66 1114
41 67 4300
41 68 7114
41 69 6633
41 70 6580
42 1 2576
42 2 2326
42 3 200
42 4 6506
42 5 749
42 6 6392
42 7 4037
42 8 1537
42 9 4445
42 10 1993
42 11 6942
42 12 360
42 13 296
42 14 4831
42 15 7419
42 16 3648
42 17 4805
42 18 5116
42 19 7196
42 20 680
42 21 3185
42 22 2284
42 23 5467
42 24 6906
42 25 4363
42 26 5094
42 27 1121
42 28 3416
42 29 5364
42 30 106
42 31 3962
42 32 1439
42 33 5159
42 34 6959
42 35 676
42 36 3319
42 37 2579
42 38 3882
42 39 2745
42 40 368
42 41 791
42 43 1080
42 44 2737
42 45 1523
42 46 6904
42 47 2288
42 48 2083
42 49 4931
42 50 2945
42 51 4653
42 52 1299
42 53 3786
42 54 986
42 55 688
42 56 7104
42 57 4279
42 58 2083
42 59 6676
42 60 4766
42 61 57
42 62 3596
42 63 4378
42 64 265
42 65 6579
42 66 6510
42 67 6944
42 68 6007
42 69 5733
42 70 6082
43 1 3238
43 2 1202
43 3 2673
43 4 1844
43 5 2015
43 6 1975
43 7 2862
43 8 1629
43 9 1220
43 10 4237
43 11 4388
43 12 1569
43 13 3166
43 14 2712
43 15 4260
43 16 3375
43 17 383
43 18 6830
43 19 816
43 20 3583
43 21 2219
43 22 6201
43 23 885
43 24 6908
43 25 5237
43 26 4256
43 27 5453
43 28 2718
43 29 486
43 30 5367
43 31 4233
43 32 6377
43 33 5728
43 34 6754
43 35 3476
43 36 5614
43 37 6160
43 38 805
43 39 2029
43 40 5920
43 41 6453
43 42 5818
43 44 5399
43 45 3226
43 46 2906
43 47 1496
43 48 2892
43 49 3949
43 50 279
43 51 6934
43 52 3695
43 53 821
43 54 4509
43 55 6163
43 56 3943
43 57 3612
43 58 6946
43 59 4224
43 60 4852
43 61 6133
43 62 7361
43 63 5080
43 64 2121
43 65 2283
43 66 1170
43 67 7205
43 68 5709
43 69 148
43 70 7007
44 1 1480
44 2 1844
44 3 2834
44 4 2886
44 5 6200
44 6 5486
44 7 615
44 8 4792
44 9 2830
44 10 1722
44 11 1181
44 12 7342
44 13 4554
44 14 5650
44 15 2253
44 16 806
44 17 2114
44 18 3083
44 19 2659
44 20 5599
44 21 689
44 22 348
44 23 1614
44 24 1753
44 25 7468
44 26 6096
44 27 3353
44 28 5010
44 29 5113
44 30 416
44 31 4623
44 32 741
44 33 5733
44 34 4203
44 35 3894
44 36 25
44 37 1802
44 38 6651
44 39 2493
44 40 2487
44 41 6838
44 42 444
44 43 5604
44 45 1554
44 46 4191
44 47 7076
44 48 2735
44 49 4544
44 50 6346
44 51 6547
44 52 5058
44 53 3676
44 54 3959
44 55 5610
44 56 5154
44 57 513
44 58 6149
44 59 3291
44 60 6132
44 61 230
44 62 6877
44 63 6572
44 64 2411
44 65 3011
44 66 1007
44 67 4077
44 68 3616
44 69 379
44 70 4418
45 1 3980
45 2 2162
45 3 1370
45 4 5909
45 5 3720
45 6 769
45 7 3858
45 8 2639
45 9 315
45 10 6327
45 11 2963
45 12 4459
45 13 822
45 14 917
45 15 1639
45 16 6140
45 17 5190
45 18 2333
45 19 2305
45 20 3737
45 21 4728
45 22 351
45 23 1363
45 24 1265
45 25 5768
45 26 7313
45 27 1971
45 28 2744
45 29 5388
45 30 7306
45 31 6524
45 32 2455
45 33 4347
45 34 6558
45 35 2294
45 36 1093
45 37 2692
45 38 6682
45 39 384
45 40 6031
45 41 1033
45 42 4485
45 43 788
45 44 5752
45 46 4332
45 47 5371
45 48 5171
45 49 2153
45 50 4853
45 51 7375
45 52 5578
45 53 4574
45 54 3689
45 55 4330
45 56 1562
45 57 7313
45 58 4227
45 59 7490
45 60 749
45 61 3055
45 62 4472
45 63 1645
45 64 5517
45 65 3307
45 66 4428
45 67 4806
45 68 4033
45 69 62
45 70 1409
46 1 4711
46 2 71
46 3 1653
46 4 4793
46 5 4818
46 6 4076
46 7 1385
46 8 420
46 9 6908
46 10 2591
46 11 7469
46 12 4017
46 13 2647
46 14 2438
46 15 5946
46 16 815
46 17 6668
46 18 4385
46 19 3289
46 20 1720
46 21 2758
46 22 3491
46 23 7046
46 24 4856
46 25 2
46 26 4939
46 27 966
46 28 3023
46 29 2962
46 30 5219
46 31 1168
46 32 2007
46 33 7138
46 34 4789
46 35 3136
46 36 6840
46 37 1955
46 38 6170
46 39 6962
46 40 5225
46 41 6529
46 42 2162
46 43 5577
46 44 7372
46 45 6987
46 47 3654
46 48 6844
46 49 7278
46 50 4619
46 51 1896
46 52 6208
46 53 5018
46 54 7344
46 55 1653
46 56 6487
46 57 6623
46 58 821
46 59 5868
46 60 3216
46 61 1016
46 62 4534
46 63 5554
46 64 5706
46 65 4178
46 66 1257
46 67 6343
46 68 1146
46 69 5455
46 70 2854
47 1 4557
47 2 2136
47 3 5548
47 4 7277
47 5 7275
47 6 4706
47 7 1998
47 8 6485
47 9 3867
47 10 7124
47 11 2056
47 12 5248
47 13 7387
47 14 5212
47 15 5884
47 16 1824
47 17 2709
47 18 3565
47 19 998
47 20 768
47 21 6864
47 22 2441
47 23 2358
47 24 5358
47 25 6313
47 26 4581
47 27 2706
47 28 59
47 29 1243
47 30 2587
47 31 6527
47 32 585
47 33 262
47 34 4982
47 35 5028
47 36 1505
47 37 3583
47 38 6674
47 39 5331
47 40 4206
47 41 6225
47 42 727
47 43 6535
47 44 2639
47 45 1372
47 46 6175
47 48 3151
47 49 5271
47 50 1510
47 51 6114
47 52 4310
47 53 3175
47 54 3581
47 55 6223
47 56 2493
47 57 3619
47 58 4535
47 59 4169
47 60 3528
47 61 5634
47 62 6490
47 63 1128
47 64 1662
47 65 6436
47 66 4214
47 67 2347
47 68 3629
47 69 3038
47 70 5230
48 1 965
48 2 7240
48 3 533
48 4 6192
48 5 2679
48 6 3612
48 7 4219
48 8 4443
48 9 2456
48 10 2737
48 11 6063
48 12 7384
48 13 4
48 14 796
48 15 1692
48 16 6256
48 17 345
48 18 3988
48 19 1960
48 20 1867
48 21 6633
48 22 3046
48 23 5107
48 24 2578
48 25 814
48 26 5443
48 27 6658
48 28 5154
48 29 6943
48 30 5611
48 31 253
48 32 3904
48 33 2596
48 34 5641
48 35 3111
48 36 1953
48 37 4937
48 38 4018
48 39 6191
48 40 297
48 41 4620
48 42 3041
48 43 2716
48 44 3982
48 45 7433
48 46 4363
48 47 4416
48 49 5480
48 50 2878
48 51 2976
48 52 1379
48 53 3082
48 54 4511
48 55 1912
48 56 3481
48 57 2772
48 58 5570
48 59 957
48 60 7258
48 61 4614
48 62 1573
48 63 2197
48 64 3662
48 65 7370
48 66 5778
48 67 6756
48 68 5061
48 69 5176
48 70 2488
49 1 4212
49 2 2572
49 3 5982
49 4 3466
49 5 693
49 6 2164
49 7 564
49 8 4551
49 9 4971
49 10 4061
49 11 1953
49 12 3140
49 13 6402
49 14 98
49 15 6648
49 16 1758
49 17 5273
49 18 213
49 19 942
49 20 3825
49 21 1913
49 22 7488
49 23 810
49 24 7144
49 25 5935
49 26 5521
49 27 690
49 28 4101
49 29 4244
49 30 4318
49 31 3520
49 32 2773
49 33 6837
49 34 3588
49 35 6362
49 36 6512
49 37 4668
49 38 5927
49 39 4765
49 40 1056
49 41 6564
49 42 576
49 43 5509
49 44 1244
49 45 3865
49 46 6413
49 47 2514
49 48 729
49 50 3438
49 51 6279
49 52 5723
49 53 3193
49 54 6430
49 55 2504
49 56 4729
49 57 5374
49 58 2507
49 59 6415
49 60 5948
49 61 701
49 62 96
49 63 6372
49 64 3744
49 65 7028
49 66 3036
49 67 298
49 68 6173
49 69 4497
49 70 1132
50 1 2642
50 2 1509
50 3 2665
50 4 2534
50 5 1535
50 6 1415
50 7 5990
50 8 5477
50 9 6354
50 10 4542
50 11 5451
50 12 6462
50 13 3358
50 14 1662
50 15 3314
50 16 3828
50 17 1931
50 18 3985
50 19 1908
50 20 3547
50 21 1965
50 22 4639
50 23 3453
50 24 2332
50 25 2846
50 26 3351
50 27 447
50 28 4921
50 29 7372
50 30 4403
50 31 5944
50 32 3209
50 33 3504
50 34 3607
50 35 5453
50 36 2966
50 37 6434
50 38 3450
50 39 7366
50 40 2858
50 41 2653
50 42 174
50 43 1652
50 44 2612
50 45 3862
50 46 5589
50 47 929
50 48 1499
50 49 1690
50 51 1014
50 52 3904
50 53 5728
50 54 3768
50 55 5125
50 56 6753
50 57 3069
50 58 7337
50 59 5413
50 60 5840
50 61 3155
50 62 895
50 63 4135
50 64 2676
50 65 5110
50 66 4080
50 67 4998
50 68 5409
50 69 2473
50 70 2729
51 1 49
51 2 328
51 3 7230
51 4 5292
51 5 3143
51 6 2607
51 7 7147
51 8 3196
51 9 1565
51 10 1796
51 11 4601
51 12 1862
51 13 5658
51 14 5910
51 15 740
51 16 5547
51 17 82
51 18 4386
51 19 1
51 20 5808
51 21 2122
51 22 1670
51 23 2182
51 24 949
51 25 4778
51 26 5102
51 27 493
51 28 6143
51 29 2069
51 30 5501
51 31 1956
51 32 5346
51 33 1156
51 34 2214
51 35 700
51 36 4832
51 37 42
51 38 2140
51 39 4817
51 40 511
51 41 5881
51 42 4272
51 43 782
51 44 5770
51 45 374
51 46 6512
51 47 4602
51 48 2312
51 49 5047
51 50 5895
51 52 334
51 53 374
51 54 2899
51 55 1984
51 56 5025
51 57 6558
51 58 6671
51 59 3859
51 60 2446
51 61 5259
51 62 4531
51 63 1536
51 64 4472
51 65 789
51 66 3109
51 67 646
51 68 4741
51 69 6857
51 70 771
52 1 7261
52 2 6891
52 3 6048
52 4 4265
52 5 6937
52 6 5714
52 7 2280
52 8 6305
52 9 5292
52 10 6097
52 11 3527
52 12 145
52 13 7098
52 14 1011
52 15 300
52 16 2917
52 17 1375
52 18 4945
52 19 952
52 20 6449
52 21 5142
52 22 1996
52 23 2008
52 24 2837
52 25 2201
52 26 327
52 27 1608
52 28 4679
52 29 1687
52 30 1261
52 31 1894
52 32 3663
52 33 4920
52 34 6124
52 35 6465
52 36 2178
52 37 84
52 38 6759
52 39 1146
52 40 6834
52 41 6335
52 42 3200
52 43 777
52 44 3652
52 45 3490
52 46 2940
52 47 7464
52 48 1617
52 49 213
52 50 7420
52 51 1605
52 53 2879
52 54 2256
52 55 6167
52 56 7222
52 57 3592
52 58 7301
52 59 1179
52 60 2214
52 61 4743
52 62 7391
52 63 3431
52 64 4556
52 65 2401
52 66 6252
52 67 3138
52 68 2655
52 69 4898
52 70 5949
53 1 4477
53 2 6552
53 3 5754
53 4 5219
53 5 5480
53 6 5839
53 7 5931
53 8 1765
53 9 2513
53 10 135
53 11 5220
53 12 3063
53 13 4796
53 14 1070
53 15 5372
53 16 5077
53 17 6021
53 18 4352
53 19 1341
53 20 5924
53 21 15
53 22 6313
53 23 5939
53 24 4585
53 25 6380
53 26 1225
53 27 6174
53 28 3991
53 29 2519
53 30 3239
53 31 6715
53 32 2365
53 33 7408
53 34 6775
53 35 5626
53 36 4022
53 37 4924
53 38 2801
53 39 3504
53 40 3603
53 41 1354
53 42 3994
53 43 4329
53 44 807
53 45 2017
53 46 739
53 47 2857
53 48 6138
53 49 3100
53 50 5661
53 51 3268
53 52 225
53 54 1552
53 55 3629
53 56 3395
53 57 1059
53 58 2582
53 59 6578
53 60 2450
53 61 5167
53 62 2112
53 63 2936
53 64 7399
53 65 6693
53 66 1833
53 67 53
53 68 3746
53 69 7158
53 70 1071
54 1 6164
54 2 2004
54 3 7241
54 4 1585
54 5 7274
54 6 974
54 7 3426
54 8 2246
54 9 1494
54 10 4881
54 11 4287
54 12 6968
54 13 3256
54 14 663
54 15 6365
54 16 5303
54 17 6985
54 18 892
54 19 1535
54 20 2570
54 21 4740
54 22 4499
54 23 957
54 24 1991
54 25 2136
54 26 1259
54 27 1585
54 28 4648
54 29 3392
54 30 797
54 31 6275
54 32 1208
54 33 3967
54 34 3363
54 35 6701
54 36 5295
54 37 4639
54 38 4930
54 39 5976
54 40 3367
54 41 4793
54 42 1799
54 43 3927
54 44 4680
54 45 711
54 46 2203
54 47 5702
54 48 2956
54 49 7428
54 50 7259
54 51 4162
54 52 4209
54 53 6432
54 55 228
54 56 1379
54 57 4206
54 58 4043
54 59 5797
54 60 4980
54 61 424
54 62 4163
54 63 4565
54 64 2352
54 65 4561
54 66 1752
54 67 2616
54 68 5759
54 69 7440
54 70 865
55 1 882
55 2 2199
55 3 3411
55 4 5809
55 5 1265
55 6 4324
55 7 2422
55 8 4223
55 9 4294
55 10 4425
55 11 2005
55 12 5890
55 13 4021
55 14 4131
55 15 1636
55 16 6180
55 17 2549
55 18 4597
55 19 3678
55 20 2751
55 21 2415
55 22 5454
55 23 5699
55 24 7436
55 25 6514
55 26 1866
55 27 5168
55 28 6112
55 29 142
55 30 5948
55 31 2051
55 32 6740
55 33 4859
55 34 4959
55 35 6735
55 36 2581
55 37 2508
55 38 3870
55 39 1003
55 40 6190
55 41 3148
55 42 7069
55 43 6758
55 44 1954
55 45 6190
55 46 7341
55 47 2354
55 48 3080
55 49 6706
55 50 1246
55 51 5742
55 52 1654
55 53 5162
55 54 6675
55 56 4081
55 57 1563
55 58 2629
55 59 251
55 60 7490
55 61 786
55 62 831
55 63 7163
55 64 6831
55 65 1207
55 66 7194
55 67 58
55 68 815
55 69 1590
55 70 102
56 1 251
56 2 4847
56 3 2230
56 4 586
56 5 1584
56 6 3989
56 7 3743
56 8 1824
56 9 1277
56 10 311
56 11 7075
56 12 6774
56 13 7046
56 14 3337
56 15 694
56 16 288
56 17 3074
56 18 5511
56 19 1922
56 20 6557
56 21 3549
56 22 5178
56 23 2934
56 24 5514
56 25 3350
56 26 3358
56 27 5338
56 28 2311
56 29 3610
56 30 2229
56 31 4696
56 32 1231
56 33 1744
56 34 3980
56 35 4877
56 36 4957
56 37 5219
56 38 3048
56 39 192
56 40 4279
56 41 7159
56 42 2184
56 43 5372
56 44 5734
56 45 2764
56 46 4039
56 47 4644
56 48 7213
56 49 7442
56 50 6796
56 51 4477
56 52 4936
56 53 5625
56 54 4183
56 55 5172
56 57 930
56 58 4531
56 59 5940
56 60 4496
56 61 2960
56 62 2503
56 63 1108
56 64 4031
56 65 6845
56 66 4861
56 67 2777
56 68 3033
56 69 6587
56 70 4530
57 1 6807
57 2 7313
57 3 6086
57 4 6737
57 5 417
57 6 1304
57 7 313
57 8 5826
57 9 6149
57 10 3975
57 11 7101
57 12 330
57 13 6568
57 14 767
57 15 3181
57 16 4795
57 17 7312
57 18 888
57 19 3814
57 20 4650
57 21 1079
57 22 6882
57 23 2019
57 24 1598
57 25 2186
57 26 6145
57 27 4465
57 28 5436
57 29 1724
57 30 6071
57 31 4430
57 32 3075
57 33 5118
57 34 3223
57 35 4561
57 36 2869
57 37 7153
57 38 4539
57 39 7106
57 40 4558
57 41 50
57 42 564
57 43 2798
57 44 6159
57 45 2288
57 46 3123
57 47 3083
57 48 3663
57 49 7162
57 50 1632
57 51 3411
57 52 5719
57 53 6550
57 54 6182
57 55 3062
57 56 389
57 58 2723
57 59 6395
57 60 2779
57 61 7367
57 62 2393
57 63 5208
57 64 4143
57 65 4116
57 66 4242
57 67 590
57 68 5769
57 69 7221
57 70 4633
58 1 539
58 2 413
58 3 5932
58 4 5152
58 5 479
58 6 3613
58 7 976
58 8 4002
58 9 2148
58 10 3707
58 11 7119
58 12 6476
58 13 6766
58 14 5174
58 15 6770
58 16 4189
58 17 7350
58 18 1081
58 19 819
58 20 1863
58 21 4435
58 22 2244
58 23 1251
58 24 392
58 25 5321
58 26 2091
58 27 6445
58 28 730
58 29 4698
58 30 4644
58 31 4797
58 32 163
58 33 1759
58 34 5955
58 35 5278
58 36 1134
58 37 6908
58 38 5648
58 39 326
58 40 4628
58 41 2997
58 42 7134
58 43 257
58 44 3802
58 45 7164
58 46 3574
58 47 7078
58 48 5907
58 49 2595
58 50 5462
58 51 3026
58 52 3326
58 53 3052
58 54 1983
58 55 6341
58 56 5545
58 57 6098
58 59 1464
58 60 4460
58 61 5173
58 62 5730
58 63 4981
58 64 6285
58 65 5206
58 66 1855
58 67 2707
58 68 3900
58 69 762
58 70 5769
59 1 5124
59 2 6139
59 3 632
59 4 7055
59 5 7306
59 6 3749
59 7 6588
59 8 557
59 9 3200
59 10 1319
59 11 1156
59 12 4812
59 13 6971
59 14 3478
59 15 3935
59 16 494
59 17 5361
59 18 6046
59 19 146
59 20 463
59 21 5014
59 22 1104
59 23 5866
59 24 7094
59 25 4245
59 26 1538
59 27 6775
59 28 7291
59 29 4199
59 30 4234
59 31 4325
59 32 388
59 33 646
59 34 1451
59 35 2974
59 36 1783
59 37 1264
59 38 3819
59 39 6708
59 40 5197
59 41 396
59 42 2415
59 43 325
59 44 6039
59 45 6718
59 46 251
59 47 210
59 48 4704
59 49 7398
59 50 1719
59 51 5902
59 52 3709
59 53 880
59 54 2300
59 55 6272
59 56 1236
59 57 2179
59 58 881
59 60 4985
59 61 1110
59 62 4738
59 63 1002
59 64 5873
59 65 5363
59 66 5258
59 67 4340
59 68 4087
59 69 4321
59 70 646
60 1 2378
60 2 2183
60 3 6018
60 4 4404
60 5 3723
60 6 2382
60 7 127
60 8 1020
60 9 2652
60 10 2805
60 11 2193
60 12 5601
60 13 597
60 14 7033
60 15 3666
60 16 3667
60 17 1856
60 18 6841
60 19 6083
60 20 7121
60 21 4288
60 22 1488
60 23 4032
60 24 2911
60 25 3678
60 26 5513
60 27 751
60 28 758
60 29 3078
60 30 1687
60 31 6244
60 32 5139
60 33 4512
60 34 2671
60 35 5402
60 36 6368
60 37 2365
60 38 2002
60 39 1651
60 40 3060
60 41 6522
60 42 7454
60 43 4018
60 44 1814
60 45 1372
60 46 5170
60 47 6799
60 48 3182
60 49 6883
60 50 7359
60 51 3544
60 52 4220
60 53 1533
60 54 4347
60 55 805
60 56 4232
60 57 4406
60 58 4074
60 59 5132
60 61 458
60 62 4416
60 63 3160
60 64 6413
60 65 6587
60 66 2084
60 67 4248
60 68 1847
60 69 4274
60 70 3080
61 1 3197
61 2 4065
61 3 3856
61 4 1086
61 5 1126
61 6 5419
61 7 5504
61 8 3984
61 9 4136
61 10 2518
61 11 6672
61 12 4910
61 13 2090
61 14 4596
61 15 4822
61 16 6996
61 17 5506
61 18 7075
61 19 4837
61 20 1005
61 21 4844
61 22 3413
61 23 5847
61 24 7446
61 25 4135
61 26 5422
61 27 7286
61 28 3918
61 29 5710
61 30 6816
61 31 4979
61 32 2058
61 33 7235
61 34 23
61 35 1075
61 36 3339
61 37 4268
61 38 4888
61 39 1642
61 40 589
61 41 3136
61 42 422
61 43 2529
61 44 4849
61 45 2909
61 46 1682
61 47 3677
61 48 3194
61 49 4166
61 50 7454
61 51 7241
61 52 5805
61 53 7182
61 54 4504
61 55 5322
61 56 2373
61 57 6309
61 58 7115
61 59 1764
61 60 790
61 62 7259
61 63 3887
61 64 3207
61 65 5471
61 66 4273
61 67 1884
61 68 6551
61 69 1994
61 70 4393
62 1 374
62 2 1661
62 3 5703
62 4 1213
62 5 5138
62 6 6571
62 7 4223
62 8 2739
62 9 2742
62 10 3481
62 11 3886
62 12 3440
62 13 3308
62 14 1931
62 15 3104
62 16 4213
62 17 4191
62 18 4237
62 19 2469
62 20 4487
62 21 3461
62 22 1147
62 23 1815
62 24 3770
62 25 6202
62 26 6786
62 27 2522
62 28 505
62 29 6354
62 30 5783
62 31 5689
62 32 5706
62 33 1382
62 34 2148
62 35 1125
62 36 3746
62 37 1934
62 38 302
62 39 190
62 40 7494
62 41 2545
62 42 3788
62 43 3827
62 44 1143
62 45 1343
62 46 489
62 47 5333
62 48 6000
62 49 2777
62 50 5650
62 51 5005
62 52 3686
62 53 2425
62 54 1788
62 55 1919
62 56 1991
62 57 1493
62 58 2131
62 59 952
62 60 3851
62 61 5732
62 63 7079
62 64 1265
62 65 6453
62 66 2594
62 67 1408
62 68 7436
62 69 7102
62 70 4013
63 1 417
63 2 44
63 3 6576
63 4 7285
63 5 1092
63 6 4077
63 7 7408
63 8 3624
63 9 6959
63 10 5102
63 11 631
63 12 5162
63 13 2111
63 14 6791
63 15 4287
63 16 5448
63 17 69
63 18 78
63 19 5218
63 20 4492
63 21 6934
63 22 3153
63 23 4963
63 24 2643
63 25 3081
63 26 2477
63 27 616
63 28 5840
63 29 1954
63 30 7063
63 31 5867
63 32 3266
63 33 4847
63 34 4469
63 35 1154
63 36 5621
63 37 7330
63 38 5885
63 39 7436
63 40 3480
63 41 4548
63 42 6455
63 43 3743
63 44 6251
63 45 6254
63 46 5028
63 47 564
63 48 3208
63 49 6921
63 50 4757
63 51 3661
63 52 7146
63 53 4292
63 54 3768
63 55 3231
63 56 4763
63 57 6382
63 58 1434
63 59 4252
63 60 2330
63 61 531
63 62 6839
63 64 1325
63 65 255
63 66 5205
63 67 1664
63 68 7189
63 69 2612
63 70 2523
64 1 1163
64 2 3901
64 3 3676
64 4 3462
64 5 5568
64 6 5183
64 7 6324
64 8 54
64 9 6245
64 10 3504
64 11 787
64 12 7133
64 13 1248
64 14 656
64 15 6
64 16 6618
64 17 3277
64 18 2084
64 19 3507
64 20 1182
64 21 1175
64 22 6633
64 23 3925
64 24 1481
64 25 1646
64 26 3653
64 27 4587
64 28 2362
64 29 3080
64 30 375
64 31 5177
64 32 2830
64 33 2875
64 34 2246
64 35 403
64 36 117
64 37 6966
64 38 3624
64 39 6555
64 40 5660
64 41 881
64 42 6959
64 43 2342
64 44 7338
64 45 5191
64 46 815
64 47 7459
64 48 5169
64 49 1774
64 50 6485
64 51 6795
64 52 4509
64 53 2726
64 54 2866
64 55 2534
64 56 3977
64 57 6507
64 58 5977
64 59 2589
64 60 6964
64 61 1488
64 62 7180
64 63 1118
64 65 1536
64 66 476
64 67 5167
64 68 933
64 69 3380
64 70 7049
65 1 6019
65 2 6330
65 3 6219
65 4 5827
65 5 1932
65 6 5815
65 7 4348
65 8 2594
65 9 2852
65 10 613
65 11 2773
65 12 2512
65 13 2486
65 14 4235
65 15 3525
65 16 2456
65 17 3740
65 18 139
65 19 595
65 20 3422
65 21 7186
65 22 190
65 23 520
65 24 4719
65 25 6046
65 26 3759
65 27 6801
65 28 553
65 29 4662
65 30 561
65 31 3518
65 32 2848
65 33 672
65 34 5544
65 35 4938
65 36 5264
65 37 5980
65 38 105
65 39 6941
65 40 7193
65 41 2057
65 42 6698
65 43 304
65 44 2388
65 45 5409
65 46 6264
65 47 6468
65 48 2329
65 49 1511
65 50 5884
65 51 1245
65 52 5610
65 53 3995
65 54 2772
65 55 4177
65 56 3264
65 57 3628
65 58 3389
65 59 6597
65 60 1312
65 61 3742
65 62 1889
65 63 6358
65 64 3871
65 66 4300
65 67 3711
65 68 4857
65 69 4776
65 70 7416
66 1 830
66 2 3031
66 3 355
66 4 501
66 5 720
66 6 3626
66 7 6715
66 8 3602
66 9 6463
66 10 4858
66 11 2765
66 12 6607
66 13 3704
66 14 7130
66 15 6872
66 16 140
66 17 3757
66 18 3388
66 19 6106
66 20 4843
66 21 3951
66 22 5762
66 23 4476
66 24 3082
66 25 1120
66 26 4285
66 27 3461
66 28 5044
66 29 4794
66 30 5387
66 31 6967
66 32 1483
66 33 1935
66 34 783
66 35 619
66 36 3638
66 37 725
66 38 7151
66 39 1734
66 40 2728
66 41 5386
66 42 3349
66 43 6856
66 44 1947
66 45 495
66 46 6924
66 47 1197
66 48 6271
66 49 1901
66 50 2786
66 51 988
66 52 2035
66 53 2807
66 54 6450
66 55 2123
66 56 3034
66 57 2110
66 58 5375
66 59 5219
66 60 4031
66 61 2927
66 62 2108
66 63 6729
66 64 4156
66 65 6850
66 67 6222
66 68 4902
66 69 3198
66 70 874
67 1 5366
67 2 5284
67 3 5519
67 4 50
67 5 768
67 6 792
67 7 5097
67 8 1420
67 9 5192
67 10 6529
67 11 5508
67 12 5678
67 13 4199
67 14 2881
67 15 7282
67 16 4091
67 17 4205
67 18 685
67 19 2214
67 20 3028
67 21 1334
67 22 2434
67 23 6940
67 24 969
67 25 6956
67 26 3062
67 27 2120
67 28 2100
67 29 4434
67 30 2613
67 31 4268
67 32 5549
67 33 4736
67 34 3007
67 35 4713
67 36 1154
67 37 4323
67 38 6926
67 39 5223
67 40 6101
67 41 3651
67 42 1851
67 43 2318
67 44 1497
67 45 4083
67 46 5479
67 47 1332
67 48 5092
67 49 7306
67 50 5579
67 51 1134
67 52 1879
67 53 5923
67 54 1486
67 55 998
67 56 4182
67 57 4313
67 58 1487
67 59 6335
67 60 4251
67 61 2654
67 62 4720
67 63 5503
67 64 2400
67 65 5244
67 66 2138
67 68 2204
67 69 2407
67 70 1249
68 1 443
68 2 6082
68 3 1813
68 4 2603
68 5 1602
68 6 5964
68 7 6755
68 8 3265
68 9 2798
68 10 6627
68 11 4497
68 12 435
68 13 1205
68 14 716
68 15 5914
68 16 1970
68 17 981
68 18 3572
68 19 219
68 20 2947
68 21 6901
68 22 2343
68 23 520
68 24 856
68 25 7053
68 26 6170
68 27 5990
68 28 1393
68 29 4313
68 30 5270
68 31 1630
68 32 4757
68 33 2479
68 34 3272
68 35 1378
68 36 3736
68 37 2561
68 38 1500
68 39 1950
68 40 5698
68 41 4285
68 42 6878
68 43 4402
68 44 3699
68 45 6684
68 46 1888
68 47 4972
68 48 7261
68 49 3946
68 50 6999
68 51 5038
68 52 2214
68 53 3019
68 54 6958
68 55 433
68 56 4193
68 57 2384
68 58 4294
68 59 3146
68 60 6332
68 61 1730
68 62 1651
68 63 6219
68 64 168
68 65 4315
68 66 6073
68 67 5989
68 69 4591
68 70 7264
69 1 5019
69 2 728
69 3 1860
69 4 6863
69 5 5799
69 6 5212
69 7 2547
69 8 3021
69 9 1639
69 10 4416
69 11 774
69 12 1291
69 13 7267
69 14 845
69 15 7281
69 16 3938
69 17 517
69 18 6551
69 19 6461
69 20 2818
69 21 3615
69 22 6661
69 23 5599
69 24 1645
69 25 5883
69 26 1099
69 27 1500
69 28 6890
69 29 7029
69 30 1463
69 31 6951
69 32 852
69 33 1682
69 34 4412
69 35 1749
69 36 3438
69 37 1424
69 38 2329
69 39 3658
69 40 6382
69 41 228
69 42 7081
69 43 7200
69 44 5461
69 45 5413
69 46 4297
69 47 1014
69 48 5459
69 49 6072
69 50 4386
69 51 5432
69 52 3631
69 53 2407
69 54 5886
69 55 5422
69 56 3479
69 57 7465
69 58 490
69 59 4642
69 60 1397
69 61 7450
69 62 204
69 63 6998
69 64 2402
69 65 1566
69 66 183
69 67 4768
69 68 578
69 70 3829
70 1 2540
70 2 6886
70 3 4659
70 4 4955
70 5 5956
70 6 5396
70 7 5432
70 8 4165
70 9 5789
70 10 7431
70 11 4660
70 12 5299
70 13 842
70 14 5805
70 15 5813
70 16 6960
70 17 6721
70 18 4363
70 19 1596
70 20 1354
70 21 425
70 22 3213
70 23 997
70 24 607
70 25 2296
70 26 2767
70 27 7000
70 28 1612
70 29 6664
70 30 7472
70 31 217
70 32 6843
70 33 5820
70 34 2076
70 35 7079
70 36 4479
70 37 4509
70 38 3796
70 39 4176
70 40 4219
70 41 6801
70 42 922
70 43 1200
70 44 5847
70 45 7128
70 46 1093
70 47 2393
70 48 3162
70 49 2411
70 50 253
70 51 2760
70 52 4641
70 53 2748
70 54 3173
70 55 4175
70 56 3214
70 57 2500
70 58 7399
70 59 2461
70 60 1024
70 61 2743
70 62 6776
70 63 5913
70 64 4211
70 65 2635
70 66 956
70 67 6275
70 68 134
70 69 460
