70 4830
1 2 7460
1 3 2162
1 4 1077
1 5 3665
1 6 4310
1 7 339
1 8 5111
1 9 6946
1 10 1356
1 11 825
1 12 4580
1 13 5563
1 14 6339
1 15 7464
1 16 6617
1 17 7361
1 18 2738
1 19 7
1 20 6197
1 21 7383
1 22 7187
1 23 5705
1 24 4824
1 25 4405
1 26 1806
1 27 6444
1 28 6935
1 29 4981
1 30 5747
1 31 3292
1 32 3761
1 33 2760
1 34 6694
1 35 2829
1 36 341
1 37 2313
1 38 1434
1 39 465
1 40 1852
1 41 1369
1 42 644
1 43 6682
1 44 1174
1 45 6999
1 46 7273
1 47 1205
1 48 181
1 49 5539
1 50 6199
1 51 6016
1 52 4341
1 53 6428
1 54 2785
1 55 1429
1 56 209
1 57 6169
1 58 2271
1 59 2451
1 60 566
1 61 7237
1 62 517
1 63 3446
1 64 3736
1 65 356
1 66 3449
1 67 1071
1 68 4200
1 69 3871
1 70 7253
2 1 4380
2 3 6634
2 4 4843
2 5 5133
2 6 5282
2 7 7059
2 8 4398
2 9 1725
2 10 4583
2 11 4674
2 12 5064
2 13 5248
2 14 6693
2 15 707
2 16 6482
2 17 5732
2 18 3291
2 19 4694
2 20 5559
2 21 7474
2 22 2558
2 23 5486
2 24 5479
2 25 5350
2 26 2242
2 27 6141
2 28 2037
2 29 2665
2 30 5492
2 31 3553
2 32 3432
2 33 7253
2 34 3011
2 35 1060
2 36 5189
2 37 2117
2 38 6098
2 39 3032
2 40 4285
2 41 1479
2 42 6629
2 43 6622
2 44 5493
2 45 1083
2 46 2789
2 47 147
2 48 5676
2 49 1251
2 50 880
2 51 4522
2 52 2526
2 53 1015
2 54 7248
2 55 7249
2 56 5867
2 57 5132
2 58 2329
2 59 2462
2 60 3479
2 61 6879
2 62 2578
2 63 3988
2 64 2449
2 65 2610
2 66 6546
2 67 3296
2 68 3363
2 69 4577
2 70 902
3 1 2432
3 2 1204
3 4 2651
3 5 7485
3 6 6005
3 7 3143
3 8 3756
3 9 6132
3 10 3269
3 11 6260
3 12 1265
3 13 1912
3 14 877
3 15 4045
3 16 2098
3 17 4095
3 18 5377
3 19 2625
3 20 5228
3 21 6201
3 22 2955
3 23 1732
3 24 2669
3 25 91
3 26 4300
3 27 2014
3 28 2433
3 29 735
3 30 2474
3 31 7464
3 32 135
3 33 5112
3 34 626
3 35 5265
3 36 6297
3 37 6663
3 38 3994
3 39 2563
3 40 1835
3 41 1451
3 42 71
3 43 7479
3 44 1832
3 45 6738
3 46 3998
3 47 1447
3 48 3579
3 49 2979
3 50 2448
3 51 1754
3 52 3616
3 53 4509
3 54 6674
3 55 5166
3 56 5190
3 57 1466
3 58 2476
3 59 3906
3 60 5495
3 61 6986
3 62 3998
3 63 1983
3 64 6167
3 65 6833
3 66 7236
3 67 42
3 68 5872
3 69 3424
3 70 324
4 1 4545
4 2 6001
4 3 2845
4 5 2471
4 6 2308
4 7 3571
4 8 3171
4 9 3892
4 10 1877
4 11 3255
4 12 5957
4 13 1910
4 14 4858
4 15 1496
4 16 6023
4 17 529
4 18 7128
4 19 5223
4 20 3932
4 21 5383
4 22 7034
4 23 856
4 24 5972
4 25 492
4 26 3050
4 27 269
4 28 847
4 29 5235
4 30 4081
4 31 3314
4 32 4127
4 33 2150
4 34 3148
4 35 992
4 36 663
4 37 4728
4 38 2984
4 39 2898
4 40 6523
4 41 5338
4 42 7077
4 43 4646
4 44 2174
4 45 2896
4 46 5596
4 47 7483
4 48 317
4 49 2835
4 50 538
4 51 5799
4 52 3463
4 53 5237
4 54 2799
4 55 7314
4 56 3369
4 57 96
4 58 6510
4 59 2019
4 60 2790
4 61 5719
4 62 6664
4 63 6712
4 64 969
4 65 3233
4 66 1042
4 67 4714
4 68 6446
4 69 1366
4 70 5224
5 1 3840
5 2 4398
5 3 6533
5 4 3712
5 6 3107
5 7 4035
5 8 1334
5 9 6197
5 10 6699
5 11 3176
5 12 4447
5 13 4462
5 14 7072
5 15 1338
5 16 297
5 17 3
5 18 735
5 19 3215
5 20 4045
5 21 7418
5 22 5427
5 23 4325
5 24 7436
5 25 2402
5 26 1961
5 27 3218
5 28 7106
5 29 184
5 30 2620
5 31 2564
5 32 7056
5 33 2646
5 34 1443
5 35 2018
5 36 6475
5 37 6417
5 38 3147
5 39 5378
5 40 2009
5 41 6621
5 42 4189
5 43 6625
5 44 2056
5 45 4226
5 46 5641
5 47 4981
5 48 7395
5 49 6360
5 50 538
5 51 2683
5 52 6127
5 53 4899
5 54 2622
5 55 7285
5 56 2253
5 57 2211
5 58 2745
5 59 7305
5 60 792
5 61 5985
5 62 2140
5 63 484
5 64 1302
5 65 5019
5 66 6001
5 67 5774
5 68 83
5 69 7348
5 70 6636
6 1 7408
6 2 3811
6 3 5088
6 4 7382
6 5 4603
6 7 2046
6 8 2407
6 9 3480
6 10 4971
6 11 3734
6 12 939
6 13 6460
6 14 1390
6 15 7142
6 16 2199
6 17 1300
6 18 4640
6 19 1141
6 20 2579
6 21 4610
6 22 4816
6 23 6247
6 24 3898
6 25 1624
6 26 7290
6 27 4244
6 28 1606
6 29 4386
6 30 3738
6 31 780
6 32 2917
6 33 651
6 34 1227
6 35 5332
6 36 3730
6 37 4044
6 38 1518
6 39 2382
6 40 2503
6 41 1169
6 42 69
6 43 6116
6 44 2314
6 45 2631
6 46 4195
6 47 5654
6 48 4290
6 49 4441
6 50 4211
6 51 1056
6 52 6319
6 53 5077
6 54 1812
6 55 5376
6 56 956
6 57 6534
6 58 1895
6 59 1706
6 60 5163
6 61 7151
6 62 2970
6 63 1687
6 64 3378
6 65 5910
6 66 4581
6 67 6474
6 68 6392
6 69 5176
6 70 4796
7 1 5670
7 2 305
7 3 5626
7 4 1585
7 5 1245
7 6 313
7 8 387
7 9 2644
7 10 4575
7 11 2742
7 12 6905
7 13 1978
7 14 5520
7 15 6698
7 16 2099
7 17 619
7 18 6744
7 19 1374
7 20 3089
7 21 2865
7 22 5926
7 23 7218
7 24 3243
7 25 249
7 26 2374
7 27 7159
7 28 2233
7 29 3286
7 30 283
7 31 5685
7 32 1693
7 33 652
7 34 6998
7 35 6935
7 36 4069
7 37 1567
7 38 7451
7 39 3966
7 40 6252
7 41 5131
7 42 2215
7 43 260
7 44 4115
7 45 5046
7 46 1891
7 47 5081
7 48 6004
7 49 2859
7 50 3605
7 51 5324
7 52 1003
7 53 508
7 54 180
7 55 7133
7 56 671
7 57 4679
7 58 6215
7 59 2597
7 60 1397
7 61 2302
7 62 7077
7 63 5532
7 64 6297
7 65 6415
7 66 6393
7 67 2041
7 68 1501
7 69 1742
7 70 3959
8 1 1925
8 2 108
8 3 2033
8 4 1950
8 5 6246
8 6 7270
8 7 4307
8 9 7234
8 10 4849
8 11 972
8 12 3274
8 13 308
8 14 504
8 15 629
8 16 385
8 17 2357
8 18 7021
8 19 1114
8 20 6747
8 21 7336
8 22 6734
8 23 5441
8 24 1351
8 25 5796
8 26 513
8 27 5926
8 28 74
8 29 5928
8 30 745
8 31 4940
8 32 2952
8 33 1133
8 34 2995
8 35 672
8 36 6518
8 37 1126
8 38 3727
8 39 3598
8 40 894
8 41 570
8 42 6948
8 43 6638
8 44 779
8 45 1640
8 46 6699
8 47 104
8 48 4928
8 49 3889
8 50 4462
8 51 7391
8 52 5630
8 53 6420
8 54 1751
8 55 5997
8 56 434
8 57 4822
8 58 1030
8 59 209
8 60 5452
8 61 5668
8 62 855
8 63 1566
8 64 2099
8 65 230
8 66 5833
8 67 540
8 68 1556
8 69 2869
8 70 1602
9 1 7409
9 2 2029
9 3 3179
9 4 1110
9 5 7078
9 6 1478
9 7 4393
9 8 3744
9 10 2926
9 11 2109
9 12 4540
9 13 2491
9 14 2219
9 15 1749
9 16 5729
9 17 33
9 18 32
9 19 6705
9 20 6193
9 21 5521
9 22 345
9 23 2335
9 24 6276
9 25 4585
9 26 6822
9 27 2098
9 28 3818
9 29 2111
9 30 1629
9 31 1836
9 32 7405
9 33 4035
9 34 4803
9 35 1610
9 36 6411
9 37 1880
9 38 5234
9 39 5117
9 40 1675
9 41 242
9 42 5779
9 43 7478
9 44 6539
9 45 3290
9 46 3719
9 47 5458
9 48 4237
9 49 4921
9 50 3613
9 51 5830
9 52 4853
9 53 2848
9 54 5661
9 55 3975
9 56 498
9 57 239
9 58 5557
9 59 2084
9 60 5372
9 61 7292
9 62 1181
9 63 3446
9 64 5439
9 65 2966
9 66 3515
9 67 3332
9 68 6656
9 69 1280
9 70 6143
10 1 2249
10 2 5151
10 3 4658
10 4 7460
10 5 6371
10 6 1555
10 7 6287
10 8 2372
10 9 5260
10 11 1888
10 12 1605
10 13 4534
10 14 6300
10 15 1759
10 16 1376
10 17 2648
10 18 914
10 19 4399
10 20 754
10 21 6615
10 22 154
10 23 2458
10 24 1948
10 25 6932
10 26 4545
10 27 2046
10 28 7248
10 29 1725
10 30 3069
10 31 6752
10 32 7399
10 33 5607
10 34 5064
10 35 5857
10 36 6097
10 37 5075
10 38 4301
10 39 439
10 40 4565
10 41 6074
10 42 2626
10 43 4514
10 44 3053
10 45 5771
10 46 569
10 47 5685
10 48 2077
10 49 88
10 50 4110
10 51 2631
10 52 2782
10 53 2585
10 54 3013
10 55 7441
10 56 7225
10 57 5148
10 58 233
10 59 413
10 60 4233
10 61 3528
10 62 1141
10 63 134
10 64 5048
10 65 766
10 66 2375
10 67 502
10 68 3504
10 69 6755
10 70 4789
11 1 347
11 2 5904
11 3 3779
11 4 521
11 5 2574
11 6 5890
11 7 7333
11 8 1644
11 9 626
11 10 4333
11 12 4448
11 13 4148
11 14 5017
11 15 2077
11 16 7463
11 17 2322
11 18 4769
11 19 2397
11 20 286
11 21 741
11 22 5877
11 23 4020
11 24 2591
11 25 2264
11 26 2049
11 27 1582
11 28 6325
11 29 3333
11 30 2854
11 31 2727
11 32 2043
11 33 7066
11 34 7154
11 35 5223
11 36 2224
11 37 6438
11 38 5378
11 39 7458
11 40 1843
11 41 930
11 42 1104
11 43 6962
11 44 5007
11 45 1073
11 46 5315
11 47 3514
11 48 2380
11 49 6992
11 50 5040
11 51 4892
11 52 7014
11 53 6129
11 54 103
11 55 4273
11 56 4902
11 57 6049
11 58 1354
11 59 3464
11 60 3851
11 61 6503
11 62 7011
11 63 7410
11 64 2127
11 65 1520
11 66 1288
11 67 5976
11 68 3708
11 69 1967
11 70 6553
12 1 1669
12 2 1999
12 3 1884
12 4 665
12 5 1942
12 6 278
12 7 6845
12 8 4831
12 9 6948
12 10 7485
12 11 2222
12 13 4174
12 14 7399
12 15 2097
12 16 824
12 17 6073
12 18 1221
12 19 1942
12 20 6407
12 21 3137
12 22 3987
12 23 3858
12 24 1069
12 25 5480
12 26 6286
12 27 1140
12 28 3161
12 29 3961
12 30 69
12 31 6323
12 32 5466
12 33 402
12 34 704
12 35 6909
12 36 2305
12 37 3782
12 38 1449
12 39 5257
12 40 1682
12 41 3940
12 42 4567
12 43 5618
12 44 6941
12 45 7219
12 46 6278
12 47 224
12 48 3331
12 49 1584
12 50 6174
12 51 3894
12 52 2285
12 53 1380
12 54 157
12 55 7200
12 56 2752
12 57 4265
12 58 5509
12 59 3233
12 60 6465
12 61 4415
12 62 130
12 63 7016
12 64 2728
12 65 4554
12 66 2625
12 67 2316
12 68 6846
12 69 5787
12 70 3629
13 1 6942
13 2 5012
13 3 3189
13 4 2904
13 5 5927
13 6 6097
13 7 7044
13 8 211
13 9 6312
13 10 2828
13 11 6934
13 12 7387
13 14 2272
13 15 3266
13 16 4511
13 17 4976
13 18 522
13 19 5270
13 20 7206
13 21 2474
13 22 3519
13 23 1646
13 24 983
13 25 1163
13 26 2325
13 27 5315
13 28 1865
13 29 103
13 30 4566
13 31 4838
13 32 2381
13 33 769
13 34 3003
13 35 5484
13 36 2959
13 37 2354
13 38 6222
13 39 7113
13 40 5904
13 41 4606
13 42 4603
13 43 135
13 44 2591
13 45 2060
13 46 2533
13 47 2896
13 48 7285
13 49 1127
13 50 5875
13 51 304
13 52 2576
13 53 7317
13 54 5765
13 55 6328
13 56 52
13 57 1376
13 58 318
13 59 90
13 60 2023
13 61 4803
13 62 5278
13 63 1299
13 64 869
13 65 3355
13 66 1975
13 67 2286
13 68 4108
13 69 1805
13 70 2529
14 1 2359
14 2 7200
14 3 3942
14 4 6945
14 5 218
14 6 1726
14 7 4382
14 8 6276
14 9 5165
14 10 2340
14 11 6469
14 12 704
14 13 6697
14 15 5422
14 16 538
14 17 5881
14 18 3548
14 19 1068
14 20 3058
14 21 6193
14 22 1302
14 23 3494
14 24 695
14 25 6465
14 26 3610
14 27 3607
14 28 6434
14 29 3913
14 30 997
14 31 6959
14 32 4265
14 33 1800
14 34 6718
14 35 4653
14 36 1771
14 37 1872
14 38 5451
14 39 3395
14 40 4813
14 41 5780
14 42 4640
14 43 1508
14 44 2990
14 45 2016
14 46 3377
14 47 3186
14 48 712
14 49 1898
14 50 3749
14 51 4161
14 52 4179
14 53 7199
14 54 3767
14 55 636
14 56 1409
14 57 4360
14 58 4172
14 59 5383
14 60 85
14 61 6096
14 62 6739
14 63 7285
14 64 2439
14 65 7027
14 66 5811
14 67 6872
14 68 2588
14 69 6100
14 70 7173
15 1 7084
15 2 471
15 3 3887
15 4 4948
15 5 4400
15 6 1274
15 7 3646
15 8 5175
15 9 2757
15 10 1925
15 11 6640
15 12 3985
15 13 7158
15 14 2475
15 16 4816
15 17 6944
15 18 6970
15 19 5193
15 20 7289
15 21 3466
15 22 3127
15 23 2824
15 24 6886
15 25 7058
15 26 3647
15 27 5161
15 28 2874
15 29 4329
15 30 407
15 31 376
15 32 7204
15 33 1038
15 34 41
15 35 5763
15 36 5730
15 37 3536
15 38 3444
15 39 4249
15 40 2878
15 41 5486
15 42 2034
15 43 1723
15 44 3172
15 45 1483
15 46 4444
15 47 7457
15 48 4312
15 49 3352
15 50 6465
15 51 3406
15 52 3467
15 53 2369
15 54 2660
15 55 4063
15 56 1256
15 57 4147
15 58 4452
15 59 7104
15 60 4719
15 61 1212
15 62 1911
15 63 5952
15 64 1469
15 65 6607
15 66 5161
15 67 962
15 68 1445
15 69 1421
15 70 1684
16 1 6978
16 2 5207
16 3 1541
16 4 1776
16 5 7291
16 6 3453
16 7 4874
16 8 393
16 9 2177
16 10 6089
16 11 213
16 12 5148
16 13 3420
16 14 7046
16 15 7319
16 17 6611
16 18 3011
16 19 1472
16 20 4761
16 21 3873
16 22 903
16 23 4997
16 24 6230
16 25 4225
16 26 6295
16 27 3122
16 28 1617
16 29 1615
16 30 679
16 31 2245
16 32 6731
16 33 7242
16 34 5630
16 35 3765
16 36 6547
16 37 6694
16 38 449
16 39 4041
16 40 6371
16 41 5661
16 42 3957
16 43 727
16 44 7413
16 45 1362
16 46 4420
16 47 1690
16 48 5423
16 49 6755
16 50 43
16 51 5167
16 52 7046
16 53 5650
16 54 6082
16 55 445
16 56 2400
16 57 837
16 58 6645
16 59 5921
16 60 7440
16 61 5732
16 62 6815
16 63 865
16 64 6011
16 65 2114
16 66 5366
16 67 5567
16 68 2957
16 69 5257
16 70 4018
17 1 6106
17 2 7048
17 3 5026
17 4 5594
17 5 5162
17 6 1847
17 7 5372
17 8 5369
17 9 6299
17 10 3319
17 11 2005
17 12 3995
17 13 1479
17 14 269
17 15 6789
17 16 1221
17 18 5078
17 19 2076
17 20 5320
17 21 3184
17 22 2854
17 23 4108
17 24 7243
17 25 3977
17 26 5002
17 27 1879
17 28 6715
17 29 4882
17 30 4870
17 31 6652
17 32 7137
17 33 2832
17 34 4098
17 35 3393
17 36 4436
17 37 376
17 38 4537
17 39 1757
17 40 7091
17 41 963
17 42 6187
17 43 1346
17 44 3712
17 45 6336
17 46 6851
17 47 6889
17 48 2352
17 49 407
17 50 5622
17 51 4301
17 52 6643
17 53 1056
17 54 3476
17 55 4221
17 56 4129
17 57 124
17 58 5137
17 59 5615
17 60 4308
17 61 125
17 62 2441
17 63 2503
17 64 3493
17 65 6445
17 66 6193
17 67 3396
17 68 2308
17 69 2823
17 70 6204
18 1 3403
18 2 3598
18 3 6960
18 4 3381
18 5 2415
18 6 3487
18 7 393
18 8 6761
18 9 1166
18 10 5670
18 11 2787
18 12 450
18 13 3280
18 14 1103
18 15 3442
18 16 5327
18 17 1947
18 19 403
18 20 100
18 21 2125
18 22 5018
18 23 5428
18 24 989
18 25 6323
18 26 2716
18 27 3812
18 28 3077
18 29 153
18 30 5619
18 31 5632
18 32 5624
18 33 4913
18 34 6498
18 35 3312
18 36 4718
18 37 3289
18 38 6261
18 39 4242
18 40 4728
18 41 2755
18 42 2078
18 43 5247
18 44 2811
18 45 3723
18 46 4707
18 47 3346
18 48 7089
18 49 365
18 50 2431
18 51 6245
18 52 1565
18 53 7169
18 54 2447
18 55 775
18 56 5241
18 57 1838
18 58 6622
18 59 6696
18 60 604
18 61 5160
18 62 6002
18 63 5372
18 64 5670
18 65 7324
18 66 6463
18 67 3373
18 68 6895
18 69 4290
18 70 3195
19 1 3693
19 2 4333
19 3 2172
19 4 6887
19 5 807
19 6 5572
19 7 5667
19 8 5294
19 9 1683
19 10 3594
19 11 6940
19 12 5875
19 13 6758
19 14 1763
19 15 4374
19 16 4545
19 17 3248
19 18 6747
19 20 3640
19 21 3919
19 22 4617
19 23 1778
19 24 5897
19 25 1957
19 26 966
19 27 752
19 28 3932
19 29 4218
19 30 3808
19 31 2083
19 32 4181
19 33 1950
19 34 1834
19 35 2396
19 36 5290
19 37 5965
19 38 7430
19 39 5129
19 40 1125
19 41 6356
19 42 6245
19 43 988
19 44 314
19 45 1133
19 46 5509
19 47 2980
19 48 776
19 49 2191
19 50 6006
19 51 3684
19 52 555
19 53 2716
19 54 3034
19 55 6383
19 56 5844
19 57 3528
19 58 4691
19 59 1827
19 60 5395
19 61 3900
19 62 6314
19 63 3625
19 64 3858
19 65 4303
19 66 4854
19 67 375
19 68 6536
19 69 6960
19 70 1776
20 1 1835
20 2 350
20 3 4817
20 4 5994
20 5 7029
20 6 1365
20 7 2668
20 8 7386
20 9 3069
20 10 2556
20 11 5543
20 12 528
20 13 5578
20 14 3516
20 15 3046
20 16 61
20 17 3648
20 18 6014
20 19 7185
20 21 3658
20 22 6354
20 23 2766
20 24 4857
20 25 3613
20 26 1604
20 27 7144
20 28 3328
20 29 7372
20 30 7039
20 31 7302
20 32 4373
20 33 4958
20 34 192
20 35 4482
20 36 5455
20 37 4988
20 38 2913
20 39 2052
20 40 1773
20 41 3718
20 42 5565
20 43 7176
20 44 5504
20 45 3676
20 46 5121
20 47 2569
20 48 6055
20 49 5188
20 50 1899
20 51 7137
20 52 647
20 53 5480
20 54 6077
20 55 610
20 56 5372
20 57 5389
20 58 288
20 59 5371
20 60 7209
20 61 1270
20 62 2477
20 63 1524
20 64 570
20 65 2981
20 66 3423
20 67 4612
20 68 5837
20 69 3985
20 70 4476
21 1 3702
21 2 6698
21 3 5161
21 4 2857
21 5 782
21 6 6905
21 7 1050
21 8 5831
21 9 5645
21 10 7313
21 11 1226
21 12 694
21 13 3874
21 14 4278
21 15 1314
21 16 2478
21 17 2652
21 18 264
21 19 68
21 20 4516
21 22 5791
21 23 827
21 24 3991
21 25 1920
21 26 4297
21 27 1935
21 28 2935
21 29 7108
21 30 4194
21 31 3000
21 32 3453
21 33 240
21 34 448
21 35 7335
21 36 4162
21 37 5559
21 38 6698
21 39 2020
21 40 5767
21 41 910
21 42 2795
21 43 6887
21 44 3084
21 45 532
21 46 2055
21 47 3193
21 48 3411
21 49 7149
21 50 6156
21 51 2481
21 52 5429
21 53 3821
21 54 6987
21 55 6657
21 56 2275
21 57 434
21 58 3358
21 59 6907
21 60 1938
21 61 1458
21 62 5256
21 63 3953
21 64 3855
21 65 3608
21 66 1535
21 67 3497
21 68 3449
21 69 6638
21 70 2794
22 1 4432
22 2 1012
22 3 6814
22 4 444
22 5 572
22 6 2181
22 7 100
22 8 1338
22 9 27
22 10 5567
22 11 7294
22 12 1808
22 13 2195
22 14 3837
22 15 6376
22 16 4315
22 17 7227
22 18 2580
22 19 6581
22 20 97
22 21 6926
22 23 7094
22 24 5534
22 25 2682
22 26 3442
22 27 4352
22 28 5703
22 29 430
22 30 901
22 31 1263
22 32 7453
22 33 5771
22 34 7377
22 35 3021
22 36 6527
22 37 5308
22 38 3430
22 39 4159
22 40 2841
22 41 284
22 42 2527
22 43 4624
22 44 5929
22 45 604
22 46 6239
22 47 38
22 48 3436
22 49 4295
22 50 6689
22 51 586
22 52 1920
22 53 3150
22 54 1743
22 55 1128
22 56 5439
22 57 7014
22 58 1526
22 59 6042
22 60 5904
22 61 631
22 62 3223
22 63 419
22 64 6096
22 65 7484
22 66 4679
22 67 3590
22 68 5956
22 69 6429
22 70 3430
23 1 6919
23 2 6749
23 3 1809
23 4 5152
23 5 6153
23 6 2157
23 7 695
23 8 1264
23 9 2265
23 10 1956
23 11 5861
23 12 868
23 13 7472
23 14 565
23 15 3571
23 16 1681
23 17 6180
23 18 6604
23 19 2229
23 20 3653
23 21 1981
23 22 6918
23 24 1003
23 25 3440
23 26 485
23 27 5314
23 28 2119
23 29 1522
23 30 2539
23 31 4411
23 32 590
23 33 2525
23 34 4771
23 35 1667
23 36 5630
23 37 3443
23 38 2363
23 39 4341
23 40 2840
23 41 7445
23 42 4043
23 43 4075
23 44 4525
23 45 5796
23 46 3929
23 47 4836
23 48 4456
23 49 4466
23 50 6499
23 51 692
23 52 1204
23 53 7072
23 54 4726
23 55 4201
23 56 6769
23 57 5526
23 58 6711
23 59 6582
23 60 95
23 61 1105
23 62 2414
23 63 833
23 64 3996
23 65 2794
23 66 2676
23 67 7400
23 68 1295
23 69 5714
23 70 6820
24 1 1838
24 2 4587
24 3 5233
24 4 365
24 5 2859
24 6 5070
24 7 830
24 8 2580
24 9 339
24 10 5365
24 11 6164
24 12 1983
24 13 7465
24 14 6703
24 15 5917
24 16 6719
24 17 3568
24 18 1207
24 19 7448
24 20 2947
24 21 2058
24 22 6229
24 23 5888
24 25 3349
24 26 1413
24 27 1392
24 28 76
24 29 6197
24 30 6652
24 31 5325
24 32 6544
24 33 3323
24 34 5389
24 35 1876
24 36 4896
24 37 2588
24 38 1691
24 39 5851
24 40 6823
24 41 2529
24 42 4077
24 43 319
24 44 2159
24 45 484
24 46 946
24 47 6114
24 48 4199
24 49 1269
24 50 227
24 51 6143
24 52 7332
24 53 1321
24 54 2950
24 55 354
24 56 2
24 57 6767
24 58 3482
24 59 2149
24 60 2895
24 61 7415
24 62 7495
24 63 6075
24 64 3190
24 65 5370
24 66 801
24 67 661
24 68 2688
24 69 6987
24 70 4322
25 1 6286
25 2 3053
25 3 2694
25 4 3105
25 5 4839
25 6 5584
25 7 6000
25 8 1727
25 9 2332
25 10 4002
25 11 2259
25 12 4422
25 13 6106
25 14 5181
25 15 3298
25 16 933
25 17 3593
25 18 4993
25 19 2323
25 20 5731
25 21 6186
25 22 1811
25 23 1741
25 24 2385
25 26 1946
25 27 10
25 28 2440
25 29 6701
25 30 4134
25 31 1657
25 32 5538
25 33 1892
25 34 5492
25 35 4866
25 36 2609
25 37 3532
25 38 4710
25 39 5131
25 40 6387
25 41 5989
25 42 2852
25 43 187
25 44 1895
25 45 6654
25 46 5908
25 47 3172
25 48 2075
25 49 1135
25 50 3446
25 51 7442
25 52 7489
25 53 2761
25 54 6091
25 55 4802
25 56 5863
25 57 3462
25 58 418
25 59 7143
25 60 282
25 61 2487
25 62 5010
25 63 1382
25 64 2885
25 65 5886
25 66 2813
25 67 1539
25 68 5207
25 69 3614
25 70 2232
26 1 3573
26 2 4382
26 3 6032
26 4 3650
26 5 3126
26 6 2699
26 7 2918
26 8 3917
26 9 2278
26 10 3945
26 11 2254
26 12 6920
26 13 1109
26 14 6758
26 15 2565
26 16 3608
26 17 6070
26 18 6605
26 19 840
26 20 6505
26 21 2200
26 22 7418
26 23 876
26 24 890
26 25 1369
26 27 3059
26 28 5802
26 29 5812
26 30 4445
26 31 996
26 32 7379
26 33 3913
26 34 2704
26 35 2421
26 36 5434
26 37 2139
26 38 5756
26 39 2216
26 40 1821
26 41 1772
26 42 3554
26 43 5396
26 44 4251
26 45 2674
26 46 7117
26 47 5847
26 48 4308
26 49 72
26 50 1502
26 51 739
26 52 3866
26 53 3778
26 54 5794
26 55 3806
26 56 1364
26 57 5798
26 58 492
26 59 2364
26 60 1254
26 61 2267
26 62 1333
26 63 2776
26 64 5684
26 65 5973
26 66 7148
26 67 4594
26 68 3474
26 69 1329
26 70 366
27 1 3495
27 2 1432
27 3 3397
27 4 473
27 5 3184
27 6 7048
27 7 5460
27 8 320
27 9 4134
27 10 146
27 11 3295
27 12 2191
27 13 1801
27 14 1040
27 15 3471
27 16 7356
27 17 5421
27 18 5142
27 19 3666
27 20 1350
27 21 6437
27 22 1538
27 23 118
27 24 6431
27 25 531
27 26 6744
27 28 2301
27 29 1178
27 30 5390
27 31 3719
27 32 708
27 33 3919
27 34 2032
27 35 2242
27 36 811
27 37 4693
27 38 4697
27 39 2115
27 40 3555
27 41 1654
27 42 1369
27 43 4343
27 44 1689
27 45 4790
27 46 1707
27 47 2613
27 48 5867
27 49 5755
27 50 249
27 51 134
27 52 1934
27 53 5814
27 54 1418
27 55 5099
27 56 6796
27 57 4250
27 58 343
27 59 4788
27 60 1125
27 61 548
27 62 6466
27 63 748
27 64 1114
27 65 7348
27 66 2381
27 67 1472
27 68 3725
27 69 2161
27 70 1220
28 1 2878
28 2 6101
28 3 215
28 4 537
28 5 2922
28 6 5398
28 7 5945
28 8 3765
28 9 5759
28 10 3758
28 11 544
28 12 2578
28 13 4589
28 14 6056
28 15 1138
28 16 3311
28 17 456
28 18 118
28 19 5221
28 20 6860
28 21 5022
28 22 6973
28 23 16
28 24 2727
28 25 790
28 26 3681
28 27 1307
28 29 5925
28 30 5691
28 31 6532
28 32 2505
28 33 3922
28 34 2357
28 35 4944
28 36 1577
28 37 844
28 38 2085
28 39 3195
28 40 5308
28 41 4699
28 42 5210
28 43 2677
28 44 5589
28 45 5620
28 46 4304
28 47 1230
28 48 4441
28 49 1125
28 50 4641
28 51 6008
28 52 2099
28 53 128
28 54 4206
28 55 4438
28 56 2262
28 57 4790
28 58 322
28 59 52
28 60 6848
28 61 644
28 62 5002
28 63 6866
28 64 1408
28 65 6516
28 66 2642
28 67 2318
28 68 7076
28 69 5919
28 70 4598
29 1 6938
29 2 3662
29 3 1894
29 4 398
29 5 2350
29 6 3063
29 7 1261
29 8 7042
29 9 6630
29 10 3195
29 11 4642
29 12 722
29 13 5687
29 14 939
29 15 2692
29 16 2285
29 17 2454
29 18 6829
29 19 3160
29 20 6031
29 21 5608
29 22 5902
29 23 5087
29 24 3426
29 25 6021
29 26 2031
29 27 7191
29 28 3799
29 30 2573
29 31 3485
29 32 5354
29 33 3787
29 34 4300
29 35 6256
29 36 1805
29 37 6252
29 38 5938
29 39 7396
29 40 5063
29 41 4977
29 42 1524
29 43 233
29 44 5047
29 45 129
29 46 7147
29 47 3027
29 48 4189
29 49 190
29 50 300
29 51 4351
29 52 134
29 53 6741
29 54 3278
29 55 2120
29 56 5880
29 57 4835
29 58 1663
29 59 699
29 60 3829
29 61 2094
29 62 5427
29 63 4552
29 64 3802
29 65 715
29 66 4352
29 67 6361
29 68 6084
29 69 214
29 70 1926
30 1 3170
30 2 639
30 3 3557
30 4 7022
30 5 2721
30 6 5718
30 7 1730
30 8 7367
30 9 4501
30 10 4803
30 11 3025
30 12 57
30 13 4183
30 14 2237
30 15 7217
30 16 4218
30 17 5174
30 18 6185
30 19 2113
30 20 1497
30 21 7212
30 22 2411
30 23 715
30 24 6533
30 25 5951
30 26 7091
30 27 2760
30 28 3762
30 29 1451
30 31 1598
30 32 6641
30 33 38
30 34 5550
30 35 54
30 36 6730
30 37 6799
30 38 6663
30 39 6002
30 40 506
30 41 2460
30 42 2956
30 43 7419
30 44 2244
30 45 6451
30 46 5455
30 47 4261
30 48 1236
30 49 1824
30 50 609
30 51 1543
30 52 2131
30 53 4622
30 54 4474
30 55 1892
30 56 406
30 57 3308
30 58 6970
30 59 1160
30 60 5609
30 61 7395
30 62 1887
30 63 5609
30 64 6499
30 65 5240
30 66 740
30 67 2005
30 68 7249
30 69 1979
30 70 7078
31 1 2640
31 2 6343
31 3 7133
31 4 1394
31 5 5771
31 6 1480
31 7 736
31 8 4999
31 9 1265
31 10 5661
31 11 7098
31 12 3179
31 13 6499
31 14 3886
31 15 693
31 16 4536
31 17 6919
31 18 1645
31 19 919
31 20 5597
31 21 2546
31 22 5162
31 23 4018
31 24 3703
31 25 5429
31 26 1141
31 27 4127
31 28 3782
31 29 1809
31 30 544
31 32 1141
31 33 5585
31 34 6740
31 35 3307
31 36 6130
31 37 3456
31 38 4118
31 39 4324
31 40 5617
31 41 6620
31 42 6344
31 43 1986
31 44 6643
31 45 6283
31 46 189
31 47 3285
31 48 4692
31 49 859
31 50 4870
31 51 1013
31 52 4745
31 53 954
31 54 7487
31 55 855
31 56 3438
31 57 6909
31 58 5239
31 59 5155
31 60 2137
31 61 520
31 62 4369
31 63 1245
31 64 5181
31 65 5226
31 66 4730
31 67 5976
31 68 5338
31 69 2936
31 70 2565
32 1 4784
32 2 4178
32 3 1546
32 4 3990
32 5 3637
32 6 4071
32 7 4547
32 8 2857
32 9 2626
32 10 3988
32 11 5183
32 12 70
32 13 3326
32 14 3547
32 15 1992
32 16 706
32 17 399
32 18 18
32 19 5124
32 20 147
32 21 3032
32 22 4526
32 23 1987
32 24 2359
32 25 945
32 26 4579
32 27 3971
32 28 2698
32 29 5401
32 30 3907
32 31 5404
32 33 60
32 34 3207
32 35 381
32 36 4556
32 37 6369
32 38 921
32 39 14
32 40 3428
32 41 3033
32 42 4143
32 43 5771
32 44 3444
32 45 4256
32 46 970
32 47 2036
32 48 2324
32 49 5232
32 50 1127
32 51 3041
32 52 3329
32 53 3617
32 54 2100
32 55 6763
32 56 806
32 57 3127
32 58 3539
32 59 3739
32 60 3785
32 61 3363
32 62 7109
32 63 4321
32 64 1911
32 65 7057
32 66 2334
32 67 4504
32 68 1165
32 69 77
32 70 1144
33 1 3776
33 2 6382
33 3 3753
33 4 4184
33 5 1199
33 6 257
33 7 1271
33 8 2241
33 9 1912
33 10 6566
33 11 5222
33 12 5473
33 13 6391
33 14 1495
33 15 5183
33 16 6518
33 17 1252
33 18 5828
33 19 6115
33 20 2523
33 21 5099
33 22 4040
33 23 7003
33 24 2003
33 25 3642
33 26 2651
33 27 7308
33 28 4351
33 29 1214
33 30 888
33 31 5226
33 32 4435
33 34 2345
33 35 4226
33 36 6907
33 37 2648
33 38 7411
33 39 728
33 40 2938
33 41 5419
33 42 2153
33 43 385
33 44 6873
33 45 3998
33 46 4081
33 47 4357
33 48 3181
33 49 2056
33 50 2611
33 51 3556
33 52 5599
33 53 4239
33 54 7223
33 55 6921
33 56 3948
33 57 786
33 58 7021
33 59 7436
33 60 1891
33 61 1704
33 62 3586
33 63 3877
33 64 6921
33 65 6868
33 66 2957
33 67 102
33 68 3850
33 69 5153
33 70 1217
34 1 5704
34 2 4722
34 3 2208
34 4 1202
34 5 5375
34 6 6331
34 7 2482
34 8 842
34 9 7321
34 10 3960
34 11 607
34 12 6274
34 13 1609
34 14 2615
34 15 6806
34 16 2671
34 17 3115
34 18 2218
34 19 2201
34 20 7234
34 21 5450
34 22 163
34 23 5336
34 24 6879
34 25 2653
34 26 3765
34 27 2284
34 28 3892
34 29 2109
34 30 397
34 31 2066
34 32 75
34 33 1064
34 35 481
34 36 1174
34 37 6224
34 38 285
34 39 3177
34 40 3163
34 41 4327
34 42 4508
34 43 3874
34 44 6948
34 45 2006
34 46 6614
34 47 2741
34 48 401
34 49 5149
34 50 1026
34 51 1211
34 52 4296
34 53 2125
34 54 4299
34 55 2218
34 56 3989
34 57 5123
34 58 1507
34 59 5111
34 60 6479
34 61 2569
34 62 3704
34 63 1183
34 64 6663
34 65 1604
34 66 4843
34 67 5452
34 68 5226
34 69 267
34 70 2673
35 1 4778
35 2 2681
35 3 6698
35 4 2906
35 5 3689
35 6 2539
35 7 3721
35 8 4642
35 9 4076
35 10 4409
35 11 2441
35 12 6392
35 13 1084
35 14 3019
35 15 5421
35 16 5523
35 17 418
35 18 2990
35 19 2076
35 20 156
35 21 4417
35 22 5416
35 23 334
35 24 2866
35 25 4356
35 26 2239
35 27 6704
35 28 3949
35 29 3161
35 30 497
35 31 7424
35 32 5072
35 33 5119
35 34 4152
35 36 4589
35 37 6266
35 38 5310
35 39 2201
35 40 646
35 41 2549
35 42 872
35 43 2752
35 44 6742
35 45 5600
35 46 1666
35 47 5379
35 48 678
35 49 6463
35 50 1157
35 51 1419
35 52 1649
35 53 971
35 54 5590
35 55 4885
35 56 6865
35 57 3149
35 58 3814
35 59 2433
35 60 2209
35 61 6473
35 62 3064
35 63 1987
35 64 6304
35 65 3049
35 66 6492
35 67 6438
35 68 62
35 69 5338
35 70 175
36 1 299
36 2 7423
36 3 5054
36 4 3088
36 5 4881
36 6 14
36 7 5322
36 8 1648
36 9 4287
36 10 2110
36 11 3933
36 12 2920
36 13 3827
36 14 5633
36 15 5451
36 16 1066
36 17 399
36 18 3182
36 19 2278
36 20 4306
36 21 3845
36 22 2001
36 23 1508
36 24 3256
36 25 2238
36 26 1018
36 27 3599
36 28 6179
36 29 2779
36 30 3177
36 31 4705
36 32 2722
36 33 1956
36 34 4683
36 35 3185
36 37 4246
36 38 5543
36 39 3229
36 40 4261
36 41 3061
36 42 5573
36 43 7065
36 44 7282
36 45 7004
36 46 2959
36 47 4458
36 48 2908
36 49 6940
36 50 1930
36 51 6611
36 52 6005
36 53 314
36 54 4668
36 55 7211
36 56 4554
36 57 3569
36 58 2243
36 59 6743
36 60 1079
36 61 5628
36 62 4717
36 63 5757
36 64 6738
36 65 3803
36 66 1132
36 67 2572
36 68 6881
36 69 6537
36 70 7202
37 1 7425
37 2 5582
37 3 1633
37 4 5226
37 5 669
37 6 6975
37 7 2796
37 8 6223
37 9 2988
37 10 3136
37 11 6597
37 12 673
37 13 2798
37 14 5358
37 15 1158
37 16 5148
37 17 6665
37 18 6958
37 19 7429
37 20 89
37 21 290
37 22 3592
37 23 4948
37 24 3500
37 25 3733
37 26 4237
37 27 1263
37 28 2847
37 29 1648
37 30 6989
37 31 410
37 32 4239
37 33 2928
37 34 7035
37 35 4432
37 36 7470
37 38 3115
37 39 991
37 40 4524
37 41 5241
37 42 6156
37 43 675
37 44 7344
37 45 224
37 46 3802
37 47 631
37 48 4780
37 49 745
37 50 4752
37 51 896
37 52 348
37 53 486
37 54 5051
37 55 1705
37 56 761
37 57 82
37 58 541
37 59 531
37 60 2132
37 61 1682
37 62 4928
37 63 3699
37 64 4687
37 65 3237
37 66 1573
37 67 6144
37 68 2002
37 69 3242
37 70 3955
38 1 6166
38 2 6465
38 3 2285
38 4 3525
38 5 1829
38 6 6888
38 7 4245
38 8 3982
38 9 3356
38 10 5715
38 11 6244
38 12 645
38 13 6559
38 14 4331
38 15 2272
38 16 3737
38 17 3305
38 18 303
38 19 3040
38 20 4841
38 21 394
38 22 2452
38 23 3757
38 24 6000
38 25 1482
38 26 211
38 27 3628
38 28 44
38 29 567
38 30 2820
38 31 3012
38 32 7479
38 33 660
38 34 3368
38 35 3379
38 36 2526
38 37 1496
38 39 768
38 40 2035
38 41 5248
38 42 1377
38 43 520
38 44 5107
38 45 5899
38 46 6237
38 47 1873
38 48 2156
38 49 1585
38 50 1678
38 51 2342
38 52 7127
38 53 2001
38 54 5180
38 55 5915
38 56 668
38 57 5872
38 58 1467
38 59 6000
38 60 5044
38 61 6152
38 62 6590
38 63 3849
38 64 4137
38 65 1868
38 66 5305
38 67 3259
38 68 1394
38 69 4882
38 70 2914
39 1 5435
39 2 4079
39 3 6340
39 4 3474
39 5 6801
39 6 4977
39 7 6523
39 8 2021
39 9 4981
39 10 337
39 11 6236
39 12 4420
39 13 4404
39 14 3484
39 15 4304
39 16 7448
39 17 132
39 18 3813
39 19 4471
39 20 70
39 21 6696
39 22 5570
39 23 4038
39 24 7241
39 25 759
39 26 2662
39 27 1549
39 28 4571
39 29 304
39 30 11
39 31 5240
39 32 4340
39 33 6503
39 34 2029
39 35 7471
39 36 3597
39 37 4194
39 38 3608
39 40 4225
39 41 2411
39 42 7151
39 43 336
39 44 2528
39 45 823
39 46 3996
39 47 329
39 48 6664
39 49 6362
39 50 2066
39 51 1442
39 52 7436
39 53 1533
39 54 1275
39 55 3598
39 56 1632
39 57 6652
39 58 3919
39 59 3226
39 60 2043
39 61 1909
39 62 2205
39 63 6160
39 64 2810
39 65 6023
39 66 2274
39 67 2825
39 68 1420
39 69 6308
39 70 974
40 1 4698
40 2 2039
40 3 2923
40 4 3827
40 5 862
40 6 5489
40 7 1001
40 8 6472
40 9 2680
40 10 5548
40 11 2455
40 12 1143
40 13 6871
40 14 6576
40 15 7002
40 16 1821
40 17 6412
40 18 2815
40 19 5513
40 20 1596
40 21 6534
40 22 4796
40 23 733
40 24 6526
40 25 2745
40 26 1273
40 27 2355
40 28 6700
40 29 5544
40 30 5723
40 31 2638
40 32 3454
40 33 4762
40 34 1468
40 35 6765
40 36 7289
40 37 2802
40 38 2992
40 39 6023
40 41 5281
40 42 5720
40 43 645
40 44 6394
40 45 6234
40 46 7489
40 47 3413
40 48 6927
40 49 680
40 50 3516
40 51 675
40 52 1435
40 53 4525
40 54 3879
40 55 4850
40 56 3975
40 57 1505
40 58 1298
40 59 3787
40 60 6732
40 61 2923
40 62 2968
40 63 4977
40 64 3147
40 65 2771
40 66 781
40 67 5138
40 68 1498
40 69 5298
40 70 7107
41 1 6646
41 2 3652
41 3 7487
41 4 665
41 5 6553
41 6 3613
41 7 5476
41 8 252
41 9 5291
41 10 7401
41 11 2149
41 12 1945
41 13 5572
41 14 6330
41 15 4941
41 16 4168
41 17 2239
41 18 3449
41 19 1543
41 20 5495
41 21 393
41 22 6761
41 23 1608
41 24 6008
41 25 4709
41 26 487
41 27 4262
41 28 3265
41 29 6401
41 30 1137
41 31 5165
41 32 6695
41 33 6630
41 34 3238
41 35 5297
41 36 6602
41 37 226
41 38 1985
41 39 6539
41 40 6161
41 42 5835
41 43 1255
41 44 888
41 45 5552
41 46 4750
41 47 5246
41 48 5878
41 49 1145
41 50 4282
41 51 7378
41 52 4522
41 53 5654
41 54 6700
41 55 2485
41 56 1517
41 57 5499
41 58 3625
41 59 2261
41 60 6798
41 61 6835
41 62 2603
41 63 1809
41 64 1534
41 65 6950
41 66 5506
41 67 6187
41 68 7278
41 69 2941
41 70 1750
42 1 6336
42 2 5306
42 3 3539
42 4 1439
42 5 4324
42 6 907
42 7 4655
42 8 5616
42 9 5520
42 10 6604
42 11 4742
42 12 6301
42 13 4682
42 14 6199
42 15 6638
42 16 1975
42 17 5524
42 18 166
42 19 2186
42 20 2971
42 21 5159
42 22 3844
42 23 2207
42 24 2236
42 25 6579
42 26 713
42 27 6704
42 28 3392
42 29 6528
42 30 3484
42 31 3722
42 32 5962
42 33 3835
42 34 6870
42 35 3702
42 36 564
42 37 1576
42 38 4495
42 39 4985
42 40 6394
42 41 7477
42 43 951
42 44 2246
42 45 4455
42 46 6294
42 47 7486
42 48 194
42 49 62
42 50 3184
42 51 6019
42 52 2760
42 53 4127
42 54 5979
42 55 247
42 56 4970
42 57 37
42 58 2022
42 59 7138
42 60 5064
42 61 4131
42 62 1355
42 63 1528
42 64 4328
42 65 2128
42 66 6807
42 67 6281
42 68 3051
42 69 815
42 70 2571
43 1 4267
43 2 425
43 3 3694
43 4 4808
43 5 7349
43 6 1722
43 7 3128
43 8 853
43 9 3351
43 10 5096
43 11 6056
43 12 3964
43 13 4441
43 14 3312
43 15 6194
43 16 6890
43 17 5527
43 18 7326
43 19 3573
43 20 4381
43 21 5402
43 22 2425
43 23 4454
43 24 5058
43 25 4615
43 26 4421
43 27 4190
43 28 782
43 29 4000
43 30 5777
43 31 3215
43 32 5422
43 33 6962
43 34 1518
43 35 112
43 36 6928
43 37 6633
43 38 4753
43 39 997
43 40 4299
43 41 2504
43 42 6532
43 44 3573
43 45 1342
43 46 529
43 47 3633
43 48 6627
43 49 6452
43 50 5195
43 51 2736
43 52 624
43 53 3904
43 54 661
43 55 6694
43 56 1013
43 57 3478
43 58 2629
43 59 2498
43 60 797
43 61 951
43 62 2672
43 63 925
43 64 5092
43 65 4670
43 66 5465
43 67 7271
43 68 3765
43 69 1735
43 70 1729
44 1 358
44 2 3987
44 3 6009
44 4 5139
44 5 5563
44 6 3957
44 7 4786
44 8 4396
44 9 3603
44 10 6012
44 11 724
44 12 1180
44 13 1178
44 14 7114
44 15 587
44 16 7283
44 17 873
44 18 363
44 19 366
44 20 5329
44 21 4728
44 22 1787
44 23 7123
44 24 7377
44 25 6741
44 26 3711
44 27 7333
44 28 3191
44 29 2922
44 30 5675
44 31 5606
44 32 1114
44 33 4170
44 34 5634
44 35 7063
44 36 6870
44 37 4978
44 38 3744
44 39 6374
44 40 5116
44 41 4724
44 42 3882
44 43 3423
44 45 2899
44 46 7137
44 47 6695
44 48 5490
44 49 173
44 50 3133
44 51 2714
44 52 7065
44 53 1171
44 54 80
44 55 122
44 56 2069
44 57 4021
44 58 1390
44 59 1711
44 60 5692
44 61 2039
44 62 2423
44 63 684
44 64 6995
44 65 1834
44 66 4052
44 67 6309
44 68 3397
44 69 2421
44 70 2084
45 1 1440
45 2 4981
45 3 635
45 4 521
45 5 5071
45 6 1500
45 7 5438
45 8 1662
45 9 5501
45 10 1361
45 11 1512
45 12 2928
45 13 6123
45 14 1004
45 15 3485
45 16 3245
45 17 3937
45 18 4081
45 19 511
45 20 2547
45 21 7152
45 22 4326
45 23 4107
45 24 4079
45 25 5120
45 26 6829
45 27 6597
45 28 744
45 29 531
45 30 1488
45 31 2260
45 32 1226
45 33 4983
45 34 964
45 35 5303
45 36 4786
45 37 3058
45 38 4027
45 39 5890
45 40 1919
45 41 3383
45 42 1142
45 43 4253
45 44 6534
45 46 4532
45 47 6041
45 48 173
45 49 5373
45 50 384
45 51 5271
45 52 6872
45 53 4620
45 54 4040
45 55 5719
45 56 7107
45 57 4029
45 58 3111
45 59 4244
45 60 2348
45 61 3322
45 62 6445
45 63 5979
45 64 4156
45 65 3667
45 66 3242
45 67 878
45 68 1932
45 69 980
45 70 5670
46 1 4666
46 2 3104
46 3 5899
46 4 4026
46 5 3824
46 6 1512
46 7 4086
46 8 6463
46 9 3838
46 10 3010
46 11 3640
46 12 6711
46 13 5671
46 14 1188
46 15 1779
46 16 3930
46 17 14
46 18 4990
46 19 3972
46 20 1347
46 21 4379
46 22 3869
46 23 891
46 24 4903
46 25 3561
46 26 6721
46 27 2245
46 28 6119
46 29 4348
46 30 5354
46 31 7171
46 32 2417
46 33 5174
46 34 1260
46 35 3859
46 36 3794
46 37 4335
46 38 5563
46 39 2352
46 40 5542
46 41 5987
46 42 1669
46 43 5788
46 44 527
46 45 3629
46 47 993
46 48 1096
46 49 5284
46 50 1169
46 51 3047
46 52 4918
46 53 4477
46 54 6255
46 55 6153
46 56 1937
46 57 5640
46 58 3412
46 59 1617
46 60 6716
46 61 6780
46 62 5165
46 63 6160
46 64 6160
46 65 4335
46 66 3600
46 67 564
46 68 5100
46 69 4827
46 70 1111
47 1 265
47 2 3091
47 3 7129
47 4 2933
47 5 7055
47 6 6776
47 7 2110
47 8 3717
47 9 6447
47 10 1487
47 11 6138
47 12 1040
47 13 5799
47 14 3824
47 15 7286
47 16 386
47 17 5517
47 18 5113
47 19 1470
47 20 2216
47 21 6747
47 22 3135
47 23 6658
47 24 1462
47 25 238
47 26 756
47 27 5443
47 28 1513
47 29 4244
47 30 1991
47 31 4661
47 32 4187
47 33 177
47 34 3038
47 35 7321
47 36 5474
47 37 2991
47 38 6197
47 39 4783
47 40 1680
47 41 7332
47 42 389
47 43 982
47 44 6196
47 45 4443
47 46 6456
47 48 1908
47 49 4102
47 50 3369
47 51 46
47 52 4561
47 53 1998
47 54 764
47 55 1248
47 56 2385
47 57 4766
47 58 2282
47 59 4247
47 60 1715
47 61 4049
47 62 4035
47 63 4047
47 64 2310
47 65 368
47 66 6294
47 67 2861
47 68 704
47 69 2900
47 70 169
48 1 4637
48 2 2652
48 3 3407
48 4 5393
48 5 1163
48 6 3506
48 7 5615
48 8 6376
48 9 3586
48 10 4884
48 11 5613
48 12 5476
48 13 2238
48 14 7426
48 15 914
48 16 636
48 17 5187
48 18 547
48 19 3470
48 20 666
48 21 1212
48 22 2150
48 23 2307
48 24 2583
48 25 238
48 26 3779
48 27 701
48 28 6281
48 29 1926
48 30 4489
48 31 3713
48 32 633
48 33 2212
48 34 6232
48 35 6462
48 36 7417
48 37 706
48 38 5087
48 39 4978
48 40 1715
48 41 1068
48 42 2034
48 43 7460
48 44 5536
48 45 1478
48 46 5601
48 47 1366
48 49 3502
48 50 3562
48 51 5015
48 52 2223
48 53 5074
48 54 6674
48 55 5060
48 56 3126
48 57 841
48 58 4489
48 59 5667
48 60 2986
48 61 4038
48 62 2177
48 63 2948
48 64 3396
48 65 6120
48 66 412
48 67 2862
48 68 3456
48 69 2473
48 70 1694
49 1 162
49 2 2822
49 3 2208
49 4 409
49 5 5846
49 6 2904
49 7 4359
49 8 6179
49 9 4760
49 10 667
49 11 4082
49 12 3999
49 13 1717
49 14 3987
49 15 4930
49 16 6571
49 17 6112
49 18 6336
49 19 5514
49 20 844
49 21 6937
49 22 985
49 23 7105
49 24 3824
49 25 7013
49 26 5983
49 27 2938
49 28 6585
49 29 483
49 30 3815
49 31 1520
49 32 5413
49 33 4907
49 34 3525
49 35 1219
49 36 2775
49 37 6137
49 38 2133
49 39 6206
49 40 4395
49 41 6830
49 42 5167
49 43 1573
49 44 1041
49 45 1748
49 46 2307
49 47 4341
49 48 1546
49 50 3509
49 51 3570
49 52 6605
49 53 3977
49 54 5202
49 55 2082
49 56 6233
49 57 2956
49 58 541
49 59 24
49 60 6000
49 61 1777
49 62 979
49 63 4235
49 64 4525
49 65 4199
49 66 4897
49 67 5298
49 68 6318
49 69 1222
49 70 156
50 1 212
50 2 902
50 3 7336
50 4 995
50 5 631
50 6 4712
50 7 2057
50 8 2519
50 9 3341
50 10 1287
50 11 4995
50 12 906
50 13 6015
50 14 2996
50 15 5501
50 16 3184
50 17 3738
50 18 5962
50 19 6354
50 20 2935
50 21 4665
50 22 2623
50 23 6550
50 24 687
50 25 379
50 26 4579
50 27 843
50 28 4133
50 29 4977
50 30 4416
50 31 6379
50 32 431
50 33 2278
50 34 2365
50 35 2000
50 36 6108
50 37 1120
50 38 7116
50 39 3425
50 40 3618
50 41 1784
50 42 7020
50 43 1075
50 44 2358
50 45 5665
50 46 4255
50 47 5836
50 48 1443
50 49 5787
50 51 2711
50 52 6291
50 53 337
50 54 5130
50 55 4807
50 56 5944
50 57 7249
50 58 2105
50 59 4850
50 60 3661
50 61 2142
50 62 3892
50 63 2734
50 64 6365
50 65 1863
50 66 3422
50 67 1397
50 68 4202
50 69 1613
50 70 6378
51 1 3425
51 2 3396
51 3 4244
51 4 6481
51 5 2069
51 6 4955
51 7 5696
51 8 2274
51 9 609
51 10 5271
51 11 5011
51 12 5688
51 13 5225
51 14 4520
51 15 567
51 16 4122
51 17 1278
51 18 299
51 19 3090
51 20 861
51 21 4639
51 22 5373
51 23 5447
51 24 1110
51 25 3464
51 26 618
51 27 2352
51 28 5988
51 29 6931
51 30 6241
51 31 4102
51 32 3370
51 33 4397
51 34 6109
51 35 1388
51 36 7166
51 37 995
51 38 2215
51 39 6760
51 40 1450
51 41 7387
51 42 201
51 43 1485
51 44 850
51 45 3531
51 46 904
51 47 4858
51 48 6052
51 49 172
51 50 2375
51 52 5767
51 53 6635
51 54 6720
51 55 3726
51 56 1763
51 57 5839
51 58 1898
51 59 1487
51 60 7328
51 61 5329
51 62 3222
51 63 1332
51 64 7166
51 65 7025
51 66 6780
51 67 2130
51 68 5955
51 69 1194
51 70 3002
52 1 1029
52 2 75
52 3 4515
52 4 7257
52 5 6263
52 6 4776
52 7 6863
52 8 1626
52 9 221
52 10 159
52 11 6282
52 12 250
52 13 3868
52 14 2970
52 15 321
52 16 1616
52 17 6969
52 18 3492
52 19 5260
52 20 4301
52 21 2363
52 22 402
52 23 1773
52 24 4062
52 25 2620
52 26 3359
52 27 6773
52 28 7335
52 29 4073
52 30 5129
52 31 360
52 32 2133
52 33 3224
52 34 5871
52 35 4776
52 36 2001
52 37 1515
52 38 4517
52 39 4449
52 40 6900
52 41 2037
52 42 6601
52 43 4054
52 44 6806
52 45 7346
52 46 2698
52 47 3493
52 48 4846
52 49 5841
52 50 643
52 51 434
52 53 6283
52 54 6158
52 55 2895
52 56 5096
52 57 2327
52 58 1597
52 59 5766
52 60 3622
52 61 5944
52 62 5371
52 63 6955
52 64 6110
52 65 3869
52 66 1972
52 67 6141
52 68 3752
52 69 7033
52 70 1541
53 1 3301
53 2 6695
53 3 91
53 4 2121
53 5 6863
53 6 1136
53 7 2268
53 8 3863
53 9 7019
53 10 2466
53 11 5702
53 12 2001
53 13 1232
53 14 5111
53 15 5025
53 16 5303
53 17 890
53 18 3898
53 19 3170
53 20 4703
53 21 4657
53 22 2718
53 23 3130
53 24 1150
53 25 6670
53 26 946
53 27 1751
53 28 5155
53 29 1331
53 30 5863
53 31 6024
53 32 953
53 33 1019
53 34 930
53 35 4153
53 36 7414
53 37 2783
53 38 760
53 39 5589
53 40 460
53 41 5990
53 42 797
53 43 5146
53 44 4712
53 45 6707
53 46 1359
53 47 1838
53 48 6013
53 49 892
53 50 4581
53 51 5319
53 52 7112
53 54 4271
53 55 3785
53 56 178
53 57 5587
53 58 5144
53 59 4388
53 60 3523
53 61 5935
53 62 5861
53 63 3510
53 64 3196
53 65 4041
53 66 95
53 67 1365
53 68 7229
53 69 1249
53 70 1664
54 1 6130
54 2 6116
54 3 1987
54 4 3698
54 5 942
54 6 5703
54 7 3179
54 8 6656
54 9 2648
54 10 1364
54 11 780
54 12 3407
54 13 6309
54 14 4633
54 15 4635
54 16 4631
54 17 6585
54 18 1471
54 19 7025
54 20 7011
54 21 484
54 22 7073
54 23 3059
54 24 1203
54 25 646
54 26 183
54 27 3210
54 28 668
54 29 5897
54 30 1064
54 31 1406
54 32 2435
54 33 3052
54 34 2319
54 35 709
54 36 1750
54 37 4606
54 38 1919
54 39 2146
54 40 1282
54 41 563
54 42 1917
54 43 3573
54 44 5349
54 45 4407
54 46 7261
54 47 7165
54 48 5143
54 49 531
54 50 7063
54 51 4479
54 52 7429
54 53 6852
54 55 6369
54 56 352
54 57 6011
54 58 2344
54 59 6631
54 60 1825
54 61 6600
54 62 6954
54 63 6198
54 64 507
54 65 7367
54 66 6296
54 67 7308
54 68 4827
54 69 4942
54 70 6648
55 1 7341
55 2 5758
55 3 3045
55 4 3536
55 5 6443
55 6 3600
55 7 7337
55 8 5161
55 9 288
55 10 3262
55 11 6056
55 12 6988
55 13 7458
55 14 5888
55 15 5316
55 16 7348
55 17 10
55 18 499
55 19 1565
55 20 3164
55 21 5122
55 22 6266
55 23 2952
55 24 3786
55 25 6710
55 26 1165
55 27 4618
55 28 5946
55 29 7191
55 30 6602
55 31 5759
55 32 4887
55 33 116
55 34 4438
55 35 266
55 36 3314
55 37 4220
55 38 4629
55 39 2255
55 40 2347
55 41 7275
55 42 4122
55 43 1915
55 44 7469
55 45 3116
55 46 1565
55 47 5083
55 48 3702
55 49 2143
55 50 5938
55 51 4654
55 52 6532
55 53 3349
55 54 4646
55 56 5789
55 57 455
55 58 1111
55 59 5126
55 60 5067
55 61 5771
55 62 2848
55 63 2241
55 64 1046
55 65 6350
55 66 4926
55 67 4188
55 68 1785
55 69 3157
55 70 1571
56 1 6681
56 2 3589
56 3 5717
56 4 2900
56 5 6833
56 6 1180
56 7 5344
56 8 446
56 9 5292
56 10 5396
56 11 2334
56 12 1750
56 13 3595
56 14 3049
56 15 4980
56 16 5519
56 17 7481
56 18 2909
56 19 2546
56 20 4185
56 21 3719
56 22 7247
56 23 4625
56 24 1452
56 25 1657
56 26 2964
56 27 2015
56 28 519
56 29 5978
56 30 2919
56 31 5679
56 32 1511
56 33 6775
56 34 6728
56 35 1548
56 36 1826
56 37 1785
56 38 6120
56 39 371
56 40 6494
56 41 6927
56 42 192
56 43 213
56 44 5229
56 45 4545
56 46 2477
56 47 1192
56 48 5279
56 49 1416
56 50 2220
56 51 5255
56 52 3615
56 53 3066
56 54 1081
56 55 5788
56 57 2594
56 58 5884
56 59 2260
56 60 3772
56 61 4972
56 62 4824
56 63 5947
56 64 2469
56 65 6922
56 66 6298
56 67 5332
56 68 1815
56 69 1829
56 70 1863
57 1 2747
57 2 208
57 3 6191
57 4 249
57 5 6064
57 6 1369
57 7 6406
57 8 5664
57 9 5711
57 10 6372
57 11 4238
57 12 4715
57 13 7260
57 14 5860
57 15 5299
57 16 3162
57 17 428
57 18 3295
57 19 6480
57 20 3660
57 21 1990
57 22 6738
57 23 1942
57 24 329
57 25 3313
57 26 3950
57 27 6193
57 28 2843
57 29 3839
57 30 818
57 31 6630
57 32 4998
57 33 7419
57 34 50
57 35 5152
57 36 2472
57 37 6894
57 38 2989
57 39 7029
57 40 1754
57 41 7367
57 42 55
57 43 132
57 44 347
57 45 6050
57 46 2157
57 47 4702
57 48 276
57 49 5974
57 50 5
57 51 6760
57 52 3264
57 53 2905
57 54 711
57 55 5607
57 56 3040
57 58 4590
57 59 3747
57 60 1435
57 61 2889
57 62 1296
57 63 5970
57 64 2797
57 65 3943
57 66 6871
57 67 3346
57 68 3839
57 69 6347
57 70 864
58 1 3908
58 2 6810
58 3 3374
58 4 5186
58 5 221
58 6 823
58 7 4000
58 8 1814
58 9 7230
58 10 1444
58 11 5702
58 12 391
58 13 2801
58 14 2142
58 15 6782
58 16 7389
58 17 3011
58 18 4065
58 19 7337
58 20 1004
58 21 5489
58 22 688
58 23 4355
58 24 2329
58 25 2635
58 26 3365
58 27 2759
58 28 4029
58 29 7241
58 30 5466
58 31 1545
58 32 6414
58 33 4494
58 34 4277
58 35 5695
58 36 3355
58 37 2131
58 38 2309
58 39 3838
58 40 1090
58 41 7212
58 42 5023
58 43 5560
58 44 172
58 45 501
58 46 1159
58 47 7058
58 48 7024
58 49 6269
58 50 1661
58 51 46
58 52 6063
58 53 565
58 54 5461
58 55 1991
58 56 4078
58 57 2022
58 59 421
58 60 2132
58 61 2654
58 62 3514
58 63 4882
58 64 1156
58 65 4141
58 66 6359
58 67 4167
58 68 3293
58 69 1576
58 70 2451
59 1 1223
59 2 2478
59 3 1180
59 4 3863
59 5 433
59 6 2011
59 7 2281
59 8 6064
59 9 255
59 10 1723
59 11 4231
59 12 517
59 13 4895
59 14 181
59 15 2747
59 16 3533
59 17 6431
59 18 6603
59 19 3489
59 20 5191
59 21 4941
59 22 5041
59 23 1192
59 24 2015
59 25 464
59 26 121
59 27 2292
59 28 366
59 29 6489
59 30 5649
59 31 5580
59 32 3421
59 33 3151
59 34 4424
59 35 5386
59 36 3735
59 37 5784
59 38 957
59 39 4119
59 40 188
59 41 2945
59 42 1388
59 43 6449
59 44 3866
59 45 2880
59 46 5696
59 47 3570
59 48 6316
59 49 2151
59 50 2278
59 51 7115
59 52 805
59 53 5689
59 54 4039
59 55 6291
59 56 6816
59 57 886
59 58 3515
59 60 5594
59 61 1928
59 62 1787
59 63 4906
59 64 7210
59 65 6601
59 66 5504
59 67 515
59 68 7237
59 69 2005
59 70 4752
60 1 1194
60 2 1102
60 3 302
60 4 1767
60 5 6484
60 6 3435
60 7 4692
60 8 1466
60 9 2934
60 10 5062
60 11 7346
60 12 3597
60 13 6600
60 14 5022
60 15 5414
60 16 5895
60 17 2110
60 18 6219
60 19 77
60 20 3125
60 21 6925
60 22 5451
60 23 5086
60 24 1142
60 25 5069
60 26 1957
60 27 6464
60 28 6217
60 29 5622
60 30 4108
60 31 5947
60 32 2220
60 33 1598
60 34 5442
60 35 6230
60 36 92
60 37 6521
60 38 461
60 39 1325
60 40 102
60 41 6911
60 42 1375
60 43 1450
60 44 2511
60 45 7342
60 46 3965
60 47 4881
60 48 2542
60 49 847
60 50 2470
60 51 5920
60 52 2998
60 53 2915
60 54 1336
60 55 248
60 56 5534
60 57 5200
60 58 2112
60 59 4348
60 61 5380
60 62 2039
60 63 1237
60 64 3320
60 65 7294
60 66 5960
60 67 4485
60 68 2565
60 69 7278
60 70 6470
61 1 5976
61 2 4457
61 3 3618
61 4 6897
61 5 2103
61 6 2751
61 7 453
61 8 5427
61 9 5494
61 10 2344
61 11 1864
61 12 3617
61 13 409
61 14 4853
61 15 1010
61 16 1923
61 17 2204
61 18 6691
61 19 3734
61 20 4773
61 21 3956
61 22 2345
61 23 6462
61 24 628
61 25 1937
61 26 2596
61 27 1388
61 28 6317
61 29 2124
61 30 2754
61 31 3056
61 32 1040
61 33 172
61 34 7416
61 35 2176
61 36 1288
61 37 1892
61 38 4176
61 39 1463
61 40 4097
61 41 2841
61 42 3744
61 43 4884
61 44 1408
61 45 5616
61 46 1260
61 47 1917
61 48 2507
61 49 4131
61 50 5974
61 51 2402
61 52 2831
61 53 2188
61 54 5896
61 55 346
61 56 5202
61 57 3022
61 58 67
61 59 7373
61 60 5599
61 62 1195
61 63 3018
61 64 7176
61 65 1976
61 66 2356
61 67 6070
61 68 4991
61 69 4942
61 70 5816
62 1 5314
62 2 4490
62 3 2784
62 4 3906
62 5 2687
62 6 3286
62 7 4446
62 8 2986
62 9 4302
62 10 2626
62 11 3245
62 12 4373
62 13 4687
62 14 816
62 15 5465
62 16 343
62 17 2576
62 18 3162
62 19 7443
62 20 3649
62 21 5992
62 22 5552
62 23 4973
62 24 1952
62 25 6810
62 26 4127
62 27 5603
62 28 3589
62 29 5197
62 30 1107
62 31 3134
62 32 7381
62 33 5007
62 34 2487
62 35 5430
62 36 6530
62 37 7043
62 38 5782
62 39 7276
62 40 763
62 41 7300
62 42 5970
62 43 6622
62 44 2972
62 45 2728
62 46 4869
62 47 2453
62 48 3351
62 49 1795
62 50 7387
62 51 6766
62 52 4237
62 53 104
62 54 1049
62 55 2720
62 56 3714
62 57 59
62 58 4288
62 59 1580
62 60 4862
62 61 2397
62 63 6894
62 64 4169
62 65 1633
62 66 2070
62 67 4060
62 68 3407
62 69 626
62 70 4926
63 1 190
63 2 4514
63 3 7272
63 4 5383
63 5 2
63 6 2555
63 7 1059
63 8 3618
63 9 386
63 10 1164
63 11 3082
63 12 2277
63 13 4492
63 14 2807
63 15 3016
63 16 6984
63 17 3542
63 18 313
63 19 4040
63 20 5071
63 21 119
63 22 6144
63 23 6654
63 24 1463
63 25 2040
63 26 967
63 27 6290
63 28 3435
63 29 4106
63 30 5410
63 31 4450
63 32 2082
63 33 7313
63 34 3481
63 35 734
63 36 7075
63 37 7441
63 38 7182
63 39 6088
63 40 1588
63 41 2370
63 42 3684
63 43 4013
63 44 5279
63 45 4554
63 46 5576
63 47 3451
63 48 5636
63 49 496
63 50 338
63 51 988
63 52 6223
63 53 4533
63 54 7452
63 55 2607
63 56 5330
63 57 1828
63 58 3424
63 59 6245
63 60 1591
63 61 4923
63 62 6435
63 64 4855
63 65 4058
63 66 2783
63 67 389
63 68 2842
63 69 680
63 70 6466
64 1 4790
64 2 4381
64 3 1749
64 4 7201
64 5 2271
64 6 2202
64 7 2819
64 8 4726
64 9 568
64 10 998
64 11 1428
64 12 354
64 13 6789
64 14 5143
64 15 3275
64 16 3283
64 17 4044
64 18 3446
64 19 5570
64 20 5917
64 21 3717
64 22 1099
64 23 1617
64 24 2138
64 25 5452
64 26 5781
64 27 6231
64 28 1889
64 29 3436
64 30 6837
64 31 2717
64 32 465
64 33 2447
64 34 4171
64 35 3339
64 36 7303
64 37 679
64 38 2962
64 39 72
64 40 3922
64 41 2189
64 42 2263
64 43 427
64 44 6034
64 45 2811
64 46 6846
64 47 6078
64 48 2662
64 49 3915
64 50 72
64 51 3519
64 52 4748
64 53 1437
64 54 3268
64 55 3610
64 56 3360
64 57 5561
64 58 1316
64 59 3535
64 60 2778
64 61 2173
64 62 7153
64 63 7131
64 65 5736
64 66 612
64 67 5190
64 68 5392
64 69 1830
64 70 6263
65 1 2951
65 2 3069
65 3 4878
65 4 3290
65 5 7216
65 6 3374
65 7 5064
65 8 2336
65 9 6268
65 10 801
65 11 6082
65 12 969
65 13 4390
65 14 4611
65 15 7050
65 16 2799
65 17 2720
65 18 927
65 19 1294
65 20 4896
65 21 5758
65 22 495
65 23 7001
65 24 7461
65 25 2604
65 26 883
65 27 2454
65 28 866
65 29 4515
65 30 5095
65 31 2787
65 32 6317
65 33 2295
65 34 6962
65 35 289
65 36 643
65 37 1671
65 38 2533
65 39 1802
65 40 4012
65 41 2556
65 42 1821
65 43 305
65 44 221
65 45 4838
65 46 7187
65 47 3156
65 48 5493
65 49 1153
65 50 2386
65 51 3788
65 52 3126
65 53 1555
65 54 5051
65 55 2488
65 56 1249
65 57 6942
65 58 3076
65 59 6879
65 60 4735
65 61 4353
65 62 2242
65 63 4373
65 64 6245
65 66 5001
65 67 4065
65 68 2513
65 69 6137
65 70 4242
66 1 2195
66 2 4060
66 3 4738
66 4 3393
66 5 4796
66 6 1894
66 7 6081
66 8 3469
66 9 3558
66 10 824
66 11 3491
66 12 1003
66 13 189
66 14 2415
66 15 7212
66 16 438
66 17 4491
66 18 5162
66 19 4368
66 20 2497
66 21 4751
66 22 6513
66 23 3117
66 24 5520
66 25 1612
66 26 5394
66 27 5017
66 28 3472
66 29 2897
66 30 3923
66 31 659
66 32 609
66 33 218
66 34 2144
66 35 4998
66 36 4871
66 37 894
66 38 386
66 39 1956
66 40 1847
66 41 5544
66 42 458
66 43 2380
66 44 4617
66 45 3824
66 46 4682
66 47 4071
66 48 965
66 49 6373
66 50 7244
66 51 5809
66 52 2497
66 53 5444
66 54 5030
66 55 5542
66 56 4747
66 57 5318
66 58 5693
66 59 1908
66 60 4731
66 61 979
66 62 7365
66 63 1841
66 64 6690
66 65 3228
66 67 5362
66 68 893
66 69 1158
66 70 4502
67 1 4556
67 2 2778
67 3 986
67 4 2009
67 5 4226
67 6 5378
67 7 5758
67 8 4505
67 9 3806
67 10 6834
67 11 5048
67 12 2960
67 13 7268
67 14 3238
67 15 1051
67 16 5536
67 17 5057
67 18 3351
67 19 5406
67 20 197
67 21 242
67 22 2911
67 23 2026
67 24 2821
67 25 4480
67 26 5179
67 27 7119
67 28 6632
67 29 1765
67 30 4305
67 31 3991
67 32 1734
67 33 1952
67 34 4616
67 35 3474
67 36 6460
67 37 7119
67 38 4148
67 39 795
67 40 2131
67 41 1110
67 42 2371
67 43 5404
67 44 3014
67 45 774
67 46 1061
67 47 4698
67 48 560
67 49 3041
67 50 2968
67 51 2253
67 52 2967
67 53 1660
67 54 6287
67 55 6182
67 56 7336
67 57 4970
67 58 6507
67 59 3108
67 60 5137
67 61 3388
67 62 2274
67 63 2746
67 64 4346
67 65 4081
67 66 5120
67 68 930
67 69 6074
67 70 2879
68 1 1338
68 2 7323
68 3 3379
68 4 2966
68 5 4233
68 6 1934
68 7 469
68 8 5705
68 9 2392
68 10 3354
68 11 3227
68 12 3933
68 13 5805
68 14 4949
68 15 4298
68 16 4251
68 17 3460
68 18 5113
68 19 2465
68 20 4407
68 21 7117
68 22 1341
68 23 5918
68 24 6656
68 25 2891
68 26 3035
68 27 2576
68 28 2423
68 29 5054
68 30 1924
68 31 1839
68 32 2390
68 33 1104
68 34 633
68 35 3414
68 36 2472
68 37 2715
68 38 1262
68 39 6880
68 40 4967
68 41 439
68 42 6368
68 43 6712
68 44 4342
68 45 434
68 46 5812
68 47 1550
68 48 4044
68 49 5118
68 50 1184
68 51 2739
68 52 4795
68 53 5856
68 54 499
68 55 6161
68 56 3142
68 57 3185
68 58 3993
68 59 6343
68 60 5934
68 61 5829
68 62 6575
68 63 1941
68 64 3606
68 65 2982
68 66 5953
68 67 6677
68 69 1290
68 70 4248
69 1 7214
69 2 2591
69 3 1493
69 4 119
69 5 4114
69 6 6614
69 7 576
69 8 4185
69 9 5106
69 10 1049
69 11 4867
69 12 1545
69 13 5732
69 14 6263
69 15 765
69 16 1499
69 17 1941
69 18 4365
69 19 213
69 20 2310
69 21 3933
69 22 2134
69 23 3575
69 24 6982
69 25 3675
69 26 6250
69 27 225
69 28 5869
69 29 232
69 30 6139
69 31 1899
69 32 6995
69 33 2108
69 34 4260
69 35 4270
69 36 4549
69 37 2580
69 38 284
69 39 111
69 40 1469
69 41 3940
69 42 26
69 43 3082
69 44 1537
69 45 5919
69 46 1503
69 47 5428
69 48 3096
69 49 653
69 50 6464
69 51 166
69 52 252
69 53 25
69 54 135
69 55 1006
69 56 5763
69 57 5426
69 58 5899
69 59 2169
69 60 6142
69 61 1073
69 62 1392
69 63 3471
69 64 2382
69 65 4752
69 66 6324
69 67 2171
69 68 2633
69 70 4637
70 1 4086
70 2 7455
70 3 1742
70 4 4657
70 5 6056
70 6 2941
70 7 4023
70 8 5042
70 9 2835
70 10 3950
70 11 2967
70 12 2611
70 13 6982
70 14 5887
70 15 7197
70 16 7389
70 17 4002
70 18 2036
70 19 6099
70 20 452
70 21 3285
70 22 3132
70 23 6439
70 24 2386
70 25 7422
70 26 2703
70 27 5546
70 28 2726
70 29 5567
70 30 6776
70 31 925
70 32 6170
70 33 2322
70 34 758
70 35 2231
70 36 4420
70 37 2588
70 38 3825
70 39 5406
70 40 4258
70 41 1243
70 42 6657
70 43 1551
70 44 3761
70 45 4350
70 46 27
70 47 1306
70 48 1362
70 49 4159
70 50 7419
70 51 2408
70 52 216
70 53 2465
70 54 6910
70 55 1301
70 56 3644
70 57 1694
70 58 1123
70 59 5696
70 60 5217
70 61 2637
70 62 2260
70 63 3949
70 64 5931
70 65 4283
70 66 5381
70 67 1476
70 68 1598
70 69 7471
