70 4830
1 2 5721
1 3 6738
1 4 5787
1 5 6576
1 6 2376
1 7 3285
1 8 3833
1 9 4100
1 10 1779
1 11 2418
1 12 4589
1 13 522
1 14 5715
1 15 6405
1 16 2984
1 17 150
1 18 6955
1 19 5498
1 20 7444
1 21 4087
1 22 5385
1 23 3393
1 24 3105
1 25 5463
1 26 2344
1 27 6087
1 28 3634
1 29 6780
1 30 1130
1 31 274
1 32 6177
1 33 4307
1 34 6218
1 35 7329
1 36 4983
1 37 5092
1 38 5276
1 39 4615
1 40 4620
1 41 3160
1 42 5802
1 43 5693
1 44 4990
1 45 4872
1 46 601
1 47 5540
1 48 5876
1 49 667
1 50 1535
1 51 1257
1 52 403
1 53 5795
1 54 6949
1 55 2540
1 56 2936
1 57 1043
1 58 6063
1 59 4832
1 60 1764
1 61 3907
1 62 2135
1 63 2010
1 64 2885
1 65 5774
1 66 799
1 67 7309
1 68 286
1 69 4837
1 70 6508
2 1 5697
2 3 6900
2 4 5895
2 5 3704
2 6 6413
2 7 6565
2 8 344
2 9 6726
2 10 5319
2 11 4297
2 12 2298
2 13 4410
2 14 1942
2 15 6452
2 16 3021
2 17 3523
2 18 4400
2 19 495
2 20 1010
2 21 2077
2 22 5978
2 23 1525
2 24 4900
2 25 5135
2 26 3407
2 27 7215
2 28 6504
2 29 6453
2 30 4774
2 31 7159
2 32 4096
2 33 4363
2 34 4787
2 35 6945
2 36 7434
2 37 3140
2 38 5418
2 39 1375
2 40 1211
2 41 1042
2 42 1166
2 43 6357
2 44 1700
2 45 6901
2 46 4775
2 47 1380
2 48 358
2 49 2968
2 50 6999
2 51 2472
2 52 1759
2 53 3735
2 54 5758
2 55 6803
2 56 361
2 57 417
2 58 6517
2 59 5756
2 60 2487
2 61 1087
2 62 5347
2 63 6306
2 64 472
2 65 1508
2 66 4551
2 67 197
2 68 1282
2 69 7246
2 70 3579
3 1 4485
3 2 2518
3 4 2688
3 5 4687
3 6 6889
3 7 4333
3 8 5687
3 9 1570
3 10 5900
3 11 3523
3 12 3647
3 13 4145
3 14 3404
3 15 7046
3 16 6039
3 17 182
3 18 3858
3 19 3491
3 20 6270
3 21 177
3 22 4883
3 23 2278
3 24 3849
3 25 5081
3 26 2752
3 27 2366
3 28 5831
3 29 3569
3 30 4903
3 31 1050
3 32 500
3 33 5956
3 34 3663
3 35 5573
3 36 5306
3 37 2919
3 38 3158
3 39 5678
3 40 2503
3 41 1859
3 42 345
3 43 2726
3 44 2586
3 45 4420
3 46 5987
3 47 1043
3 48 187
3 49 6574
3 50 5970
3 51 2597
3 52 3227
3 53 831
3 54 3692
3 55 3025
3 56 4291
3 57 633
3 58 1184
3 59 5765
3 60 2299
3 61 1662
3 62 4157
3 63 6688
3 64 1317
3 65 7313
3 66 2528
3 67 6655
3 68 4203
3 69 840
3 70 972
4 1 5437
4 2 3642
4 3 2556
4 5 4717
4 6 4576
4 7 3106
4 8 693
4 9 7328
4 10 930
4 11 2458
4 12 1683
4 13 5585
4 14 5944
4 15 5877
4 16 3782
4 17 5642
4 18 4437
4 19 1442
4 20 1315
4 21 4403
4 22 2794
4 23 6693
4 24 2029
4 25 6737
4 26 6015
4 27 4134
4 28 3153
4 29 1581
4 30 3090
4 31 2179
4 32 1110
4 33 5022
4 34 7124
4 35 2494
4 36 5645
4 37 6773
4 38 2472
4 39 4918
4 40 2336
4 41 1489
4 42 3779
4 43 2508
4 44 5800
4 45 6952
4 46 6303
4 47 276
4 48 5758
4 49 5395
4 50 381
4 51 6998
4 52 4217
4 53 6038
4 54 6532
4 55 671
4 56 5090
4 57 5776
4 58 4904
4 59 4794
4 60 4719
4 61 4279
4 62 5298
4 63 6938
4 64 7082
4 65 276
4 66 6312
4 67 5171
4 68 6910
4 69 6092
4 70 7177
5 1 1433
5 2 3880
5 3 1571
5 4 2977
5 6 7119
5 7 936
5 8 2135
5 9 6650
5 10 3300
5 11 5792
5 12 5272
5 13 4287
5 14 7387
5 15 172
5 16 2628
5 17 6076
5 18 7056
5 19 2759
5 20 6771
5 21 6098
5 22 17
5 23 218
5 24 1450
5 25 818
5 26 4049
5 27 320
5 28 93
5 29 518
5 30 4227
5 31 7144
5 32 629
5 33 5919
5 34 118
5 35 3180
5 36 900
5 37 6866
5 38 3181
5 39 4136
5 40 5384
5 41 6667
5 42 3368
5 43 960
5 44 2954
5 45 6497
5 46 5131
5 47 2049
5 48 5462
5 49 866
5 50 3061
5 51 7314
5 52 933
5 53 2947
5 54 5135
5 55 4571
5 56 1307
5 57 3889
5 58 1192
5 59 7313
5 60 5287
5 61 1651
5 62 5274
5 63 4146
5 64 6947
5 65 3796
5 66 3642
5 67 4499
5 68 1487
5 69 4142
5 70 466
6 1 2713
6 2 5553
6 3 6693
6 4 7068
6 5 3752
6 7 160
6 8 1418
6 9 1049
6 10 913
6 11 875
6 12 5838
6 13 4536
6 14 5623
6 15 3756
6 16 1534
6 17 4699
6 18 2886
6 19 5123
6 20 4402
6 21 3009
6 22 2920
6 23 3807
6 24 1131
6 25 3373
6 26 1404
6 27 1802
6 28 1202
6 29 7294
6 30 3781
6 31 4789
6 32 7333
6 33 1355
6 34 7470
6 35 3458
6 36 1784
6 37 5675
6 38 6151
6 39 3361
6 40 3073
6 41 6071
6 42 59
6 43 5329
6 44 5163
6 45 2758
6 46 3403
6 47 4406
6 48 7025
6 49 1766
6 50 3266
6 51 6488
6 52 2461
6 53 4305
6 54 4833
6 55 6829
6 56 1883
6 57 6953
6 58 4928
6 59 3670
6 60 1786
6 61 6763
6 62 361
6 63 843
6 64 85
6 65 4813
6 66 3508
6 67 2934
6 68 87
6 69 3087
6 70 788
7 1 4458
7 2 4506
7 3 312
7 4 1898
7 5 7209
7 6 6555
7 8 6250
7 9 6805
7 10 1674
7 11 6389
7 12 6465
7 13 5379
7 14 7026
7 15 6804
7 16 4712
7 17 1368
7 18 3241
7 19 5007
7 20 6284
7 21 6070
7 22 6180
7 23 5031
7 24 6070
7 25 5671
7 26 6910
7 27 6597
7 28 5555
7 29 608
7 30 3177
7 31 488
7 32 6645
7 33 7475
7 34 7380
7 35 3355
7 36 1576
7 37 5808
7 38 4600
7 39 2807
7 40 6973
7 41 2224
7 42 2620
7 43 1246
7 44 167
7 45 7406
7 46 1434
7 47 4552
7 48 6557
7 49 1831
7 50 3834
7 51 3827
7 52 2147
7 53 3501
7 54 1126
7 55 588
7 56 4645
7 57 1033
7 58 2453
7 59 7019
7 60 3941
7 61 1167
7 62 2334
7 63 5889
7 64 2478
7 65 3009
7 66 5626
7 67 1247
7 68 4793
7 69 5314
7 70 4394
8 1 7389
8 2 606
8 3 1292
8 4 7198
8 5 4328
8 6 5768
8 7 4754
8 9 1567
8 10 3460
8 11 5430
8 12 2733
8 13 2974
8 14 4239
8 15 248
8 16 776
8 17 3100
8 18 881
8 19 6960
8 20 6918
8 21 4797
8 22 62
8 23 7288
8 24 665
8 25 1252
8 26 5737
8 27 1996
8 28 2474
8 29 2823
8 30 5350
8 31 6900
8 32 5194
8 33 3420
8 34 5979
8 35 4597
8 36 5071
8 37 7246
8 38 2281
8 39 4417
8 40 7384
8 41 4267
8 42 1438
8 43 2203
8 44 4139
8 45 104
8 46 5195
8 47 193
8 48 913
8 49 3746
8 50 6170
8 51 6801
8 52 4004
8 53 6717
8 54 793
8 55 5405
8 56 3359
8 57 6913
8 58 4031
8 59 1087
8 60 3283
8 61 2012
8 62 572
8 63 2746
8 64 6198
8 65 6998
8 66 2707
8 67 7033
8 68 1588
8 69 919
8 70 3633
9 1 7087
9 2 132
9 3 2139
9 4 3013
9 5 6268
9 6 4265
9 7 6518
9 8 2941
9 10 3136
9 11 3494
9 12 1708
9 13 4763
9 14 4481
9 15 5157
9 16 4066
9 17 4894
9 18 4678
9 19 131
9 20 6856
9 21 1131
9 22 6017
9 23 85
9 24 3784
9 25 2039
9 26 1001
9 27 5123
9 28 7005
9 29 2683
9 30 4014
9 31 5735
9 32 1622
9 33 339
9 34 67
9 35 4687
9 36 2815
9 37 4499
9 38 4840
9 39 963
9 40 4907
9 41 4385
9 42 6312
9 43 4142
9 44 4137
9 45 7041
9 46 2020
9 47 3951
9 48 2610
9 49 6089
9 50 1729
9 51 2044
9 52 4013
9 53 479
9 54 634
9 55 2260
9 56 7004
9 57 4813
9 58 5348
9 59 443
9 60 4080
9 61 2852
9 62 2245
9 63 1743
9 64 2388
9 65 3531
9 66 5963
9 67 7333
9 68 6411
9 69 2904
9 70 1922
10 1 5978
10 2 1381
10 3 2439
10 4 3558
10 5 6541
10 6 7006
10 7 5403
10 8 6153
10 9 4172
10 11 6300
10 12 7183
10 13 7270
10 14 4799
10 15 4425
10 16 4535
10 17 3915
10 18 5210
10 19 3465
10 20 3994
10 21 2647
10 22 3678
10 23 1828
10 24 3125
10 25 59
10 26 1451
10 27 338
10 28 1439
10 29 1626
10 30 6528
10 31 2697
10 32 1040
10 33 3314
10 34 337
10 35 5795
10 36 5104
10 37 6617
10 38 2911
10 39 5286
10 40 5850
10 41 3125
10 42 5981
10 43 5516
10 44 702
10 45 4466
10 46 7329
10 47 826
10 48 2325
10 49 6691
10 50 5387
10 51 4947
10 52 3052
10 53 5706
10 54 4521
10 55 6796
10 56 5559
10 57 1379
10 58 512
10 59 3931
10 60 768
10 61 7390
10 62 4292
10 63 7028
10 64 6691
10 65 2291
10 66 2426
10 67 3576
10 68 1657
10 69 1170
10 70 5296
11 1 4271
11 2 43
11 3 2390
11 4 4737
11 5 6137
11 6 5804
11 7 5038
11 8 5325
11 9 6070
11 10 5224
11 12 2476
11 13 5022
11 14 3774
11 15 4614
11 16 3995
11 17 6690
11 18 1480
11 19 3906
11 20 3982
11 21 6412
11 22 6591
11 23 369
11 24 1888
11 25 1331
11 26 1158
11 27 5303
11 28 1960
11 29 233
11 30 5030
11 31 4731
11 32 415
11 33 3690
11 34 181
11 35 2694
11 36 7408
11 37 3553
11 38 7291
11 39 3256
11 40 4598
11 41 5702
11 42 7020
11 43 7212
11 44 3992
11 45 6920
11 46 4850
11 47 579
11 48 3154
11 49 6127
11 50 1801
11 51 2608
11 52 2149
11 53 790
11 54 3668
11 55 3640
11 56 6194
11 57 5444
11 58 3899
11 59 5872
11 60 1050
11 61 3067
11 62 1715
11 63 2803
11 64 5826
11 65 6639
11 66 2229
11 67 5684
11 68 443
11 69 6177
11 70 1369
12 1 4630
12 2 197
12 3 6891
12 4 1136
12 5 6273
12 6 3410
12 7 4831
12 8 4395
12 9 7392
12 10 514
12 11 2512
12 13 2838
12 14 6691
12 15 5099
12 16 2870
12 17 1336
12 18 7212
12 19 2202
12 20 3042
12 21 4153
12 22 4804
12 23 8
12 24 4612
12 25 6538
12 26 4889
12 27 1781
12 28 5323
12 29 86
12 30 4712
12 31 864
12 32 731
12 33 2281
12 34 2750
12 35 4693
12 36 6836
12 37 6507
12 38 680
12 39 3483
12 40 268
12 41 5239
12 42 6545
12 43 620
12 44 6708
12 45 3511
12 46 3794
12 47 3892
12 48 4284
12 49 659
12 50 1421
12 51 5169
12 52 6627
12 53 3243
12 54 1916
12 55 5328
12 56 3526
12 57 627
12 58 958
12 59 7387
12 60 7477
12 61 3254
12 62 478
12 63 6541
12 64 3400
12 65 3190
12 66 3742
12 67 5471
12 68 2508
12 69 5804
12 70 3139
13 1 1305
13 2 3088
13 3 1229
13 4 6978
13 5 7459
13 6 2707
13 7 766
13 8 667
13 9 1365
13 10 2499
13 11 3490
13 12 2613
13 14 1627
13 15 4850
13 16 6822
13 17 180
13 18 3997
13 19 3535
13 20 4741
13 21 1819
13 22 6747
13 23 2690
13 24 5508
13 25 7083
13 26 3147
13 27 3886
13 28 5557
13 29 4291
13 30 2827
13 31 962
13 32 3148
13 33 135
13 34 92
13 35 5277
13 36 1774
13 37 4012
13 38 1465
13 39 3927
13 40 4989
13 41 4218
13 42 513
13 43 2469
13 44 1319
13 45 5388
13 46 3578
13 47 2213
13 48 5728
13 49 2780
13 50 5753
13 51 5252
13 52 4576
13 53 2774
13 54 1161
13 55 6752
13 56 4228
13 57 278
13 58 3866
13 59 6263
13 60 4001
13 61 5486
13 62 3124
13 63 4947
13 64 2406
13 65 6030
13 66 745
13 67 1988
13 68 2307
13 69 6300
13 70 460
14 1 1624
14 2 5982
14 3 5335
14 4 2896
14 5 1855
14 6 5108
14 7 4558
14 8 2162
14 9 14
14 10 5852
14 11 1630
14 12 3016
14 13 5249
14 15 3686
14 16 1189
14 17 2712
14 18 5562
14 19 6061
14 20 4990
14 21 5931
14 22 4383
14 23 1089
14 24 7112
14 25 7468
14 26 6376
14 27 1407
14 28 5423
14 29 1843
14 30 2040
14 31 2187
14 32 7231
14 33 1547
14 34 5287
14 35 7020
14 36 3286
14 37 5682
14 38 842
14 39 839
14 40 383
14 41 3205
14 42 1679
14 43 3454
14 44 6142
14 45 4660
14 46 2680
14 47 3976
14 48 7187
14 49 1308
14 50 1233
14 51 1032
14 52 3995
14 53 2203
14 54 6171
14 55 1941
14 56 7414
14 57 4916
14 58 6809
14 59 7262
14 60 1711
14 61 6483
14 62 6106
14 63 340
14 64 5987
14 65 614
14 66 6054
14 67 1288
14 68 6488
14 69 6049
14 70 6060
15 1 2410
15 2 2936
15 3 3275
15 4 4003
15 5 2513
15 6 4090
15 7 3321
15 8 6516
15 9 3879
15 10 6944
15 11 5878
15 12 1131
15 13 1953
15 14 4604
15 16 4343
15 17 1870
15 18 4480
15 19 6365
15 20 4821
15 21 5226
15 22 632
15 23 2385
15 24 2599
15 25 592
15 26 2511
15 27 6765
15 28 2256
15 29 3411
15 30 5122
15 31 4460
15 32 5182
15 33 3007
15 34 6895
15 35 4689
15 36 3052
15 37 7354
15 38 5143
15 39 5359
15 40 2415
15 41 290
15 42 4062
15 43 4315
15 44 1857
15 45 6003
15 46 4808
15 47 204
15 48 6806
15 49 1192
15 50 1583
15 51 917
15 52 4944
15 53 3080
15 54 403
15 55 1773
15 56 1601
15 57 5031
15 58 2385
15 59 3991
15 60 6082
15 61 2096
15 62 2865
15 63 3934
15 64 96
15 65 3619
15 66 7198
15 67 418
15 68 7340
15 69 3871
15 70 312
16 1 961
16 2 404
16 3 872
16 4 6810
16 5 2437
16 6 4597
16 7 5518
16 8 5560
16 9 3738
16 10 4395
16 11 2593
16 12 6441
16 13 206
16 14 3027
16 15 4972
16 17 6430
16 18 3268
16 19 1131
16 20 3148
16 21 4737
16 22 3677
16 23 5095
16 24 1477
16 25 2627
16 26 4875
16 27 816
16 28 3305
16 29 167
16 30 6148
16 31 146
16 32 1092
16 33 5723
16 34 1812
16 35 6957
16 36 3806
16 37 2745
16 38 3055
16 39 2177
16 40 7198
16 41 1897
16 42 5241
16 43 5910
16 44 155
16 45 1268
16 46 4220
16 47 638
16 48 5282
16 49 450
16 50 4713
16 51 6775
16 52 1472
16 53 344
16 54 2707
16 55 3742
16 56 6354
16 57 4360
16 58 1945
16 59 2647
16 60 664
16 61 5507
16 62 46
16 63 4710
16 64 1552
16 65 1323
16 66 7158
16 67 3774
16 68 1542
16 69 2944
16 70 4110
17 1 5
17 2 2626
17 3 3945
17 4 6497
17 5 4388
17 6 4110
17 7 278
17 8 6509
17 9 5938
17 10 3876
17 11 545
17 12 3500
17 13 249
17 14 4674
17 15 2456
17 16 6850
17 18 5636
17 19 1033
17 20 3699
17 21 1045
17 22 3431
17 23 2791
17 24 2838
17 25 3908
17 26 7462
17 27 899
17 28 3338
17 29 4262
17 30 7458
17 31 1197
17 32 1418
17 33 6784
17 34 3171
17 35 5587
17 36 2623
17 37 5206
17 38 1830
17 39 6218
17 40 7308
17 41 6013
17 42 5113
17 43 5397
17 44 5448
17 45 2401
17 46 3117
17 47 2259
17 48 6228
17 49 1123
17 50 2615
17 51 5078
17 52 7002
17 53 5238
17 54 653
17 55 103
17 56 5101
17 57 1255
17 58 252
17 59 1984
17 60 4804
17 61 5393
17 62 6946
17 63 4798
17 64 4696
17 65 3771
17 66 2727
17 67 7284
17 68 3734
17 69 3362
17 70 3074
18 1 1425
18 2 6054
18 3 6256
18 4 3673
18 5 4423
18 6 5743
18 7 4286
18 8 4892
18 9 2111
18 10 1014
18 11 5495
18 12 5143
18 13 3056
18 14 2058
18 15 5143
18 16 2254
18 17 2982
18 19 1827
18 20 105
18 21 3046
18 22 2618
18 23 1336
18 24 2948
18 25 2264
18 26 2148
18 27 6378
18 28 2091
18 29 3238
18 30 4341
18 31 7331
18 32 1218
18 33 5751
18 34 3425
18 35 2410
18 36 4497
18 37 572
18 38 3443
18 39 4236
18 40 7307
18 41 3859
18 42 1010
18 43 7081
18 44 517
18 45 2182
18 46 1456
18 47 1223
18 48 711
18 49 1942
18 50 3371
18 51 2501
18 52 4042
18 53 6776
18 54 2083
18 55 7097
18 56 2954
18 57 692
18 58 7345
18 59 811
18 60 5552
18 61 2192
18 62 6966
18 63 6054
18 64 813
18 65 3816
18 66 3612
18 67 3369
18 68 6710
18 69 6262
18 70 6215
19 1 3211
19 2 7234
19 3 733
19 4 2745
19 5 1977
19 6 7047
19 7 1927
19 8 18
19 9 6673
19 10 485
19 11 5483
19 12 490
19 13 5468
19 14 3872
19 15 289
19 16 3044
19 17 3706
19 18 2830
19 20 3552
19 21 809
19 22 4279
19 23 3671
19 24 5110
19 25 128
19 26 2575
19 27 7424
19 28 6375
19 29 3562
19 30 3318
19 31 4105
19 32 7483
19 33 7080
19 34 1806
19 35 4648
19 36 2728
19 37 5272
19 38 5539
19 39 2906
19 40 3663
19 41 1359
19 42 2783
19 43 6805
19 44 257
19 45 2369
19 46 2541
19 47 2050
19 48 3751
19 49 990
19 50 5255
19 51 3522
19 52 4551
19 53 7473
19 54 1277
19 55 426
19 56 6254
19 57 5284
19 58 3401
19 59 6917
19 60 6092
19 61 3886
19 62 3817
19 63 420
19 64 1205
19 65 1091
19 66 4856
19 67 3495
19 68 3070
19 69 4906
19 70 5236
20 1 1954
20 2 6223
20 3 4639
20 4 2369
20 5 3808
20 6 120
20 7 2204
20 8 1013
20 9 6115
20 10 1319
20 11 6144
20 12 202
20 13 4248
20 14 6064
20 15 6297
20 16 4510
20 17 2427
20 18 4715
20 19 7226
20 21 714
20 22 419
20 23 848
20 24 5566
20 25 3880
20 26 290
20 27 4850
20 28 3924
20 29 6790
20 30 3017
20 31 2449
20 32 7242
20 33 380
20 34 2987
20 35 1236
20 36 1986
20 37 5927
20 38 1129
20 39 2596
20 40 4437
20 41 5491
20 42 693
20 43 3634
20 44 583
20 45 5046
20 46 5088
20 47 4797
20 48 2855
20 49 546
20 50 2055
20 51 3856
20 52 5981
20 53 6638
20 54 4802
20 55 6956
20 56 5232
20 57 6950
20 58 5293
20 59 2348
20 60 2949
20 61 2886
20 62 7288
20 63 7394
20 64 4959
20 65 7327
20 66 6611
20 67 409
20 68 2034
20 69 3050
20 70 6804
21 1 228
21 2 7298
21 3 830
21 4 4012
21 5 7378
21 6 4837
21 7 523
21 8 6915
21 9 4219
21 10 4601
21 11 733
21 12 6334
21 13 4572
21 14 1449
21 15 555
21 16 5883
21 17 1147
21 18 4454
21 19 5258
21 20 2203
21 22 5005
21 23 6668
21 24 6942
21 25 6079
21 26 6034
21 27 1705
21 28 5004
21 29 1568
21 30 1761
21 31 6720
21 32 5681
21 33 6719
21 34 3614
21 35 6920
21 36 666
21 37 3135
21 38 3440
21 39 6337
21 40 3451
21 41 3567
21 42 2275
21 43 4087
21 44 1764
21 45 4783
21 46 3052
21 47 7443
21 48 6536
21 49 4301
21 50 3913
21 51 1690
21 52 1217
21 53 2051
21 54 5549
21 55 419
21 56 6183
21 57 2025
21 58 5470
21 59 4945
21 60 7288
21 61 376
21 62 272
21 63 1456
21 64 3904
21 65 5138
21 66 3586
21 67 3684
21 68 3798
21 69 3952
21 70 6712
22 1 2455
22 2 149
22 3 6791
22 4 2565
22 5 3230
22 6 3503
22 7 5646
22 8 4275
22 9 98
22 10 5507
22 11 2177
22 12 327
22 13 6607
22 14 4789
22 15 429
22 16 4727
22 17 2731
22 18 2112
22 19 356
22 20 431
22 21 1038
22 23 3439
22 24 2172
22 25 3333
22 26 5937
22 27 2933
22 28 5297
22 29 5044
22 30 2313
22 31 2641
22 32 1785
22 33 4746
22 34 5252
22 35 1837
22 36 7458
22 37 1017
22 38 3928
22 39 524
22 40 7166
22 41 2078
22 42 2169
22 43 2329
22 44 2683
22 45 5767
22 46 5032
22 47 2681
22 48 3136
22 49 2622
22 50 961
22 51 6538
22 52 6147
22 53 2476
22 54 6355
22 55 5516
22 56 6549
22 57 2813
22 58 1882
22 59 5805
22 60 6750
22 61 7085
22 62 5894
22 63 824
22 64 2260
22 65 3101
22 66 7022
22 67 4659
22 68 1132
22 69 461
22 70 7465
23 1 331
23 2 72
23 3 3630
23 4 7335
23 5 6822
23 6 4520
23 7 4218
23 8 3475
23 9 7353
23 10 3409
23 11 6392
23 12 6495
23 13 302
23 14 5720
23 15 6615
23 16 3482
23 17 711
23 18 2638
23 19 1451
23 20 3464
23 21 3080
23 22 5042
23 24 3980
23 25 284
23 26 4304
23 27 934
23 28 1833
23 29 7415
23 30 209
23 31 4543
23 32 4946
23 33 1768
23 34 7319
23 35 5681
23 36 7492
23 37 2500
23 38 1349
23 39 5123
23 40 7427
23 41 573
23 42 2870
23 43 2780
23 44 6574
23 45 3539
23 46 6443
23 47 1802
23 48 1865
23 49 4187
23 50 5563
23 51 5152
23 52 2363
23 53 6980
23 54 7423
23 55 4172
23 56 1469
23 57 6715
23 58 2766
23 59 2886
23 60 2580
23 61 4788
23 62 904
23 63 7042
23 64 6245
23 65 4925
23 66 1493
23 67 6994
23 68 2624
23 69 1928
23 70 1826
24 1 556
24 2 1591
24 3 2239
24 4 858
24 5 7214
24 6 3260
24 7 5265
24 8 58
24 9 6728
24 10 5480
24 11 1018
24 12 4352
24 13 5362
24 14 2508
24 15 837
24 16 3857
24 17 1831
24 18 421
24 19 6436
24 20 5454
24 21 6509
24 22 5016
24 23 6775
24 25 1736
24 26 6684
24 27 2240
24 28 5861
24 29 3755
24 30 1836
24 31 6985
24 32 1949
24 33 2611
24 34 5191
24 35 3510
24 36 7190
24 37 5234
24 38 1815
24 39 6061
24 40 1860
24 41 7157
24 42 644
24 43 1801
24 44 6620
24 45 3708
24 46 3731
24 47 7123
24 48 5830
24 49 3676
24 50 218
24 51 7186
24 52 3251
24 53 109
24 54 5545
24 55 2076
24 56 2865
24 57 5388
24 58 3486
24 59 945
24 60 1544
24 61 7191
24 62 3114
24 63 4573
24 64 6458
24 65 832
24 66 6512
24 67 5709
24 68 2504
24 69 5633
24 70 850
25 1 74
25 2 2544
25 3 4401
25 4 342
25 5 1994
25 6 1066
25 7 2620
25 8 7340
25 9 1015
25 10 1906
25 11 6776
25 12 5894
25 13 3946
25 14 3882
25 15 6398
25 16 3151
25 17 5951
25 18 363
25 19 7411
25 20 377
25 21 51
25 22 7155
25 23 1738
25 24 3396
25 26 626
25 27 989
25 28 4489
25 29 4200
25 30 2074
25 31 126
25 32 7145
25 33 1041
25 34 6404
25 35 25
25 36 6890
25 37 4013
25 38 4767
25 39 6476
25 40 2503
25 41 4728
25 42 4327
25 43 6817
25 44 591
25 45 4542
25 46 5223
25 47 3718
25 48 561
25 49 4115
25 50 4062
25 51 3805
25 52 2940
25 53 4584
25 54 6507
25 55 443
25 56 5233
25 57 2134
25 58 7327
25 59 972
25 60 787
25 61 1264
25 62 4039
25 63 5820
25 64 4158
25 65 654
25 66 6649
25 67 3357
25 68 1538
25 69 6479
25 70 5587
26 1 5620
26 2 2819
26 3 1682
26 4 4103
26 5 3679
26 6 6667
26 7 6649
26 8 124
26 9 1693
26 10 3163
26 11 6912
26 12 759
26 13 4480
26 14 389
26 15 2486
26 16 5719
26 17 5442
26 18 6722
26 19 7334
26 20 4964
26 21 3800
26 22 6760
26 23 2329
26 24 6910
26 25 2359
26 27 6230
26 28 1262
26 29 2625
26 30 4712
26 31 6741
26 32 696
26 33 1867
26 34 6076
26 35 592
26 36 3815
26 37 173
26 38 5391
26 39 6030
26 40 2282
26 41 6428
26 42 5447
26 43 6373
26 44 5939
26 45 2494
26 46 4678
26 47 2010
26 48 4227
26 49 1552
26 50 3820
26 51 4459
26 52 6759
26 53 3839
26 54 3628
26 55 2239
26 56 4547
26 57 6719
26 58 872
26 59 7100
26 60 6549
26 61 5728
26 62 66
26 63 515
26 64 1182
26 65 6377
26 66 6674
26 67 4787
26 68 3384
26 69 6443
26 70 923
27 1 4847
27 2 6152
27 3 5548
27 4 718
27 5 2527
27 6 4975
27 7 153
27 8 7101
27 9 3535
27 10 1610
27 11 1132
27 12 673
27 13 1155
27 14 2781
27 15 5582
27 16 2874
27 17 3558
27 18 4436
27 19 2720
27 20 7495
27 21 4408
27 22 3052
27 23 5017
27 24 6795
27 25 3570
27 26 155
27 28 1070
27 29 5914
27 30 7041
27 31 4542
27 32 5402
27 33 1401
27 34 6158
27 35 5391
27 36 2218
27 37 4591
27 38 1511
27 39 237
27 40 3754
27 41 1745
27 42 3593
27 43 3560
27 44 5802
27 45 1680
27 46 6475
27 47 5909
27 48 3107
27 49 5125
27 50 629
27 51 2365
27 52 1173
27 53 1440
27 54 3814
27 55 2988
27 56 3712
27 57 2760
27 58 1763
27 59 7260
27 60 2601
27 61 4136
27 62 3362
27 63 2439
27 64 653
27 65 4273
27 66 3830
27 67 5650
27 68 1898
27 69 6085
27 70 3033
28 1 1778
28 2 901
28 3 1548
28 4 3723
28 5 4189
28 6 4311
28 7 5255
28 8 328
28 9 3581
28 10 1273
28 11 6890
28 12 7235
28 13 606
28 14 4740
28 15 3341
28 16 4465
28 17 6656
28 18 3999
28 19 4092
28 20 3573
28 21 3891
28 22 899
28 23 1924
28 24 6824
28 25 2414
28 26 666
28 27 2807
28 29 1473
28 30 2856
28 31 6222
28 32 1629
28 33 6104
28 34 4904
28 35 1373
28 36 787
28 37 6927
28 38 5781
28 39 2644
28 40 1512
28 41 7099
28 42 2778
28 43 6325
28 44 905
28 45 6254
28 46 2314
28 47 4752
28 48 2537
28 49 2979
28 50 6484
28 51 522
28 52 109
28 53 5470
28 54 4517
28 55 3501
28 56 5731
28 57 5279
28 58 2459
28 59 4590
28 60 454
28 61 6742
28 62 530
28 63 2303
28 64 6146
28 65 4946
28 66 6851
28 67 1459
28 68 5997
28 69 861
28 70 6556
29 1 849
29 2 5461
29 3 6565
29 4 2934
29 5 7461
29 6 7104
29 7 2841
29 8 2036
29 9 6375
29 10 4652
29 11 6504
29 12 1108
29 13 4580
29 14 706
29 15 4186
29 16 878
29 17 5324
29 18 6532
29 19 907
29 20 1250
29 21 794
29 22 5468
29 23 5978
29 24 991
29 25 1119
29 26 6794
29 27 2649
29 28 1853
29 30 2621
29 31 5164
29 32 5904
29 33 4507
29 34 7072
29 35 4186
29 36 263
29 37 3090
29 38 520
29 39 6466
29 40 6452
29 41 6826
29 42 1810
29 43 2687
29 44 4765
29 45 2982
29 46 1519
29 47 5964
29 48 4293
29 49 1869
29 50 432
29 51 886
29 52 1687
29 53 5969
29 54 3992
29 55 2727
29 56 3248
29 57 2797
29 58 3710
29 59 1148
29 60 2176
29 61 6046
29 62 4687
29 63 1181
29 64 6353
29 65 283
29 66 2120
29 67 6553
29 68 4263
29 69 6856
29 70 4787
30 1 4876
30 2 5423
30 3 7264
30 4 766
30 5 706
30 6 7399
30 7 6476
30 8 448
30 9 1384
30 10 111
30 11 5496
30 12 1416
30 13 2062
30 14 6156
30 15 948
30 16 3736
30 17 1983
30 18 4854
30 19 7036
30 20 4491
30 21 5272
30 22 5247
30 23 4743
30 24 6365
30 25 4174
30 26 6668
30 27 2900
30 28 746
30 29 1474
30 31 5134
30 32 4309
30 33 4052
30 34 2246
30 35 4680
30 36 61
30 37 1798
30 38 5295
30 39 1978
30 40 5453
30 41 541
30 42 1637
30 43 177
30 44 5111
30 45 6402
30 46 3527
30 47 568
30 48 6263
30 49 2409
30 50 1009
30 51 4528
30 52 1592
30 53 6759
30 54 1983
30 55 6389
30 56 6544
30 57 1312
30 58 7062
30 59 2449
30 60 6125
30 61 614
30 62 6497
30 63 6218
30 64 1778
30 65 3047
30 66 1871
30 67 3070
30 68 6846
30 69 47
30 70 6914
31 1 2224
31 2 4942
31 3 794
31 4 1521
31 5 7315
31 6 764
31 7 5229
31 8 1234
31 9 6874
31 10 600
31 11 5607
31 12 7275
31 13 1519
31 14 711
31 15 1573
31 16 865
31 17 1765
31 18 2322
31 19 1234
31 20 2660
31 21 474
31 22 3840
31 23 1635
31 24 2332
31 25 4733
31 26 2288
31 27 2454
31 28 892
31 29 6095
31 30 1629
31 32 1107
31 33 167
31 34 4504
31 35 479
31 36 2955
31 37 5338
31 38 2767
31 39 6598
31 40 6679
31 41 4972
31 42 498
31 43 1518
31 44 3860
31 45 5117
31 46 5316
31 47 4497
31 48 4854
31 49 6061
31 50 6196
31 51 5205
31 52 1717
31 53 558
31 54 6021
31 55 5535
31 56 1162
31 57 2240
31 58 6582
31 59 1151
31 60 7259
31 61 2617
31 62 1388
31 63 6534
31 64 4320
31 65 114
31 66 302
31 67 7499
31 68 1896
31 69 567
31 70 2358
32 1 3372
32 2 7043
32 3 5886
32 4 1223
32 5 2149
32 6 7264
32 7 630
32 8 4732
32 9 3535
32 10 4501
32 11 4247
32 12 1417
32 13 1109
32 14 32
32 15 3907
32 16 1188
32 17 7420
32 18 4628
32 19 94
32 20 4845
32 21 4587
32 22 1880
32 23 917
32 24 1001
32 25 5500
32 26 4243
32 27 2410
32 28 4792
32 29 5807
32 30 1629
32 31 5045
32 33 2519
32 34 6469
32 35 5582
32 36 4636
32 37 4803
32 38 4384
32 39 2662
32 40 2570
32 41 761
32 42 7079
32 43 4765
32 44 5505
32 45 642
32 46 1106
32 47 1123
32 48 7477
32 49 1594
32 50 1962
32 51 3357
32 52 4398
32 53 6455
32 54 3443
32 55 4986
32 56 5600
32 57 1512
32 58 1949
32 59 2700
32 60 1173
32 61 2539
32 62 5190
32 63 3798
32 64 4174
32 65 443
32 66 7452
32 67 1884
32 68 6991
32 69 6908
32 70 1225
33 1 6703
33 2 1464
33 3 5587
33 4 6114
33 5 3878
33 6 6183
33 7 2868
33 8 893
33 9 3558
33 10 2604
33 11 5875
33 12 7158
33 13 5555
33 14 892
33 15 1743
33 16 1496
33 17 6
33 18 5353
33 19 2750
33 20 880
33 21 1063
33 22 7152
33 23 6306
33 24 2417
33 25 3895
33 26 1728
33 27 7069
33 28 1295
33 29 5030
33 30 4929
33 31 6662
33 32 5827
33 34 5026
33 35 954
33 36 5705
33 37 1744
33 38 674
33 39 5792
33 40 3448
33 41 5931
33 42 2337
33 43 3197
33 44 1280
33 45 4858
33 46 5724
33 47 578
33 48 2895
33 49 5662
33 50 803
33 51 3444
33 52 5899
33 53 2000
33 54 3598
33 55 811
33 56 7426
33 57 4712
33 58 3905
33 59 3518
33 60 3905
33 61 6333
33 62 962
33 63 3720
33 64 3088
33 65 1265
33 66 1171
33 67 3097
33 68 471
33 69 4395
33 70 3638
34 1 2462
34 2 2932
34 3 1682
34 4 1019
34 5 3494
34 6 554
34 7 364
34 8 2820
34 9 2003
34 10 1961
34 11 2869
34 12 3795
34 13 7175
34 14 4452
34 15 7394
34 16 7498
34 17 5618
34 18 5303
34 19 778
34 20 1428
34 21 1217
34 22 1906
34 23 1795
34 24 4812
34 25 1435
34 26 3065
34 27 2518
34 28 2668
34 29 3466
34 30 4020
34 31 6292
34 32 602
34 33 652
34 35 5984
34 36 2107
34 37 509
34 38 955
34 39 5845
34 40 5968
34 41 3847
34 42 559
34 43 2224
34 44 891
34 45 1764
34 46 302
34 47 1500
34 48 417
34 49 2064
34 50 1866
34 51 5816
34 52 4876
34 53 7160
34 54 7387
34 55 1659
34 56 6529
34 57 5043
34 58 572
34 59 4637
34 60 5656
34 61 7149
34 62 6714
34 63 4920
34 64 3507
34 65 6016
34 66 6992
34 67 2426
34 68 5116
34 69 178
34 70 894
35 1 6327
35 2 1487
35 3 6713
35 4 3847
35 5 163
35 6 2203
35 7 7352
35 8 170
35 9 3603
35 10 4804
35 11 5782
35 12 5563
35 13 3916
35 14 5089
35 15 6085
35 16 3567
35 17 1833
35 18 2007
35 19 5478
35 20 5159
35 21 4149
35 22 2531
35 23 3272
35 24 1414
35 25 4397
35 26 4777
35 27 6248
35 28 4820
35 29 1604
35 30 2740
35 31 1525
35 32 4788
35 33 2408
35 34 2788
35 36 2541
35 37 3652
35 38 5671
35 39 977
35 40 2880
35 41 6658
35 42 5479
35 43 3398
35 44 5059
35 45 5778
35 46 6731
35 47 5461
35 48 2696
35 49 376
35 50 7084
35 51 4755
35 52 6853
35 53 353
35 54 2162
35 55 2724
35 56 6476
35 57 1024
35 58 2904
35 59 408
35 60 4235
35 61 4847
35 62 6383
35 63 1068
35 64 2415
35 65 2612
35 66 1254
35 67 1236
35 68 7078
35 69 172
35 70 6553
36 1 5539
36 2 3801
36 3 3619
36 4 1708
36 5 169
36 6 5549
36 7 2223
36 8 3557
36 9 5099
36 10 2876
36 11 2256
36 12 1825
36 13 4108
36 14 4446
36 15 3586
36 16 4253
36 17 4322
36 18 3462
36 19 4291
36 20 5067
36 21 6706
36 22 5131
36 23 4823
36 24 2292
36 25 3756
36 26 197
36 27 4143
36 28 1174
36 29 3024
36 30 1002
36 31 3187
36 32 7109
36 33 6931
36 34 5130
36 35 5673
36 37 862
36 38 2164
36 39 2569
36 40 1573
36 41 4404
36 42 756
36 43 3735
36 44 2144
36 45 980
36 46 2326
36 47 1519
36 48 156
36 49 1775
36 50 2511
36 51 1848
36 52 3336
36 53 1963
36 54 4655
36 55 7343
36 56 2593
36 57 2940
36 58 6333
36 59 3565
36 60 6871
36 61 6623
36 62 6683
36 63 3619
36 64 3003
36 65 6746
36 66 3360
36 67 4448
36 68 5196
36 69 2848
36 70 5054
37 1 3256
37 2 3448
37 3 4326
37 4 730
37 5 1640
37 6 2873
37 7 1304
37 8 5449
37 9 2851
37 10 5005
37 11 5835
37 12 4805
37 13 1735
37 14 7225
37 15 5172
37 16 1305
37 17 3311
37 18 1108
37 19 6601
37 20 6288
37 21 1570
37 22 458
37 23 4537
37 24 5147
37 25 6195
37 26 118
37 27 1970
37 28 878
37 29 2706
37 30 6439
37 31 5906
37 32 1239
37 33 5424
37 34 5735
37 35 2238
37 36 2923
37 38 6105
37 39 3318
37 40 3363
37 41 3398
37 42 426
37 43 4392
37 44 5427
37 45 1180
37 46 52
37 47 1086
37 48 5990
37 49 4986
37 50 3948
37 51 4795
37 52 5368
37 53 6146
37 54 121
37 55 3749
37 56 5588
37 57 5175
37 58 7433
37 59 790
37 60 1207
37 61 5779
37 62 2266
37 63 3069
37 64 4226
37 65 1601
37 66 5075
37 67 2495
37 68 7279
37 69 4759
37 70 7373
38 1 2563
38 2 2274
38 3 2939
38 4 4800
38 5 4654
38 6 7480
38 7 2780
38 8 5088
38 9 2089
38 10 308
38 11 2668
38 12 7473
38 13 3949
38 14 504
38 15 3612
38 16 4831
38 17 6895
38 18 6477
38 19 1574
38 20 742
38 21 1569
38 22 3863
38 23 3848
38 24 7315
38 25 653
38 26 6047
38 27 340
38 28 5411
38 29 714
38 30 5413
38 31 2538
38 32 959
38 33 3878
38 34 7083
38 35 1696
38 36 2319
38 37 6115
38 39 1879
38 40 2286
38 41 6736
38 42 6393
38 43 3375
38 44 60
38 45 5274
38 46 6571
38 47 5034
38 48 6428
38 49 2204
38 50 7219
38 51 1035
38 52 2361
38 53 3764
38 54 3787
38 55 5421
38 56 330
38 57 1606
38 58 897
38 59 5599
38 60 4962
38 61 2100
38 62 952
38 63 418
38 64 2113
38 65 4724
38 66 497
38 67 3878
38 68 2254
38 69 5013
38 70 2638
39 1 340
39 2 3909
39 3 3062
39 4 2609
39 5 3260
39 6 3814
39 7 1951
39 8 2287
39 9 3696
39 10 6826
39 11 5673
39 12 6876
39 13 2985
39 14 4167
39 15 2597
39 16 4166
39 17 2981
39 18 1551
39 19 234
39 20 3041
39 21 5682
39 22 1113
39 23 569
39 24 3375
39 25 4201
39 26 5923
39 27 3012
39 28 5200
39 29 2772
39 30 3780
39 31 6351
39 32 1060
39 33 4643
39 34 3965
39 35 1063
39 36 3291
39 37 1972
39 38 489
39 40 3284
39 41 949
39 42 3128
39 43 6581
39 44 3473
39 45 963
39 46 2744
39 47 1594
39 48 5768
39 49 1589
39 50 6447
39 51 3856
39 52 5204
39 53 6512
39 54 3640
39 55 4360
39 56 4955
39 57 1313
39 58 658
39 59 4447
39 60 5458
39 61 110
39 62 7166
39 63 4717
39 64 7434
39 65 2302
39 66 3313
39 67 3500
39 68 2533
39 69 6579
39 70 2200
40 1 1006
40 2 5259
40 3 5556
40 4 4251
40 5 604
40 6 6350
40 7 5112
40 8 6797
40 9 1991
40 10 2400
40 11 4059
40 12 2654
40 13 1741
40 14 4873
40 15 4717
40 16 4056
40 17 5674
40 18 7045
40 19 298
40 20 6522
40 21 6218
40 22 7374
40 23 708
40 24 1209
40 25 1792
40 26 1162
40 27 5565
40 28 5883
40 29 4779
40 30 2572
40 31 256
40 32 6886
40 33 6064
40 34 5207
40 35 4750
40 36 250
40 37 7435
40 38 393
40 39 5820
40 41 2437
40 42 4984
40 43 3249
40 44 6867
40 45 6381
40 46 5009
40 47 6757
40 48 2590
40 49 831
40 50 266
40 51 4955
40 52 3639
40 53 4857
40 54 7392
40 55 3407
40 56 4586
40 57 286
40 58 731
40 59 3850
40 60 5064
40 61 2009
40 62 5857
40 63 2698
40 64 5115
40 65 7113
40 66 7149
40 67 6061
40 68 68
40 69 5892
40 70 2328
41 1 6990
41 2 2115
41 3 4859
41 4 4862
41 5 4434
41 6 1566
41 7 5802
41 8 5855
41 9 7195
41 10 5177
41 11 7351
41 12 701
41 13 4892
41 14 2606
41 15 1743
41 16 2127
41 17 263
41 18 150
41 19 2954
41 20 3902
41 21 4499
41 22 5903
41 23 1380
41 24 2139
41 25 6877
41 26 6073
41 27 5207
41 28 6895
41 29 4375
41 30 185
41 31 3701
41 32 6605
41 33 387
41 34 1156
41 35 3111
41 36 5874
41 37 5678
41 38 3971
41 39 4449
41 40 6348
41 42 3921
41 43 4803
41 44 4921
41 45 7350
41 46 4300
41 47 5157
41 48 3126
41 49 4291
41 50 3987
41 51 6045
41 52 7039
41 53 4870
41 54 4121
41 55 6898
41 56 1137
41 57 2334
41 58 3319
41 59 2246
41 60 216
41 61 5277
41 62 4394
41 63 6727
41 64 6338
41 65 6383
41 66 4048
41 67 4432
41 68 3784
41 69 3380
41 70 4982
42 1 2217
42 2 3702
42 3 5548
42 4 1269
42 5 3875
42 6 6815
42 7 1419
42 8 4782
42 9 958
42 10 5687
42 11 145
42 12 3278
42 13 4161
42 14 6989
42 15 2590
42 16 1100
42 17 3149
42 18 6707
42 19 6667
42 20 1175
42 21 606
42 22 4256
42 23 4541
42 24 1344
42 25 3803
42 26 5080
42 27 6666
42 28 2779
42 29 6534
42 30 2399
42 31 5072
42 32 3377
42 33 3621
42 34 2793
42 35 2065
42 36 4696
42 37 736
42 38 1572
42 39 6826
42 40 3502
42 41 5659
42 43 3091
42 44 881
42 45 1439
42 46 5069
42 47 3957
42 48 4396
42 49 3656
42 50 4140
42 51 872
42 52 3856
42 53 539
42 54 5057
42 55 7136
42 56 3448
42 57 334
42 58 1657
42 59 4169
42 60 4968
42 61 1313
42 62 847
42 63 4047
42 64 5719
42 65 6590
42 66 1180
42 67 3259
42 68 6925
42 69 6196
42 70 6940
43 1 30
43 2 6448
43 3 5971
43 4 1059
43 5 3495
43 6 7238
43 7 1351
43 8 5930
43 9 1313
43 10 7196
43 11 2165
43 12 5092
43 13 2752
43 14 445
43 15 2790
43 16 6361
43 17 4856
43 18 4340
43 19 1487
43 20 1642
43 21 258
43 22 3033
43 23 5618
43 24 6709
43 25 5593
43 26 5344
43 27 5435
43 28 7275
43 29 4758
43 30 4908
43 31 6703
43 32 5777
43 33 7369
43 34 1148
43 35 1043
43 36 736
43 37 6615
43 38 2436
43 39 5162
43 40 2585
43 41 2732
43 42 4118
43 44 3280
43 45 5080
43 46 5998
43 47 1668
43 48 4223
43 49 7289
43 50 4641
43 51 1556
43 52 1977
43 53 4884
43 54 5668
43 55 2701
43 56 1778
43 57 785
43 58 4003
43 59 3951
43 60 6023
43 61 2647
43 62 4613
43 63 1821
43 64 6635
43 65 6886
43 66 676
43 67 1395
43 68 6091
43 69 3957
43 70 954
44 1 5830
44 2 5842
44 3 5870
44 4 3597
44 5 4677
44 6 2178
44 7 6267
44 8 595
44 9 5706
44 10 217
44 11 4163
44 12 3901
44 13 4784
44 14 4291
44 15 244
44 16 3034
44 17 1494
44 18 7101
44 19 363
44 20 6668
44 21 6302
44 22 6675
44 23 3003
44 24 7030
44 25 5466
44 26 6473
44 27 3956
44 28 4261
44 29 2034
44 30 6089
44 31 1003
44 32 3750
44 33 715
44 34 5034
44 35 2640
44 36 1276
44 37 1050
44 38 3545
44 39 5586
44 40 3395
44 41 1747
44 42 64
44 43 2350
44 45 4053
44 46 6783
44 47 6754
44 48 5148
44 49 7279
44 50 3475
44 51 2665
44 52 6514
44 53 6868
44 54 5760
44 55 540
44 56 870
44 57 1015
44 58 72
44 59 5865
44 60 3676
44 61 6752
44 62 689
44 63 4710
44 64 7483
44 65 2215
44 66 3631
44 67 4434
44 68 148
44 69 2318
44 70 5035
45 1 2045
45 2 297
45 3 778
45 4 1932
45 5 3733
45 6 3790
45 7 3150
45 8 2710
45 9 3120
45 10 7242
45 11 137
45 12 6328
45 13 5719
45 14 1047
45 15 3135
45 16 7484
45 17 6336
45 18 4612
45 19 4318
45 20 1892
45 21 3119
45 22 2620
45 23 4919
45 24 2077
45 25 6156
45 26 2055
45 27 5102
45 28 450
45 29 5683
45 30 2941
45 31 2308
45 32 6293
45 33 3568
45 34 2258
45 35 284
45 36 3452
45 37 6514
45 38 3705
45 39 6272
45 40 5079
45 41 3426
45 42 5776
45 43 6582
45 44 4266
45 46 4090
45 47 5172
45 48 2169
45 49 4703
45 50 11
45 51 7041
45 52 2808
45 53 4052
45 54 2238
45 55 5683
45 56 4245
45 57 2005
45 58 6390
45 59 6668
45 60 6801
45 61 6396
45 62 3776
45 63 3668
45 64 369
45 65 1612
45 66 2965
45 67 4169
45 68 5804
45 69 6795
45 70 1957
46 1 4668
46 2 5341
46 3 4684
46 4 4949
46 5 1320
46 6 2833
46 7 3511
46 8 3542
46 9 730
46 10 6900
46 11 3207
46 12 62
46 13 712
46 14 3937
46 15 6061
46 16 7473
46 17 1907
46 18 3460
46 19 653
46 20 3767
46 21 4555
46 22 7376
46 23 5477
46 24 5500
46 25 2318
46 26 4655
46 27 4326
46 28 6345
46 29 4234
46 30 5739
46 31 6398
46 32 5507
46 33 4907
46 34 1912
46 35 5633
46 36 5267
46 37 5151
46 38 7219
46 39 5860
46 40 5945
46 41 3614
46 42 2241
46 43 7403
46 44 3097
46 45 3800
46 47 2982
46 48 5099
46 49 3052
46 50 6097
46 51 6782
46 52 2133
46 53 857
46 54 4054
46 55 6269
46 56 7139
46 57 5089
46 58 7095
46 59 4373
46 60 4102
46 61 3867
46 62 1756
46 63 3500
46 64 29
46 65 2882
46 66 6210
46 67 36
46 68 6238
46 69 5387
46 70 2181
47 1 6559
47 2 30
47 3 7058
47 4 1860
47 5 1201
47 6 1573
47 7 270
47 8 614
47 9 737
47 10 3446
47 11 5106
47 12 4318
47 13 5604
47 14 6852
47 15 5697
47 16 1373
47 17 2771
47 18 5039
47 19 7435
47 20 4191
47 21 6812
47 22 6993
47 23 4305
47 24 3987
47 25 6921
47 26 1356
47 27 4678
47 28 2872
47 29 369
47 30 6320
47 31 1145
47 32 5031
47 33 6586
47 34 3514
47 35 4762
47 36 6371
47 37 6139
47 38 2399
47 39 6610
47 40 5625
47 41 3839
47 42 1565
47 43 1872
47 44 6865
47 45 3574
47 46 4671
47 48 2129
47 49 878
47 50 6979
47 51 5192
47 52 3255
47 53 5599
47 54 2780
47 55 1561
47 56 7216
47 57 4793
47 58 2669
47 59 388
47 60 6909
47 61 5089
47 62 2342
47 63 6033
47 64 3907
47 65 5951
47 66 4688
47 67 1068
47 68 501
47 69 3995
47 70 1719
48 1 148
48 2 1698
48 3 1633
48 4 5337
48 5 3552
48 6 2224
48 7 6753
48 8 3958
48 9 784
48 10 7020
48 11 4675
48 12 1111
48 13 2338
48 14 925
48 15 808
48 16 3005
48 17 2819
48 18 5540
48 19 3553
48 20 5088
48 21 3750
48 22 7221
48 23 1800
48 24 3412
48 25 3969
48 26 2607
48 27 1603
48 28 2905
48 29 705
48 30 7273
48 31 2175
48 32 584
48 33 2313
48 34 7131
48 35 3881
48 36 3904
48 37 292
48 38 5892
48 39 561
48 40 7374
48 41 6411
48 42 7112
48 43 1146
48 44 3764
48 45 3712
48 46 5135
48 47 4306
48 49 6882
48 50 6805
48 51 3903
48 52 6010
48 53 2759
48 54 3159
48 55 3889
48 56 3965
48 57 2969
48 58 5534
48 59 4835
48 60 6846
48 61 4206
48 62 1770
48 63 2600
48 64 463
48 65 2018
48 66 3503
48 67 6987
48 68 2231
48 69 2929
48 70 328
49 1 7085
49 2 1031
49 3 5695
49 4 5688
49 5 6103
49 6 5686
49 7 6462
49 8 4678
49 9 5395
49 10 1776
49 11 1986
49 12 4774
49 13 3926
49 14 2512
49 15 94
49 16 1395
49 17 4026
49 18 1596
49 19 5159
49 20 7486
49 21 6681
49 22 6886
49 23 3698
49 24 814
49 25 7183
49 26 3245
49 27 4317
49 28 1125
49 29 1223
49 30 7470
49 31 5435
49 32 3713
49 33 3633
49 34 3910
49 35 773
49 36 7231
49 37 587
49 38 548
49 39 2567
49 40 6517
49 41 6908
49 42 5049
49 43 13
49 44 6335
49 45 4931
49 46 6004
49 47 5851
49 48 2838
49 50 6927
49 51 6925
49 52 3343
49 53 7220
49 54 6362
49 55 2759
49 56 5749
49 57 3360
49 58 3465
49 59 6739
49 60 7177
49 61 7227
49 62 3808
49 63 167
49 64 3815
49 65 3468
49 66 7174
49 67 1203
49 68 1371
49 69 4601
49 70 3982
50 1 2958
50 2 3867
50 3 6491
50 4 4895
50 5 2084
50 6 6107
50 7 4025
50 8 986
50 9 1345
50 10 752
50 11 3173
50 12 4125
50 13 4219
50 14 256
50 15 3534
50 16 1834
50 17 6342
50 18 853
50 19 6276
50 20 5904
50 21 7235
50 22 1061
50 23 3790
50 24 1249
50 25 5045
50 26 4346
50 27 6877
50 28 1153
50 29 6897
50 30 3822
50 31 1494
50 32 5431
50 33 3281
50 34 4973
50 35 1764
50 36 3650
50 37 7100
50 38 6596
50 39 6900
50 40 4756
50 41 1082
50 42 5576
50 43 2024
50 44 5626
50 45 5358
50 46 4417
50 47 883
50 48 3022
50 49 7332
50 51 7439
50 52 3076
50 53 747
50 54 3656
50 55 4550
50 56 6484
50 57 99
50 58 6135
50 59 3103
50 60 1871
50 61 6529
50 62 1164
50 63 6544
50 64 4033
50 65 1304
50 66 6787
50 67 207
50 68 2740
50 69 510
50 70 5710
51 1 6543
51 2 732
51 3 3237
51 4 1192
51 5 6181
51 6 3041
51 7 3781
51 8 5567
51 9 440
51 10 4598
51 11 6309
51 12 2505
51 13 58
51 14 1703
51 15 5171
51 16 248
51 17 2081
51 18 1222
51 19 3711
51 20 350
51 21 1584
51 22 3465
51 23 5091
51 24 6790
51 25 6613
51 26 2650
51 27 4915
51 28 5549
51 29 6503
51 30 6751
51 31 5878
51 32 3102
51 33 3962
51 34 294
51 35 4231
51 36 1434
51 37 5858
51 38 4740
51 39 7126
51 40 2339
51 41 5539
51 42 2515
51 43 5675
51 44 6715
51 45 1539
51 46 6093
51 47 1168
51 48 3480
51 49 7387
51 50 6002
51 52 4320
51 53 733
51 54 6236
51 55 4997
51 56 4924
51 57 6959
51 58 6532
51 59 4466
51 60 1330
51 61 3057
51 62 7467
51 63 7009
51 64 4036
51 65 7413
51 66 1035
51 67 1193
51 68 5944
51 69 1617
51 70 3701
52 1 1201
52 2 1810
52 3 4636
52 4 4495
52 5 3176
52 6 7265
52 7 482
52 8 6191
52 9 3771
52 10 4410
52 11 3022
52 12 1152
52 13 5986
52 14 6223
52 15 4986
52 16 5480
52 17 583
52 18 4614
52 19 111
52 20 6321
52 21 5411
52 22 2330
52 23 674
52 24 574
52 25 4446
52 26 4235
52 27 7349
52 28 3214
52 29 3095
52 30 1555
52 31 4931
52 32 6937
52 33 1878
52 34 4803
52 35 6276
52 36 4436
52 37 3270
52 38 1532
52 39 905
52 40 1775
52 41 4009
52 42 27
52 43 6083
52 44 863
52 45 1523
52 46 83
52 47 5308
52 48 6089
52 49 6708
52 50 602
52 51 2239
52 53 5648
52 54 3962
52 55 5783
52 56 413
52 57 1565
52 58 1451
52 59 5368
52 60 1746
52 61 1984
52 62 864
52 63 6182
52 64 3799
52 65 4593
52 66 6729
52 67 6903
52 68 970
52 69 328
52 70 4988
53 1 1690
53 2 1967
53 3 5235
53 4 3
53 5 2931
53 6 5467
53 7 382
53 8 3885
53 9 48
53 10 6189
53 11 1182
53 12 138
53 13 4949
53 14 6880
53 15 7252
53 16 1073
53 17 2510
53 18 4716
53 19 3158
53 20 1005
53 21 206
53 22 2038
53 23 793
53 24 4908
53 25 4671
53 26 3006
53 27 5844
53 28 593
53 29 1122
53 30 3596
53 31 6079
53 32 7085
53 33 1922
53 34 8
53 35 2706
53 36 7199
53 37 5918
53 38 3288
53 39 4697
53 40 4868
53 41 4068
53 42 5281
53 43 2808
53 44 1912
53 45 4959
53 46 2459
53 47 4704
53 48 4102
53 49 6291
53 50 5837
53 51 5235
53 52 4300
53 54 3172
53 55 3475
53 56 2812
53 57 2440
53 58 6956
53 59 3773
53 60 7146
53 61 7398
53 62 377
53 63 543
53 64 5352
53 65 1692
53 66 6067
53 67 5514
53 68 4977
53 69 5160
53 70 5531
54 1 2977
54 2 3638
54 3 463
54 4 251
54 5 955
54 6 7037
54 7 5434
54 8 7211
54 9 5497
54 10 3463
54 11 1514
54 12 3760
54 13 1221
54 14 736
54 15 2269
54 16 2920
54 17 4567
54 18 7410
54 19 4399
54 20 6324
54 21 954
54 22 6054
54 23 3856
54 24 5759
54 25 3215
54 26 5797
54 27 6589
54 28 6186
54 29 3072
54 30 7434
54 31 5177
54 32 5603
54 33 6166
54 34 2083
54 35 5006
54 36 4687
54 37 4362
54 38 2708
54 39 6100
54 40 2316
54 41 1327
54 42 3443
54 43 2674
54 44 1213
54 45 4768
54 46 1303
54 47 5093
54 48 2262
54 49 1968
54 50 2980
54 51 3575
54 52 3688
54 53 5775
54 55 2845
54 56 6874
54 57 1468
54 58 4617
54 59 850
54 60 4160
54 61 3527
54 62 363
54 63 382
54 64 1719
54 65 3510
54 66 4556
54 67 5735
54 68 1855
54 69 1105
54 70 6601
55 1 3008
55 2 5411
55 3 1913
55 4 6279
55 5 2570
55 6 5550
55 7 6853
55 8 3751
55 9 3605
55 10 473
55 11 817
55 12 7078
55 13 557
55 14 6627
55 15 6987
55 16 1655
55 17 4875
55 18 7240
55 19 464
55 20 3919
55 21 3861
55 22 1115
55 23 6267
55 24 5270
55 25 752
55 26 3168
55 27 702
55 28 3624
55 29 2486
55 30 2599
55 31 4601
55 32 6880
55 33 1811
55 34 5881
55 35 2513
55 36 1605
55 37 2774
55 38 5237
55 39 6482
55 40 933
55 41 7224
55 42 2523
55 43 1002
55 44 3387
55 45 1814
55 46 1263
55 47 3402
55 48 6960
55 49 1516
55 50 2337
55 51 1756
55 52 5735
55 53 792
55 54 6308
55 56 3817
55 57 5877
55 58 1174
55 59 4150
55 60 5043
55 61 1383
55 62 7388
55 63 4652
55 64 6714
55 65 6978
55 66 1880
55 67 180
55 68 6062
55 69 1084
55 70 4331
56 1 3857
56 2 5188
56 3 4300
56 4 6492
56 5 4944
56 6 1703
56 7 6794
56 8 3522
56 9 1679
56 10 7228
56 11 2091
56 12 4644
56 13 2066
56 14 7330
56 15 1172
56 16 2679
56 17 3481
56 18 89
56 19 2576
56 20 3698
56 21 612
56 22 4662
56 23 382
56 24 501
56 25 811
56 26 3182
56 27 2511
56 28 6009
56 29 4932
56 30 3998
56 31 799
56 32 1509
56 33 7026
56 34 4580
56 35 2177
56 36 7012
56 37 2356
56 38 3424
56 39 6196
56 40 1266
56 41 4187
56 42 3177
56 43 6494
56 44 2805
56 45 5746
56 46 2896
56 47 5140
56 48 4430
56 49 1478
56 50 295
56 51 4977
56 52 1472
56 53 461
56 54 5314
56 55 2806
56 57 1399
56 58 3695
56 59 3877
56 60 6586
56 61 4236
56 62 6375
56 63 2595
56 64 6249
56 65 2444
56 66 2330
56 67 2675
56 68 7280
56 69 1326
56 70 7088
57 1 4665
57 2 4671
57 3 6259
57 4 3627
57 5 3976
57 6 3609
57 7 4050
57 8 2690
57 9 4918
57 10 2261
57 11 2521
57 12 6049
57 13 5237
57 14 3674
57 15 7378
57 16 6654
57 17 1992
57 18 506
57 19 870
57 20 3508
57 21 4239
57 22 5085
57 23 5501
57 24 4482
57 25 6095
57 26 5099
57 27 6182
57 28 3577
57 29 2009
57 30 6587
57 31 4664
57 32 6780
57 33 3637
57 34 1090
57 35 1936
57 36 7189
57 37 7217
57 38 1356
57 39 2107
57 40 91
57 41 2943
57 42 2776
57 43 2121
57 44 1442
57 45 2905
57 46 2966
57 47 1487
57 48 1709
57 49 2321
57 50 5446
57 51 2609
57 52 3377
57 53 5481
57 54 2945
57 55 4219
57 56 3725
57 58 3953
57 59 5984
57 60 6102
57 61 3722
57 62 6714
57 63 7249
57 64 5047
57 65 1472
57 66 563
57 67 4869
57 68 903
57 69 3058
57 70 3373
58 1 250
58 2 5400
58 3 4673
58 4 3376
58 5 4036
58 6 1922
58 7 3231
58 8 452
58 9 2756
58 10 1592
58 11 7479
58 12 4063
58 13 6236
58 14 4584
58 15 5401
58 16 4920
58 17 3028
58 18 6459
58 19 127
58 20 6268
58 21 620
58 22 1795
58 23 5791
58 24 4866
58 25 7237
58 26 270
58 27 1329
58 28 5840
58 29 4712
58 30 3965
58 31 338
58 32 1719
58 33 3197
58 34 2106
58 35 3250
58 36 7093
58 37 6843
58 38 751
58 39 7487
58 40 3538
58 41 4213
58 42 883
58 43 2797
58 44 2276
58 45 2454
58 46 2835
58 47 5220
58 48 5595
58 49 5840
58 50 3477
58 51 3247
58 52 448
58 53 1404
58 54 1800
58 55 396
58 56 4596
58 57 6562
58 59 153
58 60 7069
58 61 492
58 62 2553
58 63 1829
58 64 786
58 65 5003
58 66 704
58 67 2117
58 68 3661
58 69 7468
58 70 5712
59 1 1958
59 2 1433
59 3 3872
59 4 4547
59 5 6385
59 6 1322
59 7 4536
59 8 4448
59 9 408
59 10 6637
59 11 1833
59 12 5571
59 13 32
59 14 7109
59 15 7389
59 16 1642
59 17 5728
59 18 4840
59 19 1984
59 20 796
59 21 6811
59 22 5158
59 23 2478
59 24 1582
59 25 1374
59 26 7447
59 27 2941
59 28 2113
59 29 5066
59 30 1475
59 31 6637
59 32 2799
59 33 2906
59 34 1218
59 35 2778
59 36 4355
59 37 1715
59 38 5598
59 39 7202
59 40 2845
59 41 108
59 42 2775
59 43 3128
59 44 7335
59 45 2153
59 46 3318
59 47 2290
59 48 4706
59 49 1584
59 50 6989
59 51 711
59 52 2988
59 53 1025
59 54 5042
59 55 7349
59 56 1808
59 57 7498
59 58 6487
59 60 4311
59 61 63
59 62 1016
59 63 2202
59 64 6364
59 65 2529
59 66 1391
59 67 5931
59 68 3215
59 69 1597
59 70 6839
60 1 7400
60 2 3145
60 3 503
60 4 5850
60 5 454
60 6 4697
60 7 898
60 8 2362
60 9 476
60 10 5034
60 11 7185
60 12 5059
60 13 5673
60 14 720
60 15 6958
60 16 6745
60 17 1944
60 18 5645
60 19 6703
60 20 4954
60 21 1774
60 22 7432
60 23 6147
60 24 2267
60 25 5146
60 26 1428
60 27 4035
60 28 2075
60 29 5271
60 30 3299
60 31 3380
60 32 1510
60 33 5756
60 34 4801
60 35 3226
60 36 3552
60 37 3062
60 38 624
60 39 4648
60 40 6981
60 41 5734
60 42 5563
60 43 6150
60 44 7137
60 45 2063
60 46 7437
60 47 5965
60 48 324
60 49 3524
60 50 6610
60 51 4256
60 52 2008
60 53 5759
60 54 4514
60 55 6706
60 56 1672
60 57 1369
60 58 408
60 59 459
60 61 6144
60 62 949
60 63 7145
60 64 5085
60 65 6365
60 66 6491
60 67 3233
60 68 2721
60 69 5086
60 70 412
61 1 134
61 2 6439
61 3 6385
61 4 6383
61 5 1616
61 6 5427
61 7 5633
61 8 3748
61 9 3596
61 10 6875
61 11 1528
61 12 1504
61 13 7498
61 14 5578
61 15 2792
61 16 5810
61 17 4899
61 18 4517
61 19 6440
61 20 5772
61 21 7341
61 22 2678
61 23 2817
61 24 4506
61 25 7202
61 26 1476
61 27 2544
61 28 4454
61 29 5587
61 30 6035
61 31 3325
61 32 1005
61 33 5638
61 34 4101
61 35 3835
61 36 2135
61 37 4104
61 38 3888
61 39 3824
61 40 5078
61 41 6925
61 42 4868
61 43 3511
61 44 4514
61 45 1688
61 46 3976
61 47 5400
61 48 5511
61 49 5388
61 50 5090
61 51 5513
61 52 405
61 53 5439
61 54 341
61 55 320
61 56 3032
61 57 2224
61 58 5429
61 59 7315
61 60 2365
61 62 7404
61 63 1951
61 64 748
61 65 6464
61 66 2066
61 67 5052
61 68 1919
61 69 6196
61 70 2176
62 1 3631
62 2 7388
62 3 2629
62 4 5863
62 5 2664
62 6 330
62 7 139
62 8 3464
62 9 6609
62 10 3478
62 11 2144
62 12 3292
62 13 2135
62 14 3345
62 15 2926
62 16 5258
62 17 3559
62 18 1768
62 19 5848
62 20 4513
62 21 5110
62 22 396
62 23 4635
62 24 6513
62 25 6269
62 26 3169
62 27 345
62 28 2189
62 29 4544
62 30 1281
62 31 4629
62 32 3018
62 33 7039
62 34 1540
62 35 6884
62 36 3687
62 37 3370
62 38 6133
62 39 5533
62 40 7412
62 41 821
62 42 1890
62 43 816
62 44 7291
62 45 374
62 46 1750
62 47 94
62 48 2109
62 49 6498
62 50 3321
62 51 764
62 52 3351
62 53 5735
62 54 2917
62 55 29
62 56 2205
62 57 1422
62 58 5139
62 59 5556
62 60 2415
62 61 537
62 63 1574
62 64 1396
62 65 3678
62 66 6251
62 67 6845
62 68 6854
62 69 4614
62 70 2761
63 1 410
63 2 2883
63 3 6201
63 4 3925
63 5 3588
63 6 7432
63 7 141
63 8 5491
63 9 3242
63 10 5229
63 11 4111
63 12 1306
63 13 5549
63 14 3368
63 15 900
63 16 7218
63 17 2482
63 18 6400
63 19 3879
63 20 4348
63 21 2576
63 22 3277
63 23 2035
63 24 3486
63 25 4290
63 26 6625
63 27 7021
63 28 2184
63 29 4087
63 30 6280
63 31 4191
63 32 4460
63 33 4241
63 34 6140
63 35 1668
63 36 4910
63 37 1476
63 38 578
63 39 657
63 40 488
63 41 224
63 42 1408
63 43 7300
63 44 6686
63 45 4066
63 46 1907
63 47 5112
63 48 5696
63 49 300
63 50 1450
63 51 6930
63 52 7396
63 53 5719
63 54 6565
63 55 4963
63 56 4963
63 57 851
63 58 4338
63 59 2772
63 60 4790
63 61 3499
63 62 1663
63 64 2420
63 65 3315
63 66 5208
63 67 2914
63 68 7386
63 69 752
63 70 7409
64 1 4976
64 2 997
64 3 6716
64 4 1080
64 5 2374
64 6 1556
64 7 494
64 8 2134
64 9 4906
64 10 5351
64 11 3523
64 12 3692
64 13 1401
64 14 3600
64 15 3385
64 16 5491
64 17 326
64 18 4078
64 19 4251
64 20 3640
64 21 6932
64 22 3725
64 23 5584
64 24 3825
64 25 2296
64 26 260
64 27 3012
64 28 2375
64 29 4572
64 30 780
64 31 2096
64 32 1005
64 33 393
64 34 6811
64 35 1103
64 36 5313
64 37 5342
64 38 2231
64 39 3829
64 40 166
64 41 7342
64 42 717
64 43 2535
64 44 5759
64 45 1840
64 46 3822
64 47 1182
64 48 2874
64 49 242
64 50 2089
64 51 4767
64 52 6054
64 53 481
64 54 3688
64 55 1613
64 56 3906
64 57 735
64 58 483
64 59 3395
64 60 5013
64 61 7363
64 62 4137
64 63 2491
64 65 6888
64 66 2608
64 67 723
64 68 4401
64 69 6686
64 70 1217
65 1 5867
65 2 4144
65 3 3474
65 4 5587
65 5 7148
65 6 3339
65 7 6854
65 8 4587
65 9 4887
65 10 5071
65 11 2916
65 12 2099
65 13 6137
65 14 4374
65 15 977
65 16 7353
65 17 4576
65 18 6240
65 19 5567
65 20 657
65 21 371
65 22 3579
65 23 453
65 24 1999
65 25 7355
65 26 2541
65 27 1936
65 28 5521
65 29 2646
65 30 2477
65 31 2756
65 32 1152
65 33 811
65 34 4087
65 35 1087
65 36 6396
65 37 6051
65 38 6385
65 39 866
65 40 3665
65 41 5419
65 42 2060
65 43 1738
65 44 3385
65 45 2202
65 46 2459
65 47 1896
65 48 3319
65 49 5520
65 50 5698
65 51 5131
65 52 1102
65 53 4409
65 54 6675
65 55 7230
65 56 4995
65 57 5887
65 58 5863
65 59 2736
65 60 5205
65 61 5407
65 62 733
65 63 1457
65 64 5879
65 66 2076
65 67 4174
65 68 144
65 69 1547
65 70 5252
66 1 6364
66 2 2448
66 3 132
66 4 6951
66 5 951
66 6 2699
66 7 6548
66 8 5185
66 9 2515
66 10 2958
66 11 262
66 12 3113
66 13 1848
66 14 3449
66 15 172
66 16 3197
66 17 2521
66 18 3907
66 19 5734
66 20 1992
66 21 3621
66 22 823
66 23 938
66 24 4808
66 25 3061
66 26 3698
66 27 5662
66 28 4185
66 29 909
66 30 724
66 31 349
66 32 787
66 33 3455
66 34 1404
66 35 5907
66 36 2421
66 37 3325
66 38 6981
66 39 2672
66 40 383
66 41 7097
66 42 429
66 43 4512
66 44 5223
66 45 1745
66 46 530
66 47 599
66 48 4848
66 49 525
66 50 3154
66 51 2756
66 52 7243
66 53 977
66 54 3153
66 55 329
66 56 2571
66 57 4091
66 58 2184
66 59 7154
66 60 942
66 61 7183
66 62 6975
66 63 280
66 64 7233
66 65 3074
66 67 1836
66 68 1114
66 69 4012
66 70 3733
67 1 2072
67 2 4501
67 3 2951
67 4 6608
67 5 2806
67 6 2482
67 7 3452
67 8 3472
67 9 3680
67 10 3445
67 11 5110
67 12 3905
67 13 5735
67 14 6407
67 15 4586
67 16 2639
67 17 3775
67 18 467
67 19 7263
67 20 7139
67 21 728
67 22 6775
67 23 3056
67 24 4873
67 25 1999
67 26 5327
67 27 6161
67 28 5075
67 29 7177
67 30 3711
67 31 1717
67 32 322
67 33 6014
67 34 5871
67 35 2025
67 36 1319
67 37 679
67 38 4429
67 39 6391
67 40 5465
67 41 3997
67 42 5290
67 43 6858
67 44 3947
67 45 586
67 46 1881
67 47 1223
67 48 3454
67 49 4184
67 50 280
67 51 4052
67 52 2748
67 53 6372
67 54 4974
67 55 6609
67 56 4785
67 57 2253
67 58 2630
67 59 3581
67 60 4253
67 61 7119
67 62 2354
67 63 2745
67 64 1272
67 65 3949
67 66 3821
67 68 3762
67 69 7311
67 70 6370
68 1 6999
68 2 7131
68 3 4373
68 4 1896
68 5 2253
68 6 1404
68 7 4956
68 8 2756
68 9 3491
68 10 4760
68 11 392
68 12 5585
68 13 7287
68 14 2459
68 15 6456
68 16 3942
68 17 3685
68 18 1831
68 19 7238
68 20 4350
68 21 5316
68 22 921
68 23 1013
68 24 5849
68 25 791
68 26 3524
68 27 3929
68 28 6726
68 29 4858
68 30 4400
68 31 6490
68 32 7452
68 33 4879
68 34 1204
68 35 6857
68 36 2537
68 37 794
68 38 3721
68 39 2963
68 40 1178
68 41 4610
68 42 3213
68 43 3909
68 44 3661
68 45 6709
68 46 569
68 47 6432
68 48 540
68 49 2370
68 50 1918
68 51 3209
68 52 1249
68 53 3323
68 54 7010
68 55 6013
68 56 6187
68 57 3283
68 58 4926
68 59 250
68 60 5186
68 61 1910
68 62 1799
68 63 7306
68 64 3632
68 65 6184
68 66 3904
68 67 2176
68 69 742
68 70 1433
69 1 5097
69 2 6436
69 3 3017
69 4 5892
69 5 5817
69 6 295
69 7 5183
69 8 636
69 9 7105
69 10 6770
69 11 257
69 12 6646
69 13 6158
69 14 238
69 15 3938
69 16 2297
69 17 2815
69 18 5205
69 19 80
69 20 5122
69 21 6682
69 22 5099
69 23 6075
69 24 6314
69 25 494
69 26 2522
69 27 5879
69 28 813
69 29 3536
69 30 4075
69 31 754
69 32 4088
69 33 4310
69 34 5026
69 35 3023
69 36 2243
69 37 674
69 38 2244
69 39 5288
69 40 5766
69 41 7007
69 42 7474
69 43 5817
69 44 7387
69 45 6672
69 46 5576
69 47 7464
69 48 519
69 49 1206
69 50 1347
69 51 801
69 52 2426
69 53 5651
69 54 5252
69 55 4866
69 56 4492
69 57 4199
69 58 1020
69 59 6258
69 60 3092
69 61 7284
69 62 363
69 63 3395
69 64 3027
69 65 6535
69 66 3756
69 67 1857
69 68 4778
69 70 818
70 1 3609
70 2 3959
70 3 1123
70 4 620
70 5 708
70 6 7132
70 7 4493
70 8 56
70 9 1770
70 10 753
70 11 7291
70 12 2417
70 13 3026
70 14 7360
70 15 1844
70 16 2456
70 17 1391
70 18 1675
70 19 494
70 20 4191
70 21 5067
70 22 7184
70 23 3984
70 24 2537
70 25 1659
70 26 5204
70 27 5387
70 28 7472
70 29 5132
70 30 3509
70 31 3565
70 32 6153
70 33 480
70 34 5715
70 35 4214
70 36 4614
70 37 4875
70 38 509
70 39 6255
70 40 1953
70 41 4213
70 42 7132
70 43 5480
70 44 6894
70 45 3991
70 46 776
70 47 5201
70 48 5687
70 49 1346
70 50 3856
70 51 818
70 52 4715
70 53 2669
70 54 4189
70 55 5923
70 56 995
70 57 6974
70 58 3902
70 59 7058
70 60 470
70 61 1046
70 62 3546
70 63 979
70 64 145
70 65 5444
70 66 4447
70 67 1447
70 68 5206
70 69 6684
