70 4830
1 2 181
1 3 3037
1 4 1497
1 5 6928
1 6 3168
1 7 6807
1 8 2553
1 9 7422
1 10 2411
1 11 5979
1 12 3560
1 13 4983
1 14 6147
1 15 4918
1 16 4575
1 17 42
1 18 2950
1 19 6092
1 20 6951
1 21 4071
1 22 6882
1 23 990
1 24 3992
1 25 5551
1 26 2651
1 27 1229
1 28 4377
1 29 4290
1 30 1900
1 31 1246
1 32 1462
1 33 5696
1 34 1769
1 35 1054
1 36 1649
1 37 5459
1 38 6390
1 39 4014
1 40 5543
1 41 4781
1 42 60
1 43 3845
1 44 4062
1 45 2074
1 46 1671
1 47 4395
1 48 5040
1 49 4498
1 50 6769
1 51 4682
1 52 2742
1 53 2305
1 54 1426
1 55 5625
1 56 332
1 57 4921
1 58 4966
1 59 1144
1 60 3238
1 61 4624
1 62 7413
1 63 3290
1 64 4398
1 65 517
1 66 2016
1 67 308
1 68 2322
1 69 5055
1 70 6746
2 1 5005
2 3 3225
2 4 2319
2 5 3581
2 6 1160
2 7 748
2 8 5431
2 9 6585
2 10 4506
2 11 7316
2 12 4988
2 13 6595
2 14 6661
2 15 4512
2 16 6079
2 17 4955
2 18 1035
2 19 4412
2 20 7304
2 21 2235
2 22 4831
2 23 5279
2 24 4007
2 25 3182
2 26 2583
2 27 6143
2 28 2546
2 29 249
2 30 1442
2 31 6691
2 32 789
2 33 800
2 34 4558
2 35 5836
2 36 4449
2 37 2556
2 38 7125
2 39 4863
2 40 3980
2 41 5534
2 42 1393
2 43 950
2 44 4258
2 45 1172
2 46 1118
2 47 610
2 48 261
2 49 3216
2 50 1286
2 51 6200
2 52 30
2 53 5280
2 54 3004
2 55 7019
2 56 6712
2 57 5147
2 58 103
2 59 6132
2 60 3312
2 61 5572
2 62 6853
2 63 608
2 64 1051
2 65 3019
2 66 3225
2 67 7264
2 68 2099
2 69 2036
2 70 7380
3 1 4979
3 2 2158
3 4 6917
3 5 4128
3 6 2110
3 7 144
3 8 2078
3 9 777
3 10 1507
3 11 5496
3 12 6857
3 13 4336
3 14 7102
3 15 5618
3 16 6564
3 17 2679
3 18 6614
3 19 6711
3 20 4285
3 21 5237
3 22 4826
3 23 1904
3 24 2988
3 25 4373
3 26 2389
3 27 2592
3 28 7161
3 29 1307
3 30 4598
3 31 3623
3 32 3559
3 33 2728
3 34 4650
3 35 6174
3 36 6090
3 37 5358
3 38 4631
3 39 5253
3 40 1339
3 41 3542
3 42 5653
3 43 344
3 44 588
3 45 7458
3 46 6118
3 47 6044
3 48 6050
3 49 2185
3 50 3086
3 51 2211
3 52 1830
3 53 6618
3 54 6724
3 55 1417
3 56 796
3 57 5795
3 58 2253
3 59 6205
3 60 6393
3 61 2047
3 62 659
3 63 3468
3 64 2986
3 65 2194
3 66 5586
3 67 2177
3 68 3044
3 69 2947
3 70 143
4 1 2666
4 2 6271
4 3 4323
4 5 2515
4 6 5830
4 7 6237
4 8 1329
4 9 7288
4 10 4963
4 11 4513
4 12 6017
4 13 2307
4 14 1048
4 15 5218
4 16 1102
4 17 4084
4 18 4271
4 19 712
4 20 7091
4 21 637
4 22 1760
4 23 1862
4 24 796
4 25 7250
4 26 6752
4 27 6670
4 28 6330
4 29 5373
4 30 179
4 31 1293
4 32 4237
4 33 2839
4 34 541
4 35 5168
4 36 6877
4 37 4215
4 38 2485
4 39 5843
4 40 6655
4 41 5356
4 42 483
4 43 4268
4 44 3389
4 45 1349
4 46 2749
4 47 7446
4 48 4703
4 49 1017
4 50 2507
4 51 2891
4 52 490
4 53 3119
4 54 7313
4 55 187
4 56 6052
4 57 1448
4 58 950
4 59 6869
4 60 2919
4 61 39
4 62 4228
4 63 1555
4 64 6975
4 65 2733
4 66 6453
4 67 1444
4 68 6598
4 69 1044
4 70 3655
5 1 1767
5 2 1563
5 3 879
5 4 4238
5 6 4706
5 7 3591
5 8 6753
5 9 123
5 10 5269
5 11 2731
5 12 1479
5 13 7186
5 14 7087
5 15 3791
5 16 4724
5 17 5561
5 18 6201
5 19 34
5 20 6835
5 21 6065
5 22 3596
5 23 2438
5 24 1440
5 25 5882
5 26 6265
5 27 3170
5 28 2454
5 29 5146
5 30 5479
5 31 2868
5 32 3949
5 33 5794
5 34 2659
5 35 5662
5 36 1306
5 37 527
5 38 6947
5 39 4409
5 40 2864
5 41 3466
5 42 4655
5 43 4776
5 44 2496
5 45 1359
5 46 1734
5 47 3988
5 48 347
5 49 7262
5 50 4390
5 51 7391
5 52 707
5 53 1873
5 54 3215
5 55 6928
5 56 7207
5 57 3662
5 58 2850
5 59 1139
5 60 4677
5 61 3454
5 62 3723
5 63 4718
5 64 2672
5 65 2745
5 66 5670
5 67 1833
5 68 3879
5 69 6957
5 70 213
6 1 6290
6 2 1764
6 3 6286
6 4 7397
6 5 4933
6 7 3895
6 8 4405
6 9 6574
6 10 5424
6 11 2583
6 12 5098
6 13 5701
6 14 3994
6 15 3709
6 16 5849
6 17 1189
6 18 2912
6 19 200
6 20 3349
6 21 3066
6 22 3744
6 23 3440
6 24 6526
6 25 5624
6 26 300
6 27 490
6 28 2582
6 29 4519
6 30 6826
6 31 2927
6 32 798
6 33 4684
6 34 1500
6 35 7232
6 36 5265
6 37 5598
6 38 2444
6 39 3960
6 40 4764
6 41 6253
6 42 3368
6 43 2644
6 44 5294
6 45 7091
6 46 2804
6 47 6216
6 48 2501
6 49 2427
6 50 5739
6 51 6304
6 52 3949
6 53 6329
6 54 1730
6 55 7140
6 56 5045
6 57 1545
6 58 905
6 59 4838
6 60 6345
6 61 4391
6 62 2758
6 63 2564
6 64 1884
6 65 3570
6 66 1625
6 67 5898
6 68 4924
6 69 5783
6 70 6686
7 1 2567
7 2 2059
7 3 1100
7 4 3107
7 5 3064
7 6 5541
7 8 5452
7 9 7016
7 10 794
7 11 5109
7 12 4455
7 13 5804
7 14 4954
7 15 4746
7 16 4965
7 17 2538
7 18 1339
7 19 6167
7 20 3366
7 21 808
7 22 4205
7 23 2837
7 24 4432
7 25 3409
7 26 5516
7 27 3619
7 28 6010
7 29 3952
7 30 6782
7 31 2655
7 32 4071
7 33 4256
7 34 2661
7 35 7017
7 36 7304
7 37 5798
7 38 1654
7 39 493
7 40 5669
7 41 3718
7 42 5391
7 43 2235
7 44 7097
7 45 3586
7 46 6365
7 47 788
7 48 3864
7 49 3317
7 50 6597
7 51 5768
7 52 7435
7 53 5435
7 54 781
7 55 1606
7 56 1729
7 57 4807
7 58 4939
7 59 7269
7 60 2714
7 61 3025
7 62 5599
7 63 3091
7 64 2698
7 65 6973
7 66 6635
7 67 3651
7 68 6222
7 69 3155
7 70 5091
8 1 6105
8 2 199
8 3 1579
8 4 6707
8 5 7425
8 6 5086
8 7 4339
8 9 4195
8 10 4378
8 11 6413
8 12 6813
8 13 7354
8 14 2744
8 15 1276
8 16 1981
8 17 4997
8 18 1166
8 19 5373
8 20 3441
8 21 7005
8 22 1101
8 23 691
8 24 3351
8 25 979
8 26 5033
8 27 523
8 28 513
8 29 4460
8 30 2330
8 31 2768
8 32 2883
8 33 935
8 34 4305
8 35 6899
8 36 2341
8 37 3255
8 38 3580
8 39 1600
8 40 3454
8 41 1533
8 42 7316
8 43 2647
8 44 5295
8 45 6191
8 46 5883
8 47 6537
8 48 6439
8 49 806
8 50 2436
8 51 1201
8 52 1026
8 53 6369
8 54 1178
8 55 4040
8 56 6558
8 57 6426
8 58 4385
8 59 541
8 60 2014
8 61 1534
8 62 6332
8 63 7420
8 64 522
8 65 4048
8 66 775
8 67 5074
8 68 286
8 69 2254
8 70 3893
9 1 114
9 2 3922
9 3 4243
9 4 2569
9 5 6377
9 6 5578
9 7 5595
9 8 6197
9 10 2705
9 11 3825
9 12 7278
9 13 5993
9 14 6632
9 15 3064
9 16 1744
9 17 389
9 18 3546
9 19 5841
9 20 7424
9 21 2265
9 22 6045
9 23 4424
9 24 6460
9 25 2879
9 26 7339
9 27 4188
9 28 2019
9 29 3740
9 30 1407
9 31 7253
9 32 6800
9 33 3047
9 34 5598
9 35 1790
9 36 1726
9 37 2749
9 38 997
9 39 2446
9 40 408
9 41 1909
9 42 1185
9 43 597
9 44 6730
9 45 726
9 46 7347
9 47 1694
9 48 7477
9 49 2670
9 50 1922
9 51 1782
9 52 1421
9 53 1438
9 54 4076
9 55 7045
9 56 3861
9 57 11
9 58 6028
9 59 443
9 60 652
9 61 6922
9 62 7169
9 63 631
9 64 2062
9 65 1158
9 66 7017
9 67 5322
9 68 1642
9 69 18
9 70 1073
10 1 3063
10 2 3068
10 3 1200
10 4 1535
10 5 4179
10 6 1054
10 7 3084
10 8 5382
10 9 4054
10 11 2376
10 12 4350
10 13 6038
10 14 7402
10 15 1512
10 16 3421
10 17 3012
10 18 86
10 19 2528
10 20 6135
10 21 382
10 22 859
10 23 2475
10 24 4704
10 25 1549
10 26 6481
10 27 3882
10 28 1603
10 29 3492
10 30 889
10 31 3068
10 32 708
10 33 3223
10 34 850
10 35 6344
10 36 6699
10 37 399
10 38 5267
10 39 5921
10 40 6633
10 41 4160
10 42 2313
10 43 3863
10 44 1572
10 45 5650
10 46 366
10 47 1699
10 48 6943
10 49 4834
10 50 712
10 51 5823
10 52 2307
10 53 856
10 54 5396
10 55 3269
10 56 859
10 57 5584
10 58 7335
10 59 6904
10 60 645
10 61 5634
10 62 6701
10 63 100
10 64 2304
10 65 709
10 66 6942
10 67 4927
10 68 6123
10 69 7498
10 70 6368
11 1 41
11 2 4216
11 3 3461
11 4 2049
11 5 1148
11 6 5263
11 7 2604
11 8 5461
11 9 213
11 10 3095
11 12 6188
11 13 6777
11 14 6850
11 15 4448
11 16 1881
11 17 1558
11 18 3437
11 19 487
11 20 5428
11 21 3774
11 22 3016
11 23 5958
11 24 6416
11 25 98
11 26 2092
11 27 636
11 28 6515
11 29 2415
11 30 7276
11 31 3266
11 32 7062
11 33 3620
11 34 3614
11 35 2593
11 36 2983
11 37 2555
11 38 4328
11 39 11
11 40 3668
11 41 4446
11 42 428
11 43 1722
11 44 2893
11 45 3393
11 46 1225
11 47 743
11 48 6886
11 49 1213
11 50 4887
11 51 6995
11 52 5111
11 53 5360
11 54 1273
11 55 5022
11 56 3106
11 57 3298
11 58 300
11 59 576
11 60 1940
11 61 5205
11 62 3450
11 63 4849
11 64 1773
11 65 4359
11 66 6677
11 67 5789
11 68 3085
11 69 3538
11 70 4805
12 1 3211
12 2 4016
12 3 6343
12 4 5187
12 5 5368
12 6 1026
12 7 4599
12 8 2745
12 9 4489
12 10 1969
12 11 4911
12 13 3362
12 14 1101
12 15 2111
12 16 7314
12 17 2704
12 18 6413
12 19 4953
12 20 6047
12 21 6387
12 22 5599
12 23 1444
12 24 5164
12 25 3741
12 26 7132
12 27 5721
12 28 3953
12 29 1124
12 30 3300
12 31 2870
12 32 5717
12 33 2991
12 34 7340
12 35 6807
12 36 4066
12 37 5423
12 38 4886
12 39 6568
12 40 6757
12 41 6109
12 42 61
12 43 6913
12 44 2019
12 45 6023
12 46 627
12 47 4613
12 48 6268
12 49 4468
12 50 3772
12 51 3773
12 52 3280
12 53 5921
12 54 1073
12 55 1255
12 56 1409
12 57 6806
12 58 5939
12 59 685
12 60 3688
12 61 2100
12 62 2622
12 63 2426
12 64 4664
12 65 3631
12 66 7213
12 67 4191
12 68 5042
12 69 3184
12 70 789
13 1 1975
13 2 4352
13 3 4199
13 4 4113
13 5 320
13 6 7052
13 7 2858
13 8 1261
13 9 7180
13 10 3458
13 11 7374
13 12 1037
13 14 3206
13 15 511
13 16 2085
13 17 5212
13 18 6820
13 19 1097
13 20 6267
13 21 3350
13 22 15
13 23 366
13 24 4267
13 25 4263
13 26 4967
13 27 3119
13 28 837
13 29 7204
13 30 3788
13 31 239
13 32 2444
13 33 4722
13 34 7472
13 35 468
13 36 1725
13 37 5391
13 38 6993
13 39 6201
13 40 4392
13 41 3840
13 42 2237
13 43 5585
13 44 4730
13 45 4765
13 46 2659
13 47 1453
13 48 5082
13 49 603
13 50 5642
13 51 6916
13 52 4050
13 53 6505
13 54 954
13 55 2518
13 56 6972
13 57 644
13 58 4305
13 59 4251
13 60 5310
13 61 1254
13 62 1186
13 63 6987
13 64 4823
13 65 4538
13 66 7431
13 67 5521
13 68 4854
13 69 3622
13 70 1505
14 1 3477
14 2 5990
14 3 4192
14 4 1120
14 5 6617
14 6 2710
14 7 6920
14 8 438
14 9 1262
14 10 230
14 11 4232
14 12 4274
14 13 6643
14 15 1357
14 16 1910
14 17 924
14 18 6471
14 19 1989
14 20 4895
14 21 233
14 22 4677
14 23 7288
14 24 4709
14 25 2241
14 26 3779
14 27 1022
14 28 2731
14 29 4897
14 30 6276
14 31 1403
14 32 2215
14 33 3552
14 34 728
14 35 687
14 36 6327
14 37 5366
14 38 3144
14 39 6004
14 40 7466
14 41 1514
14 42 223
14 43 6649
14 44 4655
14 45 4155
14 46 3744
14 47 1474
14 48 3733
14 49 1727
14 50 4486
14 51 379
14 52 2807
14 53 5224
14 54 1712
14 55 5078
14 56 4016
14 57 4903
14 58 3739
14 59 288
14 60 5921
14 61 7199
14 62 3144
14 63 6995
14 64 4048
14 65 3856
14 66 662
14 67 5816
14 68 7306
14 69 484
14 70 1209
15 1 5451
15 2 5759
15 3 2601
15 4 1466
15 5 6066
15 6 4817
15 7 1757
15 8 1052
15 9 4992
15 10 874
15 11 1462
15 12 3478
15 13 1079
15 14 5788
15 16 998
15 17 2175
15 18 6143
15 19 3818
15 20 7309
15 21 6984
15 22 1901
15 23 6967
15 24 4823
15 25 6835
15 26 4803
15 27 2452
15 28 339
15 29 7090
15 30 4645
15 31 5194
15 32 3215
15 33 4161
15 34 765
15 35 7003
15 36 5394
15 37 2140
15 38 2891
15 39 971
15 40 4818
15 41 3879
15 42 4196
15 43 3070
15 44 613
15 45 2996
15 46 913
15 47 3083
15 48 7472
15 49 3937
15 50 7026
15 51 1472
15 52 1164
15 53 511
15 54 3757
15 55 2659
15 56 4877
15 57 619
15 58 7294
15 59 852
15 60 3141
15 61 526
15 62 4604
15 63 878
15 64 5000
15 65 6983
15 66 4605
15 67 1021
15 68 6185
15 69 1964
15 70 6753
16 1 5027
16 2 4165
16 3 3902
16 4 6122
16 5 1107
16 6 6663
16 7 3685
16 8 1679
16 9 2122
16 10 7240
16 11 4304
16 12 6136
16 13 3682
16 14 6810
16 15 2322
16 17 4130
16 18 2137
16 19 2728
16 20 243
16 21 3113
16 22 3020
16 23 4540
16 24 1679
16 25 7165
16 26 2191
16 27 776
16 28 1739
16 29 6028
16 30 5733
16 31 135
16 32 7453
16 33 5914
16 34 7101
16 35 6849
16 36 5033
16 37 2218
16 38 1675
16 39 5918
16 40 5802
16 41 5434
16 42 6147
16 43 5830
16 44 1933
16 45 4326
16 46 4092
16 47 7467
16 48 1832
16 49 2160
16 50 4955
16 51 3374
16 52 179
16 53 404
16 54 4270
16 55 7443
16 56 1367
16 57 7468
16 58 4392
16 59 2009
16 60 2908
16 61 3027
16 62 3233
16 63 130
16 64 187
16 65 3274
16 66 2090
16 67 3378
16 68 1629
16 69 3151
16 70 6458
17 1 6746
17 2 6513
17 3 7084
17 4 5776
17 5 2818
17 6 5395
17 7 2010
17 8 4141
17 9 4932
17 10 2538
17 11 7402
17 12 7424
17 13 7395
17 14 7406
17 15 4075
17 16 4284
17 18 7264
17 19 2747
17 20 4862
17 21 5343
17 22 6723
17 23 2375
17 24 4322
17 25 3761
17 26 3299
17 27 1264
17 28 1423
17 29 4406
17 30 3175
17 31 7244
17 32 5653
17 33 1045
17 34 337
17 35 1100
17 36 1102
17 37 1521
17 38 6880
17 39 935
17 40 6211
17 41 3342
17 42 7150
17 43 6660
17 44 325
17 45 1968
17 46 2085
17 47 965
17 48 4623
17 49 4487
17 50 2248
17 51 4817
17 52 5726
17 53 3681
17 54 5695
17 55 5645
17 56 4945
17 57 4477
17 58 3835
17 59 4360
17 60 806
17 61 5559
17 62 1034
17 63 7104
17 64 5469
17 65 6863
17 66 6924
17 67 2358
17 68 3171
17 69 5989
17 70 6978
18 1 4990
18 2 6126
18 3 4743
18 4 142
18 5 4065
18 6 687
18 7 1
18 8 2030
18 9 1034
18 10 5555
18 11 5504
18 12 5481
18 13 2652
18 14 2761
18 15 6430
18 16 6195
18 17 903
18 19 4121
18 20 315
18 21 7346
18 22 477
18 23 3158
18 24 375
18 25 3487
18 26 4864
18 27 1852
18 28 5161
18 29 1630
18 30 5527
18 31 7002
18 32 5020
18 33 2851
18 34 1028
18 35 4561
18 36 813
18 37 3729
18 38 690
18 39 1563
18 40 5244
18 41 1256
18 42 939
18 43 4615
18 44 1768
18 45 1030
18 46 6999
18 47 3986
18 48 5045
18 49 6370
18 50 196
18 51 4564
18 52 5317
18 53 5421
18 54 927
18 55 3911
18 56 6131
18 57 2338
18 58 670
18 59 346
18 60 6599
18 61 5707
18 62 6183
18 63 1763
18 64 4967
18 65 16
18 66 4663
18 67 1021
18 68 5581
18 69 3087
18 70 4187
19 1 6472
19 2 280
19 3 3741
19 4 1542
19 5 4090
19 6 5026
19 7 7225
19 8 2275
19 9 1225
19 10 88
19 11 47
19 12 2161
19 13 1134
19 14 1412
19 15 5045
19 16 4986
19 17 1255
19 18 1414
19 20 4990
19 21 3427
19 22 5059
19 23 5384
19 24 838
19 25 1104
19 26 4921
19 27 3075
19 28 3344
19 29 1980
19 30 2903
19 31 4962
19 32 3551
19 33 2588
19 34 1841
19 35 1169
19 36 4356
19 37 2809
19 38 7264
19 39 4860
19 40 885
19 41 5044
19 42 5413
19 43 5552
19 44 1405
19 45 2254
19 46 6381
19 47 6311
19 48 6578
19 49 6250
19 50 5079
19 51 5351
19 52 5225
19 53 1293
19 54 605
19 55 3384
19 56 3227
19 57 2119
19 58 4374
19 59 6954
19 60 2704
19 61 346
19 62 4460
19 63 2494
19 64 1021
19 65 640
19 66 6133
19 67 6454
19 68 6638
19 69 3149
19 70 3639
20 1 4608
20 2 6355
20 3 3575
20 4 5055
20 5 3535
20 6 758
20 7 6175
20 8 6800
20 9 2255
20 10 3135
20 11 1873
20 12 6423
20 13 5306
20 14 1646
20 15 4838
20 16 3923
20 17 2984
20 18 3287
20 19 2779
20 21 4453
20 22 4851
20 23 6976
20 24 4506
20 25 2515
20 26 2409
20 27 2416
20 28 5272
20 29 6630
20 30 2353
20 31 7134
20 32 3532
20 33 130
20 34 4787
20 35 1596
20 36 607
20 37 4
20 38 2365
20 39 7450
20 40 3401
20 41 1987
20 42 5299
20 43 3794
20 44 4442
20 45 6259
20 46 5961
20 47 3950
20 48 2039
20 49 4321
20 50 1040
20 51 4828
20 52 878
20 53 3432
20 54 3796
20 55 4883
20 56 2784
20 57 5625
20 58 3471
20 59 5969
20 60 102
20 61 2741
20 62 2837
20 63 3123
20 64 6238
20 65 6147
20 66 5665
20 67 2688
20 68 2684
20 69 4390
20 70 2218
21 1 688
21 2 5076
21 3 588
21 4 1131
21 5 189
21 6 2529
21 7 766
21 8 6281
21 9 5000
21 10 2484
21 11 3765
21 12 5040
21 13 2189
21 14 1179
21 15 2167
21 16 6356
21 17 30
21 18 1330
21 19 3705
21 20 35
21 22 594
21 23 6474
21 24 2720
21 25 5038
21 26 7328
21 27 3765
21 28 7413
21 29 308
21 30 1721
21 31 799
21 32 6692
21 33 4973
21 34 865
21 35 2715
21 36 7337
21 37 7436
21 38 6840
21 39 7030
21 40 2385
21 41 4148
21 42 6846
21 43 1272
21 44 4890
21 45 267
21 46 3342
21 47 2961
21 48 2825
21 49 6490
21 50 3029
21 51 1752
21 52 4127
21 53 7302
21 54 3039
21 55 6952
21 56 1341
21 57 5265
21 58 4366
21 59 4252
21 60 6735
21 61 1481
21 62 1830
21 63 1429
21 64 4606
21 65 329
21 66 3027
21 67 7305
21 68 6584
21 69 3317
21 70 2427
22 1 5326
22 2 3090
22 3 7222
22 4 5169
22 5 6862
22 6 3185
22 7 6405
22 8 3095
22 9 429
22 10 4094
22 11 2666
22 12 3846
22 13 7417
22 14 7117
22 15 645
22 16 5157
22 17 5212
22 18 5664
22 19 5194
22 20 2917
22 21 646
22 23 5782
22 24 5036
22 25 6918
22 26 4030
22 27 7463
22 28 4535
22 29 2225
22 30 5271
22 31 1568
22 32 2475
22 33 5914
22 34 91
22 35 4078
22 36 5436
22 37 1042
22 38 62
22 39 744
22 40 2808
22 41 1222
22 42 247
22 43 3034
22 44 1952
22 45 6055
22 46 1873
22 47 2453
22 48 3203
22 49 1824
22 50 6381
22 51 4697
22 52 4511
22 53 7292
22 54 5379
22 55 2725
22 56 7237
22 57 205
22 58 964
22 59 3548
22 60 5844
22 61 6562
22 62 3565
22 63 4741
22 64 6825
22 65 382
22 66 2129
22 67 6756
22 68 7105
22 69 6325
22 70 6428
23 1 3715
23 2 3215
23 3 2022
23 4 1019
23 5 6935
23 6 7456
23 7 5339
23 8 1773
23 9 1325
23 10 2747
23 11 4557
23 12 3053
23 13 460
23 14 1937
23 15 7145
23 16 1353
23 17 5409
23 18 5916
23 19 195
23 20 1923
23 21 5046
23 22 775
23 24 1823
23 25 1104
23 26 2820
23 27 1863
23 28 244
23 29 3943
23 30 437
23 31 5002
23 32 7472
23 33 758
23 34 4801
23 35 2322
23 36 438
23 37 3282
23 38 3105
23 39 3512
23 40 5628
23 41 5493
23 42 1232
23 43 3694
23 44 864
23 45 5205
23 46 6350
23 47 625
23 48 6088
23 49 4630
23 50 5752
23 51 2271
23 52 2972
23 53 4090
23 54 2792
23 55 2946
23 56 6717
23 57 2445
23 58 2083
23 59 3117
23 60 5098
23 61 2924
23 62 5611
23 63 396
23 64 2135
23 65 3372
23 66 4924
23 67 454
23 68 2422
23 69 3619
23 70 867
24 1 4833
24 2 7129
24 3 1941
24 4 5332
24 5 5637
24 6 4103
24 7 3948
24 8 7479
24 9 846
24 10 891
24 11 6154
24 12 1470
24 13 4423
24 14 5455
24 15 644
24 16 7100
24 17 5000
24 18 5765
24 19 1954
24 20 6020
24 21 5042
24 22 2620
24 23 4377
24 25 1847
24 26 6016
24 27 7356
24 28 7114
24 29 7473
24 30 1563
24 31 2666
24 32 2513
24 33 5462
24 34 2714
24 35 3171
24 36 264
24 37 5322
24 38 5921
24 39 5502
24 40 2733
24 41 5453
24 42 4519
24 43 1642
24 44 3349
24 45 2085
24 46 2929
24 47 3040
24 48 643
24 49 85
24 50 5401
24 51 2221
24 52 6688
24 53 5345
24 54 6261
24 55 588
24 56 2510
24 57 3219
24 58 6201
24 59 1172
24 60 3940
24 61 3410
24 62 5427
24 63 3054
24 64 3469
24 65 6310
24 66 5622
24 67 3117
24 68 5132
24 69 5569
24 70 7413
25 1 1747
25 2 1491
25 3 3098
25 4 423
25 5 1244
25 6 4265
25 7 4064
25 8 3796
25 9 7498
25 10 2866
25 11 340
25 12 2336
25 13 370
25 14 3185
25 15 4815
25 16 381
25 17 5967
25 18 5032
25 19 776
25 20 1762
25 21 2287
25 22 1549
25 23 1286
25 24 1093
25 26 3967
25 27 4775
25 28 4805
25 29 4663
25 30 3181
25 31 1849
25 32 1736
25 33 4117
25 34 1914
25 35 4191
25 36 4238
25 37 3040
25 38 874
25 39 5290
25 40 4536
25 41 200
25 42 3558
25 43 5392
25 44 5710
25 45 4899
25 46 860
25 47 2232
25 48 4856
25 49 7316
25 50 3973
25 51 3063
25 52 6772
25 53 1099
25 54 3943
25 55 6759
25 56 6155
25 57 1542
25 58 5556
25 59 2793
25 60 2222
25 61 5579
25 62 7371
25 63 2149
25 64 5918
25 65 2046
25 66 6541
25 67 1674
25 68 4859
25 69 6167
25 70 5434
26 1 5598
26 2 7395
26 3 3065
26 4 4547
26 5 2396
26 6 1905
26 7 3561
26 8 5276
26 9 4229
26 10 209
26 11 7187
26 12 847
26 13 4882
26 14 2668
26 15 3997
26 16 4097
26 17 4671
26 18 85
26 19 5599
26 20 574
26 21 2622
26 22 3566
26 23 6204
26 24 6347
26 25 4062
26 27 3568
26 28 5770
26 29 4234
26 30 5273
26 31 3075
26 32 3388
26 33 5109
26 34 3322
26 35 6374
26 36 2346
26 37 1068
26 38 2981
26 39 3633
26 40 6502
26 41 6167
26 42 4837
26 43 5748
26 44 5482
26 45 1363
26 46 2248
26 47 4309
26 48 3037
26 49 4117
26 50 5020
26 51 4296
26 52 5677
26 53 497
26 54 6870
26 55 3037
26 56 2182
26 57 956
26 58 3758
26 59 2968
26 60 2050
26 61 4176
26 62 4972
26 63 2821
26 64 3770
26 65 6128
26 66 5647
26 67 1850
26 68 4153
26 69 4130
26 70 2498
27 1 369
27 2 1421
27 3 5805
27 4 4329
27 5 1971
27 6 4110
27 7 2787
27 8 397
27 9 5858
27 10 3652
27 11 1283
27 12 4360
27 13 5989
27 14 5634
27 15 2086
27 16 2481
27 17 5881
27 18 1284
27 19 1839
27 20 2167
27 21 2126
27 22 5962
27 23 3910
27 24 2724
27 25 453
27 26 2123
27 28 2943
27 29 638
27 30 2059
27 31 2642
27 32 991
27 33 1272
27 34 3456
27 35 2537
27 36 2511
27 37 1381
27 38 3311
27 39 361
27 40 7345
27 41 5350
27 42 4517
27 43 3111
27 44 2041
27 45 6770
27 46 3499
27 47 3188
27 48 3031
27 49 6138
27 50 6079
27 51 7287
27 52 2394
27 53 2905
27 54 3191
27 55 1480
27 56 2692
27 57 4630
27 58 7229
27 59 527
27 60 6977
27 61 1069
27 62 7058
27 63 1916
27 64 1990
27 65 1081
27 66 5052
27 67 689
27 68 6891
27 69 6179
27 70 5476
28 1 2178
28 2 308
28 3 807
28 4 1128
28 5 4304
28 6 1545
28 7 4592
28 8 216
28 9 2807
28 10 7113
28 11 1924
28 12 2088
28 13 2129
28 14 3612
28 15 3391
28 16 1997
28 17 3104
28 18 6087
28 19 2505
28 20 3283
28 21 2046
28 22 705
28 23 5325
28 24 3824
28 25 6936
28 26 6911
28 27 1201
28 29 5264
28 30 5335
28 31 1258
28 32 6943
28 33 126
28 34 6999
28 35 5252
28 36 3471
28 37 3576
28 38 396
28 39 7482
28 40 2028
28 41 857
28 42 4788
28 43 3373
28 44 5631
28 45 1360
28 46 5197
28 47 5728
28 48 7175
28 49 1874
28 50 5414
28 51 789
28 52 2755
28 53 6150
28 54 4831
28 55 1401
28 56 6951
28 57 1840
28 58 6321
28 59 2686
28 60 5945
28 61 3565
28 62 2664
28 63 4572
28 64 3373
28 65 430
28 66 53
28 67 4980
28 68 6078
28 69 930
28 70 5937
29 1 6987
29 2 5498
29 3 3384
29 4 6041
29 5 312
29 6 2267
29 7 6743
29 8 6862
29 9 5700
29 10 5613
29 11 1745
29 12 7177
29 13 5730
29 14 3509
29 15 4235
29 16 5626
29 17 2841
29 18 105
29 19 107
29 20 5375
29 21 3556
29 22 4245
29 23 544
29 24 1760
29 25 6364
29 26 300
29 27 5050
29 28 2108
29 30 6379
29 31 6202
29 32 4887
29 33 5425
29 34 471
29 35 1286
29 36 6863
29 37 6522
29 38 7171
29 39 5773
29 40 6084
29 41 455
29 42 4535
29 43 4681
29 44 6317
29 45 4463
29 46 6409
29 47 3885
29 48 815
29 49 2136
29 50 21
29 51 5251
29 52 4441
29 53 5221
29 54 1850
29 55 1228
29 56 396
29 57 7302
29 58 5057
29 59 824
29 60 6569
29 61 2396
29 62 4107
29 63 5492
29 64 7349
29 65 6627
29 66 4539
29 67 6297
29 68 4912
29 69 6820
29 70 3611
30 1 2863
30 2 2622
30 3 935
30 4 345
30 5 6462
30 6 886
30 7 2177
30 8 2407
30 9 5273
30 10 318
30 11 464
30 12 7377
30 13 3241
30 14 5232
30 15 3505
30 16 4679
30 17 1146
30 18 18
30 19 5939
30 20 5906
30 21 4179
30 22 6258
30 23 336
30 24 7262
30 25 6090
30 26 430
30 27 707
30 28 1191
30 29 4065
30 31 3397
30 32 2295
30 33 1955
30 34 4260
30 35 6379
30 36 4601
30 37 7000
30 38 4767
30 39 443
30 40 4254
30 41 2401
30 42 6339
30 43 6136
30 44 5334
30 45 5195
30 46 1329
30 47 7290
30 48 6633
30 49 5592
30 50 341
30 51 1526
30 52 4321
30 53 3509
30 54 5396
30 55 4362
30 56 4521
30 57 1363
30 58 1849
30 59 1678
30 60 6262
30 61 2744
30 62 3409
30 63 3078
30 64 4104
30 65 7180
30 66 2798
30 67 454
30 68 5827
30 69 2396
30 70 164
31 1 1386
31 2 2843
31 3 4412
31 4 2632
31 5 2221
31 6 6159
31 7 1000
31 8 6495
31 9 2866
31 10 3639
31 11 498
31 12 3147
31 13 6091
31 14 4694
31 15 5896
31 16 428
31 17 6998
31 18 5875
31 19 3371
31 20 1446
31 21 1347
31 22 874
31 23 4815
31 24 175
31 25 915
31 26 5163
31 27 1771
31 28 2131
31 29 4650
31 30 3259
31 32 6471
31 33 650
31 34 6665
31 35 2606
31 36 5906
31 37 1823
31 38 917
31 39 3921
31 40 1008
31 41 3909
31 42 6234
31 43 1578
31 44 6186
31 45 1860
31 46 3189
31 47 7430
31 48 7239
31 49 7046
31 50 6366
31 51 3140
31 52 6080
31 53 3319
31 54 2172
31 55 7153
31 56 4396
31 57 6937
31 58 340
31 59 1325
31 60 6850
31 61 3527
31 62 2945
31 63 2243
31 64 3743
31 65 2212
31 66 3534
31 67 5987
31 68 2249
31 69 5338
31 70 3585
32 1 3361
32 2 5249
32 3 488
32 4 6984
32 5 567
32 6 4235
32 7 925
32 8 6580
32 9 4622
32 10 1641
32 11 4752
32 12 5704
32 13 169
32 14 3853
32 15 2637
32 16 853
32 17 3134
32 18 6618
32 19 1917
32 20 6807
32 21 3870
32 22 7396
32 23 3713
32 24 4270
32 25 4001
32 26 3238
32 27 443
32 28 4102
32 29 4198
32 30 5889
32 31 6302
32 33 7169
32 34 6870
32 35 4116
32 36 903
32 37 3519
32 38 1483
32 39 3743
32 40 2708
32 41 4978
32 42 1209
32 43 5535
32 44 6989
32 45 6137
32 46 6839
32 47 5861
32 48 1608
32 49 2326
32 50 945
32 51 6935
32 52 3788
32 53 4516
32 54 665
32 55 6146
32 56 2539
32 57 6512
32 58 2674
32 59 4197
32 60 5236
32 61 519
32 62 2967
32 63 1761
32 64 2208
32 65 210
32 66 294
32 67 1413
32 68 1358
32 69 176
32 70 4173
33 1 1592
33 2 4603
33 3 3659
33 4 2058
33 5 7367
33 6 5072
33 7 77
33 8 7324
33 9 3430
33 10 6561
33 11 3783
33 12 386
33 13 2335
33 14 6338
33 15 2120
33 16 3711
33 17 2374
33 18 5872
33 19 1769
33 20 4570
33 21 3530
33 22 5989
33 23 6208
33 24 5048
33 25 3113
33 26 3233
33 27 1433
33 28 966
33 29 7292
33 30 7205
33 31 649
33 32 6005
33 34 7338
33 35 6886
33 36 355
33 37 2997
33 38 3835
33 39 3818
33 40 2091
33 41 1782
33 42 6583
33 43 6309
33 44 2280
33 45 1881
33 46 3565
33 47 4934
33 48 5738
33 49 687
33 50 2266
33 51 1020
33 52 3945
33 53 3157
33 54 4413
33 55 1950
33 56 4365
33 57 7379
33 58 6910
33 59 4263
33 60 4910
33 61 1940
33 62 7231
33 63 3056
33 64 3176
33 65 2900
33 66 1827
33 67 4763
33 68 2351
33 69 1016
33 70 5504
34 1 5602
34 2 2019
34 3 1891
34 4 2986
34 5 4563
34 6 6035
34 7 285
34 8 944
34 9 3855
34 10 1283
34 11 4630
34 12 4079
34 13 5790
34 14 3693
34 15 2312
34 16 2586
34 17 7344
34 18 1705
34 19 3359
34 20 899
34 21 3417
34 22 3773
34 23 4245
34 24 837
34 25 1943
34 26 6390
34 27 4946
34 28 1803
34 29 393
34 30 205
34 31 5580
34 32 5082
34 33 1502
34 35 1346
34 36 1543
34 37 3801
34 38 3946
34 39 2395
34 40 51
34 41 1107
34 42 7296
34 43 2471
34 44 2932
34 45 1873
34 46 5929
34 47 4235
34 48 2981
34 49 5196
34 50 1123
34 51 917
34 52 949
34 53 991
34 54 1132
34 55 406
34 56 3418
34 57 6025
34 58 7229
34 59 2378
34 60 725
34 61 2276
34 62 1152
34 63 6870
34 64 368
34 65 4574
34 66 2903
34 67 616
34 68 4435
34 69 3454
34 70 1624
35 1 7116
35 2 1457
35 3 7016
35 4 3632
35 5 4667
35 6 1046
35 7 643
35 8 163
35 9 7271
35 10 800
35 11 1828
35 12 1443
35 13 1969
35 14 1717
35 15 966
35 16 7447
35 17 1067
35 18 5233
35 19 5862
35 20 1497
35 21 2975
35 22 4767
35 23 1659
35 24 6931
35 25 4498
35 26 6997
35 27 2531
35 28 3886
35 29 6608
35 30 3919
35 31 5007
35 32 3681
35 33 3371
35 34 7122
35 36 4809
35 37 347
35 38 2341
35 39 86
35 40 6238
35 41 1863
35 42 16
35 43 3738
35 44 7263
35 45 6632
35 46 2704
35 47 3953
35 48 3121
35 49 1039
35 50 1829
35 51 5032
35 52 4136
35 53 4748
35 54 7075
35 55 3556
35 56 1848
35 57 6619
35 58 1155
35 59 4772
35 60 6151
35 61 4192
35 62 3789
35 63 2743
35 64 4885
35 65 3004
35 66 5277
35 67 4317
35 68 5891
35 69 7317
35 70 3025
36 1 2843
36 2 3700
36 3 2222
36 4 1966
36 5 566
36 6 597
36 7 1621
36 8 7194
36 9 568
36 10 6709
36 11 3039
36 12 4791
36 13 3648
36 14 1990
36 15 383
36 16 3618
36 17 5097
36 18 2224
36 19 4685
36 20 5617
36 21 2296
36 22 4938
36 23 6274
36 24 2443
36 25 4982
36 26 5645
36 27 414
36 28 2733
36 29 1899
36 30 3384
36 31 3091
36 32 934
36 33 6101
36 34 6839
36 35 2294
36 37 228
36 38 3576
36 39 3080
36 40 6457
36 41 6082
36 42 5168
36 43 2909
36 44 2673
36 45 2972
36 46 1169
36 47 4778
36 48 4199
36 49 4844
36 50 4487
36 51 2196
36 52 6795
36 53 6070
36 54 6520
36 55 5517
36 56 2822
36 57 5988
36 58 6906
36 59 7179
36 60 6640
36 61 1873
36 62 1216
36 63 4918
36 64 596
36 65 927
36 66 5993
36 67 3181
36 68 124
36 69 5233
36 70 4671
37 1 5291
37 2 4979
37 3 6147
37 4 5349
37 5 2619
37 6 803
37 7 1838
37 8 4011
37 9 4375
37 10 5813
37 11 6002
37 12 2577
37 13 5886
37 14 1143
37 15 3212
37 16 189
37 17 6649
37 18 3630
37 19 5024
37 20 3156
37 21 2508
37 22 2792
37 23 1736
37 24 659
37 25 5791
37 26 6691
37 27 3458
37 28 695
37 29 4166
37 30 2776
37 31 5612
37 32 4994
37 33 5709
37 34 2442
37 35 3836
37 36 318
37 38 6605
37 39 3139
37 40 800
37 41 871
37 42 236
37 43 5353
37 44 1126
37 45 2902
37 46 6697
37 47 4276
37 48 1155
37 49 4388
37 50 4807
37 51 2729
37 52 820
37 53 1800
37 54 1086
37 55 4075
37 56 7116
37 57 4922
37 58 7053
37 59 1860
37 60 5719
37 61 3074
37 62 3496
37 63 6640
37 64 169
37 65 1516
37 66 3004
37 67 4909
37 68 6658
37 69 6940
37 70 3955
38 1 3167
38 2 310
38 3 5350
38 4 3531
38 5 440
38 6 3347
38 7 536
38 8 6368
38 9 60
38 10 6133
38 11 329
38 12 6911
38 13 6069
38 14 6939
38 15 7347
38 16 5511
38 17 5650
38 18 6902
38 19 1064
38 20 5208
38 21 4057
38 22 1570
38 23 7110
38 24 7099
38 25 1344
38 26 4517
38 27 5280
38 28 4249
38 29 1226
38 30 5378
38 31 4472
38 32 7302
38 33 4267
38 34 5139
38 35 6191
38 36 5248
38 37 1940
38 39 3417
38 40 2539
38 41 2267
38 42 5880
38 43 1380
38 44 6340
38 45 123
38 46 3340
38 47 2504
38 48 1589
38 49 5654
38 50 3772
38 51 114
38 52 1046
38 53 5216
38 54 4968
38 55 5572
38 56 1955
38 57 1402
38 58 5146
38 59 1557
38 60 4997
38 61 3787
38 62 4256
38 63 6979
38 64 6706
38 65 1071
38 66 2290
38 67 4469
38 68 2255
38 69 2212
38 70 2618
39 1 5674
39 2 1562
39 3 7120
39 4 2501
39 5 2301
39 6 5809
39 7 5330
39 8 2139
39 9 5199
39 10 1043
39 11 3797
39 12 2485
39 13 4079
39 14 2694
39 15 5842
39 16 6346
39 17 4904
39 18 5185
39 19 2502
39 20 6010
39 21 49
39 22 5814
39 23 2389
39 24 7212
39 25 2080
39 26 4537
39 27 5122
39 28 1175
39 29 5364
39 30 4767
39 31 7041
39 32 2427
39 33 13
39 34 6093
39 35 45
39 36 1252
39 37 5712
39 38 6927
39 40 6759
39 41 6616
39 42 1511
39 43 258
39 44 5053
39 45 5577
39 46 1111
39 47 6002
39 48 1510
39 49 4663
39 50 1200
39 51 7357
39 52 5617
39 53 3610
39 54 5802
39 55 5377
39 56 6479
39 57 6852
39 58 2080
39 59 4777
39 60 6777
39 61 775
39 62 2793
39 63 2911
39 64 5719
39 65 5232
39 66 1546
39 67 7206
39 68 5980
39 69 5624
39 70 3113
40 1 5076
40 2 6731
40 3 6561
40 4 1195
40 5 3280
40 6 4330
40 7 4207
40 8 1592
40 9 6651
40 10 3263
40 11 1954
40 12 5237
40 13 2306
40 14 7393
40 15 5669
40 16 2001
40 17 1328
40 18 7387
40 19 5443
40 20 5392
40 21 6381
40 22 6855
40 23 5953
40 24 1243
40 25 6521
40 26 5588
40 27 1185
40 28 2608
40 29 4442
40 30 3549
40 31 1180
40 32 2738
40 33 6955
40 34 4345
40 35 3495
40 36 2463
40 37 298
40 38 6180
40 39 1882
40 41 5263
40 42 7134
40 43 6626
40 44 5606
40 45 4185
40 46 2342
40 47 3118
40 48 1023
40 49 5253
40 50 3947
40 51 3833
40 52 7479
40 53 6359
40 54 5005
40 55 2681
40 56 3570
40 57 4462
40 58 1413
40 59 6450
40 60 6050
40 61 1429
40 62 3447
40 63 5621
40 64 3619
40 65 5879
40 66 6048
40 67 4017
40 68 2884
40 69 1215
40 70 1360
41 1 5005
41 2 6468
41 3 6008
41 4 1410
41 5 863
41 6 2868
41 7 6661
41 8 2662
41 9 1753
41 10 5898
41 11 2190
41 12 4631
41 13 4314
41 14 1034
41 15 6891
41 16 5968
41 17 6521
41 18 5802
41 19 581
41 20 620
41 21 6864
41 22 5306
41 23 2014
41 24 6369
41 25 7193
41 26 3053
41 27 6276
41 28 288
41 29 1064
41 30 7009
41 31 4989
41 32 6214
41 33 2768
41 34 2388
41 35 1290
41 36 5668
41 37 4702
41 38 597
41 39 3026
41 40 3541
41 42 3191
41 43 7159
41 44 986
41 45 5239
41 46 2095
41 47 3775
41 48 2376
41 49 4421
41 50 7092
41 51 1180
41 52 4982
41 53 5759
41 54 2401
41 55 5678
41 56 7425
41 57 7178
41 58 2400
41 59 7293
41 60 2401
41 61 5448
41 62 6722
41 63 6168
41 64 858
41 65 3589
41 66 2817
41 67 2194
41 68 3384
41 69 2268
41 70 1001
42 1 5179
42 2 7466
42 3 3941
42 4 3449
42 5 1679
42 6 5894
42 7 2840
42 8 1586
42 9 6002
42 10 399
42 11 781
42 12 5914
42 13 5176
42 14 617
42 15 4215
42 16 2324
42 17 1242
42 18 1926
42 19 2447
42 20 4429
42 21 6751
42 22 5151
42 23 331
42 24 4108
42 25 6005
42 26 788
42 27 7444
42 28 199
42 29 501
42 30 1660
42 31 3197
42 32 1136
42 33 5075
42 34 5507
42 35 6646
42 36 1430
42 37 7484
42 38 3016
42 39 1722
42 40 7042
42 41 4897
42 43 355
42 44 4768
42 45 5728
42 46 5753
42 47 3202
42 48 1556
42 49 2770
42 50 5872
42 51 3733
42 52 6279
42 53 4323
42 54 2128
42 55 623
42 56 128
42 57 526
42 58 2728
42 59 5824
42 60 2408
42 61 3680
42 62 4875
42 63 2975
42 64 6003
42 65 1488
42 66 1096
42 67 1124
42 68 7262
42 69 1965
42 70 7427
43 1 3558
43 2 6183
43 3 4286
43 4 1466
43 5 7372
43 6 6610
43 7 3791
43 8 3115
43 9 2241
43 10 1010
43 11 6036
43 12 3789
43 13 7383
43 14 2182
43 15 1302
43 16 1826
43 17 664
43 18 4770
43 19 1358
43 20 7339
43 21 1751
43 22 6466
43 23 827
43 24 58
43 25 856
43 26 3394
43 27 3521
43 28 5360
43 29 1428
43 30 3184
43 31 3449
43 32 3938
43 33 7429
43 34 5238
43 35 3252
43 36 2101
43 37 3942
43 38 1931
43 39 328
43 40 6466
43 41 56
43 42 6500
43 44 6213
43 45 4872
43 46 4503
43 47 3262
43 48 5099
43 49 5950
43 50 6916
43 51 5375
43 52 927
43 53 4193
43 54 1101
43 55 4125
43 56 4559
43 57 6586
43 58 2837
43 59 2860
43 60 3299
43 61 7137
43 62 3393
43 63 6697
43 64 6538
43 65 1515
43 66 2043
43 67 3981
43 68 3693
43 69 2371
43 70 5409
44 1 6188
44 2 2743
44 3 2198
44 4 2923
44 5 4378
44 6 6693
44 7 3589
44 8 2736
44 9 7420
44 10 3333
44 11 1970
44 12 4121
44 13 6284
44 14 4966
44 15 6315
44 16 2797
44 17 4127
44 18 4384
44 19 1847
44 20 1614
44 21 5191
44 22 2069
44 23 3404
44 24 2014
44 25 867
44 26 7194
44 27 1452
44 28 6452
44 29 2922
44 30 3008
44 31 2758
44 32 3125
44 33 5721
44 34 6800
44 35 4848
44 36 345
44 37 7224
44 38 1230
44 39 5869
44 40 7071
44 41 6238
44 42 7287
44 43 1738
44 45 4116
44 46 3793
44 47 3577
44 48 474
44 49 1121
44 50 3840
44 51 582
44 52 2267
44 53 2353
44 54 6620
44 55 5476
44 56 6645
44 57 3200
44 58 3252
44 59 110
44 60 2292
44 61 7053
44 62 7293
44 63 4056
44 64 6806
44 65 5910
44 66 7068
44 67 803
44 68 4840
44 69 4679
44 70 5451
45 1 7467
45 2 503
45 3 914
45 4 5883
45 5 4782
45 6 6787
45 7 6758
45 8 6279
45 9 7347
45 10 6177
45 11 4776
45 12 1039
45 13 5248
45 14 2136
45 15 6963
45 16 1950
45 17 3736
45 18 4594
45 19 178
45 20 5289
45 21 6172
45 22 4894
45 23 656
45 24 7420
45 25 3445
45 26 2608
45 27 1818
45 28 5420
45 29 2104
45 30 6090
45 31 1918
45 32 2389
45 33 5715
45 34 4721
45 35 5478
45 36 5135
45 37 7054
45 38 7182
45 39 5120
45 40 6099
45 41 1163
45 42 959
45 43 2360
45 44 5552
45 46 2068
45 47 7033
45 48 3222
45 49 2888
45 50 1261
45 51 4022
45 52 1450
45 53 3543
45 54 5876
45 55 4185
45 56 2749
45 57 4189
45 58 3834
45 59 1659
45 60 7195
45 61 6930
45 62 7387
45 63 1014
45 64 5230
45 65 5404
45 66 6495
45 67 1138
45 68 1249
45 69 140
45 70 1495
46 1 751
46 2 4980
46 3 371
46 4 7157
46 5 4778
46 6 6118
46 7 1737
46 8 6571
46 9 266
46 10 5891
46 11 3806
46 12 103
46 13 4134
46 14 2919
46 15 4253
46 16 832
46 17 4924
46 18 6318
46 19 6058
46 20 2814
46 21 5028
46 22 6077
46 23 1287
46 24 4191
46 25 5493
46 26 2985
46 27 3609
46 28 2121
46 29 6363
46 30 2492
46 31 7005
46 32 2261
46 33 4525
46 34 7037
46 35 2395
46 36 2837
46 37 1429
46 38 109
46 39 7210
46 40 3870
46 41 2020
46 42 598
46 43 6198
46 44 3295
46 45 1936
46 47 1503
46 48 3027
46 49 4407
46 50 3232
46 51 4924
46 52 6190
46 53 2385
46 54 71
46 55 5815
46 56 6075
46 57 7303
46 58 519
46 59 1010
46 60 3752
46 61 6304
46 62 6185
46 63 144
46 64 4204
46 65 251
46 66 3564
46 67 3377
46 68 2035
46 69 3652
46 70 899
47 1 4726
47 2 3036
47 3 2427
47 4 3781
47 5 4454
47 6 1780
47 7 618
47 8 2904
47 9 5863
47 10 236
47 11 6687
47 12 3703
47 13 6354
47 14 3041
47 15 3438
47 16 5270
47 17 7060
47 18 4798
47 19 2267
47 20 5971
47 21 4664
47 22 4472
47 23 2469
47 24 2777
47 25 4790
47 26 88
47 27 2947
47 28 526
47 29 5995
47 30 4293
47 31 6246
47 32 2871
47 33 184
47 34 1362
47 35 5172
47 36 5204
47 37 3972
47 38 1726
47 39 2390
47 40 1522
47 41 3155
47 42 5794
47 43 3240
47 44 6236
47 45 6896
47 46 5104
47 48 209
47 49 3233
47 50 3007
47 51 382
47 52 5481
47 53 4547
47 54 2199
47 55 80
47 56 4787
47 57 4618
47 58 853
47 59 390
47 60 3050
47 61 4070
47 62 5721
47 63 6332
47 64 2699
47 65 4018
47 66 80
47 67 5057
47 68 3055
47 69 6425
47 70 5876
48 1 5131
48 2 568
48 3 6476
48 4 1534
48 5 2746
48 6 6530
48 7 3311
48 8 3681
48 9 5962
48 10 7150
48 11 4686
48 12 5449
48 13 6316
48 14 6439
48 15 2312
48 16 5538
48 17 2363
48 18 2831
48 19 5509
48 20 6781
48 21 2273
48 22 6407
48 23 4791
48 24 719
48 25 3127
48 26 7130
48 27 481
48 28 5660
48 29 5766
48 30 798
48 31 2074
48 32 6325
48 33 4981
48 34 7157
48 35 1804
48 36 6543
48 37 1283
48 38 1660
48 39 2908
48 40 2399
48 41 689
48 42 518
48 43 3485
48 44 3523
48 45 1556
48 46 2700
48 47 6467
48 49 4229
48 50 2541
48 51 6844
48 52 3868
48 53 1262
48 54 6883
48 55 666
48 56 3359
48 57 5591
48 58 2835
48 59 2529
48 60 3156
48 61 4417
48 62 4762
48 63 441
48 64 1763
48 65 6609
48 66 3955
48 67 282
48 68 6573
48 69 4707
48 70 2930
49 1 3287
49 2 6777
49 3 1973
49 4 5796
49 5 1074
49 6 2104
49 7 5706
49 8 3999
49 9 3273
49 10 6026
49 11 6361
49 12 4744
49 13 2518
49 14 1425
49 15 3196
49 16 2463
49 17 2289
49 18 598
49 19 5920
49 20 6074
49 21 5375
49 22 3510
49 23 1376
49 24 4600
49 25 6347
49 26 1659
49 27 5015
49 28 1447
49 29 5035
49 30 1554
49 31 6441
49 32 6653
49 33 4252
49 34 2029
49 35 203
49 36 668
49 37 6813
49 38 3172
49 39 7447
49 40 6565
49 41 2595
49 42 508
49 43 4793
49 44 660
49 45 4463
49 46 1542
49 47 4195
49 48 3505
49 50 1626
49 51 1745
49 52 5286
49 53 3074
49 54 869
49 55 3545
49 56 331
49 57 6233
49 58 327
49 59 5736
49 60 4297
49 61 6213
49 62 705
49 63 5378
49 64 1628
49 65 5010
49 66 1408
49 67 7459
49 68 4701
49 69 4477
49 70 170
50 1 3854
50 2 1534
50 3 3509
50 4 4445
50 5 3093
50 6 6831
50 7 1775
50 8 5364
50 9 742
50 10 5095
50 11 4514
50 12 5062
50 13 1506
50 14 3998
50 15 1618
50 16 2566
50 17 3258
50 18 1661
50 19 2444
50 20 2300
50 21 6112
50 22 531
50 23 7038
50 24 249
50 25 4318
50 26 5047
50 27 5213
50 28 506
50 29 3459
50 30 705
50 31 5508
50 32 4615
50 33 742
50 34 2266
50 35 273
50 36 2313
50 37 586
50 38 5579
50 39 51
50 40 1353
50 41 6246
50 42 6359
50 43 3898
50 44 7102
50 45 3408
50 46 6746
50 47 4440
50 48 680
50 49 851
50 51 363
50 52 1277
50 53 6008
50 54 1595
50 55 2980
50 56 6629
50 57 3225
50 58 7041
50 59 3089
50 60 3211
50 61 914
50 62 6693
50 63 5310
50 64 6710
50 65 1385
50 66 4602
50 67 5247
50 68 4619
50 69 4673
50 70 3304
51 1 1558
51 2 3596
51 3 2145
51 4 3825
51 5 4258
51 6 6127
51 7 710
51 8 1243
51 9 2066
51 10 5861
51 11 6545
51 12 1593
51 13 4745
51 14 4363
51 15 1889
51 16 4857
51 17 5815
51 18 6826
51 19 2172
51 20 6014
51 21 4062
51 22 4371
51 23 995
51 24 5100
51 25 4684
51 26 5262
51 27 788
51 28 3341
51 29 1140
51 30 7406
51 31 5747
51 32 5025
51 33 6699
51 34 4737
51 35 6010
51 36 2903
51 37 3496
51 38 2889
51 39 4795
51 40 5071
51 41 5023
51 42 6887
51 43 4659
51 44 1636
51 45 3981
51 46 811
51 47 2047
51 48 6470
51 49 7483
51 50 3588
51 52 5423
51 53 2262
51 54 1710
51 55 1765
51 56 7326
51 57 1430
51 58 218
51 59 6368
51 60 1770
51 61 2775
51 62 1523
51 63 1658
51 64 2109
51 65 5326
51 66 3172
51 67 2367
51 68 5742
51 69 6337
51 70 2925
52 1 5809
52 2 249
52 3 4699
52 4 6037
52 5 4347
52 6 5780
52 7 4948
52 8 7242
52 9 6478
52 10 971
52 11 3702
52 12 5069
52 13 3566
52 14 4041
52 15 5038
52 16 3635
52 17 6472
52 18 898
52 19 4375
52 20 3847
52 21 5883
52 22 7485
52 23 6733
52 24 1027
52 25 6227
52 26 7339
52 27 1913
52 28 279
52 29 5571
52 30 2811
52 31 6757
52 32 440
52 33 5264
52 34 2543
52 35 3450
52 36 4971
52 37 837
52 38 1174
52 39 1288
52 40 5493
52 41 6889
52 42 4254
52 43 1954
52 44 1789
52 45 2229
52 46 6534
52 47 5224
52 48 3806
52 49 2760
52 50 1532
52 51 3426
52 53 6598
52 54 461
52 55 2590
52 56 7123
52 57 6313
52 58 795
52 59 5379
52 60 5034
52 61 7483
52 62 1150
52 63 6604
52 64 3948
52 65 4143
52 66 5662
52 67 3435
52 68 3895
52 69 6490
52 70 2862
53 1 5605
53 2 6253
53 3 156
53 4 4071
53 5 2721
53 6 6424
53 7 5536
53 8 5317
53 9 4543
53 10 3922
53 11 3665
53 12 4630
53 13 1433
53 14 5489
53 15 4039
53 16 6820
53 17 852
53 18 1653
53 19 2786
53 20 7100
53 21 2038
53 22 2809
53 23 3781
53 24 5590
53 25 6302
53 26 4238
53 27 2099
53 28 1044
53 29 406
53 30 4641
53 31 5286
53 32 1387
53 33 4195
53 34 5323
53 35 6609
53 36 7153
53 37 6814
53 38 2504
53 39 6403
53 40 1640
53 41 1853
53 42 3541
53 43 4803
53 44 2781
53 45 714
53 46 589
53 47 6624
53 48 6139
53 49 2590
53 50 112
53 51 4741
53 52 4570
53 54 6835
53 55 670
53 56 670
53 57 4481
53 58 3929
53 59 5412
53 60 3830
53 61 271
53 62 1450
53 63 2839
53 64 1722
53 65 3993
53 66 5619
53 67 5811
53 68 5433
53 69 1029
53 70 7044
54 1 6239
54 2 5785
54 3 5510
54 4 7180
54 5 5026
54 6 2470
54 7 4808
54 8 6369
54 9 4666
54 10 7337
54 11 4238
54 12 825
54 13 3554
54 14 4076
54 15 1896
54 16 5969
54 17 3727
54 18 3906
54 19 3618
54 20 6760
54 21 5556
54 22 4093
54 23 7177
54 24 3795
54 25 450
54 26 4425
54 27 3076
54 28 2231
54 29 3727
54 30 7116
54 31 6134
54 32 1955
54 33 6248
54 34 1395
54 35 4575
54 36 1987
54 37 6408
54 38 4119
54 39 2471
54 40 1693
54 41 1212
54 42 7476
54 43 7290
54 44 5287
54 45 5669
54 46 457
54 47 649
54 48 150
54 49 7061
54 50 4501
54 51 3235
54 52 5240
54 53 4673
54 55 3127
54 56 5447
54 57 7175
54 58 6788
54 59 4727
54 60 7496
54 61 767
54 62 1735
54 63 3605
54 64 4338
54 65 697
54 66 269
54 67 3004
54 68 4588
54 69 225
54 70 6456
55 1 165
55 2 6641
55 3 2628
55 4 6543
55 5 3844
55 6 1075
55 7 5758
55 8 95
55 9 415
55 10 4706
55 11 1474
55 12 2026
55 13 4312
55 14 4261
55 15 1404
55 16 7485
55 17 7002
55 18 2887
55 19 4779
55 20 7268
55 21 4851
55 22 5423
55 23 3701
55 24 5726
55 25 4049
55 26 100
55 27 303
55 28 5480
55 29 6296
55 30 5821
55 31 2606
55 32 4680
55 33 1389
55 34 5417
55 35 6968
55 36 3380
55 37 4187
55 38 2407
55 39 5204
55 40 830
55 41 1819
55 42 6417
55 43 1126
55 44 6762
55 45 230
55 46 7382
55 47 2021
55 48 3678
55 49 3537
55 50 2988
55 51 6035
55 52 2886
55 53 7380
55 54 4377
55 56 6357
55 57 5802
55 58 1320
55 59 6091
55 60 1108
55 61 2012
55 62 4417
55 63 3655
55 64 1228
55 65 1322
55 66 595
55 67 7043
55 68 1614
55 69 7035
55 70 1739
56 1 2160
56 2 5616
56 3 7486
56 4 4183
56 5 5638
56 6 2523
56 7 2738
56 8 2272
56 9 2478
56 10 5265
56 11 1532
56 12 84
56 13 6478
56 14 1277
56 15 956
56 16 788
56 17 7027
56 18 914
56 19 190
56 20 1042
56 21 2506
56 22 1735
56 23 707
56 24 3240
56 25 1818
56 26 7386
56 27 6334
56 28 4268
56 29 3807
56 30 6415
56 31 1262
56 32 5841
56 33 746
56 34 786
56 35 5557
56 36 2652
56 37 6779
56 38 5273
56 39 2793
56 40 6333
56 41 55
56 42 6514
56 43 666
56 44 458
56 45 4223
56 46 5539
56 47 1275
56 48 4208
56 49 1712
56 50 3032
56 51 2086
56 52 2042
56 53 2176
56 54 5245
56 55 3502
56 57 6031
56 58 3769
56 59 5862
56 60 2161
56 61 6064
56 62 6652
56 63 5210
56 64 7010
56 65 6517
56 66 4136
56 67 5291
56 68 3152
56 69 4953
56 70 1535
57 1 1671
57 2 7014
57 3 4381
57 4 7103
57 5 3571
57 6 7333
57 7 1934
57 8 1187
57 9 484
57 10 493
57 11 868
57 12 7240
57 13 4612
57 14 5623
57 15 4319
57 16 7405
57 17 1569
57 18 3905
57 19 533
57 20 654
57 21 5823
57 22 154
57 23 6968
57 24 1461
57 25 1382
57 26 2053
57 27 3268
57 28 3808
57 29 1901
57 30 6525
57 31 2017
57 32 4682
57 33 902
57 34 5984
57 35 605
57 36 744
57 37 1185
57 38 1116
57 39 4269
57 40 226
57 41 2430
57 42 1874
57 43 2855
57 44 4474
57 45 1822
57 46 1193
57 47 103
57 48 2860
57 49 2890
57 50 1342
57 51 4525
57 52 5036
57 53 4487
57 54 4598
57 55 2845
57 56 4337
57 58 4828
57 59 723
57 60 870
57 61 505
57 62 3879
57 63 5518
57 64 7316
57 65 2682
57 66 4930
57 67 4049
57 68 1005
57 69 2980
57 70 4422
58 1 382
58 2 7238
58 3 6722
58 4 1349
58 5 3220
58 6 4023
58 7 2689
58 8 5480
58 9 1526
58 10 4855
58 11 2498
58 12 1300
58 13 2387
58 14 6326
58 15 4621
58 16 5801
58 17 1449
58 18 5084
58 19 5063
58 20 2347
58 21 407
58 22 6617
58 23 1250
58 24 4677
58 25 4835
58 26 625
58 27 3359
58 28 441
58 29 4604
58 30 522
58 31 6643
58 32 2505
58 33 2402
58 34 1577
58 35 3362
58 36 4650
58 37 6253
58 38 5275
58 39 7457
58 40 4071
58 41 2270
58 42 6641
58 43 3328
58 44 5824
58 45 1654
58 46 6463
58 47 5090
58 48 4892
58 49 6759
58 50 7130
58 51 7057
58 52 6717
58 53 3896
58 54 3100
58 55 2892
58 56 20
58 57 1239
58 59 5212
58 60 5409
58 61 4561
58 62 3702
58 63 5618
58 64 7110
58 65 6127
58 66 1264
58 67 3710
58 68 7274
58 69 4914
58 70 292
59 1 703
59 2 3463
59 3 7226
59 4 6181
59 5 1697
59 6 6805
59 7 3719
59 8 6435
59 9 5199
59 10 5459
59 11 6127
59 12 5362
59 13 2879
59 14 5101
59 15 7014
59 16 581
59 17 4141
59 18 4909
59 19 6181
59 20 6722
59 21 4779
59 22 473
59 23 4850
59 24 5875
59 25 2990
59 26 5396
59 27 1200
59 28 4719
59 29 6639
59 30 5576
59 31 689
59 32 6588
59 33 3234
59 34 302
59 35 3811
59 36 501
59 37 4999
59 38 4297
59 39 1963
59 40 5520
59 41 6459
59 42 2772
59 43 4161
59 44 1914
59 45 131
59 46 2559
59 47 5983
59 48 4748
59 49 3218
59 50 5939
59 51 6484
59 52 6982
59 53 813
59 54 1413
59 55 3008
59 56 278
59 57 4983
59 58 5329
59 60 239
59 61 3966
59 62 167
59 63 1795
59 64 6332
59 65 6218
59 66 7064
59 67 5430
59 68 5960
59 69 2536
59 70 3477
60 1 951
60 2 4355
60 3 1732
60 4 4704
60 5 5576
60 6 895
60 7 1073
60 8 4216
60 9 2356
60 10 6409
60 11 4486
60 12 3836
60 13 5895
60 14 3407
60 15 1128
60 16 3955
60 17 1335
60 18 7408
60 19 4522
60 20 2271
60 21 3771
60 22 6045
60 23 1480
60 24 66
60 25 5015
60 26 3550
60 27 5888
60 28 6219
60 29 7062
60 30 7408
60 31 4907
60 32 5105
60 33 5751
60 34 2354
60 35 6560
60 36 398
60 37 2612
60 38 5592
60 39 5895
60 40 3263
60 41 3649
60 42 739
60 43 1586
60 44 6943
60 45 5080
60 46 398
60 47 3439
60 48 4581
60 49 338
60 50 6922
60 51 2278
60 52 3771
60 53 5578
60 54 4311
60 55 3212
60 56 5941
60 57 5966
60 58 3409
60 59 246
60 61 3870
60 62 6986
60 63 940
60 64 7000
60 65 2105
60 66 5722
60 67 2039
60 68 1260
60 69 7317
60 70 4064
61 1 5708
61 2 3465
61 3 5286
61 4 7088
61 5 6762
61 6 6105
61 7 322
61 8 2428
61 9 5315
61 10 6557
61 11 4452
61 12 4487
61 13 3073
61 14 4628
61 15 4814
61 16 4581
61 17 546
61 18 7046
61 19 535
61 20 6135
61 21 3819
61 22 300
61 23 5493
61 24 1269
61 25 62
61 26 658
61 27 1283
61 28 1130
61 29 5689
61 30 380
61 31 4156
61 32 1057
61 33 2158
61 34 3075
61 35 3813
61 36 5170
61 37 557
61 38 3821
61 39 804
61 40 5704
61 41 2564
61 42 2073
61 43 394
61 44 1891
61 45 5829
61 46 3729
61 47 4718
61 48 6764
61 49 4937
61 50 3787
61 51 4495
61 52 1753
61 53 872
61 54 323
61 55 1906
61 56 6208
61 57 3780
61 58 5601
61 59 3359
61 60 367
61 62 1120
61 63 3928
61 64 6137
61 65 2159
61 66 4466
61 67 338
61 68 1268
61 69 4408
61 70 835
62 1 6613
62 2 1645
62 3 5048
62 4 350
62 5 1510
62 6 3589
62 7 6752
62 8 2662
62 9 4023
62 10 4200
62 11 7277
62 12 7262
62 13 6664
62 14 5333
62 15 2312
62 16 5411
62 17 6671
62 18 2196
62 19 7023
62 20 1791
62 21 32
62 22 4284
62 23 5181
62 24 3390
62 25 988
62 26 1776
62 27 4389
62 28 1933
62 29 3008
62 30 6484
62 31 6989
62 32 6902
62 33 1228
62 34 4852
62 35 1647
62 36 3173
62 37 6153
62 38 311
62 39 6326
62 40 7357
62 41 3090
62 42 4047
62 43 5159
62 44 3040
62 45 4593
62 46 4067
62 47 3693
62 48 872
62 49 5610
62 50 6740
62 51 2500
62 52 516
62 53 2718
62 54 6871
62 55 7385
62 56 3444
62 57 6539
62 58 4673
62 59 4137
62 60 7232
62 61 3965
62 63 4205
62 64 7249
62 65 5950
62 66 3026
62 67 2065
62 68 5705
62 69 7453
62 70 3837
63 1 2492
63 2 6533
63 3 4544
63 4 1219
63 5 1113
63 6 3269
63 7 6079
63 8 4881
63 9 6547
63 10 6127
63 11 4352
63 12 6722
63 13 6604
63 14 1949
63 15 237
63 16 6498
63 17 3159
63 18 5962
63 19 6353
63 20 4466
63 21 3618
63 22 4677
63 23 863
63 24 2301
63 25 2122
63 26 4795
63 27 1025
63 28 2105
63 29 2476
63 30 1741
63 31 4450
63 32 1597
63 33 6425
63 34 1679
63 35 4716
63 36 7020
63 37 1169
63 38 1348
63 39 4934
63 40 943
63 41 1670
63 42 2892
63 43 7482
63 44 1544
63 45 3145
63 46 2473
63 47 5896
63 48 6159
63 49 241
63 50 3250
63 51 403
63 52 7307
63 53 1810
63 54 3507
63 55 3746
63 56 7142
63 57 4614
63 58 7032
63 59 5768
63 60 535
63 61 2758
63 62 6490
63 64 3172
63 65 4324
63 66 3511
63 67 3908
63 68 4144
63 69 1974
63 70 5562
64 1 907
64 2 4552
64 3 3019
64 4 2302
64 5 1029
64 6 3554
64 7 2389
64 8 5523
64 9 4367
64 10 7302
64 11 3952
64 12 2794
64 13 5429
64 14 1234
64 15 1293
64 16 423
64 17 933
64 18 3532
64 19 1686
64 20 2359
64 21 375
64 22 3246
64 23 1749
64 24 1077
64 25 3074
64 26 3945
64 27 4639
64 28 2553
64 29 4267
64 30 4526
64 31 26
64 32 5427
64 33 1851
64 34 1940
64 35 3766
64 36 1919
64 37 277
64 38 3628
64 39 910
64 40 5054
64 41 2541
64 42 1702
64 43 6390
64 44 2698
64 45 2799
64 46 146
64 47 5054
64 48 5035
64 49 435
64 50 5291
64 51 2921
64 52 6967
64 53 5685
64 54 5165
64 55 2703
64 56 3421
64 57 6272
64 58 4509
64 59 5245
64 60 818
64 61 2712
64 62 4206
64 63 5259
64 65 3685
64 66 2990
64 67 6262
64 68 3960
64 69 3472
64 70 522
65 1 169
65 2 6863
65 3 5495
65 4 4144
65 5 2315
65 6 1923
65 7 2913
65 8 6163
65 9 2982
65 10 39
65 11 4032
65 12 3316
65 13 2270
65 14 4536
65 15 5406
65 16 2812
65 17 6966
65 18 1409
65 19 6606
65 20 3526
65 21 514
65 22 6021
65 23 3247
65 24 2182
65 25 7439
65 26 6922
65 27 4439
65 28 5481
65 29 5379
65 30 7473
65 31 7188
65 32 3048
65 33 1008
65 34 3593
65 35 5840
65 36 6416
65 37 6246
65 38 7319
65 39 5460
65 40 4538
65 41 1349
65 42 2868
65 43 4063
65 44 4255
65 45 6387
65 46 805
65 47 6553
65 48 4597
65 49 7124
65 50 7182
65 51 6547
65 52 3721
65 53 5794
65 54 3247
65 55 5605
65 56 2452
65 57 6468
65 58 3322
65 59 2903
65 60 1958
65 61 570
65 62 7166
65 63 6151
65 64 2
65 66 2722
65 67 6612
65 68 5038
65 69 5078
65 70 7394
66 1 5815
66 2 4298
66 3 3592
66 4 5665
66 5 7310
66 6 3257
66 7 952
66 8 363
66 9 1624
66 10 4168
66 11 3080
66 12 4249
66 13 5442
66 14 4178
66 15 5465
66 16 2039
66 17 6482
66 18 3284
66 19 3976
66 20 3246
66 21 514
66 22 3823
66 23 2969
66 24 5570
66 25 3912
66 26 789
66 27 4240
66 28 3444
66 29 2693
66 30 4254
66 31 667
66 32 1721
66 33 7123
66 34 2910
66 35 510
66 36 4904
66 37 4424
66 38 5209
66 39 2977
66 40 4797
66 41 862
66 42 5713
66 43 3394
66 44 5082
66 45 7376
66 46 5747
66 47 3055
66 48 6979
66 49 5250
66 50 7230
66 51 1901
66 52 2053
66 53 6588
66 54 1479
66 55 6231
66 56 6288
66 57 5271
66 58 397
66 59 2065
66 60 5329
66 61 1071
66 62 269
66 63 2448
66 64 2166
66 65 5410
66 67 2061
66 68 6099
66 69 365
66 70 97
67 1 1972
67 2 4872
67 3 6172
67 4 4687
67 5 6602
67 6 496
67 7 5154
67 8 5336
67 9 3734
67 10 2155
67 11 1212
67 12 2187
67 13 6630
67 14 4101
67 15 1873
67 16 1800
67 17 4611
67 18 939
67 19 1100
67 20 5873
67 21 3860
67 22 7114
67 23 4326
67 24 6716
67 25 116
67 26 1329
67 27 5418
67 28 3083
67 29 4270
67 30 6931
67 31 2479
67 32 7146
67 33 2140
67 34 5705
67 35 25
67 36 2439
67 37 3895
67 38 5823
67 39 4971
67 40 3979
67 41 1155
67 42 5243
67 43 3192
67 44 3734
67 45 6633
67 46 2210
67 47 5397
67 48 3399
67 49 5905
67 50 1262
67 51 5501
67 52 598
67 53 6086
67 54 6737
67 55 4803
67 56 2811
67 57 6153
67 58 1708
67 59 5978
67 60 500
67 61 418
67 62 6240
67 63 3335
67 64 6676
67 65 5904
67 66 4994
67 68 6933
67 69 828
67 70 3496
68 1 357
68 2 908
68 3 5330
68 4 463
68 5 677
68 6 4197
68 7 2958
68 8 4706
68 9 5754
68 10 3151
68 11 4156
68 12 6036
68 13 7197
68 14 5514
68 15 6204
68 16 5345
68 17 4246
68 18 2733
68 19 6194
68 20 6890
68 21 3109
68 22 2927
68 23 7151
68 24 3191
68 25 1808
68 26 662
68 27 5720
68 28 6229
68 29 1803
68 30 1697
68 31 1590
68 32 4450
68 33 4277
68 34 2947
68 35 6670
68 36 4448
68 37 4846
68 38 6082
68 39 2625
68 40 6732
68 41 6708
68 42 2267
68 43 110
68 44 3714
68 45 1666
68 46 4124
68 47 3120
68 48 6035
68 49 4631
68 50 2794
68 51 6499
68 52 1391
68 53 6023
68 54 114
68 55 1633
68 56 2744
68 57 989
68 58 7322
68 59 2582
68 60 6563
68 61 3195
68 62 2221
68 63 6239
68 64 502
68 65 5262
68 66 6092
68 67 1265
68 69 5947
68 70 1698
69 1 1633
69 2 4621
69 3 6341
69 4 6843
69 5 2072
69 6 1789
69 7 5342
69 8 5692
69 9 2614
69 10 3336
69 11 7272
69 12 3244
69 13 2819
69 14 3020
69 15 7157
69 16 2115
69 17 2469
69 18 6754
69 19 6374
69 20 5472
69 21 3801
69 22 1721
69 23 5017
69 24 2852
69 25 3631
69 26 6063
69 27 2818
69 28 7184
69 29 6051
69 30 3000
69 31 3432
69 32 6358
69 33 3717
69 34 7205
69 35 6640
69 36 7137
69 37 7004
69 38 3483
69 39 4671
69 40 4401
69 41 2548
69 42 4846
69 43 5263
69 44 5752
69 45 2660
69 46 198
69 47 1248
69 48 7445
69 49 7057
69 50 4337
69 51 4152
69 52 3053
69 53 4831
69 54 4045
69 55 1052
69 56 143
69 57 3773
69 58 3571
69 59 4371
69 60 926
69 61 3686
69 62 562
69 63 2046
69 64 7232
69 65 7102
69 66 7219
69 67 1738
69 68 386
69 70 1707
70 1 1129
70 2 2558
70 3 6402
70 4 2257
70 5 1710
70 6 4216
70 7 5327
70 8 5534
70 9 4127
70 10 7354
70 11 4195
70 12 4853
70 13 6010
70 14 6598
70 15 7460
70 16 1641
70 17 2061
70 18 4368
70 19 207
70 20 570
70 21 4599
70 22 4207
70 23 4434
70 24 5543
70 25 1971
70 26 1695
70 27 447
70 28 5634
70 29 1707
70 30 5848
70 31 3
70 32 1151
70 33 4002
70 34 1491
70 35 894
70 36 4987
70 37 6157
70 38 2015
70 39 3426
70 40 5169
70 41 4949
70 42 6539
70 43 5721
70 44 2968
70 45 7143
70 46 4049
70 47 551
70 48 6299
70 49 4158
70 50 5301
70 51 7312
70 52 4916
70 53 4674
70 54 3457
70 55 3503
70 56 4366
70 57 4087
70 58 5242
70 59 963
70 60 295
70 61 5386
70 62 2136
70 63 6352
70 64 3354
70 65 5689
70 66 6645
70 67 539
70 68 367
70 69 2286
