70 4830
1 2 780
1 3 2585
1 4 4109
1 5 6222
1 6 2056
1 7 387
1 8 6773
1 9 2399
1 10 6606
1 11 1299
1 12 19
1 13 817
1 14 3614
1 15 159
1 16 4353
1 17 383
1 18 2865
1 19 3645
1 20 6365
1 21 6421
1 22 3099
1 23 6567
1 24 6612
1 25 7078
1 26 811
1 27 580
1 28 172
1 29 4804
1 30 5595
1 31 6100
1 32 7115
1 33 1679
1 34 1660
1 35 3266
1 36 1038
1 37 7418
1 38 1461
1 39 2895
1 40 1286
1 41 2701
1 42 7117
1 43 4658
1 44 3678
1 45 2636
1 46 885
1 47 3262
1 48 5792
1 49 2292
1 50 4024
1 51 4279
1 52 6986
1 53 2683
1 54 3716
1 55 4734
1 56 3390
1 57 5386
1 58 91
1 59 504
1 60 3767
1 61 3399
1 62 969
1 63 6119
1 64 1410
1 65 3668
1 66 6033
1 67 4675
1 68 3104
1 69 586
1 70 3146
2 1 3292
2 3 6246
2 4 2848
2 5 6772
2 6 2135
2 7 5124
2 8 3737
2 9 5447
2 10 5276
2 11 1771
2 12 7037
2 13 3755
2 14 1560
2 15 2984
2 16 6498
2 17 1888
2 18 6632
2 19 3579
2 20 6070
2 21 478
2 22 3940
2 23 5455
2 24 4872
2 25 3156
2 26 3845
2 27 4004
2 28 6750
2 29 4741
2 30 3387
2 31 861
2 32 2400
2 33 2748
2 34 5151
2 35 3312
2 36 2922
2 37 5339
2 38 6293
2 39 1123
2 40 1740
2 41 1273
2 42 2302
2 43 1543
2 44 1660
2 45 2889
2 46 1631
2 47 4052
2 48 7405
2 49 2160
2 50 1877
2 51 4148
2 52 3507
2 53 3517
2 54 2291
2 55 6127
2 56 939
2 57 6456
2 58 3166
2 59 2496
2 60 6797
2 61 2393
2 62 6538
2 63 7402
2 64 1413
2 65 3489
2 66 4257
2 67 984
2 68 5037
2 69 2169
2 70 7445
3 1 4671
3 2 6533
3 4 99
3 5 2902
3 6 4664
3 7 351
3 8 760
3 9 7088
3 10 3854
3 11 2285
3 12 2342
3 13 3043
3 14 3846
3 15 6513
3 16 140
3 17 4839
3 18 3648
3 19 4887
3 20 4471
3 21 5067
3 22 665
3 23 1883
3 24 1375
3 25 3173
3 26 3694
3 27 468
3 28 3527
3 29 3197
3 30 2202
3 31 5095
3 32 3432
3 33 456
3 34 2855
3 35 925
3 36 4364
3 37 3290
3 38 1292
3 39 3254
3 40 2017
3 41 5216
3 42 3827
3 43 223
3 44 2174
3 45 4090
3 46 4177
3 47 6638
3 48 2081
3 49 4446
3 50 1217
3 51 4775
3 52 827
3 53 3352
3 54 5181
3 55 3157
3 56 5919
3 57 5976
3 58 1393
3 59 6293
3 60 3758
3 61 2176
3 62 5916
3 63 2978
3 64 2794
3 65 4700
3 66 6168
3 67 6079
3 68 4521
3 69 3630
3 70 4853
4 1 3782
4 2 5351
4 3 1912
4 5 6852
4 6 3185
4 7 801
4 8 3795
4 9 639
4 10 11
4 11 1469
4 12 6689
4 13 4347
4 14 5142
4 15 3990
4 16 1783
4 17 1447
4 18 873
4 19 1605
4 20 7283
4 21 2568
4 22 5206
4 23 6882
4 24 4814
4 25 1835
4 26 1233
4 27 506
4 28 7089
4 29 6385
4 30 707
4 31 7147
4 32 3071
4 33 2178
4 34 4615
4 35 5625
4 36 795
4 37 4614
4 38 5905
4 39 6157
4 40 514
4 41 2113
4 42 6905
4 43 3811
4 44 2950
4 45 7402
4 46 5938
4 47 2975
4 48 2861
4 49 955
4 50 6236
4 51 5686
4 52 3178
4 53 6274
4 54 3002
4 55 2040
4 56 2837
4 57 4426
4 58 5946
4 59 3690
4 60 25
4 61 2642
4 62 1283
4 63 4965
4 64 1109
4 65 4221
4 66 3564
4 67 2540
4 68 4729
4 69 4393
4 70 1863
5 1 1334
5 2 6998
5 3 697
5 4 5946
5 6 781
5 7 6548
5 8 2507
5 9 930
5 10 3612
5 11 6771
5 12 1686
5 13 5469
5 14 5175
5 15 6407
5 16 2946
5 17 5488
5 18 3262
5 19 3309
5 20 6104
5 21 4434
5 22 5091
5 23 406
5 24 1498
5 25 4227
5 26 1805
5 27 4507
5 28 4743
5 29 7232
5 30 3027
5 31 4949
5 32 1009
5 33 2405
5 34 6698
5 35 4466
5 36 6358
5 37 1814
5 38 3716
5 39 1148
5 40 3632
5 41 4337
5 42 6168
5 43 7333
5 44 4784
5 45 6164
5 46 6427
5 47 5435
5 48 4768
5 49 3319
5 50 3904
5 51 4524
5 52 7109
5 53 117
5 54 603
5 55 398
5 56 787
5 57 470
5 58 402
5 59 3526
5 60 2193
5 61 6957
5 62 2845
5 63 4584
5 64 3200
5 65 2713
5 66 7096
5 67 1952
5 68 4482
5 69 5057
5 70 6222
6 1 1394
6 2 2072
6 3 5233
6 4 6739
6 5 5069
6 7 5740
6 8 4565
6 9 5592
6 10 1397
6 11 5457
6 12 6336
6 13 2043
6 14 2742
6 15 6653
6 16 4927
6 17 1990
6 18 5147
6 19 1766
6 20 7140
6 21 5030
6 22 2829
6 23 4624
6 24 3306
6 25 1319
6 26 6869
6 27 2063
6 28 2566
6 29 1181
6 30 1345
6 31 2838
6 32 2598
6 33 3283
6 34 5732
6 35 3180
6 36 454
6 37 317
6 38 3834
6 39 6755
6 40 2385
6 41 6661
6 42 2098
6 43 1829
6 44 80
6 45 6527
6 46 2416
6 47 1323
6 48 1595
6 49 644
6 50 7490
6 51 6437
6 52 726
6 53 3109
6 54 3490
6 55 5353
6 56 6513
6 57 496
6 58 4089
6 59 237
6 60 3687
6 61 650
6 62 427
6 63 257
6 64 4675
6 65 5076
6 66 3856
6 67 1167
6 68 7137
6 69 4002
6 70 225
7 1 3956
7 2 5939
7 3 5578
7 4 3512
7 5 3037
7 6 432
7 8 5596
7 9 5574
7 10 3815
7 11 5072
7 12 1923
7 13 4737
7 14 1585
7 15 162
7 16 408
7 17 5318
7 18 3814
7 19 4318
7 20 4619
7 21 2
7 22 6563
7 23 6353
7 24 2129
7 25 5688
7 26 1701
7 27 5399
7 28 4915
7 29 6321
7 30 5535
7 31 2175
7 32 4602
7 33 1933
7 34 5566
7 35 982
7 36 7217
7 37 1807
7 38 6666
7 39 5935
7 40 5325
7 41 2048
7 42 1080
7 43 6889
7 44 3577
7 45 7248
7 46 6313
7 47 442
7 48 7344
7 49 4715
7 50 7344
7 51 3992
7 52 6971
7 53 6059
7 54 6301
7 55 6178
7 56 3504
7 57 674
7 58 4411
7 59 1887
7 60 1343
7 61 979
7 62 1241
7 63 1327
7 64 5317
7 65 5502
7 66 5535
7 67 2272
7 68 422
7 69 7342
7 70 3827
8 1 5624
8 2 1752
8 3 4392
8 4 2206
8 5 7237
8 6 2898
8 7 1252
8 9 833
8 10 5568
8 11 4379
8 12 889
8 13 3696
8 14 3098
8 15 24
8 16 2884
8 17 1216
8 18 3394
8 19 4879
8 20 5646
8 21 5239
8 22 2808
8 23 7464
8 24 6607
8 25 3110
8 26 4934
8 27 2833
8 28 2755
8 29 5384
8 30 6641
8 31 4536
8 32 4007
8 33 2945
8 34 3236
8 35 7296
8 36 6806
8 37 6439
8 38 2557
8 39 5714
8 40 1162
8 41 4663
8 42 7007
8 43 3997
8 44 3809
8 45 6880
8 46 6282
8 47 697
8 48 6799
8 49 7432
8 50 2725
8 51 1869
8 52 5010
8 53 3419
8 54 1678
8 55 782
8 56 7090
8 57 418
8 58 7400
8 59 729
8 60 7170
8 61 1484
8 62 205
8 63 1808
8 64 3094
8 65 4600
8 66 6350
8 67 3148
8 68 4918
8 69 2024
8 70 6127
9 1 4188
9 2 761
9 3 1901
9 4 2695
9 5 6397
9 6 2643
9 7 4828
9 8 2241
9 10 2613
9 11 433
9 12 1542
9 13 6026
9 14 7418
9 15 1129
9 16 5846
9 17 5599
9 18 3719
9 19 7302
9 20 546
9 21 5913
9 22 5331
9 23 2007
9 24 5053
9 25 6065
9 26 2805
9 27 3016
9 28 4731
9 29 5605
9 30 3008
9 31 6189
9 32 798
9 33 7013
9 34 5169
9 35 3658
9 36 3886
9 37 2662
9 38 498
9 39 2419
9 40 280
9 41 1723
9 42 3680
9 43 1474
9 44 1095
9 45 415
9 46 5358
9 47 4272
9 48 136
9 49 2292
9 50 6928
9 51 4694
9 52 3299
9 53 6186
9 54 2913
9 55 5012
9 56 2698
9 57 5088
9 58 6874
9 59 6550
9 60 3232
9 61 443
9 62 5099
9 63 1571
9 64 3069
9 65 1037
9 66 1669
9 67 3749
9 68 5993
9 69 1865
9 70 2593
10 1 6229
10 2 6941
10 3 4476
10 4 2119
10 5 3210
10 6 709
10 7 2071
10 8 5195
10 9 120
10 11 2161
10 12 3391
10 13 2316
10 14 2457
10 15 1266
10 16 7210
10 17 5340
10 18 1202
10 19 2030
10 20 2478
10 21 3258
10 22 6925
10 23 2549
10 24 6481
10 25 7272
10 26 6188
10 27 1216
10 28 6165
10 29 6698
10 30 3354
10 31 452
10 32 1435
10 33 6617
10 34 7485
10 35 3940
10 36 3746
10 37 5122
10 38 6748
10 39 1539
10 40 6147
10 41 2661
10 42 6198
10 43 3826
10 44 3526
10 45 4957
10 46 1988
10 47 2933
10 48 2252
10 49 6270
10 50 1821
10 51 929
10 52 1587
10 53 3506
10 54 6594
10 55 7449
10 56 3214
10 57 1778
10 58 4987
10 59 2862
10 60 2867
10 61 5991
10 62 1649
10 63 3387
10 64 391
10 65 7110
10 66 7150
10 67 5703
10 68 5550
10 69 4334
10 70 6937
11 1 2801
11 2 7051
11 3 6793
11 4 7142
11 5 405
11 6 3135
11 7 4778
11 8 7485
11 9 6577
11 10 2859
11 12 237
11 13 4839
11 14 7195
11 15 4534
11 16 5044
11 17 5239
11 18 1652
11 19 2761
11 20 3209
11 21 125
11 22 4211
11 23 7086
11 24 1515
11 25 3436
11 26 5725
11 27 2868
11 28 7109
11 29 3453
11 30 1560
11 31 5884
11 32 6714
11 33 1459
11 34 2124
11 35 4244
11 36 4236
11 37 5488
11 38 4199
11 39 7039
11 40 279
11 41 3707
11 42 5942
11 43 6769
11 44 3809
11 45 5149
11 46 4521
11 47 6084
11 48 2028
11 49 6595
11 50 4089
11 51 1237
11 52 3252
11 53 393
11 54 7063
11 55 4262
11 56 6156
11 57 64
11 58 3953
11 59 3457
11 60 3167
11 61 1436
11 62 5969
11 63 4189
11 64 7483
11 65 7100
11 66 7497
11 67 6208
11 68 1859
11 69 1814
11 70 6226
12 1 1474
12 2 4807
12 3 3621
12 4 5877
12 5 3501
12 6 6800
12 7 1757
12 8 4
12 9 3208
12 10 726
12 11 6260
12 13 5311
12 14 591
12 15 2346
12 16 4097
12 17 3650
12 18 490
12 19 784
12 20 6245
12 21 5603
12 22 41
12 23 600
12 24 2342
12 25 4778
12 26 6197
12 27 7227
12 28 1894
12 29 5017
12 30 2200
12 31 1281
12 32 1034
12 33 6931
12 34 2539
12 35 5903
12 36 6505
12 37 5561
12 38 2753
12 39 1778
12 40 6573
12 41 3689
12 42 7305
12 43 2855
12 44 1853
12 45 7295
12 46 5270
12 47 4332
12 48 3899
12 49 2215
12 50 4536
12 51 4420
12 52 2346
12 53 2896
12 54 3959
12 55 7014
12 56 3047
12 57 6155
12 58 6187
12 59 6094
12 60 2073
12 61 5616
12 62 3992
12 63 605
12 64 2012
12 65 549
12 66 865
12 67 7371
12 68 4073
12 69 5621
12 70 5456
13 1 3975
13 2 4125
13 3 3284
13 4 2271
13 5 4191
13 6 4474
13 7 3867
13 8 3738
13 9 158
13 10 3547
13 11 2113
13 12 4131
13 14 351
13 15 2952
13 16 5724
13 17 357
13 18 7284
13 19 7357
13 20 103
13 21 6042
13 22 1208
13 23 6128
13 24 1294
13 25 1092
13 26 733
13 27 5858
13 28 2709
13 29 5960
13 30 6991
13 31 6704
13 32 5236
13 33 2084
13 34 3720
13 35 6418
13 36 5653
13 37 2449
13 38 164
13 39 7135
13 40 693
13 41 4514
13 42 6821
13 43 5307
13 44 4021
13 45 3847
13 46 31
13 47 6820
13 48 2853
13 49 3765
13 50 7354
13 51 6928
13 52 5104
13 53 3165
13 54 4904
13 55 5073
13 56 3739
13 57 4068
13 58 5841
13 59 6999
13 60 3605
13 61 3511
13 62 3724
13 63 5465
13 64 3236
13 65 97
13 66 5793
13 67 1944
13 68 6210
13 69 4627
13 70 6542
14 1 925
14 2 4019
14 3 1377
14 4 1238
14 5 1089
14 6 147
14 7 3017
14 8 3704
14 9 772
14 10 4685
14 11 3281
14 12 3905
14 13 5175
14 15 4897
14 16 346
14 17 506
14 18 984
14 19 607
14 20 3047
14 21 4479
14 22 1162
14 23 4640
14 24 6430
14 25 5303
14 26 2073
14 27 5528
14 28 5860
14 29 714
14 30 3231
14 31 3827
14 32 2114
14 33 2907
14 34 6287
14 35 4874
14 36 2251
14 37 127
14 38 2377
14 39 298
14 40 7237
14 41 4673
14 42 4589
14 43 1777
14 44 1394
14 45 4134
14 46 824
14 47 6594
14 48 3426
14 49 4901
14 50 3369
14 51 5222
14 52 5002
14 53 754
14 54 6067
14 55 527
14 56 402
14 57 4360
14 58 6382
14 59 1025
14 60 4080
14 61 5231
14 62 5311
14 63 3038
14 64 5002
14 65 1347
14 66 7424
14 67 5553
14 68 4376
14 69 6692
14 70 3784
15 1 5411
15 2 2282
15 3 2903
15 4 3109
15 5 757
15 6 2631
15 7 5858
15 8 4460
15 9 3030
15 10 179
15 11 4620
15 12 2217
15 13 3417
15 14 5243
15 16 6244
15 17 2755
15 18 6463
15 19 1149
15 20 7221
15 21 1274
15 22 2564
15 23 4080
15 24 5371
15 25 3898
15 26 4649
15 27 967
15 28 3833
15 29 6836
15 30 7455
15 31 3416
15 32 6666
15 33 2690
15 34 6079
15 35 4163
15 36 5099
15 37 1735
15 38 6256
15 39 4023
15 40 4028
15 41 3740
15 42 341
15 43 6261
15 44 2436
15 45 112
15 46 4959
15 47 2848
15 48 6898
15 49 578
15 50 3833
15 51 5471
15 52 6995
15 53 3198
15 54 1500
15 55 2942
15 56 6899
15 57 1050
15 58 4471
15 59 4727
15 60 6996
15 61 2642
15 62 6129
15 63 5487
15 64 3985
15 65 7160
15 66 3034
15 67 2628
15 68 4819
15 69 3857
15 70 4743
16 1 6268
16 2 3046
16 3 3309
16 4 5218
16 5 2006
16 6 847
16 7 3064
16 8 7156
16 9 6503
16 10 6346
16 11 406
16 12 6011
16 13 5591
16 14 3554
16 15 2633
16 17 1080
16 18 5041
16 19 2767
16 20 2720
16 21 2854
16 22 2680
16 23 3594
16 24 3538
16 25 6339
16 26 5988
16 27 6982
16 28 20
16 29 6944
16 30 5660
16 31 6127
16 32 1185
16 33 2707
16 34 1540
16 35 4490
16 36 1608
16 37 4903
16 38 3790
16 39 1749
16 40 5977
16 41 2351
16 42 534
16 43 3625
16 44 4758
16 45 2404
16 46 1657
16 47 2882
16 48 4305
16 49 184
16 50 5199
16 51 3872
16 52 2391
16 53 6494
16 54 1086
16 55 1524
16 56 7002
16 57 7098
16 58 3580
16 59 6199
16 60 6577
16 61 3259
16 62 4168
16 63 7188
16 64 5725
16 65 6443
16 66 7424
16 67 1167
16 68 5579
16 69 7216
16 70 5491
17 1 6275
17 2 3025
17 3 4513
17 4 2487
17 5 4410
17 6 1698
17 7 1465
17 8 6521
17 9 6151
17 10 5491
17 11 2795
17 12 2906
17 13 7284
17 14 5775
17 15 2354
17 16 456
17 18 4246
17 19 6013
17 20 6463
17 21 6527
17 22 6651
17 23 40
17 24 7485
17 25 676
17 26 4566
17 27 121
17 28 124
17 29 2872
17 30 7090
17 31 2862
17 32 4866
17 33 7407
17 34 941
17 35 3662
17 36 1034
17 37 946
17 38 7184
17 39 7312
17 40 1806
17 41 1530
17 42 3926
17 43 6321
17 44 246
17 45 7268
17 46 1373
17 47 4068
17 48 5398
17 49 4113
17 50 2337
17 51 421
17 52 1063
17 53 4123
17 54 1672
17 55 6604
17 56 840
17 57 1616
17 58 5853
17 59 1498
17 60 2464
17 61 3331
17 62 1461
17 63 6240
17 64 6658
17 65 272
17 66 2691
17 67 1364
17 68 2622
17 69 983
17 70 2056
18 1 1417
18 2 6593
18 3 3034
18 4 4300
18 5 891
18 6 1887
18 7 4934
18 8 4279
18 9 310
18 10 5328
18 11 5135
18 12 4301
18 13 244
18 14 2997
18 15 1326
18 16 3909
18 17 5838
18 19 926
18 20 5716
18 21 7478
18 22 6156
18 23 6193
18 24 5005
18 25 3442
18 26 4362
18 27 106
18 28 2724
18 29 5583
18 30 1446
18 31 4485
18 32 1149
18 33 4384
18 34 5587
18 35 6295
18 36 1746
18 37 2317
18 38 2544
18 39 5636
18 40 5194
18 41 698
18 42 4558
18 43 6064
18 44 1338
18 45 2842
18 46 2765
18 47 1486
18 48 6197
18 49 2808
18 50 5270
18 51 247
18 52 3270
18 53 1106
18 54 7233
18 55 6883
18 56 6802
18 57 2713
18 58 5526
18 59 3169
18 60 3287
18 61 3475
18 62 4489
18 63 4473
18 64 506
18 65 3861
18 66 4463
18 67 5912
18 68 4293
18 69 7355
18 70 174
19 1 4437
19 2 3153
19 3 3128
19 4 3365
19 5 2212
19 6 2764
19 7 4938
19 8 3934
19 9 821
19 10 5942
19 11 1413
19 12 6492
19 13 6847
19 14 1946
19 15 3474
19 16 3010
19 17 1622
19 18 1170
19 20 5136
19 21 6126
19 22 1482
19 23 1255
19 24 6823
19 25 5664
19 26 6968
19 27 617
19 28 6108
19 29 1858
19 30 3592
19 31 2874
19 32 91
19 33 3400
19 34 2528
19 35 4166
19 36 7342
19 37 1970
19 38 3608
19 39 6371
19 40 1497
19 41 1004
19 42 2493
19 43 6012
19 44 7081
19 45 6
19 46 2718
19 47 7018
19 48 2338
19 49 6029
19 50 2088
19 51 532
19 52 3141
19 53 6897
19 54 6272
19 55 6043
19 56 3971
19 57 6131
19 58 124
19 59 3660
19 60 1237
19 61 3003
19 62 3035
19 63 4533
19 64 1089
19 65 4898
19 66 1303
19 67 655
19 68 5600
19 69 630
19 70 16
20 1 3195
20 2 6062
20 3 5607
20 4 275
20 5 2528
20 6 3344
20 7 6602
20 8 7257
20 9 6764
20 10 6895
20 11 2917
20 12 1783
20 13 6567
20 14 134
20 15 2193
20 16 4827
20 17 1328
20 18 2390
20 19 607
20 21 6123
20 22 3450
20 23 5619
20 24 559
20 25 71
20 26 5132
20 27 5187
20 28 4833
20 29 4929
20 30 1966
20 31 3239
20 32 3909
20 33 4015
20 34 211
20 35 5787
20 36 658
20 37 5961
20 38 5081
20 39 5435
20 40 2669
20 41 638
20 42 402
20 43 4594
20 44 3195
20 45 6480
20 46 4512
20 47 4059
20 48 3480
20 49 2854
20 50 5493
20 51 2589
20 52 3404
20 53 6378
20 54 6299
20 55 3967
20 56 5498
20 57 291
20 58 6136
20 59 7216
20 60 1291
20 61 5602
20 62 2011
20 63 4639
20 64 6656
20 65 5543
20 66 6334
20 67 5331
20 68 2059
20 69 2784
20 70 329
21 1 101
21 2 2657
21 3 6013
21 4 924
21 5 927
21 6 104
21 7 2412
21 8 1773
21 9 3344
21 10 4914
21 11 1614
21 12 5710
21 13 6316
21 14 5081
21 15 6763
21 16 4136
21 17 5051
21 18 5544
21 19 5850
21 20 1716
21 22 7105
21 23 6409
21 24 5983
21 25 6329
21 26 278
21 27 2714
21 28 4225
21 29 433
21 30 7178
21 31 1273
21 32 3853
21 33 1304
21 34 1479
21 35 1316
21 36 6838
21 37 5100
21 38 5601
21 39 2595
21 40 5686
21 41 2492
21 42 2472
21 43 3868
21 44 287
21 45 24
21 46 5486
21 47 445
21 48 1873
21 49 5072
21 50 601
21 51 5651
21 52 4870
21 53 2064
21 54 3146
21 55 2703
21 56 3560
21 57 3353
21 58 736
21 59 2491
21 60 2431
21 61 2504
21 62 5665
21 63 1751
21 64 2873
21 65 1427
21 66 4137
21 67 4861
21 68 6122
21 69 2640
21 70 5005
22 1 1482
22 2 3879
22 3 6126
22 4 6900
22 5 6095
22 6 4955
22 7 7359
22 8 2218
22 9 1834
22 10 7267
22 11 46
22 12 4625
22 13 4434
22 14 3631
22 15 3175
22 16 1254
22 17 6184
22 18 5065
22 19 1104
22 20 6441
22 21 2539
22 23 5042
22 24 3053
22 25 4909
22 26 6803
22 27 6773
22 28 6176
22 29 6892
22 30 2167
22 31 4210
22 32 432
22 33 185
22 34 3962
22 35 3498
22 36 1654
22 37 3305
22 38 2275
22 39 6212
22 40 6204
22 41 7332
22 42 6211
22 43 101
22 44 3685
22 45 6384
22 46 1595
22 47 371
22 48 3947
22 49 4162
22 50 2254
22 51 4656
22 52 1917
22 53 5767
22 54 2690
22 55 2060
22 56 3844
22 57 6701
22 58 1775
22 59 4248
22 60 2362
22 61 7044
22 62 7059
22 63 606
22 64 3212
22 65 3615
22 66 7428
22 67 9
22 68 3816
22 69 2575
22 70 2651
23 1 3192
23 2 3469
23 3 5430
23 4 5751
23 5 864
23 6 7403
23 7 2695
23 8 4541
23 9 3805
23 10 2068
23 11 2257
23 12 6275
23 13 2808
23 14 6645
23 15 7334
23 16 2341
23 17 593
23 18 3821
23 19 3662
23 20 2990
23 21 6697
23 22 5853
23 24 1523
23 25 6062
23 26 3679
23 27 3859
23 28 6965
23 29 843
23 30 5271
23 31 6623
23 32 4123
23 33 4258
23 34 6335
23 35 2292
23 36 6416
23 37 1147
23 38 2307
23 39 4803
23 40 2667
23 41 272
23 42 3347
23 43 4967
23 44 6971
23 45 3804
23 46 1372
23 47 2873
23 48 4048
23 49 2880
23 50 4182
23 51 3463
23 52 6473
23 53 7080
23 54 5300
23 55 275
23 56 1029
23 57 6231
23 58 4454
23 59 580
23 60 1967
23 61 4526
23 62 3814
23 63 5195
23 64 889
23 65 6679
23 66 2394
23 67 260
23 68 1786
23 69 2311
23 70 1681
24 1 126
24 2 6674
24 3 4262
24 4 5390
24 5 5433
24 6 339
24 7 6019
24 8 419
24 9 5457
24 10 95
24 11 3888
24 12 6560
24 13 4281
24 14 604
24 15 5791
24 16 5160
24 17 5700
24 18 5698
24 19 4899
24 20 2388
24 21 2960
24 22 1358
24 23 2271
24 25 3484
24 26 2945
24 27 1686
24 28 282
24 29 6326
24 30 6158
24 31 2302
24 32 4254
24 33 4862
24 34 6740
24 35 7381
24 36 6483
24 37 1868
24 38 6474
24 39 4063
24 40 1059
24 41 1815
24 42 1345
24 43 6246
24 44 1146
24 45 6548
24 46 696
24 47 5564
24 48 3985
24 49 826
24 50 6202
24 51 5776
24 52 6989
24 53 3533
24 54 1404
24 55 3987
24 56 2615
24 57 3227
24 58 4828
24 59 3176
24 60 780
24 61 6399
24 62 3995
24 63 6885
24 64 3062
24 65 5515
24 66 6545
24 67 6487
24 68 1162
24 69 7018
24 70 4744
25 1 833
25 2 781
25 3 5489
25 4 2929
25 5 6104
25 6 6107
25 7 593
25 8 5493
25 9 4902
25 10 7285
25 11 1307
25 12 1079
25 13 603
25 14 4261
25 15 6857
25 16 2456
25 17 2790
25 18 3920
25 19 2415
25 20 4417
25 21 6364
25 22 6202
25 23 760
25 24 1193
25 26 6384
25 27 6270
25 28 3752
25 29 4785
25 30 2935
25 31 7111
25 32 310
25 33 3053
25 34 5942
25 35 431
25 36 5956
25 37 6384
25 38 7324
25 39 2346
25 40 7080
25 41 4971
25 42 3610
25 43 6882
25 44 6958
25 45 2663
25 46 2358
25 47 4857
25 48 6385
25 49 1629
25 50 1943
25 51 6216
25 52 6419
25 53 6866
25 54 5240
25 55 4767
25 56 6542
25 57 5581
25 58 6735
25 59 7346
25 60 1780
25 61 3222
25 62 743
25 63 930
25 64 3138
25 65 5537
25 66 4881
25 67 422
25 68 6714
25 69 467
25 70 1941
26 1 451
26 2 457
26 3 1879
26 4 2730
26 5 3110
26 6 4713
26 7 5372
26 8 1246
26 9 6891
26 10 7283
26 11 2360
26 12 6461
26 13 7375
26 14 5909
26 15 6280
26 16 3444
26 17 3799
26 18 4215
26 19 4360
26 20 5362
26 21 1657
26 22 6772
26 23 7404
26 24 1563
26 25 3374
26 27 5683
26 28 4180
26 29 6925
26 30 4138
26 31 5450
26 32 4387
26 33 5850
26 34 203
26 35 2235
26 36 6695
26 37 2725
26 38 4881
26 39 659
26 40 5966
26 41 5873
26 42 1155
26 43 3269
26 44 1897
26 45 1171
26 46 5789
26 47 4903
26 48 4602
26 49 6406
26 50 3196
26 51 7333
26 52 398
26 53 6371
26 54 6409
26 55 3250
26 56 5714
26 57 6451
26 58 5775
26 59 3666
26 60 839
26 61 5148
26 62 4473
26 63 3927
26 64 3301
26 65 671
26 66 469
26 67 2082
26 68 5889
26 69 101
26 70 1545
27 1 403
27 2 1003
27 3 1245
27 4 6971
27 5 5204
27 6 4571
27 7 2012
27 8 6775
27 9 2012
27 10 6635
27 11 3422
27 12 3092
27 13 7453
27 14 4705
27 15 3164
27 16 1308
27 17 7395
27 18 6533
27 19 4351
27 20 3543
27 21 4111
27 22 3882
27 23 5441
27 24 1560
27 25 4314
27 26 5384
27 28 3828
27 29 5346
27 30 922
27 31 7429
27 32 4066
27 33 4385
27 34 3684
27 35 4065
27 36 2437
27 37 4759
27 38 6146
27 39 4854
27 40 6686
27 41 1864
27 42 451
27 43 4401
27 44 2336
27 45 3043
27 46 6617
27 47 7490
27 48 1797
27 49 453
27 50 4585
27 51 7137
27 52 2853
27 53 6277
27 54 6352
27 55 6994
27 56 5401
27 57 320
27 58 4539
27 59 3086
27 60 3944
27 61 5203
27 62 425
27 63 5575
27 64 3441
27 65 5934
27 66 3392
27 67 6046
27 68 5782
27 69 6348
27 70 7061
28 1 4694
28 2 4698
28 3 3111
28 4 7220
28 5 4312
28 6 3027
28 7 1054
28 8 7104
28 9 5033
28 10 2499
28 11 6397
28 12 7406
28 13 3017
28 14 5142
28 15 4005
28 16 168
28 17 491
28 18 2069
28 19 584
28 20 5785
28 21 7172
28 22 1352
28 23 326
28 24 4268
28 25 872
28 26 2170
28 27 5147
28 29 3276
28 30 6808
28 31 4358
28 32 5878
28 33 2416
28 34 6311
28 35 4859
28 36 5259
28 37 5817
28 38 3844
28 39 6920
28 40 190
28 41 5111
28 42 7402
28 43 1148
28 44 6192
28 45 3424
28 46 3634
28 47 4925
28 48 2473
28 49 1674
28 50 260
28 51 4771
28 52 315
28 53 7099
28 54 227
28 55 6405
28 56 960
28 57 6935
28 58 3885
28 59 2846
28 60 3100
28 61 1820
28 62 6478
28 63 2523
28 64 6282
28 65 3521
28 66 4572
28 67 4113
28 68 1
28 69 561
28 70 5938
29 1 4709
29 2 5390
29 3 5872
29 4 2994
29 5 290
29 6 195
29 7 4765
29 8 5220
29 9 5320
29 10 3731
29 11 3652
29 12 3595
29 13 558
29 14 2031
29 15 6120
29 16 6111
29 17 2312
29 18 798
29 19 3537
29 20 1612
29 21 3179
29 22 3719
29 23 3296
29 24 1115
29 25 840
29 26 5056
29 27 2318
29 28 4057
29 30 4234
29 31 1091
29 32 4161
29 33 3430
29 34 4038
29 35 575
29 36 5946
29 37 5740
29 38 4697
29 39 1736
29 40 2571
29 41 2420
29 42 7100
29 43 4300
29 44 2560
29 45 4749
29 46 139
29 47 5169
29 48 3300
29 49 6087
29 50 6684
29 51 5392
29 52 3875
29 53 2953
29 54 1987
29 55 4201
29 56 2841
29 57 3739
29 58 1821
29 59 334
29 60 5662
29 61 1738
29 62 2037
29 63 4350
29 64 6136
29 65 2254
29 66 5211
29 67 2258
29 68 6767
29 69 2914
29 70 6498
30 1 641
30 2 313
30 3 7027
30 4 7417
30 5 1503
30 6 481
30 7 2139
30 8 6639
30 9 4312
30 10 4561
30 11 2924
30 12 3907
30 13 4578
30 14 682
30 15 2494
30 16 7118
30 17 4406
30 18 7388
30 19 3658
30 20 1350
30 21 3611
30 22 5986
30 23 1981
30 24 7047
30 25 7310
30 26 6075
30 27 763
30 28 1380
30 29 1901
30 31 1595
30 32 2411
30 33 2530
30 34 2420
30 35 1929
30 36 3402
30 37 5088
30 38 3235
30 39 1263
30 40 2601
30 41 2214
30 42 7188
30 43 4072
30 44 831
30 45 2821
30 46 3937
30 47 3908
30 48 6331
30 49 4062
30 50 1134
30 51 5354
30 52 927
30 53 1957
30 54 1887
30 55 1461
30 56 4513
30 57 5425
30 58 4499
30 59 2919
30 60 1541
30 61 2420
30 62 6698
30 63 2809
30 64 6797
30 65 3547
30 66 918
30 67 4655
30 68 6665
30 69 2748
30 70 4775
31 1 7123
31 2 6554
31 3 4325
31 4 4189
31 5 6143
31 6 5087
31 7 2993
31 8 2576
31 9 3402
31 10 335
31 11 2606
31 12 7377
31 13 6232
31 14 5022
31 15 6610
31 16 2106
31 17 4885
31 18 2907
31 19 3831
31 20 3655
31 21 6455
31 22 3832
31 23 4597
31 24 6581
31 25 903
31 26 1162
31 27 2254
31 28 3866
31 29 6974
31 30 187
31 32 1071
31 33 1759
31 34 5898
31 35 5333
31 36 3208
31 37 1029
31 38 5511
31 39 3281
31 40 1860
31 41 7272
31 42 5188
31 43 4021
31 44 5602
31 45 4897
31 46 1077
31 47 683
31 48 7389
31 49 7245
31 50 7090
31 51 3875
31 52 2167
31 53 6740
31 54 5114
31 55 2742
31 56 731
31 57 5131
31 58 2634
31 59 2461
31 60 2591
31 61 6318
31 62 6486
31 63 2464
31 64 5187
31 65 2492
31 66 7288
31 67 1253
31 68 4763
31 69 5549
31 70 661
32 1 3785
32 2 5650
32 3 1894
32 4 1091
32 5 77
32 6 2546
32 7 4034
32 8 4351
32 9 7461
32 10 1207
32 11 5300
32 12 6345
32 13 2762
32 14 3814
32 15 5355
32 16 7236
32 17 5726
32 18 1873
32 19 618
32 20 1031
32 21 2896
32 22 6241
32 23 4918
32 24 3939
32 25 2941
32 26 1253
32 27 5327
32 28 1636
32 29 2214
32 30 4752
32 31 3583
32 33 3421
32 34 4234
32 35 3502
32 36 2856
32 37 2565
32 38 874
32 39 6067
32 40 1727
32 41 743
32 42 935
32 43 1795
32 44 4330
32 45 4848
32 46 6618
32 47 6939
32 48 2891
32 49 4803
32 50 4805
32 51 3933
32 52 5085
32 53 7078
32 54 1764
32 55 6
32 56 5003
32 57 5488
32 58 2143
32 59 193
32 60 2128
32 61 1785
32 62 502
32 63 2236
32 64 4504
32 65 5772
32 66 2915
32 67 1521
32 68 7206
32 69 6204
32 70 4673
33 1 4658
33 2 1527
33 3 4155
33 4 13
33 5 648
33 6 887
33 7 4186
33 8 2999
33 9 2417
33 10 135
33 11 6022
33 12 406
33 13 6022
33 14 5058
33 15 3600
33 16 6147
33 17 3806
33 18 6937
33 19 241
33 20 5039
33 21 540
33 22 1842
33 23 743
33 24 801
33 25 4130
33 26 5931
33 27 124
33 28 5509
33 29 4988
33 30 4849
33 31 6501
33 32 5104
33 34 7299
33 35 4908
33 36 1450
33 37 1003
33 38 4484
33 39 4542
33 40 869
33 41 4932
33 42 4453
33 43 7052
33 44 5833
33 45 5874
33 46 2191
33 47 2791
33 48 4212
33 49 5532
33 50 6709
33 51 790
33 52 3945
33 53 7198
33 54 2940
33 55 3026
33 56 488
33 57 771
33 58 6077
33 59 7280
33 60 2988
33 61 2446
33 62 4400
33 63 3674
33 64 1332
33 65 2309
33 66 1828
33 67 7048
33 68 5609
33 69 2141
33 70 4739
34 1 3024
34 2 7362
34 3 3359
34 4 1252
34 5 2196
34 6 530
34 7 2858
34 8 6673
34 9 1762
34 10 6616
34 11 57
34 12 1017
34 13 185
34 14 4276
34 15 7126
34 16 4347
34 17 2963
34 18 5365
34 19 4296
34 20 1293
34 21 4702
34 22 104
34 23 6376
34 24 2424
34 25 701
34 26 2905
34 27 6993
34 28 4153
34 29 3021
34 30 1505
34 31 5112
34 32 4769
34 33 7266
34 35 4091
34 36 1154
34 37 2262
34 38 3651
34 39 1441
34 40 136
34 41 3726
34 42 6369
34 43 1095
34 44 6957
34 45 4020
34 46 207
34 47 7042
34 48 1277
34 49 5963
34 50 3063
34 51 4394
34 52 6693
34 53 2160
34 54 4582
34 55 3230
34 56 5517
34 57 3942
34 58 184
34 59 3895
34 60 7223
34 61 1117
34 62 6631
34 63 7274
34 64 2627
34 65 3710
34 66 5687
34 67 144
34 68 5258
34 69 3945
34 70 3622
35 1 6113
35 2 5724
35 3 7357
35 4 4230
35 5 2585
35 6 5552
35 7 1545
35 8 4097
35 9 2521
35 10 3202
35 11 4047
35 12 1503
35 13 1671
35 14 396
35 15 5544
35 16 1376
35 17 5838
35 18 1629
35 19 3593
35 20 6505
35 21 1122
35 22 7325
35 23 710
35 24 3496
35 25 1051
35 26 2337
35 27 910
35 28 5997
35 29 6390
35 30 222
35 31 812
35 32 5065
35 33 7146
35 34 3506
35 36 6644
35 37 2245
35 38 5759
35 39 2191
35 40 3307
35 41 5957
35 42 1602
35 43 2197
35 44 7115
35 45 6070
35 46 3372
35 47 4775
35 48 5715
35 49 446
35 50 2786
35 51 1472
35 52 5365
35 53 3502
35 54 7333
35 55 2087
35 56 4874
35 57 6115
35 58 4526
35 59 3251
35 60 6197
35 61 1802
35 62 5874
35 63 4477
35 64 3003
35 65 4754
35 66 2628
35 67 5482
35 68 6738
35 69 761
35 70 2684
36 1 1700
36 2 5670
36 3 4550
36 4 1817
36 5 6819
36 6 6707
36 7 5585
36 8 3636
36 9 4738
36 10 3401
36 11 1209
36 12 2614
36 13 4625
36 14 1390
36 15 3869
36 16 1337
36 17 5095
36 18 4416
36 19 3394
36 20 4590
36 21 6402
36 22 6833
36 23 2260
36 24 3116
36 25 7382
36 26 4046
36 27 7264
36 28 1089
36 29 7270
36 30 3214
36 31 5408
36 32 5094
36 33 66
36 34 2188
36 35 3481
36 37 2528
36 38 1782
36 39 1049
36 40 1896
36 41 4219
36 42 6513
36 43 502
36 44 2295
36 45 1741
36 46 2956
36 47 2729
36 48 1392
36 49 562
36 50 4182
36 51 3853
36 52 589
36 53 1454
36 54 3965
36 55 2675
36 56 943
36 57 1537
36 58 2114
36 59 3612
36 60 781
36 61 5345
36 62 3375
36 63 2120
36 64 5594
36 65 391
36 66 6469
36 67 1668
36 68 7136
36 69 1467
36 70 5639
37 1 3657
37 2 3980
37 3 114
37 4 2583
37 5 3700
37 6 4978
37 7 737
37 8 1789
37 9 4122
37 10 932
37 11 2417
37 12 3524
37 13 579
37 14 2190
37 15 4037
37 16 1985
37 17 5904
37 18 1355
37 19 2724
37 20 714
37 21 1352
37 22 1376
37 23 5088
37 24 3178
37 25 5062
37 26 225
37 27 4092
37 28 2930
37 29 6985
37 30 4399
37 31 3459
37 32 412
37 33 2145
37 34 1620
37 35 7052
37 36 134
37 38 3940
37 39 3083
37 40 4968
37 41 2854
37 42 3942
37 43 221
37 44 5580
37 45 2077
37 46 5876
37 47 1475
37 48 4496
37 49 1734
37 50 1013
37 51 860
37 52 5907
37 53 2205
37 54 211
37 55 703
37 56 1308
37 57 6847
37 58 2752
37 59 2988
37 60 5970
37 61 3668
37 62 1301
37 63 6578
37 64 654
37 65 1001
37 66 428
37 67 4914
37 68 7002
37 69 6060
37 70 6590
38 1 3319
38 2 4477
38 3 4867
38 4 4254
38 5 4728
38 6 2857
38 7 7447
38 8 5836
38 9 3363
38 10 4866
38 11 1785
38 12 1418
38 13 1027
38 14 2354
38 15 7205
38 16 7026
38 17 6158
38 18 5567
38 19 3189
38 20 4288
38 21 6567
38 22 187
38 23 7490
38 24 4000
38 25 4388
38 26 2901
38 27 2457
38 28 1103
38 29 7167
38 30 2307
38 31 3602
38 32 4908
38 33 4547
38 34 4754
38 35 3982
38 36 6293
38 37 7184
38 39 5453
38 40 7131
38 41 5531
38 42 2767
38 43 5764
38 44 7474
38 45 5402
38 46 5115
38 47 7356
38 48 2165
38 49 7177
38 50 4590
38 51 7390
38 52 4220
38 53 5689
38 54 3411
38 55 4680
38 56 2171
38 57 769
38 58 4090
38 59 3010
38 60 4520
38 61 1418
38 62 2095
38 63 1965
38 64 4006
38 65 3716
38 66 5897
38 67 5792
38 68 2753
38 69 4880
38 70 6656
39 1 4537
39 2 6620
39 3 2958
39 4 1574
39 5 3577
39 6 6391
39 7 2418
39 8 6588
39 9 5334
39 10 3137
39 11 5421
39 12 3829
39 13 7273
39 14 1421
39 15 4644
39 16 7343
39 17 2398
39 18 3581
39 19 5046
39 20 2162
39 21 6708
39 22 7292
39 23 4350
39 24 5453
39 25 1829
39 26 2514
39 27 3820
39 28 6024
39 29 6392
39 30 5450
39 31 3523
39 32 1754
39 33 6036
39 34 7420
39 35 695
39 36 943
39 37 5453
39 38 3458
39 40 1037
39 41 1869
39 42 7306
39 43 2914
39 44 3273
39 45 6770
39 46 5183
39 47 6933
39 48 3584
39 49 1688
39 50 4014
39 51 6248
39 52 7152
39 53 3816
39 54 5533
39 55 3598
39 56 5959
39 57 2537
39 58 6736
39 59 1786
39 60 1281
39 61 5346
39 62 7290
39 63 3941
39 64 6612
39 65 2855
39 66 4262
39 67 4066
39 68 4274
39 69 5354
39 70 1154
40 1 4443
40 2 5182
40 3 4312
40 4 5542
40 5 284
40 6 5086
40 7 3189
40 8 7054
40 9 4575
40 10 5017
40 11 2134
40 12 4493
40 13 6367
40 14 58
40 15 592
40 16 4535
40 17 3732
40 18 7088
40 19 3645
40 20 727
40 21 6142
40 22 2608
40 23 3942
40 24 1262
40 25 5351
40 26 541
40 27 2297
40 28 4364
40 29 5145
40 30 6291
40 31 334
40 32 1339
40 33 2035
40 34 2338
40 35 4437
40 36 7327
40 37 732
40 38 4890
40 39 61
40 41 4345
40 42 6143
40 43 5411
40 44 133
40 45 6237
40 46 3385
40 47 6668
40 48 4179
40 49 1999
40 50 460
40 51 6448
40 52 5000
40 53 1602
40 54 963
40 55 2145
40 56 3453
40 57 3332
40 58 7358
40 59 739
40 60 1896
40 61 4750
40 62 1073
40 63 4358
40 64 2941
40 65 7419
40 66 3714
40 67 7007
40 68 2749
40 69 5872
40 70 911
41 1 5705
41 2 3906
41 3 4116
41 4 1379
41 5 3582
41 6 6268
41 7 4126
41 8 4425
41 9 4772
41 10 3054
41 11 1650
41 12 5718
41 13 6119
41 14 2501
41 15 3555
41 16 5289
41 17 2242
41 18 5530
41 19 4546
41 20 5870
41 21 6891
41 22 835
41 23 4196
41 24 7189
41 25 7056
41 26 4089
41 27 3678
41 28 6135
41 29 3053
41 30 1838
41 31 1482
41 32 779
41 33 2007
41 34 2868
41 35 5320
41 36 4919
41 37 7145
41 38 4651
41 39 16
41 40 6708
41 42 6952
41 43 5168
41 44 2672
41 45 5128
41 46 4237
41 47 1617
41 48 5584
41 49 3496
41 50 1736
41 51 3567
41 52 990
41 53 884
41 54 4996
41 55 3383
41 56 6350
41 57 4296
41 58 2513
41 59 5091
41 60 3460
41 61 6973
41 62 5966
41 63 1588
41 64 1197
41 65 6834
41 66 4073
41 67 6306
41 68 2702
41 69 3427
41 70 2585
42 1 6645
42 2 3582
42 3 576
42 4 4075
42 5 7316
42 6 5642
42 7 5409
42 8 4125
42 9 5300
42 10 6860
42 11 6011
42 12 3377
42 13 4360
42 14 739
42 15 4009
42 16 1289
42 17 5221
42 18 1177
42 19 1240
42 20 6494
42 21 7428
42 22 3529
42 23 7049
42 24 1610
42 25 4214
42 26 848
42 27 6048
42 28 3111
42 29 7296
42 30 2372
42 31 2182
42 32 1163
42 33 4863
42 34 140
42 35 7222
42 36 3951
42 37 5707
42 38 6466
42 39 6216
42 40 474
42 41 249
42 43 1327
42 44 3564
42 45 2081
42 46 6428
42 47 3939
42 48 915
42 49 5076
42 50 3482
42 51 2134
42 52 1412
42 53 6275
42 54 6144
42 55 3902
42 56 1618
42 57 3185
42 58 3021
42 59 4015
42 60 802
42 61 3171
42 62 498
42 63 553
42 64 7390
42 65 3806
42 66 2206
42 67 823
42 68 2614
42 69 3776
42 70 6553
43 1 1523
43 2 7005
43 3 556
43 4 5568
43 5 372
43 6 6661
43 7 6556
43 8 1785
43 9 938
43 10 259
43 11 4290
43 12 5162
43 13 7277
43 14 766
43 15 1837
43 16 7136
43 17 6996
43 18 4572
43 19 442
43 20 4220
43 21 7178
43 22 1711
43 23 1394
43 24 5754
43 25 5095
43 26 6340
43 27 4292
43 28 1230
43 29 6918
43 30 5490
43 31 6862
43 32 2381
43 33 617
43 34 1543
43 35 6903
43 36 484
43 37 6853
43 38 6892
43 39 4967
43 40 1170
43 41 2522
43 42 5276
43 44 4486
43 45 34
43 46 5609
43 47 2797
43 48 2119
43 49 2369
43 50 1706
43 51 103
43 52 2909
43 53 2212
43 54 2894
43 55 5350
43 56 5175
43 57 2322
43 58 6003
43 59 3084
43 60 6970
43 61 2612
43 62 6136
43 63 1663
43 64 6576
43 65 5536
43 66 4703
43 67 3458
43 68 1601
43 69 3948
43 70 4454
44 1 1445
44 2 5471
44 3 1412
44 4 2221
44 5 4924
44 6 2096
44 7 5465
44 8 2269
44 9 6412
44 10 2732
44 11 7263
44 12 364
44 13 7310
44 14 2229
44 15 4228
44 16 2987
44 17 5153
44 18 873
44 19 7311
44 20 4920
44 21 5271
44 22 4715
44 23 4748
44 24 4741
44 25 3184
44 26 3496
44 27 3993
44 28 2006
44 29 2324
44 30 2377
44 31 2359
44 32 4689
44 33 3553
44 34 5827
44 35 4406
44 36 392
44 37 435
44 38 4747
44 39 6294
44 40 6337
44 41 7133
44 42 2442
44 43 4468
44 45 2793
44 46 6878
44 47 6238
44 48 4734
44 49 1273
44 50 1509
44 51 3143
44 52 4464
44 53 1384
44 54 1283
44 55 774
44 56 6394
44 57 1906
44 58 3164
44 59 5212
44 60 1555
44 61 2375
44 62 6986
44 63 2941
44 64 4890
44 65 7314
44 66 5205
44 67 4901
44 68 195
44 69 7194
44 70 4701
45 1 1700
45 2 1271
45 3 5541
45 4 6494
45 5 1378
45 6 406
45 7 5812
45 8 4235
45 9 3223
45 10 2955
45 11 6062
45 12 1640
45 13 5862
45 14 4723
45 15 5376
45 16 4943
45 17 4583
45 18 7473
45 19 5414
45 20 2998
45 21 241
45 22 125
45 23 1598
45 24 320
45 25 6211
45 26 6257
45 27 2125
45 28 6921
45 29 126
45 30 3268
45 31 2462
45 32 308
45 33 2273
45 34 3192
45 35 6087
45 36 4610
45 37 7082
45 38 4400
45 39 4666
45 40 6897
45 41 2365
45 42 4919
45 43 203
45 44 2856
45 46 4567
45 47 2663
45 48 2025
45 49 6150
45 50 3789
45 51 2048
45 52 394
45 53 132
45 54 3042
45 55 2286
45 56 470
45 57 1983
45 58 6896
45 59 7104
45 60 5561
45 61 3482
45 62 5186
45 63 1415
45 64 2040
45 65 4108
45 66 7123
45 67 4691
45 68 4958
45 69 4848
45 70 1301
46 1 6013
46 2 5626
46 3 2909
46 4 6665
46 5 1971
46 6 4072
46 7 7253
46 8 5795
46 9 5108
46 10 626
46 11 4495
46 12 3695
46 13 5036
46 14 3896
46 15 5846
46 16 3631
46 17 5992
46 18 4688
46 19 6277
46 20 78
46 21 3278
46 22 3958
46 23 4694
46 24 2731
46 25 5106
46 26 1845
46 27 6034
46 28 6397
46 29 6865
46 30 5911
46 31 3460
46 32 5188
46 33 5485
46 34 5301
46 35 7192
46 36 7190
46 37 6932
46 38 7085
46 39 4462
46 40 4412
46 41 2078
46 42 4820
46 43 6683
46 44 6497
46 45 1183
46 47 2627
46 48 1113
46 49 1742
46 50 5565
46 51 3303
46 52 2109
46 53 1412
46 54 609
46 55 13
46 56 4481
46 57 2723
46 58 258
46 59 1679
46 60 3214
46 61 5267
46 62 1439
46 63 1799
46 64 4292
46 65 2449
46 66 6535
46 67 2772
46 68 2425
46 69 6795
46 70 661
47 1 4107
47 2 3475
47 3 3001
47 4 1714
47 5 1625
47 6 2347
47 7 2976
47 8 1125
47 9 4649
47 10 6469
47 11 1239
47 12 2014
47 13 3251
47 14 2537
47 15 2921
47 16 3323
47 17 5962
47 18 2549
47 19 7380
47 20 5715
47 21 2721
47 22 386
47 23 3533
47 24 4898
47 25 3941
47 26 295
47 27 6043
47 28 3785
47 29 5919
47 30 298
47 31 2479
47 32 3526
47 33 5556
47 34 5773
47 35 2361
47 36 2764
47 37 962
47 38 1961
47 39 3315
47 40 2926
47 41 2509
47 42 2628
47 43 857
47 44 5437
47 45 265
47 46 6312
47 48 6554
47 49 2244
47 50 3798
47 51 5001
47 52 2420
47 53 7365
47 54 1238
47 55 4272
47 56 2535
47 57 1248
47 58 5172
47 59 4616
47 60 1284
47 61 1679
47 62 6213
47 63 3577
47 64 7052
47 65 356
47 66 4793
47 67 2671
47 68 6705
47 69 6497
47 70 7034
48 1 5953
48 2 572
48 3 1468
48 4 5197
48 5 3672
48 6 247
48 7 2588
48 8 3992
48 9 3136
48 10 1836
48 11 1123
48 12 17
48 13 6624
48 14 5416
48 15 2449
48 16 3193
48 17 6270
48 18 3156
48 19 4709
48 20 5741
48 21 583
48 22 1238
48 23 2498
48 24 21
48 25 18
48 26 2044
48 27 1518
48 28 5143
48 29 5412
48 30 5892
48 31 2462
48 32 5991
48 33 4135
48 34 310
48 35 5979
48 36 1099
48 37 6835
48 38 2766
48 39 6132
48 40 3125
48 41 4310
48 42 5145
48 43 6949
48 44 563
48 45 660
48 46 4095
48 47 2300
48 49 7240
48 50 6574
48 51 4747
48 52 2916
48 53 4268
48 54 3451
48 55 5381
48 56 6728
48 57 5535
48 58 3300
48 59 143
48 60 3333
48 61 1150
48 62 393
48 63 6406
48 64 4854
48 65 1094
48 66 2776
48 67 6435
48 68 487
48 69 6731
48 70 7138
49 1 4608
49 2 6516
49 3 4273
49 4 1863
49 5 1789
49 6 5265
49 7 74
49 8 3664
49 9 327
49 10 6292
49 11 936
49 12 4063
49 13 1355
49 14 5143
49 15 1895
49 16 7290
49 17 3029
49 18 6032
49 19 653
49 20 5279
49 21 4598
49 22 666
49 23 5329
49 24 6579
49 25 3962
49 26 7249
49 27 2274
49 28 6170
49 29 2060
49 30 494
49 31 6134
49 32 5031
49 33 5738
49 34 5724
49 35 3588
49 36 301
49 37 950
49 38 6835
49 39 2456
49 40 3971
49 41 4914
49 42 5808
49 43 6740
49 44 1299
49 45 432
49 46 4730
49 47 1040
49 48 4251
49 50 478
49 51 2935
49 52 4195
49 53 1491
49 54 4042
49 55 6101
49 56 2923
49 57 368
49 58 3174
49 59 2675
49 60 3553
49 61 5865
49 62 2644
49 63 3632
49 64 1856
49 65 2744
49 66 1978
49 67 1619
49 68 6310
49 69 5241
49 70 847
50 1 6259
50 2 3781
50 3 2740
50 4 2044
50 5 2582
50 6 2292
50 7 2212
50 8 2925
50 9 1703
50 10 138
50 11 4639
50 12 2873
50 13 14
50 14 6632
50 15 4412
50 16 4960
50 17 5527
50 18 5823
50 19 1449
50 20 102
50 21 6720
50 22 6652
50 23 5523
50 24 1104
50 25 6804
50 26 4597
50 27 3476
50 28 5393
50 29 1921
50 30 3090
50 31 5224
50 32 879
50 33 1618
50 34 3600
50 35 3690
50 36 5049
50 37 4018
50 38 6703
50 39 7429
50 40 397
50 41 485
50 42 3426
50 43 4632
50 44 5114
50 45 2355
50 46 7456
50 47 3582
50 48 2099
50 49 6424
50 51 2339
50 52 5509
50 53 6944
50 54 5330
50 55 1717
50 56 2068
50 57 4485
50 58 4298
50 59 7289
50 60 4988
50 61 2915
50 62 3212
50 63 39
50 64 1518
50 65 1825
50 66 3007
50 67 177
50 68 781
50 69 3730
50 70 420
51 1 4162
51 2 7163
51 3 2825
51 4 3002
51 5 956
51 6 4381
51 7 5610
51 8 7299
51 9 3787
51 10 7016
51 11 2658
51 12 963
51 13 2900
51 14 4662
51 15 6957
51 16 1152
51 17 3871
51 18 6079
51 19 1145
51 20 2949
51 21 5781
51 22 3238
51 23 6385
51 24 1599
51 25 7253
51 26 5475
51 27 2463
51 28 6784
51 29 5154
51 30 7224
51 31 3758
51 32 1481
51 33 2627
51 34 498
51 35 1988
51 36 6054
51 37 2984
51 38 1111
51 39 6487
51 40 1393
51 41 465
51 42 3792
51 43 3416
51 44 6250
51 45 4619
51 46 4638
51 47 2863
51 48 7125
51 49 7462
51 50 4642
51 52 4258
51 53 6067
51 54 2743
51 55 6446
51 56 4475
51 57 2352
51 58 5621
51 59 6985
51 60 1412
51 61 6018
51 62 306
51 63 5808
51 64 6966
51 65 3840
51 66 6922
51 67 1050
51 68 6252
51 69 3237
51 70 7135
52 1 2013
52 2 7232
52 3 5770
52 4 7439
52 5 2395
52 6 3586
52 7 69
52 8 3899
52 9 2733
52 10 3093
52 11 4072
52 12 4550
52 13 3349
52 14 6876
52 15 2699
52 16 2699
52 17 6262
52 18 7337
52 19 4838
52 20 1762
52 21 3000
52 22 4964
52 23 5113
52 24 1633
52 25 4252
52 26 6224
52 27 3929
52 28 5370
52 29 6944
52 30 1038
52 31 5921
52 32 6710
52 33 3304
52 34 4170
52 35 6069
52 36 605
52 37 6980
52 38 6008
52 39 260
52 40 2907
52 41 3700
52 42 1512
52 43 5984
52 44 1831
52 45 2960
52 46 3380
52 47 4861
52 48 1113
52 49 2157
52 50 6778
52 51 2859
52 53 3600
52 54 6987
52 55 1276
52 56 4507
52 57 68
52 58 7499
52 59 1422
52 60 19
52 61 1144
52 62 6841
52 63 6226
52 64 3274
52 65 998
52 66 4856
52 67 5220
52 68 2141
52 69 7221
52 70 2268
53 1 3803
53 2 2099
53 3 3716
53 4 6222
53 5 6072
53 6 1003
53 7 4670
53 8 4546
53 9 5745
53 10 6022
53 11 4963
53 12 4687
53 13 1868
53 14 5425
53 15 968
53 16 1512
53 17 2581
53 18 4293
53 19 2695
53 20 24
53 21 1285
53 22 4219
53 23 5678
53 24 23
53 25 7188
53 26 5214
53 27 58
53 28 6093
53 29 4931
53 30 5065
53 31 4109
53 32 6244
53 33 6131
53 34 3820
53 35 1472
53 36 4225
53 37 513
53 38 1673
53 39 1429
53 40 5583
53 41 6981
53 42 2920
53 43 5977
53 44 6002
53 45 2904
53 46 5625
53 47 237
53 48 3686
53 49 209
53 50 3033
53 51 1298
53 52 6265
53 54 7443
53 55 1438
53 56 2624
53 57 2848
53 58 7038
53 59 4931
53 60 7183
53 61 4566
53 62 4280
53 63 3547
53 64 6034
53 65 5290
53 66 6982
53 67 7480
53 68 1206
53 69 830
53 70 2981
54 1 6412
54 2 2071
54 3 5010
54 4 4442
54 5 5099
54 6 588
54 7 5408
54 8 5541
54 9 263
54 10 4746
54 11 2526
54 12 4606
54 13 373
54 14 241
54 15 1667
54 16 6352
54 17 2864
54 18 2744
54 19 2496
54 20 3975
54 21 4184
54 22 116
54 23 7331
54 24 3285
54 25 2552
54 26 1161
54 27 4586
54 28 1582
54 29 1923
54 30 4215
54 31 5292
54 32 3260
54 33 2218
54 34 110
54 35 2987
54 36 5641
54 37 6237
54 38 2035
54 39 3105
54 40 1263
54 41 3404
54 42 7302
54 43 207
54 44 5820
54 45 3852
54 46 5080
54 47 3492
54 48 3779
54 49 1818
54 50 3729
54 51 1598
54 52 5899
54 53 791
54 55 7103
54 56 3849
54 57 1071
54 58 1550
54 59 5451
54 60 443
54 61 4900
54 62 6294
54 63 4409
54 64 1102
54 65 4702
54 66 2529
54 67 6414
54 68 6771
54 69 5829
54 70 133
55 1 7406
55 2 7160
55 3 4252
55 4 4859
55 5 5999
55 6 1320
55 7 6489
55 8 3095
55 9 1368
55 10 3364
55 11 3353
55 12 6932
55 13 2436
55 14 4397
55 15 4021
55 16 5834
55 17 2138
55 18 1214
55 19 7079
55 20 1505
55 21 5126
55 22 3003
55 23 3165
55 24 6400
55 25 6410
55 26 3740
55 27 133
55 28 971
55 29 1630
55 30 540
55 31 5115
55 32 5844
55 33 7037
55 34 4129
55 35 5246
55 36 1369
55 37 3241
55 38 811
55 39 1145
55 40 3499
55 41 5844
55 42 3520
55 43 6341
55 44 3895
55 45 570
55 46 6160
55 47 5890
55 48 7150
55 49 2575
55 50 7472
55 51 5021
55 52 4964
55 53 3329
55 54 7029
55 56 6269
55 57 6748
55 58 7159
55 59 4128
55 60 6913
55 61 7126
55 62 7136
55 63 2492
55 64 4954
55 65 4600
55 66 5609
55 67 3917
55 68 3603
55 69 3765
55 70 1007
56 1 2958
56 2 3186
56 3 1852
56 4 3205
56 5 919
56 6 576
56 7 5505
56 8 1752
56 9 6191
56 10 5795
56 11 2112
56 12 2592
56 13 1220
56 14 4785
56 15 6705
56 16 6220
56 17 4176
56 18 1003
56 19 5271
56 20 3001
56 21 5387
56 22 1386
56 23 6834
56 24 5099
56 25 7498
56 26 1686
56 27 4643
56 28 491
56 29 2439
56 30 3075
56 31 5909
56 32 2638
56 33 4681
56 34 565
56 35 738
56 36 1248
56 37 4836
56 38 7500
56 39 1993
56 40 7381
56 41 6670
56 42 3877
56 43 4781
56 44 2406
56 45 2345
56 46 2936
56 47 1807
56 48 964
56 49 3053
56 50 4310
56 51 1972
56 52 3146
56 53 721
56 54 6716
56 55 1624
56 57 1777
56 58 4330
56 59 3870
56 60 7382
56 61 1740
56 62 2652
56 63 6722
56 64 2689
56 65 7015
56 66 6724
56 67 5829
56 68 6973
56 69 4481
56 70 514
57 1 421
57 2 4158
57 3 1858
57 4 7223
57 5 3814
57 6 6400
57 7 6012
57 8 5184
57 9 1287
57 10 6520
57 11 3353
57 12 6878
57 13 4924
57 14 1871
57 15 5497
57 16 5725
57 17 7364
57 18 1335
57 19 320
57 20 2281
57 21 6874
57 22 5021
57 23 5683
57 24 2906
57 25 6001
57 26 3030
57 27 3736
57 28 5159
57 29 1727
57 30 876
57 31 1890
57 32 2788
57 33 1874
57 34 6577
57 35 476
57 36 1122
57 37 3102
57 38 3297
57 39 7086
57 40 5690
57 41 6337
57 42 4790
57 43 4969
57 44 5943
57 45 941
57 46 6210
57 47 6126
57 48 6479
57 49 6646
57 50 5885
57 51 6594
57 52 1321
57 53 4789
57 54 7000
57 55 3046
57 56 7182
57 58 1080
57 59 6476
57 60 2727
57 61 129
57 62 815
57 63 3899
57 64 6602
57 65 7497
57 66 3247
57 67 7339
57 68 257
57 69 7495
57 70 312
58 1 4728
58 2 7047
58 3 5218
58 4 7326
58 5 3987
58 6 1734
58 7 4809
58 8 1024
58 9 3312
58 10 4474
58 11 139
58 12 5592
58 13 5613
58 14 6654
58 15 6028
58 16 5873
58 17 2772
58 18 3413
58 19 1298
58 20 1403
58 21 6377
58 22 1070
58 23 1658
58 24 7279
58 25 3820
58 26 970
58 27 5907
58 28 3280
58 29 5346
58 30 7437
58 31 4326
58 32 5020
58 33 6499
58 34 3336
58 35 1599
58 36 6969
58 37 6024
58 38 5046
58 39 3082
58 40 5970
58 41 5981
58 42 249
58 43 4009
58 44 4511
58 45 6229
58 46 2466
58 47 1577
58 48 1852
58 49 1755
58 50 3067
58 51 5480
58 52 3571
58 53 5690
58 54 5179
58 55 5021
58 56 3787
58 57 5415
58 59 4859
58 60 1554
58 61 6132
58 62 1585
58 63 25
58 64 2681
58 65 3520
58 66 3523
58 67 5311
58 68 2601
58 69 4762
58 70 3849
59 1 2142
59 2 7479
59 3 6485
59 4 5126
59 5 586
59 6 4598
59 7 1842
59 8 348
59 9 1311
59 10 5938
59 11 1787
59 12 5493
59 13 3395
59 14 2477
59 15 5942
59 16 2015
59 17 3763
59 18 5591
59 19 808
59 20 4012
59 21 1064
59 22 7160
59 23 6222
59 24 4351
59 25 1185
59 26 6919
59 27 6824
59 28 6726
59 29 602
59 30 1462
59 31 7192
59 32 5993
59 33 4011
59 34 509
59 35 1915
59 36 2964
59 37 3652
59 38 2585
59 39 697
59 40 3332
59 41 3599
59 42 4758
59 43 5551
59 44 112
59 45 2269
59 46 2147
59 47 2333
59 48 4489
59 49 2909
59 50 3109
59 51 1894
59 52 356
59 53 1313
59 54 4663
59 55 5505
59 56 1771
59 57 2025
59 58 2925
59 60 4212
59 61 7004
59 62 6208
59 63 7013
59 64 4132
59 65 6172
59 66 1840
59 67 4009
59 68 5684
59 69 3048
59 70 1667
60 1 2651
60 2 5866
60 3 2766
60 4 267
60 5 1366
60 6 5440
60 7 1232
60 8 84
60 9 5616
60 10 5939
60 11 7032
60 12 3644
60 13 6005
60 14 7020
60 15 1949
60 16 7092
60 17 7468
60 18 1914
60 19 4538
60 20 1550
60 21 1073
60 22 6723
60 23 2539
60 24 3703
60 25 5214
60 26 7184
60 27 2653
60 28 2822
60 29 3075
60 30 1555
60 31 4727
60 32 5736
60 33 6196
60 34 6735
60 35 6485
60 36 5092
60 37 3869
60 38 331
60 39 472
60 40 3132
60 41 5627
60 42 1638
60 43 126
60 44 3017
60 45 5788
60 46 303
60 47 2654
60 48 5716
60 49 2884
60 50 3521
60 51 2357
60 52 2988
60 53 3180
60 54 548
60 55 4236
60 56 1559
60 57 2982
60 58 1053
60 59 4640
60 61 1633
60 62 3746
60 63 6486
60 64 4036
60 65 2553
60 66 5255
60 67 5794
60 68 3507
60 69 7216
60 70 1777
61 1 290
61 2 7083
61 3 453
61 4 3429
61 5 7212
61 6 4450
61 7 1491
61 8 5205
61 9 6369
61 10 6100
61 11 2599
61 12 6370
61 13 6809
61 14 6344
61 15 3962
61 16 4372
61 17 2866
61 18 6507
61 19 5647
61 20 3386
61 21 2414
61 22 3631
61 23 6085
61 24 6932
61 25 214
61 26 5924
61 27 5204
61 28 3580
61 29 901
61 30 1453
61 31 6721
61 32 6580
61 33 5963
61 34 4254
61 35 4507
61 36 6350
61 37 3758
61 38 2611
61 39 1685
61 40 2454
61 41 357
61 42 2311
61 43 4085
61 44 1491
61 45 3248
61 46 1549
61 47 1932
61 48 2744
61 49 6653
61 50 4630
61 51 2490
61 52 3096
61 53 556
61 54 1647
61 55 2028
61 56 5914
61 57 1007
61 58 1909
61 59 7254
61 60 6305
61 62 1467
61 63 6506
61 64 4635
61 65 4894
61 66 7419
61 67 7401
61 68 5902
61 69 7135
61 70 489
62 1 636
62 2 2502
62 3 6312
62 4 6549
62 5 1959
62 6 144
62 7 4789
62 8 5848
62 9 6899
62 10 4645
62 11 4485
62 12 380
62 13 3695
62 14 4133
62 15 5403
62 16 1164
62 17 230
62 18 6945
62 19 6642
62 20 4479
62 21 855
62 22 2369
62 23 2628
62 24 5825
62 25 1608
62 26 7402
62 27 6837
62 28 4049
62 29 381
62 30 4736
62 31 4367
62 32 1784
62 33 4966
62 34 2446
62 35 3241
62 36 4439
62 37 3200
62 38 6556
62 39 798
62 40 3234
62 41 3989
62 42 7275
62 43 1115
62 44 6544
62 45 5656
62 46 6355
62 47 2822
62 48 5537
62 49 1845
62 50 3719
62 51 2486
62 52 1501
62 53 2850
62 54 7237
62 55 4854
62 56 4666
62 57 4687
62 58 3170
62 59 2551
62 60 1999
62 61 4704
62 63 6693
62 64 1468
62 65 42
62 66 3538
62 67 5258
62 68 6088
62 69 1148
62 70 4318
63 1 4945
63 2 6161
63 3 5227
63 4 5271
63 5 2780
63 6 5997
63 7 673
63 8 3521
63 9 3055
63 10 283
63 11 6452
63 12 4770
63 13 3626
63 14 4376
63 15 62
63 16 7432
63 17 5947
63 18 6716
63 19 3682
63 20 718
63 21 5983
63 22 6041
63 23 5177
63 24 7130
63 25 5739
63 26 4159
63 27 1527
63 28 6714
63 29 1341
63 30 6819
63 31 4626
63 32 2025
63 33 160
63 34 7349
63 35 3154
63 36 5262
63 37 3974
63 38 5428
63 39 766
63 40 1047
63 41 1993
63 42 7490
63 43 6524
63 44 814
63 45 5706
63 46 330
63 47 3965
63 48 6308
63 49 5982
63 50 3677
63 51 5569
63 52 3670
63 53 3471
63 54 991
63 55 3515
63 56 3161
63 57 2430
63 58 4616
63 59 3677
63 60 6462
63 61 996
63 62 2133
63 64 5383
63 65 1090
63 66 2031
63 67 1740
63 68 2274
63 69 6721
63 70 3219
64 1 6759
64 2 197
64 3 1398
64 4 1483
64 5 108
64 6 358
64 7 7348
64 8 6605
64 9 5933
64 10 1831
64 11 4511
64 12 3789
64 13 4128
64 14 241
64 15 5154
64 16 1205
64 17 4162
64 18 1429
64 19 1429
64 20 4836
64 21 507
64 22 2673
64 23 4547
64 24 7165
64 25 2241
64 26 2797
64 27 5801
64 28 449
64 29 6724
64 30 846
64 31 7048
64 32 3880
64 33 3693
64 34 877
64 35 5840
64 36 4819
64 37 6036
64 38 3908
64 39 3353
64 40 2513
64 41 23
64 42 2032
64 43 1039
64 44 5565
64 45 3159
64 46 723
64 47 7112
64 48 604
64 49 1587
64 50 2042
64 51 6699
64 52 1460
64 53 787
64 54 3518
64 55 7195
64 56 6587
64 57 6751
64 58 4275
64 59 1635
64 60 406
64 61 1408
64 62 4978
64 63 999
64 65 1193
64 66 1077
64 67 3873
64 68 3947
64 69 6725
64 70 2659
65 1 3842
65 2 5331
65 3 5004
65 4 6619
65 5 5819
65 6 4493
65 7 4082
65 8 2329
65 9 3062
65 10 5231
65 11 1043
65 12 7265
65 13 3481
65 14 3242
65 15 2134
65 16 407
65 17 3135
65 18 2489
65 19 2818
65 20 4145
65 21 2245
65 22 6724
65 23 3596
65 24 2306
65 25 5974
65 26 1382
65 27 3684
65 28 1012
65 29 1261
65 30 5451
65 31 592
65 32 5613
65 33 1076
65 34 2956
65 35 1500
65 36 2559
65 37 3739
65 38 5696
65 39 4724
65 40 2691
65 41 5784
65 42 3069
65 43 7453
65 44 7282
65 45 4453
65 46 3760
65 47 4701
65 48 1779
65 49 6960
65 50 3473
65 51 4851
65 52 6848
65 53 3212
65 54 5631
65 55 3132
65 56 6504
65 57 3770
65 58 198
65 59 2976
65 60 5412
65 61 453
65 62 792
65 63 2093
65 64 1802
65 66 5749
65 67 1184
65 68 7247
65 69 5973
65 70 5089
66 1 1160
66 2 1045
66 3 6467
66 4 1090
66 5 6318
66 6 3357
66 7 1636
66 8 6899
66 9 118
66 10 255
66 11 149
66 12 5248
66 13 2839
66 14 6229
66 15 1740
66 16 4690
66 17 3961
66 18 5981
66 19 1925
66 20 5259
66 21 2141
66 22 689
66 23 6905
66 24 3002
66 25 2938
66 26 5163
66 27 2377
66 28 5540
66 29 1286
66 30 2653
66 31 6869
66 32 6551
66 33 1558
66 34 4132
66 35 2158
66 36 941
66 37 1937
66 38 5181
66 39 165
66 40 1941
66 41 4099
66 42 2257
66 43 3334
66 44 6492
66 45 7388
66 46 2291
66 47 5095
66 48 7102
66 49 6449
66 50 2306
66 51 692
66 52 6627
66 53 2681
66 54 7317
66 55 3658
66 56 2396
66 57 2308
66 58 25
66 59 3246
66 60 2278
66 61 6057
66 62 4842
66 63 3059
66 64 7306
66 65 3915
66 67 4510
66 68 2993
66 69 5765
66 70 7115
67 1 4305
67 2 4932
67 3 2912
67 4 2453
67 5 1174
67 6 3630
67 7 1746
67 8 3412
67 9 7151
67 10 887
67 11 4224
67 12 4653
67 13 3528
67 14 2367
67 15 3355
67 16 5791
67 17 6516
67 18 7216
67 19 2645
67 20 533
67 21 1418
67 22 3982
67 23 3958
67 24 5255
67 25 4300
67 26 5553
67 27 6981
67 28 1879
67 29 5475
67 30 5691
67 31 3059
67 32 903
67 33 492
67 34 5128
67 35 4401
67 36 437
67 37 6164
67 38 1183
67 39 4342
67 40 2190
67 41 1557
67 42 5107
67 43 1687
67 44 2004
67 45 1094
67 46 2177
67 47 6464
67 48 4591
67 49 644
67 50 6182
67 51 2597
67 52 1548
67 53 6410
67 54 221
67 55 4021
67 56 4667
67 57 2037
67 58 2944
67 59 5065
67 60 4670
67 61 2198
67 62 4733
67 63 99
67 64 1466
67 65 6573
67 66 3935
67 68 4470
67 69 2651
67 70 6035
68 1 7012
68 2 7495
68 3 5868
68 4 6736
68 5 96
68 6 5486
68 7 7012
68 8 5252
68 9 998
68 10 1664
68 11 5176
68 12 3515
68 13 4083
68 14 4203
68 15 1286
68 16 490
68 17 1168
68 18 6202
68 19 2440
68 20 4070
68 21 1723
68 22 5391
68 23 2079
68 24 2011
68 25 3591
68 26 6448
68 27 2047
68 28 5376
68 29 654
68 30 5260
68 31 3615
68 32 1816
68 33 2007
68 34 879
68 35 5351
68 36 7086
68 37 6166
68 38 86
68 39 4850
68 40 7277
68 41 2741
68 42 1076
68 43 2046
68 44 1291
68 45 4619
68 46 5368
68 47 6334
68 48 5983
68 49 6219
68 50 2432
68 51 3391
68 52 2875
68 53 2558
68 54 5791
68 55 6749
68 56 6522
68 57 5426
68 58 1159
68 59 367
68 60 5923
68 61 4687
68 62 3916
68 63 5699
68 64 408
68 65 2827
68 66 6858
68 67 5085
68 69 4331
68 70 5636
69 1 3047
69 2 4657
69 3 2428
69 4 3776
69 5 4332
69 6 4941
69 7 2120
69 8 5103
69 9 4955
69 10 3044
69 11 5387
69 12 6589
69 13 5297
69 14 1121
69 15 5602
69 16 2556
69 17 3493
69 18 4588
69 19 3346
69 20 4717
69 21 1803
69 22 4615
69 23 5165
69 24 423
69 25 3771
69 26 3268
69 27 1025
69 28 6978
69 29 2302
69 30 2251
69 31 6651
69 32 3613
69 33 2367
69 34 5392
69 35 3053
69 36 4396
69 37 6047
69 38 91
69 39 1751
69 40 1577
69 41 4106
69 42 4140
69 43 1769
69 44 822
69 45 6126
69 46 353
69 47 842
69 48 1005
69 49 4816
69 50 6724
69 51 4944
69 52 1986
69 53 6877
69 54 1971
69 55 5350
69 56 4320
69 57 1688
69 58 1590
69 59 6378
69 60 5009
69 61 5839
69 62 2344
69 63 1780
69 64 392
69 65 5547
69 66 185
69 67 237
69 68 1632
69 70 686
70 1 5408
70 2 1292
70 3 5404
70 4 593
70 5 3474
70 6 336
70 7 1917
70 8 4777
70 9 1442
70 10 1523
70 11 429
70 12 6962
70 13 2048
70 14 384
70 15 1540
70 16 329
70 17 4401
70 18 7308
70 19 2204
70 20 3393
70 21 4468
70 22 283
70 23 5269
70 24 1656
70 25 6332
70 26 7449
70 27 2673
70 28 1359
70 29 4647
70 30 17
70 31 2634
70 32 1892
70 33 6653
70 34 2784
70 35 6943
70 36 2297
70 37 3115
70 38 166
70 39 3697
70 40 5867
70 41 6523
70 42 3070
70 43 5789
70 44 3098
70 45 6182
70 46 1699
70 47 3900
70 48 3067
70 49 887
70 50 4408
70 51 7155
70 52 3477
70 53 862
70 54 6034
70 55 4906
70 56 5977
70 57 5946
70 58 2559
70 59 6947
70 60 3518
70 61 3786
70 62 3916
70 63 6831
70 64 3646
70 65 1018
70 66 60
70 67 645
70 68 6329
70 69 4547
