70 4830
1 2 2674
1 3 585
1 4 523
1 5 3160
1 6 1638
1 7 5175
1 8 7154
1 9 5800
1 10 6077
1 11 7459
1 12 4681
1 13 3290
1 14 3470
1 15 565
1 16 3006
1 17 6459
1 18 6486
1 19 4295
1 20 2024
1 21 6877
1 22 3989
1 23 4182
1 24 5001
1 25 2070
1 26 4361
1 27 6489
1 28 5740
1 29 4918
1 30 3503
1 31 5699
1 32 320
1 33 5124
1 34 7354
1 35 7040
1 36 5265
1 37 2048
1 38 6770
1 39 2791
1 40 5560
1 41 1480
1 42 2005
1 43 4346
1 44 407
1 45 76
1 46 6589
1 47 5175
1 48 6996
1 49 1179
1 50 402
1 51 232
1 52 2580
1 53 6067
1 54 6355
1 55 730
1 56 2102
1 57 6409
1 58 2127
1 59 3971
1 60 4483
1 61 6873
1 62 5318
1 63 619
1 64 7182
1 65 1214
1 66 6804
1 67 3034
1 68 5669
1 69 4975
1 70 3573
2 1 2877
2 3 7398
2 4 7156
2 5 2766
2 6 6246
2 7 3377
2 8 26
2 9 3733
2 10 6062
2 11 3433
2 12 4981
2 13 294
2 14 2623
2 15 3613
2 16 4302
2 17 3220
2 18 4382
2 19 3161
2 20 6243
2 21 2388
2 22 5566
2 23 3411
2 24 4366
2 25 509
2 26 6246
2 27 2227
2 28 4784
2 29 2586
2 30 2357
2 31 5323
2 32 5741
2 33 6401
2 34 202
2 35 5948
2 36 7346
2 37 5732
2 38 2637
2 39 7340
2 40 748
2 41 3320
2 42 177
2 43 2657
2 44 4073
2 45 941
2 46 2567
2 47 3331
2 48 4687
2 49 2046
2 50 5066
2 51 2786
2 52 4152
2 53 910
2 54 1967
2 55 6973
2 56 5869
2 57 7140
2 58 653
2 59 7246
2 60 7035
2 61 6047
2 62 159
2 63 6607
2 64 3566
2 65 5251
2 66 4461
2 67 4830
2 68 6082
2 69 149
2 70 2097
3 1 2807
3 2 1851
3 4 6146
3 5 572
3 6 6022
3 7 6947
3 8 1325
3 9 2806
3 10 4412
3 11 2848
3 12 26
3 13 4493
3 14 6160
3 15 4334
3 16 3905
3 17 4759
3 18 5773
3 19 5020
3 20 2085
3 21 5784
3 22 5782
3 23 5473
3 24 2971
3 25 2150
3 26 7025
3 27 84
3 28 5847
3 29 1715
3 30 3963
3 31 3497
3 32 3735
3 33 1919
3 34 1620
3 35 1680
3 36 1397
3 37 5411
3 38 1408
3 39 5755
3 40 4976
3 41 3271
3 42 4118
3 43 5887
3 44 3320
3 45 869
3 46 1954
3 47 409
3 48 7338
3 49 3927
3 50 4500
3 51 4087
3 52 5140
3 53 6187
3 54 3325
3 55 6812
3 56 7168
3 57 2068
3 58 5981
3 59 2119
3 60 6813
3 61 5844
3 62 6520
3 63 6428
3 64 3857
3 65 5399
3 66 3781
3 67 1586
3 68 5382
3 69 4544
3 70 672
4 1 3313
4 2 1980
4 3 4698
4 5 4243
4 6 1324
4 7 663
4 8 6238
4 9 4746
4 10 1011
4 11 1114
4 12 1504
4 13 6853
4 14 6758
4 15 2316
4 16 4651
4 17 5970
4 18 7291
4 19 1578
4 20 6793
4 21 213
4 22 3134
4 23 2776
4 24 5840
4 25 4716
4 26 5792
4 27 903
4 28 7281
4 29 1187
4 30 7061
4 31 5428
4 32 6161
4 33 687
4 34 2067
4 35 7047
4 36 220
4 37 1799
4 38 7451
4 39 6646
4 40 1041
4 41 3271
4 42 839
4 43 772
4 44 1119
4 45 1764
4 46 5826
4 47 5335
4 48 1907
4 49 4459
4 50 3828
4 51 507
4 52 3964
4 53 2236
4 54 5001
4 55 4706
4 56 5829
4 57 4609
4 58 697
4 59 4479
4 60 5150
4 61 4734
4 62 1626
4 63 2425
4 64 1562
4 65 4732
4 66 6323
4 67 3570
4 68 5871
4 69 5529
4 70 5046
5 1 5554
5 2 3200
5 3 4729
5 4 336
5 6 2982
5 7 2757
5 8 2707
5 9 5624
5 10 4097
5 11 4059
5 12 7500
5 13 6755
5 14 5686
5 15 3521
5 16 5720
5 17 3720
5 18 3703
5 19 5619
5 20 3775
5 21 7150
5 22 2233
5 23 6835
5 24 2071
5 25 6931
5 26 4227
5 27 3736
5 28 3972
5 29 7001
5 30 6013
5 31 2120
5 32 4893
5 33 3345
5 34 3
5 35 3118
5 36 1265
5 37 6524
5 38 5688
5 39 3773
5 40 3006
5 41 5763
5 42 2665
5 43 970
5 44 2656
5 45 6092
5 46 4598
5 47 5579
5 48 139
5 49 1558
5 50 7377
5 51 4518
5 52 651
5 53 1692
5 54 20
5 55 5253
5 56 648
5 57 41
5 58 898
5 59 4971
5 60 6890
5 61 1924
5 62 5710
5 63 3289
5 64 1572
5 65 3591
5 66 1282
5 67 2143
5 68 5901
5 69 4161
5 70 5205
6 1 7165
6 2 4214
6 3 923
6 4 3032
6 5 3931
6 7 3838
6 8 1994
6 9 6593
6 10 241
6 11 2163
6 12 3598
6 13 2241
6 14 2803
6 15 7441
6 16 6241
6 17 5061
6 18 2614
6 19 41
6 20 6663
6 21 505
6 22 1365
6 23 6307
6 24 6292
6 25 4420
6 26 2205
6 27 6116
6 28 6202
6 29 1852
6 30 4328
6 31 882
6 32 7432
6 33 1950
6 34 834
6 35 7366
6 36 5436
6 37 3266
6 38 259
6 39 3214
6 40 2328
6 41 2116
6 42 1848
6 43 7024
6 44 6474
6 45 4220
6 46 2684
6 47 1490
6 48 1134
6 49 3056
6 50 3042
6 51 7126
6 52 5143
6 53 2755
6 54 3355
6 55 646
6 56 855
6 57 6896
6 58 3351
6 59 6795
6 60 6843
6 61 1203
6 62 1888
6 63 1692
6 64 6770
6 65 3919
6 66 5167
6 67 5281
6 68 2569
6 69 1171
6 70 6629
7 1 1118
7 2 722
7 3 3081
7 4 1916
7 5 1855
7 6 17
7 8 2084
7 9 4547
7 10 776
7 11 2894
7 12 4917
7 13 1617
7 14 4853
7 15 422
7 16 4129
7 17 5435
7 18 3112
7 19 1890
7 20 6859
7 21 3458
7 22 2384
7 23 657
7 24 6464
7 25 6559
7 26 6369
7 27 83
7 28 7
7 29 7339
7 30 6991
7 31 6651
7 32 6190
7 33 774
7 34 3612
7 35 6939
7 36 4918
7 37 1969
7 38 6426
7 39 5591
7 40 3177
7 41 1405
7 42 4788
7 43 4134
7 44 7101
7 45 7125
7 46 5294
7 47 3593
7 48 2117
7 49 3781
7 50 5685
7 51 7009
7 52 5555
7 53 2121
7 54 4276
7 55 4239
7 56 7183
7 57 3732
7 58 6788
7 59 2091
7 60 5364
7 61 30
7 62 2027
7 63 5411
7 64 6861
7 65 623
7 66 4390
7 67 5223
7 68 1851
7 69 322
7 70 2019
8 1 203
8 2 3889
8 3 3901
8 4 3272
8 5 3356
8 6 3996
8 7 1039
8 9 3708
8 10 1079
8 11 3991
8 12 7364
8 13 757
8 14 3819
8 15 1712
8 16 1593
8 17 2139
8 18 1097
8 19 1776
8 20 2947
8 21 964
8 22 3504
8 23 4784
8 24 151
8 25 6878
8 26 4487
8 27 5304
8 28 785
8 29 6656
8 30 894
8 31 4658
8 32 3600
8 33 5547
8 34 4087
8 35 5157
8 36 4594
8 37 3804
8 38 6759
8 39 4220
8 40 6154
8 41 7117
8 42 3824
8 43 7241
8 44 3001
8 45 1725
8 46 3603
8 47 2835
8 48 6480
8 49 4545
8 50 7072
8 51 7193
8 52 3536
8 53 5941
8 54 7092
8 55 4993
8 56 7150
8 57 6954
8 58 6787
8 59 239
8 60 5329
8 61 1306
8 62 3041
8 63 1488
8 64 3522
8 65 772
8 66 4055
8 67 5942
8 68 5181
8 69 4283
8 70 716
9 1 6470
9 2 6277
9 3 4446
9 4 4042
9 5 1947
9 6 3651
9 7 481
9 8 4179
9 10 4085
9 11 1656
9 12 3393
9 13 1129
9 14 6836
9 15 1847
9 16 1688
9 17 7440
9 18 6864
9 19 855
9 20 7456
9 21 3285
9 22 882
9 23 1344
9 24 2128
9 25 1387
9 26 6529
9 27 3463
9 28 210
9 29 4822
9 30 5725
9 31 3160
9 32 6080
9 33 1893
9 34 3087
9 35 5851
9 36 4583
9 37 6312
9 38 348
9 39 1720
9 40 6349
9 41 2761
9 42 479
9 43 5789
9 44 6642
9 45 4424
9 46 5413
9 47 3079
9 48 389
9 49 3970
9 50 4744
9 51 947
9 52 5502
9 53 4401
9 54 1725
9 55 5392
9 56 2399
9 57 1423
9 58 1161
9 59 2299
9 60 1096
9 61 7399
9 62 1489
9 63 6682
9 64 1290
9 65 1492
9 66 3198
9 67 1584
9 68 1986
9 69 4753
9 70 5116
10 1 3857
10 2 3494
10 3 1078
10 4 1048
10 5 6797
10 6 6036
10 7 7241
10 8 5655
10 9 6982
10 11 2994
10 12 5017
10 13 5385
10 14 6508
10 15 1334
10 16 3717
10 17 3379
10 18 2803
10 19 6159
10 20 2874
10 21 2835
10 22 3322
10 23 5504
10 24 497
10 25 865
10 26 1236
10 27 2292
10 28 1991
10 29 4271
10 30 4779
10 31 4005
10 32 6658
10 33 2681
10 34 4907
10 35 911
10 36 6175
10 37 1727
10 38 4771
10 39 4267
10 40 3961
10 41 2904
10 42 5831
10 43 306
10 44 7170
10 45 1628
10 46 213
10 47 3511
10 48 7481
10 49 4989
10 50 4852
10 51 1966
10 52 1414
10 53 2193
10 54 4717
10 55 1531
10 56 2938
10 57 2123
10 58 2622
10 59 2682
10 60 7269
10 61 7492
10 62 2708
10 63 5600
10 64 2673
10 65 3812
10 66 1942
10 67 7277
10 68 5497
10 69 5186
10 70 1755
11 1 2993
11 2 1222
11 3 6480
11 4 1662
11 5 6954
11 6 1176
11 7 6907
11 8 3105
11 9 2495
11 10 5094
11 12 2576
11 13 2240
11 14 4027
11 15 809
11 16 1613
11 17 274
11 18 5038
11 19 3971
11 20 6026
11 21 5332
11 22 2955
11 23 310
11 24 3175
11 25 363
11 26 2420
11 27 1895
11 28 4940
11 29 7391
11 30 819
11 31 7335
11 32 3608
11 33 5990
11 34 4905
11 35 1967
11 36 4434
11 37 2223
11 38 6510
11 39 5931
11 40 3262
11 41 417
11 42 2796
11 43 3704
11 44 6577
11 45 4671
11 46 5316
11 47 5221
11 48 5895
11 49 3109
11 50 199
11 51 7096
11 52 6408
11 53 1685
11 54 930
11 55 3586
11 56 5994
11 57 1207
11 58 2024
11 59 134
11 60 7039
11 61 6393
11 62 5134
11 63 5883
11 64 215
11 65 6624
11 66 5337
11 67 39
11 68 7475
11 69 7245
11 70 3429
12 1 1314
12 2 6410
12 3 3365
12 4 1563
12 5 3807
12 6 791
12 7 171
12 8 4411
12 9 2294
12 10 127
12 11 4079
12 13 1027
12 14 5975
12 15 4860
12 16 2097
12 17 5239
12 18 1790
12 19 5165
12 20 3521
12 21 1406
12 22 1301
12 23 6892
12 24 5435
12 25 6078
12 26 1719
12 27 4378
12 28 799
12 29 5103
12 30 197
12 31 1066
12 32 515
12 33 1933
12 34 5164
12 35 2942
12 36 144
12 37 4183
12 38 6272
12 39 3711
12 40 7207
12 41 3206
12 42 1768
12 43 2559
12 44 5805
12 45 5387
12 46 3105
12 47 6279
12 48 4155
12 49 1077
12 50 1802
12 51 1572
12 52 7496
12 53 873
12 54 112
12 55 835
12 56 6733
12 57 6853
12 58 3707
12 59 1015
12 60 5493
12 61 1535
12 62 997
12 63 5707
12 64 7041
12 65 7192
12 66 3988
12 67 6849
12 68 1225
12 69 1998
12 70 7426
13 1 5042
13 2 7112
13 3 2677
13 4 6315
13 5 4770
13 6 5369
13 7 3565
13 8 6801
13 9 4240
13 10 3626
13 11 3786
13 12 354
13 14 5396
13 15 4580
13 16 1379
13 17 985
13 18 1459
13 19 6636
13 20 3291
13 21 3327
13 22 1041
13 23 4919
13 24 401
13 25 2432
13 26 7314
13 27 6092
13 28 1861
13 29 2829
13 30 3252
13 31 5211
13 32 1179
13 33 6316
13 34 4958
13 35 1654
13 36 873
13 37 2460
13 38 6428
13 39 1334
13 40 6677
13 41 3657
13 42 975
13 43 5173
13 44 2514
13 45 2212
13 46 1936
13 47 3191
13 48 2680
13 49 6261
13 50 376
13 51 5912
13 52 3226
13 53 487
13 54 5233
13 55 3684
13 56 1860
13 57 6092
13 58 1702
13 59 2195
13 60 2922
13 61 4129
13 62 5567
13 63 2241
13 64 7269
13 65 4583
13 66 6140
13 67 7457
13 68 3183
13 69 6358
13 70 6705
14 1 3892
14 2 1841
14 3 3058
14 4 3260
14 5 2280
14 6 3007
14 7 2552
14 8 2247
14 9 6062
14 10 872
14 11 3062
14 12 960
14 13 5013
14 15 5587
14 16 1037
14 17 2880
14 18 4187
14 19 1016
14 20 6975
14 21 4019
14 22 2952
14 23 2417
14 24 5544
14 25 5949
14 26 5823
14 27 1586
14 28 2595
14 29 1016
14 30 4061
14 31 3988
14 32 1423
14 33 3523
14 34 3197
14 35 496
14 36 6210
14 37 6358
14 38 5564
14 39 4572
14 40 5742
14 41 6025
14 42 273
14 43 4547
14 44 6085
14 45 1326
14 46 3722
14 47 7454
14 48 6689
14 49 3078
14 50 77
14 51 2222
14 52 7098
14 53 6507
14 54 547
14 55 2070
14 56 7428
14 57 6156
14 58 25
14 59 2055
14 60 682
14 61 3852
14 62 6398
14 63 7019
14 64 1194
14 65 6650
14 66 1573
14 67 326
14 68 311
14 69 4160
14 70 3953
15 1 18
15 2 3167
15 3 719
15 4 5728
15 5 746
15 6 1348
15 7 7063
15 8 7463
15 9 3963
15 10 4285
15 11 1107
15 12 4015
15 13 7211
15 14 3831
15 16 5083
15 17 4007
15 18 3328
15 19 7131
15 20 5793
15 21 1818
15 22 3592
15 23 4357
15 24 5600
15 25 6675
15 26 1942
15 27 7330
15 28 1089
15 29 1275
15 30 3640
15 31 2228
15 32 1200
15 33 1400
15 34 1126
15 35 5937
15 36 2619
15 37 3757
15 38 5779
15 39 2384
15 40 3841
15 41 6490
15 42 6776
15 43 4186
15 44 7344
15 45 2743
15 46 1908
15 47 6518
15 48 6040
15 49 2493
15 50 5377
15 51 612
15 52 1909
15 53 419
15 54 4644
15 55 1946
15 56 3190
15 57 6181
15 58 2575
15 59 666
15 60 4693
15 61 1512
15 62 3461
15 63 1289
15 64 4948
15 65 3444
15 66 5620
15 67 2190
15 68 282
15 69 5142
15 70 5035
16 1 5410
16 2 5498
16 3 2893
16 4 1095
16 5 1249
16 6 7387
16 7 6155
16 8 5232
16 9 6395
16 10 4759
16 11 5023
16 12 2605
16 13 120
16 14 332
16 15 6454
16 17 3333
16 18 5756
16 19 1108
16 20 7177
16 21 1291
16 22 7422
16 23 2834
16 24 2436
16 25 1933
16 26 982
16 27 5083
16 28 3748
16 29 4695
16 30 7261
16 31 6552
16 32 1507
16 33 2139
16 34 3802
16 35 2581
16 36 2836
16 37 4536
16 38 5444
16 39 4783
16 40 282
16 41 5415
16 42 766
16 43 3732
16 44 5003
16 45 1002
16 46 7118
16 47 6188
16 48 6074
16 49 7409
16 50 6619
16 51 1317
16 52 2742
16 53 3512
16 54 5559
16 55 7104
16 56 2549
16 57 5860
16 58 5218
16 59 611
16 60 1457
16 61 698
16 62 5069
16 63 6575
16 64 1084
16 65 7495
16 66 5128
16 67 6227
16 68 441
16 69 24
16 70 4695
17 1 152
17 2 989
17 3 3388
17 4 7051
17 5 5475
17 6 6721
17 7 3802
17 8 2024
17 9 831
17 10 3474
17 11 3205
17 12 5759
17 13 2414
17 14 3170
17 15 4050
17 16 6375
17 18 3019
17 19 7453
17 20 1252
17 21 5028
17 22 1027
17 23 2326
17 24 7472
17 25 7166
17 26 7224
17 27 2186
17 28 4887
17 29 623
17 30 6379
17 31 2767
17 32 1703
17 33 186
17 34 1060
17 35 6830
17 36 4940
17 37 1900
17 38 5540
17 39 908
17 40 4920
17 41 4065
17 42 5435
17 43 3922
17 44 5937
17 45 7129
17 46 5726
17 47 3745
17 48 5216
17 49 2259
17 50 5656
17 51 4137
17 52 5296
17 53 5149
17 54 526
17 55 1638
17 56 6327
17 57 7464
17 58 7138
17 59 3523
17 60 5786
17 61 2045
17 62 5225
17 63 5021
17 64 479
17 65 7104
17 66 3488
17 67 7207
17 68 5416
17 69 6055
17 70 3515
18 1 713
18 2 7196
18 3 2916
18 4 1232
18 5 5366
18 6 6748
18 7 2564
18 8 2198
18 9 2229
18 10 5676
18 11 2663
18 12 7121
18 13 4035
18 14 6022
18 15 6575
18 16 7236
18 17 5346
18 19 5589
18 20 3779
18 21 4558
18 22 3874
18 23 5846
18 24 2013
18 25 6768
18 26 3704
18 27 557
18 28 5258
18 29 6485
18 30 1010
18 31 1493
18 32 2115
18 33 2043
18 34 7351
18 35 3211
18 36 4427
18 37 5610
18 38 4210
18 39 7149
18 40 7069
18 41 5774
18 42 6193
18 43 1644
18 44 7219
18 45 5235
18 46 3695
18 47 5520
18 48 6631
18 49 5175
18 50 2893
18 51 4914
18 52 1717
18 53 4522
18 54 2419
18 55 6251
18 56 2385
18 57 1052
18 58 3067
18 59 7153
18 60 3822
18 61 976
18 62 3782
18 63 1779
18 64 3446
18 65 5048
18 66 2596
18 67 3501
18 68 1533
18 69 3669
18 70 3689
19 1 3694
19 2 7251
19 3 1996
19 4 5603
19 5 6306
19 6 3916
19 7 5050
19 8 834
19 9 813
19 10 3494
19 11 4801
19 12 5626
19 13 7376
19 14 3792
19 15 4126
19 16 2688
19 17 2663
19 18 3580
19 20 901
19 21 6309
19 22 1714
19 23 785
19 24 265
19 25 2839
19 26 6921
19 27 2720
19 28 1683
19 29 3311
19 30 530
19 31 894
19 32 4766
19 33 5957
19 34 4867
19 35 7051
19 36 5630
19 37 6413
19 38 4328
19 39 4097
19 40 4555
19 41 2889
19 42 1182
19 43 4132
19 44 496
19 45 6770
19 46 136
19 47 6221
19 48 1745
19 49 3412
19 50 1451
19 51 2427
19 52 1725
19 53 2959
19 54 1795
19 55 6788
19 56 7173
19 57 4537
19 58 7223
19 59 665
19 60 4042
19 61 1695
19 62 6874
19 63 5134
19 64 6850
19 65 7305
19 66 2581
19 67 3698
19 68 6203
19 69 620
19 70 431
20 1 3862
20 2 2097
20 3 1367
20 4 1737
20 5 5096
20 6 2861
20 7 1107
20 8 3858
20 9 3043
20 10 6520
20 11 7055
20 12 3264
20 13 3856
20 14 1785
20 15 2961
20 16 3598
20 17 4136
20 18 1650
20 19 2672
20 21 4913
20 22 2443
20 23 4229
20 24 6270
20 25 4467
20 26 4882
20 27 2499
20 28 5596
20 29 2050
20 30 6719
20 31 6307
20 32 2568
20 33 4702
20 34 2064
20 35 2095
20 36 3409
20 37 6836
20 38 4406
20 39 145
20 40 7182
20 41 5247
20 42 1324
20 43 2838
20 44 5318
20 45 3923
20 46 1063
20 47 6120
20 48 4449
20 49 2629
20 50 3143
20 51 139
20 52 3056
20 53 3854
20 54 6428
20 55 3458
20 56 3260
20 57 1555
20 58 38
20 59 7327
20 60 1599
20 61 516
20 62 6665
20 63 1691
20 64 2207
20 65 5242
20 66 6431
20 67 5653
20 68 6040
20 69 4992
20 70 4829
21 1 2528
21 2 6402
21 3 2216
21 4 1860
21 5 3698
21 6 5321
21 7 7348
21 8 20
21 9 717
21 10 2516
21 11 4099
21 12 4733
21 13 2748
21 14 5790
21 15 171
21 16 1415
21 17 40
21 18 6429
21 19 4109
21 20 3264
21 22 6369
21 23 626
21 24 1123
21 25 3053
21 26 3809
21 27 5996
21 28 1501
21 29 1225
21 30 203
21 31 7431
21 32 3766
21 33 3337
21 34 7383
21 35 6088
21 36 4806
21 37 1404
21 38 6104
21 39 6416
21 40 3344
21 41 3962
21 42 986
21 43 2381
21 44 4425
21 45 7063
21 46 2787
21 47 4303
21 48 787
21 49 2650
21 50 4992
21 51 254
21 52 6859
21 53 3945
21 54 28
21 55 1787
21 56 378
21 57 5162
21 58 7334
21 59 3032
21 60 4282
21 61 205
21 62 3677
21 63 6287
21 64 3112
21 65 6637
21 66 6360
21 67 5759
21 68 4345
21 69 5614
21 70 4192
22 1 4128
22 2 2497
22 3 158
22 4 2535
22 5 7192
22 6 4278
22 7 2179
22 8 7484
22 9 2769
22 10 551
22 11 5441
22 12 3836
22 13 3893
22 14 7330
22 15 5866
22 16 3312
22 17 4460
22 18 902
22 19 6050
22 20 5203
22 21 4673
22 23 4694
22 24 1547
22 25 4874
22 26 3888
22 27 3155
22 28 3690
22 29 2677
22 30 4085
22 31 753
22 32 1358
22 33 5772
22 34 1906
22 35 4578
22 36 2543
22 37 7193
22 38 3457
22 39 5490
22 40 1584
22 41 3069
22 42 1702
22 43 2119
22 44 4641
22 45 1455
22 46 5312
22 47 4859
22 48 925
22 49 6955
22 50 7158
22 51 1441
22 52 4570
22 53 2664
22 54 3596
22 55 6581
22 56 3397
22 57 2180
22 58 1366
22 59 2873
22 60 3233
22 61 7348
22 62 5680
22 63 1064
22 64 5946
22 65 2904
22 66 5514
22 67 4340
22 68 1395
22 69 6016
22 70 3889
23 1 5227
23 2 3258
23 3 5547
23 4 1603
23 5 3191
23 6 1046
23 7 3035
23 8 5888
23 9 2239
23 10 2806
23 11 5355
23 12 927
23 13 2081
23 14 5387
23 15 5636
23 16 6831
23 17 1014
23 18 5511
23 19 1933
23 20 4350
23 21 2479
23 22 6981
23 24 6354
23 25 4563
23 26 5728
23 27 6466
23 28 826
23 29 7243
23 30 3268
23 31 882
23 32 4536
23 33 3210
23 34 7074
23 35 5496
23 36 6089
23 37 3414
23 38 381
23 39 3678
23 40 1598
23 41 5513
23 42 3493
23 43 6654
23 44 2253
23 45 3680
23 46 4580
23 47 5731
23 48 1505
23 49 7245
23 50 4080
23 51 3427
23 52 2922
23 53 1224
23 54 4276
23 55 2988
23 56 4379
23 57 2030
23 58 3098
23 59 6446
23 60 2721
23 61 587
23 62 3043
23 63 6507
23 64 7305
23 65 5416
23 66 7056
23 67 6999
23 68 7209
23 69 4203
23 70 6829
24 1 4753
24 2 7249
24 3 3847
24 4 4289
24 5 4906
24 6 3724
24 7 3652
24 8 6059
24 9 6280
24 10 577
24 11 1109
24 12 3034
24 13 5265
24 14 3615
24 15 2161
24 16 2995
24 17 6457
24 18 1005
24 19 1682
24 20 896
24 21 1874
24 22 4179
24 23 656
24 25 6974
24 26 5420
24 27 3137
24 28 6750
24 29 3113
24 30 2589
24 31 5334
24 32 5808
24 33 5170
24 34 4021
24 35 1043
24 36 2234
24 37 6521
24 38 7089
24 39 2375
24 40 3602
24 41 1651
24 42 7065
24 43 1820
24 44 736
24 45 6417
24 46 4507
24 47 5439
24 48 5028
24 49 6293
24 50 358
24 51 5872
24 52 7152
24 53 3398
24 54 2751
24 55 4246
24 56 4299
24 57 4984
24 58 2398
24 59 785
24 60 5905
24 61 6772
24 62 6271
24 63 3229
24 64 1296
24 65 6411
24 66 3040
24 67 212
24 68 97
24 69 624
24 70 5910
25 1 3818
25 2 7098
25 3 6819
25 4 203
25 5 5469
25 6 48
25 7 3047
25 8 4785
25 9 5427
25 10 1221
25 11 1170
25 12 5741
25 13 5215
25 14 4130
25 15 927
25 16 5247
25 17 4463
25 18 6082
25 19 3104
25 20 7467
25 21 4457
25 22 3491
25 23 2376
25 24 2336
25 26 76
25 27 4012
25 28 2116
25 29 1232
25 30 1180
25 31 7219
25 32 3798
25 33 7054
25 34 6603
25 35 214
25 36 3682
25 37 522
25 38 7290
25 39 3510
25 40 3750
25 41 421
25 42 184
25 43 783
25 44 1036
25 45 1316
25 46 3687
25 47 441
25 48 6949
25 49 2572
25 50 1294
25 51 4981
25 52 255
25 53 2239
25 54 944
25 55 7362
25 56 4744
25 57 1107
25 58 7392
25 59 3761
25 60 1746
25 61 3390
25 62 4272
25 63 1635
25 64 2465
25 65 4693
25 66 1509
25 67 1161
25 68 2215
25 69 5883
25 70 1699
26 1 180
26 2 6560
26 3 3326
26 4 7339
26 5 5977
26 6 6710
26 7 4154
26 8 2209
26 9 2952
26 10 1472
26 11 1687
26 12 5829
26 13 6030
26 14 2901
26 15 781
26 16 4481
26 17 1795
26 18 4441
26 19 3724
26 20 6227
26 21 676
26 22 6613
26 23 5749
26 24 5686
26 25 4369
26 27 4810
26 28 6997
26 29 5704
26 30 7256
26 31 1220
26 32 693
26 33 5498
26 34 1225
26 35 5189
26 36 926
26 37 5356
26 38 2257
26 39 1664
26 40 5379
26 41 1687
26 42 6265
26 43 4497
26 44 4431
26 45 2989
26 46 6686
26 47 563
26 48 2715
26 49 3116
26 50 6739
26 51 1647
26 52 3016
26 53 149
26 54 6512
26 55 661
26 56 3021
26 57 882
26 58 7089
26 59 6232
26 60 3524
26 61 2600
26 62 1920
26 63 3075
26 64 6452
26 65 1306
26 66 1366
26 67 1944
26 68 1574
26 69 244
26 70 2519
27 1 447
27 2 6979
27 3 3463
27 4 2822
27 5 4492
27 6 1509
27 7 6193
27 8 601
27 9 1799
27 10 4560
27 11 4473
27 12 6413
27 13 4874
27 14 1914
27 15 6647
27 16 2607
27 17 2486
27 18 2009
27 19 2430
27 20 4904
27 21 1215
27 22 5404
27 23 3129
27 24 3622
27 25 7250
27 26 3954
27 28 3884
27 29 4842
27 30 7367
27 31 2179
27 32 2603
27 33 3001
27 34 2836
27 35 853
27 36 291
27 37 1612
27 38 5665
27 39 2141
27 40 2516
27 41 3003
27 42 2297
27 43 4563
27 44 1093
27 45 892
27 46 1862
27 47 4808
27 48 4569
27 49 1637
27 50 2954
27 51 811
27 52 2468
27 53 2611
27 54 482
27 55 5498
27 56 679
27 57 4507
27 58 4572
27 59 3403
27 60 6960
27 61 6763
27 62 7001
27 63 3080
27 64 2203
27 65 3758
27 66 72
27 67 1027
27 68 3206
27 69 7196
27 70 2150
28 1 6956
28 2 1847
28 3 2231
28 4 2406
28 5 3350
28 6 3459
28 7 512
28 8 4527
28 9 4427
28 10 4907
28 11 2099
28 12 5060
28 13 5314
28 14 4241
28 15 2310
28 16 1278
28 17 5711
28 18 1906
28 19 3136
28 20 2619
28 21 1375
28 22 2934
28 23 885
28 24 753
28 25 679
28 26 3657
28 27 2283
28 29 5149
28 30 4306
28 31 6402
28 32 3653
28 33 7029
28 34 455
28 35 4347
28 36 7415
28 37 6117
28 38 1213
28 39 2132
28 40 1887
28 41 4131
28 42 6185
28 43 2494
28 44 2673
28 45 291
28 46 1692
28 47 3225
28 48 3027
28 49 1958
28 50 23
28 51 5693
28 52 599
28 53 4074
28 54 6962
28 55 5431
28 56 2113
28 57 5325
28 58 4647
28 59 843
28 60 7000
28 61 3122
28 62 5354
28 63 859
28 64 4759
28 65 365
28 66 2520
28 67 4330
28 68 877
28 69 2474
28 70 2427
29 1 143
29 2 487
29 3 6591
29 4 4679
29 5 368
29 6 14
29 7 160
29 8 4118
29 9 1953
29 10 3318
29 11 5820
29 12 3422
29 13 6907
29 14 1491
29 15 3906
29 16 5145
29 17 332
29 18 3201
29 19 1926
29 20 2847
29 21 125
29 22 1714
29 23 6132
29 24 2596
29 25 851
29 26 6578
29 27 5674
29 28 4446
29 30 5539
29 31 5226
29 32 3578
29 33 5028
29 34 6429
29 35 5762
29 36 4529
29 37 7023
29 38 5662
29 39 559
29 40 1371
29 41 2184
29 42 358
29 43 5497
29 44 4850
29 45 6738
29 46 3602
29 47 4936
29 48 4062
29 49 2157
29 50 6151
29 51 6190
29 52 5395
29 53 2865
29 54 4698
29 55 1816
29 56 3973
29 57 4601
29 58 1969
29 59 6131
29 60 7311
29 61 5469
29 62 1132
29 63 3316
29 64 6614
29 65 1296
29 66 4133
29 67 83
29 68 2987
29 69 6126
29 70 5095
30 1 224
30 2 2254
30 3 3164
30 4 4119
30 5 1766
30 6 2749
30 7 6199
30 8 5169
30 9 5728
30 10 2179
30 11 5697
30 12 3319
30 13 1237
30 14 4849
30 15 2773
30 16 1978
30 17 5294
30 18 1011
30 19 3768
30 20 3214
30 21 6830
30 22 3162
30 23 7066
30 24 1588
30 25 7314
30 26 6986
30 27 6419
30 28 5739
30 29 3755
30 31 5911
30 32 5660
30 33 3659
30 34 314
30 35 1011
30 36 3968
30 37 2803
30 38 3258
30 39 7304
30 40 5214
30 41 974
30 42 107
30 43 7257
30 44 6872
30 45 3557
30 46 5963
30 47 3111
30 48 5186
30 49 5710
30 50 3594
30 51 2120
30 52 2048
30 53 5558
30 54 4436
30 55 5178
30 56 4039
30 57 7379
30 58 3954
30 59 4987
30 60 2977
30 61 983
30 62 1102
30 63 3724
30 64 4430
30 65 486
30 66 3727
30 67 5574
30 68 3807
30 69 1238
30 70 5875
31 1 2362
31 2 3949
31 3 6495
31 4 5579
31 5 5647
31 6 6476
31 7 5713
31 8 1120
31 9 4829
31 10 6441
31 11 469
31 12 4280
31 13 3275
31 14 681
31 15 1904
31 16 570
31 17 293
31 18 1819
31 19 7280
31 20 6287
31 21 842
31 22 6948
31 23 5331
31 24 5652
31 25 7265
31 26 6829
31 27 194
31 28 5324
31 29 2218
31 30 5195
31 32 1509
31 33 5615
31 34 485
31 35 5213
31 36 4547
31 37 7421
31 38 5552
31 39 6842
31 40 4838
31 41 4645
31 42 1336
31 43 4432
31 44 768
31 45 1117
31 46 6332
31 47 6075
31 48 1381
31 49 2339
31 50 3145
31 51 1281
31 52 7492
31 53 1094
31 54 1858
31 55 1706
31 56 6566
31 57 1318
31 58 5519
31 59 1336
31 60 2053
31 61 5556
31 62 7207
31 63 5280
31 64 5863
31 65 4826
31 66 5126
31 67 5432
31 68 4152
31 69 3810
31 70 712
32 1 3930
32 2 5427
32 3 4257
32 4 189
32 5 3960
32 6 5268
32 7 6793
32 8 7126
32 9 665
32 10 7095
32 11 4193
32 12 2949
32 13 2855
32 14 910
32 15 3287
32 16 6172
32 17 4485
32 18 3080
32 19 1638
32 20 1954
32 21 6638
32 22 233
32 23 3077
32 24 1245
32 25 300
32 26 323
32 27 5119
32 28 2838
32 29 1407
32 30 6444
32 31 853
32 33 3124
32 34 2776
32 35 1995
32 36 4011
32 37 294
32 38 1801
32 39 2959
32 40 2001
32 41 4895
32 42 4384
32 43 5362
32 44 2450
32 45 2536
32 46 6176
32 47 7141
32 48 3825
32 49 7298
32 50 23
32 51 489
32 52 2625
32 53 5090
32 54 3415
32 55 1923
32 56 1559
32 57 1172
32 58 2890
32 59 5178
32 60 7323
32 61 3151
32 62 7409
32 63 2367
32 64 6884
32 65 2852
32 66 4896
32 67 5367
32 68 1566
32 69 3381
32 70 3796
33 1 967
33 2 4896
33 3 550
33 4 3848
33 5 1008
33 6 6357
33 7 736
33 8 1239
33 9 4582
33 10 1896
33 11 2890
33 12 4918
33 13 107
33 14 4612
33 15 2182
33 16 2371
33 17 2912
33 18 190
33 19 393
33 20 1200
33 21 6155
33 22 5082
33 23 4483
33 24 4946
33 25 1103
33 26 5400
33 27 5086
33 28 1583
33 29 5337
33 30 2311
33 31 7463
33 32 6846
33 34 2503
33 35 1001
33 36 471
33 37 6939
33 38 6709
33 39 6526
33 40 1477
33 41 70
33 42 5985
33 43 4085
33 44 4591
33 45 3509
33 46 1326
33 47 1778
33 48 6817
33 49 6961
33 50 1054
33 51 5679
33 52 4905
33 53 683
33 54 2364
33 55 3471
33 56 1717
33 57 5652
33 58 5631
33 59 6045
33 60 7000
33 61 2758
33 62 924
33 63 2025
33 64 7476
33 65 798
33 66 222
33 67 3892
33 68 717
33 69 2120
33 70 3269
34 1 5708
34 2 798
34 3 272
34 4 4063
34 5 3301
34 6 1190
34 7 1537
34 8 2712
34 9 3163
34 10 3771
34 11 1592
34 12 2712
34 13 6736
34 14 6462
34 15 1220
34 16 5841
34 17 1716
34 18 7421
34 19 7216
34 20 3917
34 21 4793
34 22 6949
34 23 7241
34 24 5961
34 25 6558
34 26 4515
34 27 3352
34 28 6237
34 29 2930
34 30 6893
34 31 2418
34 32 1061
34 33 5309
34 35 6907
34 36 1824
34 37 6036
34 38 3281
34 39 4385
34 40 6007
34 41 6387
34 42 2451
34 43 6954
34 44 7146
34 45 5607
34 46 2826
34 47 1245
34 48 2319
34 49 235
34 50 702
34 51 1452
34 52 3737
34 53 5758
34 54 2918
34 55 5961
34 56 2071
34 57 6918
34 58 6881
34 59 7158
34 60 346
34 61 4500
34 62 4459
34 63 4832
34 64 6195
34 65 3824
34 66 3871
34 67 5051
34 68 6822
34 69 5986
34 70 3844
35 1 1866
35 2 5771
35 3 2099
35 4 5888
35 5 7284
35 6 6814
35 7 497
35 8 1972
35 9 6789
35 10 5471
35 11 472
35 12 1004
35 13 177
35 14 7285
35 15 6513
35 16 558
35 17 4456
35 18 5012
35 19 2218
35 20 3635
35 21 3260
35 22 7384
35 23 5067
35 24 4162
35 25 7191
35 26 4554
35 27 1503
35 28 1213
35 29 3161
35 30 6429
35 31 6532
35 32 6315
35 33 1813
35 34 6984
35 36 613
35 37 68
35 38 5377
35 39 6448
35 40 878
35 41 4222
35 42 3193
35 43 3275
35 44 3685
35 45 3329
35 46 4832
35 47 5121
35 48 4274
35 49 6933
35 50 2232
35 51 2575
35 52 6215
35 53 3661
35 54 5256
35 55 7404
35 56 4128
35 57 6366
35 58 3173
35 59 2754
35 60 3929
35 61 5644
35 62 2656
35 63 6485
35 64 3136
35 65 1337
35 66 850
35 67 1191
35 68 2687
35 69 6041
35 70 3760
36 1 7098
36 2 2262
36 3 782
36 4 2889
36 5 732
36 6 5503
36 7 2456
36 8 4363
36 9 5328
36 10 1101
36 11 2466
36 12 2036
36 13 2949
36 14 1119
36 15 5570
36 16 596
36 17 4844
36 18 3114
36 19 386
36 20 7500
36 21 6621
36 22 6418
36 23 7026
36 24 4032
36 25 53
36 26 1628
36 27 1376
36 28 2278
36 29 3349
36 30 6082
36 31 342
36 32 302
36 33 6206
36 34 2782
36 35 828
36 37 6177
36 38 5603
36 39 5042
36 40 1378
36 41 2573
36 42 1313
36 43 3742
36 44 1992
36 45 2745
36 46 2890
36 47 6801
36 48 3195
36 49 3314
36 50 6505
36 51 178
36 52 5792
36 53 111
36 54 5134
36 55 5103
36 56 1621
36 57 7403
36 58 5075
36 59 4828
36 60 4751
36 61 2200
36 62 108
36 63 2399
36 64 4987
36 65 769
36 66 4210
36 67 625
36 68 209
36 69 2941
36 70 4192
37 1 708
37 2 4156
37 3 4166
37 4 3247
37 5 5516
37 6 7412
37 7 4106
37 8 1519
37 9 879
37 10 5856
37 11 5566
37 12 6208
37 13 224
37 14 6927
37 15 3297
37 16 4947
37 17 2970
37 18 7298
37 19 2804
37 20 4150
37 21 4091
37 22 5627
37 23 5896
37 24 4249
37 25 7471
37 26 225
37 27 1332
37 28 5600
37 29 227
37 30 5815
37 31 842
37 32 2240
37 33 6389
37 34 6928
37 35 4178
37 36 4594
37 38 2052
37 39 6641
37 40 466
37 41 868
37 42 1337
37 43 4819
37 44 2858
37 45 659
37 46 6773
37 47 5832
37 48 1528
37 49 6303
37 50 4791
37 51 4532
37 52 5865
37 53 4321
37 54 1292
37 55 3826
37 56 2331
37 57 6784
37 58 3232
37 59 1210
37 60 2378
37 61 6175
37 62 2494
37 63 3195
37 64 2751
37 65 984
37 66 3757
37 67 5878
37 68 2033
37 69 5308
37 70 5761
38 1 4482
38 2 2468
38 3 58
38 4 5032
38 5 7056
38 6 1303
38 7 5189
38 8 2673
38 9 2707
38 10 5572
38 11 6406
38 12 149
38 13 1713
38 14 3469
38 15 6374
38 16 234
38 17 6954
38 18 1402
38 19 4872
38 20 3652
38 21 6865
38 22 425
38 23 533
38 24 6424
38 25 2782
38 26 328
38 27 2105
38 28 5161
38 29 3313
38 30 6267
38 31 4080
38 32 7351
38 33 2168
38 34 5569
38 35 5279
38 36 1756
38 37 5315
38 39 3143
38 40 194
38 41 3795
38 42 5945
38 43 1208
38 44 4565
38 45 4581
38 46 1151
38 47 1130
38 48 4791
38 49 1250
38 50 6504
38 51 1963
38 52 5786
38 53 5052
38 54 3444
38 55 4841
38 56 4339
38 57 5324
38 58 2229
38 59 6201
38 60 2690
38 61 3998
38 62 1356
38 63 784
38 64 3770
38 65 6950
38 66 4747
38 67 2816
38 68 5415
38 69 4324
38 70 6270
39 1 3132
39 2 4418
39 3 1496
39 4 4583
39 5 1549
39 6 5442
39 7 5905
39 8 2653
39 9 3787
39 10 6159
39 11 57
39 12 2319
39 13 6376
39 14 509
39 15 7263
39 16 4437
39 17 235
39 18 584
39 19 5825
39 20 1530
39 21 1235
39 22 3901
39 23 4372
39 24 1989
39 25 7421
39 26 6937
39 27 6034
39 28 4060
39 29 2249
39 30 216
39 31 2218
39 32 4149
39 33 7200
39 34 5461
39 35 448
39 36 5990
39 37 2540
39 38 3621
39 40 2014
39 41 5355
39 42 4017
39 43 2234
39 44 6533
39 45 5853
39 46 5012
39 47 346
39 48 5100
39 49 39
39 50 4344
39 51 1696
39 52 7339
39 53 3487
39 54 5184
39 55 5783
39 56 6316
39 57 4504
39 58 475
39 59 2250
39 60 375
39 61 6493
39 62 3650
39 63 6411
39 64 2321
39 65 4269
39 66 4083
39 67 688
39 68 6892
39 69 136
39 70 992
40 1 6800
40 2 6110
40 3 2837
40 4 4794
40 5 5107
40 6 2838
40 7 3888
40 8 2990
40 9 1388
40 10 5546
40 11 126
40 12 6828
40 13 2640
40 14 4755
40 15 1964
40 16 6510
40 17 6936
40 18 4201
40 19 6499
40 20 1415
40 21 5465
40 22 3735
40 23 6486
40 24 3587
40 25 1188
40 26 6412
40 27 2234
40 28 1086
40 29 6363
40 30 2010
40 31 5818
40 32 6886
40 33 3400
40 34 4896
40 35 5013
40 36 659
40 37 2746
40 38 2461
40 39 7448
40 41 6546
40 42 3951
40 43 633
40 44 2062
40 45 5346
40 46 1827
40 47 55
40 48 235
40 49 5142
40 50 7377
40 51 1158
40 52 5081
40 53 6433
40 54 2749
40 55 720
40 56 1691
40 57 6550
40 58 6135
40 59 4841
40 60 1188
40 61 878
40 62 3657
40 63 4578
40 64 6626
40 65 3820
40 66 6199
40 67 3013
40 68 4190
40 69 5395
40 70 2139
41 1 6279
41 2 4205
41 3 6660
41 4 7368
41 5 4774
41 6 3967
41 7 639
41 8 5401
41 9 5118
41 10 5606
41 11 1835
41 12 3846
41 13 6933
41 14 6738
41 15 7431
41 16 1899
41 17 3030
41 18 5116
41 19 5598
41 20 1623
41 21 7073
41 22 2094
41 23 3898
41 24 5462
41 25 1910
41 26 1993
41 27 1220
41 28 6153
41 29 4820
41 30 2890
41 31 3165
41 32 3591
41 33 3439
41 34 5117
41 35 1128
41 36 455
41 37 1518
41 38 1028
41 39 1211
41 40 6731
41 42 188
41 43 6408
41 44 2718
41 45 1734
41 46 2774
41 47 789
41 48 4898
41 49 1927
41 50 7163
41 51 5687
41 52 6430
41 53 5941
41 54 4949
41 55 192
41 56 1806
41 57 2222
41 58 4659
41 59 5699
41 60 5039
41 61 5487
41 62 5662
41 63 1576
41 64 5531
41 65 1330
41 66 3511
41 67 26
41 68 2293
41 69 464
41 70 874
42 1 3574
42 2 3229
42 3 4504
42 4 606
42 5 7439
42 6 6555
42 7 5832
42 8 757
42 9 6317
42 10 1010
42 11 4593
42 12 6217
42 13 4104
42 14 822
42 15 3079
42 16 3668
42 17 6721
42 18 5930
42 19 3408
42 20 5546
42 21 713
42 22 566
42 23 659
42 24 205
42 25 1898
42 26 7315
42 27 6210
42 28 1636
42 29 5256
42 30 7419
42 31 7019
42 32 1036
42 33 5511
42 34 633
42 35 749
42 36 2567
42 37 2025
42 38 5608
42 39 5917
42 40 4413
42 41 4488
42 43 104
42 44 2181
42 45 7340
42 46 131
42 47 4437
42 48 170
42 49 2238
42 50 7024
42 51 399
42 52 6696
42 53 3181
42 54 4738
42 55 6946
42 56 572
42 57 3821
42 58 3236
42 59 2084
42 60 1360
42 61 4307
42 62 6321
42 63 5874
42 64 7301
42 65 5660
42 66 3995
42 67 2685
42 68 5933
42 69 5201
42 70 4701
43 1 6550
43 2 4088
43 3 1041
43 4 2084
43 5 496
43 6 5153
43 7 3205
43 8 7495
43 9 4304
43 10 3997
43 11 4186
43 12 3903
43 13 5138
43 14 3534
43 15 5697
43 16 1900
43 17 1602
43 18 6606
43 19 6033
43 20 1276
43 21 2827
43 22 4521
43 23 1621
43 24 5224
43 25 2371
43 26 2078
43 27 3690
43 28 6886
43 29 655
43 30 3118
43 31 6020
43 32 1797
43 33 7025
43 34 6960
43 35 5403
43 36 617
43 37 3039
43 38 2753
43 39 1197
43 40 3347
43 41 3931
43 42 5372
43 44 4998
43 45 3992
43 46 1568
43 47 4862
43 48 1116
43 49 6378
43 50 4466
43 51 3632
43 52 1448
43 53 5186
43 54 6984
43 55 2620
43 56 4087
43 57 4842
43 58 2586
43 59 2170
43 60 6948
43 61 6766
43 62 6991
43 63 4721
43 64 6173
43 65 6694
43 66 5674
43 67 6217
43 68 5789
43 69 2898
43 70 1987
44 1 3582
44 2 2038
44 3 6892
44 4 1553
44 5 930
44 6 5943
44 7 6377
44 8 2128
44 9 2643
44 10 5489
44 11 1241
44 12 1883
44 13 3215
44 14 395
44 15 2041
44 16 4518
44 17 3488
44 18 1283
44 19 6472
44 20 3999
44 21 6940
44 22 4002
44 23 6348
44 24 3072
44 25 5360
44 26 3703
44 27 3703
44 28 4024
44 29 1959
44 30 2585
44 31 5357
44 32 1135
44 33 6058
44 34 926
44 35 4393
44 36 6486
44 37 1352
44 38 2051
44 39 6490
44 40 4449
44 41 4484
44 42 1517
44 43 5643
44 45 1362
44 46 5011
44 47 6679
44 48 3510
44 49 7098
44 50 3128
44 51 4568
44 52 6199
44 53 7103
44 54 5374
44 55 2068
44 56 3950
44 57 6848
44 58 1465
44 59 698
44 60 2712
44 61 2209
44 62 2207
44 63 212
44 64 5878
44 65 2580
44 66 2047
44 67 181
44 68 5214
44 69 5677
44 70 2438
45 1 6332
45 2 2063
45 3 6013
45 4 6728
45 5 6365
45 6 6240
45 7 7424
45 8 6607
45 9 3883
45 10 786
45 11 5480
45 12 909
45 13 2644
45 14 2572
45 15 3098
45 16 1461
45 17 4577
45 18 2495
45 19 7254
45 20 318
45 21 5583
45 22 6475
45 23 5083
45 24 260
45 25 6642
45 26 7084
45 27 2018
45 28 5296
45 29 1888
45 30 7448
45 31 7170
45 32 593
45 33 4489
45 34 6920
45 35 157
45 36 6272
45 37 3232
45 38 5491
45 39 2950
45 40 2899
45 41 3170
45 42 3014
45 43 778
45 44 4494
45 46 1039
45 47 3852
45 48 4069
45 49 6896
45 50 7259
45 51 967
45 52 2866
45 53 6150
45 54 6613
45 55 872
45 56 5433
45 57 4366
45 58 4258
45 59 1826
45 60 7261
45 61 782
45 62 6353
45 63 5857
45 64 3751
45 65 3359
45 66 5617
45 67 1619
45 68 6307
45 69 1465
45 70 2525
46 1 1628
46 2 47
46 3 7350
46 4 5517
46 5 3427
46 6 3753
46 7 211
46 8 425
46 9 1294
46 10 3889
46 11 1861
46 12 2649
46 13 1015
46 14 7294
46 15 5770
46 16 1247
46 17 2632
46 18 788
46 19 1634
46 20 7107
46 21 6667
46 22 1066
46 23 2800
46 24 6624
46 25 1181
46 26 1827
46 27 4489
46 28 2595
46 29 6517
46 30 1294
46 31 3190
46 32 6504
46 33 663
46 34 6435
46 35 2780
46 36 1427
46 37 2514
46 38 1873
46 39 1627
46 40 1401
46 41 7500
46 42 6675
46 43 5606
46 44 6802
46 45 1628
46 47 331
46 48 6781
46 49 1828
46 50 617
46 51 1919
46 52 4764
46 53 2649
46 54 6441
46 55 1422
46 56 7300
46 57 1395
46 58 6636
46 59 5582
46 60 5990
46 61 1877
46 62 6475
46 63 4555
46 64 4326
46 65 5389
46 66 2211
46 67 5234
46 68 2583
46 69 695
46 70 2275
47 1 5362
47 2 4355
47 3 6819
47 4 628
47 5 1533
47 6 5780
47 7 2590
47 8 1641
47 9 5206
47 10 3059
47 11 4974
47 12 3747
47 13 5859
47 14 3900
47 15 2585
47 16 865
47 17 3550
47 18 5127
47 19 334
47 20 492
47 21 3174
47 22 4311
47 23 1719
47 24 538
47 25 2864
47 26 5257
47 27 4261
47 28 6518
47 29 2064
47 30 3418
47 31 2804
47 32 1200
47 33 6076
47 34 6956
47 35 671
47 36 3939
47 37 589
47 38 4500
47 39 6564
47 40 2396
47 41 246
47 42 2520
47 43 7365
47 44 960
47 45 397
47 46 3434
47 48 6862
47 49 7485
47 50 4709
47 51 7053
47 52 59
47 53 3852
47 54 3587
47 55 444
47 56 3326
47 57 7374
47 58 7245
47 59 5887
47 60 3188
47 61 1266
47 62 240
47 63 1356
47 64 3183
47 65 710
47 66 5184
47 67 2067
47 68 6061
47 69 3173
47 70 7441
48 1 5306
48 2 5770
48 3 7306
48 4 4196
48 5 4242
48 6 6780
48 7 5788
48 8 4047
48 9 17
48 10 2178
48 11 6355
48 12 1097
48 13 276
48 14 1837
48 15 887
48 16 5073
48 17 5048
48 18 6092
48 19 5125
48 20 5057
48 21 5740
48 22 6511
48 23 175
48 24 5637
48 25 3148
48 26 4930
48 27 4383
48 28 2653
48 29 116
48 30 1259
48 31 4084
48 32 2711
48 33 691
48 34 6244
48 35 6014
48 36 3174
48 37 7233
48 38 3296
48 39 3353
48 40 4085
48 41 1442
48 42 583
48 43 2133
48 44 6783
48 45 6433
48 46 1930
48 47 5136
48 49 400
48 50 1518
48 51 894
48 52 3696
48 53 3578
48 54 320
48 55 4042
48 56 817
48 57 7171
48 58 6566
48 59 3398
48 60 1540
48 61 2263
48 62 6561
48 63 959
48 64 2639
48 65 4576
48 66 48
48 67 2862
48 68 6385
48 69 7284
48 70 7356
49 1 5737
49 2 5259
49 3 4012
49 4 4418
49 5 6288
49 6 5649
49 7 6767
49 8 1970
49 9 7166
49 10 6511
49 11 5119
49 12 386
49 13 6568
49 14 115
49 15 3155
49 16 6769
49 17 6690
49 18 2684
49 19 2192
49 20 3241
49 21 2100
49 22 4283
49 23 1181
49 24 2692
49 25 4273
49 26 3671
49 27 809
49 28 6990
49 29 819
49 30 3598
49 31 5725
49 32 4446
49 33 3925
49 34 5562
49 35 717
49 36 6389
49 37 6248
49 38 2784
49 39 2127
49 40 712
49 41 4959
49 42 1029
49 43 5163
49 44 4641
49 45 1942
49 46 5358
49 47 5079
49 48 2368
49 50 5539
49 51 2338
49 52 1757
49 53 7120
49 54 6973
49 55 3622
49 56 6063
49 57 6135
49 58 2827
49 59 6976
49 60 6507
49 61 5587
49 62 6741
49 63 7059
49 64 2925
49 65 1635
49 66 5516
49 67 7276
49 68 4961
49 69 6537
49 70 3120
50 1 3862
50 2 3886
50 3 5550
50 4 4649
50 5 3440
50 6 7298
50 7 3482
50 8 1960
50 9 3405
50 10 5559
50 11 2364
50 12 4768
50 13 3161
50 14 2115
50 15 5603
50 16 5731
50 17 1632
50 18 5216
50 19 6477
50 20 6759
50 21 3687
50 22 2593
50 23 363
50 24 6368
50 25 2737
50 26 940
50 27 2196
50 28 6259
50 29 7434
50 30 5556
50 31 5451
50 32 963
50 33 4557
50 34 4684
50 35 3907
50 36 140
50 37 4023
50 38 4179
50 39 5379
50 40 7304
50 41 7168
50 42 642
50 43 4428
50 44 2589
50 45 6304
50 46 3795
50 47 6285
50 48 3573
50 49 6845
50 51 1573
50 52 2012
50 53 6791
50 54 6305
50 55 3967
50 56 3884
50 57 3989
50 58 22
50 59 6410
50 60 2155
50 61 5017
50 62 695
50 63 5298
50 64 1023
50 65 4872
50 66 4585
50 67 2733
50 68 3557
50 69 790
50 70 430
51 1 6862
51 2 3531
51 3 5717
51 4 2690
51 5 1237
51 6 5969
51 7 2036
51 8 5896
51 9 6790
51 10 1651
51 11 7496
51 12 6816
51 13 2106
51 14 2901
51 15 1792
51 16 5728
51 17 5388
51 18 4259
51 19 3179
51 20 967
51 21 785
51 22 383
51 23 988
51 24 2313
51 25 387
51 26 1104
51 27 1656
51 28 2149
51 29 6559
51 30 1261
51 31 349
51 32 3669
51 33 2581
51 34 4335
51 35 2497
51 36 57
51 37 1184
51 38 300
51 39 5151
51 40 4046
51 41 1985
51 42 110
51 43 4004
51 44 2841
51 45 4976
51 46 3193
51 47 7165
51 48 7202
51 49 3838
51 50 3091
51 52 3626
51 53 1424
51 54 3031
51 55 3370
51 56 1426
51 57 6344
51 58 5270
51 59 5569
51 60 4755
51 61 3836
51 62 7017
51 63 1516
51 64 29
51 65 3730
51 66 2976
51 67 6927
51 68 99
51 69 4456
51 70 5901
52 1 2580
52 2 5203
52 3 2803
52 4 7045
52 5 1968
52 6 5373
52 7 6670
52 8 2843
52 9 2411
52 10 1149
52 11 5947
52 12 317
52 13 5575
52 14 369
52 15 2553
52 16 6024
52 17 2485
52 18 4627
52 19 2459
52 20 2970
52 21 5748
52 22 7490
52 23 3927
52 24 6590
52 25 6961
52 26 4145
52 27 6801
52 28 6218
52 29 2424
52 30 3603
52 31 3997
52 32 2466
52 33 7473
52 34 3722
52 35 7286
52 36 5405
52 37 3157
52 38 629
52 39 2518
52 40 2368
52 41 7094
52 42 2396
52 43 547
52 44 6905
52 45 2833
52 46 4579
52 47 218
52 48 2175
52 49 5633
52 50 4821
52 51 5544
52 53 2076
52 54 6822
52 55 4779
52 56 6021
52 57 1695
52 58 1651
52 59 3384
52 60 7277
52 61 5070
52 62 5351
52 63 4188
52 64 2249
52 65 1834
52 66 7199
52 67 7467
52 68 1687
52 69 5049
52 70 7021
53 1 6421
53 2 7272
53 3 810
53 4 4432
53 5 2916
53 6 4966
53 7 1504
53 8 2317
53 9 819
53 10 1930
53 11 7288
53 12 7188
53 13 7251
53 14 3594
53 15 1044
53 16 2790
53 17 596
53 18 6289
53 19 715
53 20 778
53 21 6458
53 22 7166
53 23 7117
53 24 987
53 25 1169
53 26 6010
53 27 7119
53 28 369
53 29 5775
53 30 2439
53 31 547
53 32 4748
53 33 6175
53 34 4322
53 35 2366
53 36 4024
53 37 4191
53 38 1722
53 39 3151
53 40 2198
53 41 6482
53 42 3818
53 43 5798
53 44 7252
53 45 2932
53 46 2963
53 47 63
53 48 2276
53 49 5284
53 50 4655
53 51 5850
53 52 6057
53 54 4358
53 55 4980
53 56 6073
53 57 6248
53 58 4119
53 59 6424
53 60 1561
53 61 1183
53 62 3146
53 63 5538
53 64 6072
53 65 4525
53 66 5952
53 67 6244
53 68 2035
53 69 1674
53 70 3404
54 1 4559
54 2 7305
54 3 5278
54 4 6828
54 5 4100
54 6 3206
54 7 2227
54 8 968
54 9 557
54 10 1841
54 11 1977
54 12 3557
54 13 3674
54 14 1191
54 15 6192
54 16 1908
54 17 2351
54 18 5756
54 19 2333
54 20 6689
54 21 4533
54 22 4561
54 23 4849
54 24 198
54 25 6673
54 26 7314
54 27 7084
54 28 139
54 29 3443
54 30 459
54 31 4847
54 32 5669
54 33 2435
54 34 6419
54 35 4518
54 36 4928
54 37 5073
54 38 6462
54 39 6530
54 40 3595
54 41 291
54 42 40
54 43 6299
54 44 5772
54 45 2304
54 46 6257
54 47 7241
54 48 289
54 49 1374
54 50 6627
54 51 6718
54 52 4710
54 53 760
54 55 5749
54 56 4066
54 57 327
54 58 6469
54 59 426
54 60 6487
54 61 2845
54 62 1198
54 63 2394
54 64 1681
54 65 7088
54 66 71
54 67 6111
54 68 1081
54 69 5350
54 70 3563
55 1 2492
55 2 371
55 3 6517
55 4 1186
55 5 1487
55 6 2200
55 7 2599
55 8 3681
55 9 6467
55 10 7106
55 11 5414
55 12 211
55 13 822
55 14 3804
55 15 5210
55 16 4711
55 17 3455
55 18 2718
55 19 4918
55 20 4251
55 21 1173
55 22 7081
55 23 6517
55 24 1560
55 25 4261
55 26 741
55 27 7438
55 28 4751
55 29 2812
55 30 2695
55 31 2360
55 32 3342
55 33 1196
55 34 4251
55 35 2756
55 36 4169
55 37 7071
55 38 1447
55 39 1125
55 40 31
55 41 2836
55 42 6799
55 43 3755
55 44 781
55 45 4149
55 46 3719
55 47 5794
55 48 3487
55 49 2311
55 50 1045
55 51 7055
55 52 6965
55 53 246
55 54 843
55 56 5065
55 57 910
55 58 2771
55 59 1915
55 60 6356
55 61 2199
55 62 758
55 63 1107
55 64 2624
55 65 6922
55 66 6016
55 67 5828
55 68 2261
55 69 3111
55 70 2916
56 1 3135
56 2 5404
56 3 506
56 4 7349
56 5 2549
56 6 4265
56 7 3832
56 8 6406
56 9 7126
56 10 126
56 11 5992
56 12 6279
56 13 7087
56 14 4475
56 15 4498
56 16 4503
56 17 6460
56 18 2826
56 19 5601
56 20 1203
56 21 3367
56 22 5321
56 23 5323
56 24 1163
56 25 6384
56 26 3491
56 27 2018
56 28 7310
56 29 278
56 30 3819
56 31 2790
56 32 5458
56 33 6209
56 34 335
56 35 3692
56 36 6810
56 37 3299
56 38 1112
56 39 6619
56 40 4683
56 41 421
56 42 3092
56 43 1104
56 44 871
56 45 500
56 46 2577
56 47 6628
56 48 3048
56 49 5322
56 50 1097
56 51 810
56 52 1921
56 53 1797
56 54 3809
56 55 5901
56 57 2707
56 58 2696
56 59 5677
56 60 5703
56 61 6692
56 62 1358
56 63 2565
56 64 6905
56 65 715
56 66 6425
56 67 350
56 68 2129
56 69 3303
56 70 6962
57 1 7099
57 2 576
57 3 6777
57 4 1619
57 5 3364
57 6 6782
57 7 565
57 8 5816
57 9 2713
57 10 6166
57 11 1296
57 12 4037
57 13 103
57 14 4310
57 15 6827
57 16 2218
57 17 2150
57 18 1922
57 19 3386
57 20 814
57 21 7484
57 22 3869
57 23 1079
57 24 5776
57 25 5375
57 26 4141
57 27 7137
57 28 341
57 29 2660
57 30 26
57 31 4265
57 32 5279
57 33 4333
57 34 2908
57 35 2684
57 36 5453
57 37 1291
57 38 3506
57 39 1797
57 40 624
57 41 4633
57 42 2168
57 43 3004
57 44 3461
57 45 5513
57 46 6251
57 47 3574
57 48 1282
57 49 4379
57 50 7453
57 51 2486
57 52 2112
57 53 1750
57 54 2069
57 55 4488
57 56 2041
57 58 6624
57 59 1828
57 60 7007
57 61 700
57 62 3599
57 63 5760
57 64 5546
57 65 4586
57 66 4829
57 67 2637
57 68 4778
57 69 2816
57 70 4988
58 1 3193
58 2 2404
58 3 23
58 4 1340
58 5 5968
58 6 4984
58 7 6353
58 8 5722
58 9 2613
58 10 247
58 11 5278
58 12 5209
58 13 5403
58 14 3644
58 15 1599
58 16 3535
58 17 2233
58 18 3463
58 19 1352
58 20 4294
58 21 6155
58 22 6617
58 23 6657
58 24 7451
58 25 4938
58 26 3577
58 27 661
58 28 6652
58 29 4701
58 30 7316
58 31 5157
58 32 5694
58 33 497
58 34 6724
58 35 3662
58 36 3982
58 37 1499
58 38 1343
58 39 7184
58 40 2085
58 41 4434
58 42 7289
58 43 947
58 44 4058
58 45 2842
58 46 3857
58 47 2784
58 48 1995
58 49 3524
58 50 5923
58 51 1600
58 52 6155
58 53 242
58 54 4238
58 55 5067
58 56 540
58 57 887
58 59 60
58 60 1076
58 61 210
58 62 1094
58 63 5663
58 64 4462
58 65 2880
58 66 6018
58 67 2344
58 68 7452
58 69 4005
58 70 6410
59 1 4043
59 2 2269
59 3 7188
59 4 1095
59 5 6284
59 6 622
59 7 5349
59 8 4841
59 9 7352
59 10 2209
59 11 2690
59 12 99
59 13 5720
59 14 6217
59 15 4243
59 16 4554
59 17 2662
59 18 5670
59 19 3375
59 20 5301
59 21 801
59 22 2370
59 23 1991
59 24 3769
59 25 5892
59 26 2813
59 27 953
59 28 6114
59 29 1272
59 30 3951
59 31 1605
59 32 1686
59 33 5686
59 34 5739
59 35 6644
59 36 4671
59 37 156
59 38 7267
59 39 1793
59 40 5091
59 41 3296
59 42 4745
59 43 4570
59 44 4199
59 45 4695
59 46 6280
59 47 6868
59 48 3522
59 49 3030
59 50 5972
59 51 5932
59 52 3039
59 53 4932
59 54 5434
59 55 611
59 56 7158
59 57 6821
59 58 3490
59 60 6588
59 61 470
59 62 6099
59 63 6848
59 64 4074
59 65 4477
59 66 2082
59 67 5112
59 68 2304
59 69 656
59 70 2712
60 1 7018
60 2 6005
60 3 836
60 4 6480
60 5 1887
60 6 1494
60 7 7223
60 8 4679
60 9 1256
60 10 1549
60 11 3498
60 12 4823
60 13 3954
60 14 588
60 15 6913
60 16 6797
60 17 6262
60 18 1052
60 19 6342
60 20 1158
60 21 6825
60 22 4571
60 23 1449
60 24 2776
60 25 3204
60 26 3034
60 27 4885
60 28 2918
60 29 6723
60 30 4491
60 31 7059
60 32 115
60 33 216
60 34 992
60 35 4618
60 36 6713
60 37 7076
60 38 6218
60 39 6229
60 40 777
60 41 4632
60 42 1814
60 43 2205
60 44 3141
60 45 2132
60 46 4467
60 47 4680
60 48 2313
60 49 1045
60 50 203
60 51 4758
60 52 249
60 53 2233
60 54 4035
60 55 5968
60 56 1200
60 57 4633
60 58 4760
60 59 815
60 61 1414
60 62 6696
60 63 5665
60 64 3007
60 65 6871
60 66 6857
60 67 1071
60 68 2090
60 69 6959
60 70 1287
61 1 3892
61 2 1534
61 3 2515
61 4 6775
61 5 6807
61 6 5935
61 7 3197
61 8 5306
61 9 4982
61 10 4189
61 11 1575
61 12 7332
61 13 2977
61 14 4124
61 15 2235
61 16 3943
61 17 4813
61 18 3733
61 19 3168
61 20 1795
61 21 4231
61 22 190
61 23 1552
61 24 11
61 25 7038
61 26 2474
61 27 6480
61 28 5121
61 29 3507
61 30 6936
61 31 3070
61 32 1813
61 33 5914
61 34 5226
61 35 4291
61 36 4464
61 37 5112
61 38 2721
61 39 5067
61 40 6798
61 41 2635
61 42 3776
61 43 6693
61 44 6038
61 45 5678
61 46 422
61 47 2173
61 48 5133
61 49 1771
61 50 7433
61 51 172
61 52 2637
61 53 1110
61 54 6580
61 55 1416
61 56 3104
61 57 5371
61 58 5874
61 59 2143
61 60 4607
61 62 4859
61 63 1932
61 64 4588
61 65 4755
61 66 1381
61 67 6835
61 68 1
61 69 2369
61 70 4651
62 1 3503
62 2 4286
62 3 1632
62 4 2928
62 5 1769
62 6 1896
62 7 2223
62 8 7233
62 9 2544
62 10 463
62 11 6406
62 12 6399
62 13 492
62 14 486
62 15 2411
62 16 2671
62 17 3471
62 18 6402
62 19 7428
62 20 1331
62 21 2451
62 22 3796
62 23 194
62 24 841
62 25 6559
62 26 5484
62 27 4500
62 28 1650
62 29 2751
62 30 386
62 31 5380
62 32 4684
62 33 1129
62 34 4135
62 35 792
62 36 434
62 37 7019
62 38 1476
62 39 2782
62 40 6508
62 41 5640
62 42 4543
62 43 5510
62 44 2523
62 45 6495
62 46 5799
62 47 3564
62 48 2632
62 49 1626
62 50 3176
62 51 4227
62 52 5768
62 53 747
62 54 4354
62 55 2051
62 56 3088
62 57 2602
62 58 1385
62 59 1163
62 60 6995
62 61 253
62 63 3639
62 64 5879
62 65 5721
62 66 6371
62 67 4539
62 68 2860
62 69 6555
62 70 3082
63 1 22
63 2 1547
63 3 894
63 4 2860
63 5 4621
63 6 5242
63 7 4138
63 8 2432
63 9 4483
63 10 3261
63 11 6911
63 12 6188
63 13 3525
63 14 6304
63 15 5197
63 16 3123
63 17 248
63 18 3459
63 19 4190
63 20 2363
63 21 6956
63 22 5666
63 23 4704
63 24 7045
63 25 1476
63 26 1129
63 27 649
63 28 211
63 29 6022
63 30 6121
63 31 6682
63 32 137
63 33 5595
63 34 5630
63 35 476
63 36 6835
63 37 2503
63 38 487
63 39 546
63 40 4556
63 41 3987
63 42 516
63 43 5186
63 44 4201
63 45 1717
63 46 6633
63 47 3945
63 48 6330
63 49 197
63 50 2457
63 51 3727
63 52 3
63 53 4075
63 54 790
63 55 7487
63 56 6662
63 57 2972
63 58 7010
63 59 3755
63 60 2239
63 61 6706
63 62 2956
63 64 2202
63 65 1430
63 66 1211
63 67 3556
63 68 1697
63 69 6324
63 70 7152
64 1 95
64 2 330
64 3 1370
64 4 2875
64 5 2940
64 6 5461
64 7 6157
64 8 5208
64 9 497
64 10 4021
64 11 6061
64 12 6477
64 13 3577
64 14 2611
64 15 714
64 16 2251
64 17 5267
64 18 6836
64 19 597
64 20 4552
64 21 5384
64 22 5747
64 23 1405
64 24 6468
64 25 1382
64 26 2715
64 27 727
64 28 5118
64 29 3992
64 30 3667
64 31 5294
64 32 53
64 33 701
64 34 7283
64 35 6675
64 36 2441
64 37 572
64 38 465
64 39 3296
64 40 1941
64 41 7077
64 42 5222
64 43 160
64 44 6314
64 45 5731
64 46 5480
64 47 3144
64 48 2359
64 49 4370
64 50 2081
64 51 2951
64 52 6095
64 53 5448
64 54 5471
64 55 5983
64 56 4228
64 57 379
64 58 4992
64 59 1385
64 60 4386
64 61 975
64 62 5034
64 63 1233
64 65 503
64 66 2557
64 67 4248
64 68 1512
64 69 1664
64 70 3234
65 1 1981
65 2 1821
65 3 6621
65 4 3602
65 5 6441
65 6 7395
65 7 474
65 8 3817
65 9 6660
65 10 4091
65 11 2750
65 12 2952
65 13 3110
65 14 6401
65 15 2661
65 16 5176
65 17 5072
65 18 1073
65 19 1389
65 20 5497
65 21 1983
65 22 5060
65 23 6403
65 24 160
65 25 3184
65 26 239
65 27 4899
65 28 1651
65 29 5369
65 30 939
65 31 2256
65 32 4094
65 33 4668
65 34 5398
65 35 6523
65 36 4522
65 37 3418
65 38 4897
65 39 5914
65 40 7457
65 41 580
65 42 7071
65 43 3796
65 44 523
65 45 99
65 46 2004
65 47 3341
65 48 5425
65 49 6486
65 50 6615
65 51 5786
65 52 216
65 53 7035
65 54 6736
65 55 979
65 56 589
65 57 4577
65 58 7319
65 59 4843
65 60 2858
65 61 3552
65 62 758
65 63 1513
65 64 4882
65 66 2637
65 67 4420
65 68 470
65 69 2326
65 70 5036
66 1 7286
66 2 3353
66 3 2286
66 4 1475
66 5 5705
66 6 4882
66 7 3407
66 8 2942
66 9 2708
66 10 5956
66 11 6799
66 12 7214
66 13 13
66 14 4449
66 15 2413
66 16 401
66 17 1831
66 18 2596
66 19 2154
66 20 5167
66 21 1555
66 22 6941
66 23 6561
66 24 2326
66 25 3605
66 26 6669
66 27 3694
66 28 6633
66 29 6812
66 30 2208
66 31 197
66 32 924
66 33 221
66 34 4317
66 35 6688
66 36 3676
66 37 1960
66 38 1984
66 39 4676
66 40 2392
66 41 1045
66 42 1662
66 43 3051
66 44 2107
66 45 2814
66 46 3671
66 47 2775
66 48 6045
66 49 4823
66 50 4294
66 51 3300
66 52 6694
66 53 4165
66 54 5429
66 55 43
66 56 720
66 57 2811
66 58 2944
66 59 6441
66 60 3805
66 61 7205
66 62 1278
66 63 475
66 64 2819
66 65 5966
66 67 4589
66 68 3152
66 69 2023
66 70 2855
67 1 485
67 2 7119
67 3 5452
67 4 1629
67 5 3639
67 6 688
67 7 354
67 8 2504
67 9 5836
67 10 7497
67 11 3272
67 12 6411
67 13 7142
67 14 5667
67 15 5657
67 16 1662
67 17 1242
67 18 2826
67 19 1556
67 20 4185
67 21 7333
67 22 3424
67 23 2523
67 24 3718
67 25 7425
67 26 5229
67 27 389
67 28 125
67 29 4410
67 30 489
67 31 5059
67 32 2184
67 33 7111
67 34 5491
67 35 7007
67 36 3748
67 37 1932
67 38 5543
67 39 3792
67 40 3970
67 41 5080
67 42 5781
67 43 3864
67 44 2644
67 45 4609
67 46 350
67 47 867
67 48 7182
67 49 1514
67 50 2540
67 51 3632
67 52 1930
67 53 4910
67 54 2804
67 55 1842
67 56 1974
67 57 1783
67 58 4088
67 59 4327
67 60 4248
67 61 7427
67 62 4927
67 63 5557
67 64 63
67 65 3569
67 66 1908
67 68 7143
67 69 1670
67 70 1166
68 1 456
68 2 3868
68 3 3723
68 4 3838
68 5 4264
68 6 1168
68 7 5699
68 8 3386
68 9 292
68 10 2502
68 11 622
68 12 3050
68 13 1106
68 14 1574
68 15 6843
68 16 5386
68 17 7415
68 18 2796
68 19 554
68 20 3156
68 21 1162
68 22 45
68 23 2900
68 24 5256
68 25 2335
68 26 6607
68 27 5187
68 28 1390
68 29 3635
68 30 5015
68 31 1733
68 32 6489
68 33 3070
68 34 1975
68 35 4142
68 36 2806
68 37 4419
68 38 2659
68 39 7199
68 40 7177
68 41 2762
68 42 14
68 43 4396
68 44 4772
68 45 1439
68 46 5883
68 47 1132
68 48 762
68 49 78
68 50 4849
68 51 2091
68 52 6004
68 53 1674
68 54 936
68 55 3418
68 56 939
68 57 6060
68 58 7282
68 59 7089
68 60 5989
68 61 5218
68 62 6662
68 63 4038
68 64 3241
68 65 6755
68 66 1172
68 67 175
68 69 3774
68 70 4858
69 1 1341
69 2 6887
69 3 6135
69 4 3025
69 5 6737
69 6 356
69 7 6607
69 8 863
69 9 6950
69 10 3045
69 11 6193
69 12 5854
69 13 1865
69 14 2772
69 15 6260
69 16 6154
69 17 1363
69 18 1264
69 19 3477
69 20 1236
69 21 331
69 22 6796
69 23 2586
69 24 3916
69 25 1389
69 26 7365
69 27 3953
69 28 715
69 29 2916
69 30 863
69 31 1888
69 32 1820
69 33 2231
69 34 1846
69 35 6310
69 36 125
69 37 3319
69 38 4744
69 39 3262
69 40 647
69 41 4969
69 42 2038
69 43 2203
69 44 307
69 45 1652
69 46 857
69 47 7303
69 48 2260
69 49 1401
69 50 3358
69 51 6159
69 52 2319
69 53 1418
69 54 2094
69 55 4577
69 56 4187
69 57 4021
69 58 2904
69 59 4948
69 60 5439
69 61 1533
69 62 7250
69 63 476
69 64 384
69 65 4005
69 66 6544
69 67 193
69 68 5092
69 70 2084
70 1 4476
70 2 106
70 3 3480
70 4 5401
70 5 2047
70 6 6567
70 7 4493
70 8 2960
70 9 2390
70 10 1395
70 11 4617
70 12 4780
70 13 22
70 14 7100
70 15 934
70 16 934
70 17 7043
70 18 1263
70 19 6632
70 20 394
70 21 4194
70 22 554
70 23 6260
70 24 6252
70 25 5461
70 26 4405
70 27 1769
70 28 4104
70 29 731
70 30 7127
70 31 5559
70 32 656
70 33 3967
70 34 2409
70 35 3696
70 36 1753
70 37 7308
70 38 4301
70 39 5267
70 40 4269
70 41 3153
70 42 1863
70 43 5048
70 44 2035
70 45 6458
70 46 3173
70 47 1218
70 48 5346
70 49 5270
70 50 4418
70 51 1689
70 52 4878
70 53 2109
70 54 1190
70 55 3648
70 56 7237
70 57 3178
70 58 5500
70 59 2482
70 60 4581
70 61 4829
70 62 632
70 63 3564
70 64 6102
70 65 4972
70 66 5756
70 67 5937
70 68 1887
70 69 3598
