70 4830
1 2 7235
1 3 5507
1 4 4119
1 5 4441
1 6 3022
1 7 4256
1 8 936
1 9 3702
1 10 4241
1 11 7248
1 12 4691
1 13 5185
1 14 993
1 15 4870
1 16 5924
1 17 2737
1 18 4150
1 19 2872
1 20 7329
1 21 6909
1 22 5850
1 23 864
1 24 1201
1 25 6969
1 26 1115
1 27 7042
1 28 548
1 29 6106
1 30 6304
1 31 667
1 32 7338
1 33 4073
1 34 6967
1 35 2172
1 36 6089
1 37 1286
1 38 6221
1 39 5008
1 40 7169
1 41 6678
1 42 6982
1 43 3797
1 44 7179
1 45 2429
1 46 5075
1 47 1335
1 48 3446
1 49 5832
1 50 2687
1 51 7195
1 52 7123
1 53 4086
1 54 6993
1 55 5674
1 56 7065
1 57 3531
1 58 951
1 59 1534
1 60 577
1 61 2056
1 62 6110
1 63 5708
1 64 2057
1 65 771
1 66 7060
1 67 5386
1 68 6027
1 69 2819
1 70 2217
2 1 3964
2 3 3975
2 4 3561
2 5 3265
2 6 4745
2 7 7475
2 8 4914
2 9 1682
2 10 5745
2 11 2906
2 12 6023
2 13 6361
2 14 2617
2 15 6181
2 16 448
2 17 6285
2 18 5909
2 19 3087
2 20 7287
2 21 4644
2 22 2993
2 23 1428
2 24 5992
2 25 3883
2 26 4849
2 27 761
2 28 6081
2 29 5355
2 30 4972
2 31 2477
2 32 3191
2 33 350
2 34 4604
2 35 2344
2 36 3401
2 37 2503
2 38 2608
2 39 2748
2 40 6463
2 41 572
2 42 3206
2 43 6980
2 44 4873
2 45 6496
2 46 1386
2 47 7131
2 48 4391
2 49 6636
2 50 6488
2 51 4265
2 52 510
2 53 1553
2 54 1901
2 55 3860
2 56 757
2 57 7135
2 58 6322
2 59 4945
2 60 1429
2 61 4069
2 62 4882
2 63 296
2 64 2577
2 65 3854
2 66 3455
2 67 875
2 68 7454
2 69 1021
2 70 2472
3 1 7049
3 2 3131
3 4 7096
3 5 6904
3 6 588
3 7 3005
3 8 2387
3 9 3926
3 10 1439
3 11 5810
3 12 3254
3 13 6189
3 14 3959
3 15 2124
3 16 2513
3 17 684
3 18 2202
3 19 4937
3 20 7397
3 21 4199
3 22 6259
3 23 1467
3 24 5299
3 25 79
3 26 1390
3 27 3377
3 28 1404
3 29 2997
3 30 5164
3 31 4742
3 32 130
3 33 5657
3 34 7040
3 35 6408
3 36 6162
3 37 4014
3 38 1496
3 39 1506
3 40 2278
3 41 5388
3 42 2467
3 43 2797
3 44 6016
3 45 7042
3 46 6613
3 47 7190
3 48 3015
3 49 671
3 50 552
3 51 4356
3 52 4163
3 53 7414
3 54 1765
3 55 6171
3 56 2019
3 57 3773
3 58 2357
3 59 634
3 60 3724
3 61 720
3 62 5400
3 63 1519
3 64 5866
3 65 5873
3 66 3458
3 67 2214
3 68 3124
3 69 6663
3 70 6764
4 1 1813
4 2 5948
4 3 4824
4 5 839
4 6 1968
4 7 832
4 8 4966
4 9 439
4 10 5889
4 11 829
4 12 2433
4 13 1410
4 14 1379
4 15 5494
4 16 4086
4 17 5840
4 18 5480
4 19 990
4 20 4608
4 21 5420
4 22 839
4 23 5662
4 24 1423
4 25 3549
4 26 6421
4 27 6402
4 28 5275
4 29 97
4 30 6615
4 31 1771
4 32 6485
4 33 7243
4 34 335
4 35 2576
4 36 5817
4 37 6219
4 38 6952
4 39 2673
4 40 4627
4 41 5410
4 42 1806
4 43 7145
4 44 6477
4 45 2571
4 46 5094
4 47 5871
4 48 2724
4 49 3349
4 50 6076
4 51 6002
4 52 3584
4 53 534
4 54 4668
4 55 1815
4 56 5422
4 57 5398
4 58 5628
4 59 5910
4 60 3180
4 61 3671
4 62 2871
4 63 5843
4 64 4906
4 65 7220
4 66 5962
4 67 4992
4 68 6763
4 69 4161
4 70 513
5 1 1307
5 2 1460
5 3 1563
5 4 5545
5 6 5049
5 7 3486
5 8 7195
5 9 5724
5 10 4030
5 11 6298
5 12 1027
5 13 3873
5 14 5698
5 15 4384
5 16 4930
5 17 6727
5 18 2409
5 19 5045
5 20 5772
5 21 3089
5 22 4320
5 23 3466
5 24 3871
5 25 3408
5 26 5983
5 27 2502
5 28 3826
5 29 3890
5 30 2720
5 31 3155
5 32 1831
5 33 6121
5 34 7005
5 35 898
5 36 1246
5 37 1946
5 38 4579
5 39 4824
5 40 3746
5 41 4667
5 42 5702
5 43 6130
5 44 5906
5 45 381
5 46 949
5 47 2654
5 48 6281
5 49 87
5 50 3711
5 51 6122
5 52 4451
5 53 5677
5 54 5858
5 55 5659
5 56 3530
5 57 2794
5 58 89
5 59 7180
5 60 5919
5 61 5586
5 62 4433
5 63 3624
5 64 25
5 65 2629
5 66 3580
5 67 2877
5 68 532
5 69 552
5 70 2050
6 1 4192
6 2 1061
6 3 2297
6 4 825
6 5 4386
6 7 784
6 8 6293
6 9 4324
6 10 5902
6 11 4078
6 12 3772
6 13 6495
6 14 468
6 15 4242
6 16 4281
6 17 1788
6 18 5830
6 19 5078
6 20 118
6 21 5666
6 22 402
6 23 7087
6 24 7087
6 25 5819
6 26 4373
6 27 5784
6 28 6443
6 29 1786
6 30 5123
6 31 2956
6 32 4960
6 33 7363
6 34 3329
6 35 6784
6 36 482
6 37 955
6 38 6736
6 39 68
6 40 1232
6 41 3731
6 42 7149
6 43 2088
6 44 7131
6 45 7413
6 46 6213
6 47 2188
6 48 5903
6 49 5835
6 50 2897
6 51 5557
6 52 2900
6 53 3713
6 54 837
6 55 6478
6 56 6535
6 57 2967
6 58 6406
6 59 3972
6 60 588
6 61 3126
6 62 4620
6 63 1301
6 64 6245
6 65 5127
6 66 5476
6 67 1912
6 68 1925
6 69 4637
6 70 1349
7 1 2576
7 2 2691
7 3 4079
7 4 4739
7 5 2798
7 6 6490
7 8 2262
7 9 2707
7 10 7290
7 11 2430
7 12 6750
7 13 6023
7 14 1002
7 15 6135
7 16 5367
7 17 6223
7 18 1171
7 19 2241
7 20 6601
7 21 1352
7 22 7483
7 23 1505
7 24 2610
7 25 1945
7 26 5187
7 27 2655
7 28 7162
7 29 6450
7 30 1928
7 31 5072
7 32 7345
7 33 5343
7 34 2232
7 35 2166
7 36 4246
7 37 7498
7 38 3610
7 39 4651
7 40 4803
7 41 805
7 42 7179
7 43 7423
7 44 2671
7 45 6376
7 46 5635
7 47 5578
7 48 2704
7 49 6411
7 50 1368
7 51 2623
7 52 2060
7 53 1336
7 54 2571
7 55 3556
7 56 1123
7 57 4202
7 58 7148
7 59 1500
7 60 2126
7 61 6513
7 62 7126
7 63 4153
7 64 4329
7 65 78
7 66 1384
7 67 606
7 68 3795
7 69 1345
7 70 2751
8 1 4089
8 2 6372
8 3 4766
8 4 7332
8 5 1051
8 6 5268
8 7 4962
8 9 1775
8 10 3110
8 11 6500
8 12 4142
8 13 2851
8 14 5580
8 15 3164
8 16 4026
8 17 4378
8 18 3207
8 19 5400
8 20 765
8 21 5394
8 22 6028
8 23 7315
8 24 4951
8 25 1219
8 26 3138
8 27 3147
8 28 6849
8 29 2125
8 30 6998
8 31 1055
8 32 590
8 33 7443
8 34 3488
8 35 2282
8 36 2794
8 37 6480
8 38 4264
8 39 2532
8 40 488
8 41 2197
8 42 5577
8 43 1411
8 44 3513
8 45 6227
8 46 414
8 47 2016
8 48 3911
8 49 7074
8 50 811
8 51 4953
8 52 629
8 53 695
8 54 117
8 55 4526
8 56 320
8 57 4132
8 58 5783
8 59 3159
8 60 937
8 61 2169
8 62 3603
8 63 4681
8 64 2669
8 65 4905
8 66 6580
8 67 1519
8 68 1702
8 69 6920
8 70 513
9 1 6946
9 2 2284
9 3 6396
9 4 4575
9 5 4324
9 6 4873
9 7 7450
9 8 1622
9 10 5964
9 11 2478
9 12 3098
9 13 3935
9 14 5502
9 15 4586
9 16 1026
9 17 4312
9 18 6998
9 19 6062
9 20 2932
9 21 3697
9 22 4858
9 23 2615
9 24 2447
9 25 927
9 26 4338
9 27 1636
9 28 4324
9 29 551
9 30 4595
9 31 4435
9 32 3559
9 33 2595
9 34 1057
9 35 4537
9 36 206
9 37 5401
9 38 3260
9 39 5320
9 40 6184
9 41 910
9 42 1688
9 43 1106
9 44 5740
9 45 6795
9 46 4235
9 47 3750
9 48 4776
9 49 2715
9 50 3709
9 51 6988
9 52 2236
9 53 7405
9 54 2829
9 55 891
9 56 860
9 57 373
9 58 3715
9 59 6667
9 60 6178
9 61 3412
9 62 5403
9 63 1206
9 64 6543
9 65 7239
9 66 6597
9 67 1680
9 68 1137
9 69 1813
9 70 3865
10 1 768
10 2 7282
10 3 6441
10 4 5551
10 5 5821
10 6 6555
10 7 1982
10 8 4636
10 9 381
10 11 37
10 12 6407
10 13 6049
10 14 7039
10 15 1282
10 16 6169
10 17 3723
10 18 3403
10 19 5753
10 20 1744
10 21 4390
10 22 6012
10 23 3183
10 24 2769
10 25 4221
10 26 3660
10 27 1563
10 28 3668
10 29 6725
10 30 688
10 31 3945
10 32 2604
10 33 3393
10 34 3103
10 35 3564
10 36 1048
10 37 1764
10 38 5162
10 39 950
10 40 3648
10 41 57
10 42 4220
10 43 6533
10 44 3477
10 45 1429
10 46 2228
10 47 2798
10 48 4880
10 49 614
10 50 835
10 51 6320
10 52 6208
10 53 7039
10 54 5929
10 55 6208
10 56 2066
10 57 5110
10 58 524
10 59 4139
10 60 3601
10 61 3105
10 62 6613
10 63 2643
10 64 6629
10 65 1246
10 66 5863
10 67 2425
10 68 6355
10 69 2909
10 70 2
11 1 95
11 2 5507
11 3 6825
11 4 7171
11 5 1727
11 6 6310
11 7 6557
11 8 5811
11 9 4861
11 10 274
11 12 781
11 13 759
11 14 5081
11 15 5948
11 16 4262
11 17 439
11 18 1463
11 19 1628
11 20 5156
11 21 2799
11 22 2103
11 23 7473
11 24 6005
11 25 6837
11 26 7432
11 27 4050
11 28 2574
11 29 765
11 30 1450
11 31 2980
11 32 597
11 33 4261
11 34 6148
11 35 2029
11 36 621
11 37 778
11 38 6305
11 39 4117
11 40 1865
11 41 4415
11 42 2997
11 43 3729
11 44 94
11 45 6264
11 46 1375
11 47 5800
11 48 3250
11 49 1197
11 50 6392
11 51 3912
11 52 3426
11 53 6385
11 54 3469
11 55 5320
11 56 5177
11 57 2885
11 58 4073
11 59 6311
11 60 1060
11 61 6730
11 62 4189
11 63 5805
11 64 1735
11 65 4621
11 66 6829
11 67 5580
11 68 7219
11 69 5482
11 70 1285
12 1 6562
12 2 4397
12 3 1902
12 4 1493
12 5 2891
12 6 6609
12 7 557
12 8 1237
12 9 4358
12 10 1575
12 11 7413
12 13 4328
12 14 7107
12 15 2354
12 16 3562
12 17 2142
12 18 1003
12 19 3659
12 20 1276
12 21 2293
12 22 14
12 23 1754
12 24 1752
12 25 151
12 26 6329
12 27 1375
12 28 3517
12 29 3630
12 30 1954
12 31 2337
12 32 379
12 33 3845
12 34 3921
12 35 5841
12 36 5517
12 37 4706
12 38 828
12 39 1618
12 40 4579
12 41 4526
12 42 5152
12 43 6753
12 44 2191
12 45 4832
12 46 6696
12 47 5152
12 48 1857
12 49 1062
12 50 5965
12 51 7117
12 52 2727
12 53 3314
12 54 5341
12 55 7277
12 56 3385
12 57 6367
12 58 3559
12 59 4860
12 60 6277
12 61 3697
12 62 5365
12 63 774
12 64 371
12 65 2465
12 66 3292
12 67 3786
12 68 1028
12 69 4426
12 70 5920
13 1 7363
13 2 5973
13 3 6307
13 4 1705
13 5 2242
13 6 3952
13 7 6354
13 8 1054
13 9 5309
13 10 2628
13 11 1539
13 12 2136
13 14 2607
13 15 6491
13 16 2845
13 17 6752
13 18 5604
13 19 3451
13 20 5463
13 21 5322
13 22 2218
13 23 2902
13 24 2572
13 25 6034
13 26 3656
13 27 3671
13 28 2079
13 29 6787
13 30 2736
13 31 7172
13 32 93
13 33 200
13 34 4992
13 35 3816
13 36 5978
13 37 4901
13 38 4726
13 39 3622
13 40 320
13 41 1721
13 42 3378
13 43 2675
13 44 6889
13 45 630
13 46 3318
13 47 5212
13 48 532
13 49 5684
13 50 6115
13 51 3878
13 52 3733
13 53 2752
13 54 5889
13 55 7393
13 56 975
13 57 6163
13 58 7309
13 59 1297
13 60 2557
13 61 773
13 62 5617
13 63 1699
13 64 5253
13 65 815
13 66 2263
13 67 4973
13 68 1374
13 69 446
13 70 7269
14 1 4287
14 2 3964
14 3 5018
14 4 5056
14 5 2016
14 6 1426
14 7 3718
14 8 5053
14 9 5981
14 10 3152
14 11 6625
14 12 3456
14 13 7084
14 15 5311
14 16 6178
14 17 6844
14 18 2850
14 19 6327
14 20 5622
14 21 354
14 22 6856
14 23 4772
14 24 2636
14 25 428
14 26 3355
14 27 4698
14 28 2723
14 29 4343
14 30 4529
14 31 82
14 32 5724
14 33 2351
14 34 198
14 35 891
14 36 4641
14 37 6115
14 38 4873
14 39 2978
14 40 5248
14 41 219
14 42 7463
14 43 1674
14 44 697
14 45 6298
14 46 4332
14 47 6042
14 48 3510
14 49 473
14 50 6754
14 51 6816
14 52 3430
14 53 3113
14 54 1670
14 55 2747
14 56 6100
14 57 7198
14 58 2544
14 59 3835
14 60 672
14 61 5578
14 62 7428
14 63 4650
14 64 7245
14 65 2404
14 66 4937
14 67 3157
14 68 5850
14 69 5166
14 70 2103
15 1 7448
15 2 456
15 3 3731
15 4 5519
15 5 47
15 6 908
15 7 5176
15 8 3529
15 9 2290
15 10 6539
15 11 7437
15 12 3364
15 13 5268
15 14 4755
15 16 2948
15 17 1094
15 18 4957
15 19 168
15 20 3873
15 21 3771
15 22 2910
15 23 6446
15 24 6521
15 25 1809
15 26 5697
15 27 558
15 28 5653
15 29 1803
15 30 2425
15 31 1952
15 32 2182
15 33 5557
15 34 2290
15 35 1021
15 36 5897
15 37 1818
15 38 7172
15 39 148
15 40 1996
15 41 7038
15 42 2560
15 43 881
15 44 968
15 45 5702
15 46 1692
15 47 4333
15 48 5541
15 49 5451
15 50 5241
15 51 1406
15 52 7294
15 53 6925
15 54 4114
15 55 650
15 56 6494
15 57 1614
15 58 3576
15 59 989
15 60 4100
15 61 5862
15 62 3271
15 63 824
15 64 5325
15 65 2689
15 66 6797
15 67 6051
15 68 7118
15 69 2860
15 70 61
16 1 2667
16 2 4466
16 3 4179
16 4 6437
16 5 1064
16 6 407
16 7 6026
16 8 118
16 9 5054
16 10 2381
16 11 148
16 12 5118
16 13 5439
16 14 1930
16 15 2857
16 17 7380
16 18 301
16 19 1899
16 20 3380
16 21 5340
16 22 5539
16 23 5081
16 24 2220
16 25 6540
16 26 3742
16 27 5247
16 28 5657
16 29 7076
16 30 2490
16 31 1300
16 32 545
16 33 5387
16 34 4729
16 35 1913
16 36 1943
16 37 7123
16 38 2003
16 39 3795
16 40 2043
16 41 1052
16 42 1055
16 43 1956
16 44 6220
16 45 7093
16 46 5950
16 47 4509
16 48 5090
16 49 675
16 50 2303
16 51 3550
16 52 4169
16 53 235
16 54 5287
16 55 1870
16 56 7408
16 57 2785
16 58 2979
16 59 7307
16 60 4396
16 61 153
16 62 1468
16 63 1836
16 64 4690
16 65 3746
16 66 5101
16 67 5034
16 68 1368
16 69 6903
16 70 1997
17 1 3365
17 2 2121
17 3 1528
17 4 6564
17 5 1099
17 6 2945
17 7 7320
17 8 3056
17 9 752
17 10 7226
17 11 929
17 12 5640
17 13 4603
17 14 6242
17 15 4982
17 16 7209
17 18 6995
17 19 7149
17 20 5441
17 21 2730
17 22 3964
17 23 3222
17 24 6922
17 25 747
17 26 2897
17 27 2574
17 28 2307
17 29 4149
17 30 1487
17 31 4661
17 32 2688
17 33 4888
17 34 738
17 35 2130
17 36 2775
17 37 1873
17 38 3413
17 39 870
17 40 1127
17 41 582
17 42 2380
17 43 235
17 44 25
17 45 7337
17 46 7471
17 47 100
17 48 5029
17 49 5448
17 50 6059
17 51 3279
17 52 2697
17 53 2590
17 54 1312
17 55 4939
17 56 3714
17 57 7353
17 58 2353
17 59 3636
17 60 2914
17 61 6511
17 62 2561
17 63 5754
17 64 5287
17 65 428
17 66 5349
17 67 3993
17 68 3714
17 69 6607
17 70 597
18 1 5645
18 2 2593
18 3 5685
18 4 5509
18 5 5226
18 6 5502
18 7 2743
18 8 5633
18 9 2274
18 10 6949
18 11 658
18 12 2201
18 13 459
18 14 3694
18 15 4336
18 16 334
18 17 6031
18 19 4694
18 20 1135
18 21 3420
18 22 4991
18 23 373
18 24 709
18 25 5346
18 26 1270
18 27 1598
18 28 3472
18 29 221
18 30 6412
18 31 5570
18 32 6754
18 33 507
18 34 2228
18 35 6218
18 36 5250
18 37 1093
18 38 705
18 39 1062
18 40 5077
18 41 3950
18 42 848
18 43 7478
18 44 5920
18 45 722
18 46 3023
18 47 1267
18 48 4472
18 49 5899
18 50 2697
18 51 1543
18 52 1193
18 53 7225
18 54 4392
18 55 7453
18 56 2792
18 57 2908
18 58 5795
18 59 6799
18 60 1671
18 61 856
18 62 3706
18 63 364
18 64 1776
18 65 2500
18 66 1153
18 67 7012
18 68 5890
18 69 184
18 70 371
19 1 950
19 2 1996
19 3 2122
19 4 659
19 5 1906
19 6 3950
19 7 6541
19 8 1627
19 9 5146
19 10 5689
19 11 2903
19 12 2946
19 13 2830
19 14 5335
19 15 1827
19 16 7103
19 17 3692
19 18 4361
19 20 5653
19 21 4706
19 22 3097
19 23 6973
19 24 6820
19 25 2950
19 26 5457
19 27 4878
19 28 5021
19 29 1781
19 30 3124
19 31 6311
19 32 2762
19 33 3124
19 34 6997
19 35 6379
19 36 828
19 37 1184
19 38 3618
19 39 808
19 40 3236
19 41 1973
19 42 887
19 43 5801
19 44 6096
19 45 183
19 46 6047
19 47 6234
19 48 4162
19 49 2614
19 50 2526
19 51 5996
19 52 4961
19 53 1381
19 54 395
19 55 3949
19 56 6585
19 57 1263
19 58 3537
19 59 2319
19 60 6738
19 61 2777
19 62 3609
19 63 4797
19 64 1769
19 65 3918
19 66 361
19 67 6762
19 68 2213
19 69 3811
19 70 6894
20 1 4906
20 2 4152
20 3 1813
20 4 7076
20 5 6502
20 6 4701
20 7 6809
20 8 3729
20 9 4569
20 10 5759
20 11 5145
20 12 4326
20 13 4866
20 14 2976
20 15 5287
20 16 1616
20 17 6791
20 18 6108
20 19 7189
20 21 7087
20 22 4567
20 23 267
20 24 3390
20 25 1265
20 26 6712
20 27 387
20 28 3990
20 29 6827
20 30 2179
20 31 6481
20 32 7136
20 33 1818
20 34 5979
20 35 957
20 36 7110
20 37 1074
20 38 4419
20 39 5034
20 40 6757
20 41 5733
20 42 4325
20 43 765
20 44 4904
20 45 7290
20 46 5667
20 47 5564
20 48 1734
20 49 3899
20 50 33
20 51 4575
20 52 1072
20 53 1561
20 54 1521
20 55 966
20 56 6973
20 57 4631
20 58 5617
20 59 4876
20 60 2708
20 61 6957
20 62 562
20 63 6371
20 64 3125
20 65 4062
20 66 6031
20 67 4988
20 68 1159
20 69 7271
20 70 1028
21 1 4752
21 2 1489
21 3 3705
21 4 2830
21 5 6869
21 6 5886
21 7 3590
21 8 624
21 9 136
21 10 4624
21 11 4002
21 12 3709
21 13 1012
21 14 2299
21 15 5700
21 16 4560
21 17 5579
21 18 7426
21 19 6903
21 20 6316
21 22 5533
21 23 4733
21 24 4058
21 25 2128
21 26 5984
21 27 5666
21 28 3851
21 29 5847
21 30 3288
21 31 2417
21 32 5409
21 33 4372
21 34 5596
21 35 5878
21 36 382
21 37 2358
21 38 1213
21 39 5549
21 40 258
21 41 4314
21 42 2922
21 43 1456
21 44 4576
21 45 4933
21 46 2193
21 47 5284
21 48 6127
21 49 1312
21 50 6042
21 51 1036
21 52 770
21 53 4586
21 54 3009
21 55 5081
21 56 3945
21 57 6431
21 58 1562
21 59 6016
21 60 1059
21 61 4997
21 62 2067
21 63 6221
21 64 3635
21 65 4410
21 66 2884
21 67 3285
21 68 5737
21 69 2176
21 70 5085
22 1 4795
22 2 594
22 3 6644
22 4 2169
22 5 6266
22 6 6474
22 7 3419
22 8 2515
22 9 2540
22 10 5011
22 11 4004
22 12 3211
22 13 2685
22 14 328
22 15 4171
22 16 1080
22 17 5833
22 18 2552
22 19 2834
22 20 4271
22 21 2541
22 23 1855
22 24 6079
22 25 5081
22 26 5499
22 27 2524
22 28 1021
22 29 5795
22 30 2075
22 31 3077
22 32 3222
22 33 4280
22 34 5095
22 35 5789
22 36 6430
22 37 7451
22 38 3175
22 39 5343
22 40 6123
22 41 276
22 42 623
22 43 7014
22 44 6862
22 45 1312
22 46 5583
22 47 3136
22 48 7065
22 49 1435
22 50 3785
22 51 6756
22 52 7381
22 53 1877
22 54 4432
22 55 247
22 56 6496
22 57 7326
22 58 6566
22 59 5496
22 60 7118
22 61 1739
22 62 1773
22 63 2336
22 64 1583
22 65 1950
22 66 5100
22 67 2523
22 68 6500
22 69 4765
22 70 422
23 1 1532
23 2 6002
23 3 7039
23 4 2448
23 5 4115
23 6 1511
23 7 7403
23 8 638
23 9 488
23 10 897
23 11 1286
23 12 4936
23 13 4205
23 14 1866
23 15 1966
23 16 1661
23 17 65
23 18 3409
23 19 6192
23 20 3917
23 21 3705
23 22 6633
23 24 4793
23 25 4855
23 26 488
23 27 4226
23 28 6998
23 29 473
23 30 4897
23 31 6871
23 32 7094
23 33 1061
23 34 3722
23 35 4730
23 36 2604
23 37 997
23 38 159
23 39 3291
23 40 526
23 41 3679
23 42 7233
23 43 5335
23 44 6763
23 45 67
23 46 2621
23 47 4938
23 48 4162
23 49 6139
23 50 4063
23 51 4115
23 52 530
23 53 6782
23 54 4113
23 55 4625
23 56 568
23 57 3505
23 58 402
23 59 5336
23 60 2510
23 61 202
23 62 4198
23 63 6991
23 64 7210
23 65 4750
23 66 4934
23 67 5256
23 68 6204
23 69 1172
23 70 1142
24 1 5762
24 2 3521
24 3 2763
24 4 2474
24 5 614
24 6 3904
24 7 5927
24 8 4574
24 9 7197
24 10 5136
24 11 6609
24 12 5256
24 13 6598
24 14 6421
24 15 2503
24 16 3503
24 17 5355
24 18 2434
24 19 6839
24 20 4682
24 21 3643
24 22 1428
24 23 144
24 25 6209
24 26 951
24 27 1912
24 28 1562
24 29 4190
24 30 237
24 31 577
24 32 382
24 33 4107
24 34 4127
24 35 1130
24 36 3922
24 37 2335
24 38 4581
24 39 2203
24 40 5342
24 41 491
24 42 7022
24 43 3148
24 44 6585
24 45 4430
24 46 2549
24 47 6459
24 48 4255
24 49 1504
24 50 247
24 51 4446
24 52 1368
24 53 1345
24 54 5762
24 55 5272
24 56 1738
24 57 6077
24 58 1520
24 59 4656
24 60 4346
24 61 3843
24 62 2132
24 63 2616
24 64 2735
24 65 2244
24 66 643
24 67 319
24 68 934
24 69 1954
24 70 5909
25 1 2352
25 2 6299
25 3 6306
25 4 2520
25 5 227
25 6 3065
25 7 3718
25 8 6184
25 9 5240
25 10 5782
25 11 3660
25 12 2655
25 13 4262
25 14 5348
25 15 2682
25 16 6894
25 17 5424
25 18 6957
25 19 6879
25 20 3918
25 21 6516
25 22 491
25 23 3237
25 24 7280
25 26 2089
25 27 384
25 28 6618
25 29 6435
25 30 3150
25 31 1479
25 32 879
25 33 1763
25 34 7183
25 35 5055
25 36 4903
25 37 2756
25 38 6917
25 39 6122
25 40 4578
25 41 1331
25 42 5436
25 43 5402
25 44 723
25 45 2306
25 46 4267
25 47 3057
25 48 3059
25 49 3586
25 50 3683
25 51 6138
25 52 6646
25 53 273
25 54 6978
25 55 7275
25 56 4038
25 57 1514
25 58 6036
25 59 6033
25 60 3571
25 61 1616
25 62 6711
25 63 2001
25 64 3351
25 65 279
25 66 4406
25 67 2254
25 68 3690
25 69 2710
25 70 5729
26 1 3137
26 2 3732
26 3 5640
26 4 1682
26 5 676
26 6 6433
26 7 852
26 8 5157
26 9 7215
26 10 1969
26 11 1522
26 12 4242
26 13 7493
26 14 4504
26 15 7377
26 16 1853
26 17 563
26 18 6260
26 19 7403
26 20 3204
26 21 208
26 22 3213
26 23 1601
26 24 2947
26 25 5871
26 27 6818
26 28 4697
26 29 1496
26 30 2194
26 31 3438
26 32 3959
26 33 6570
26 34 4480
26 35 6095
26 36 2380
26 37 2071
26 38 4854
26 39 5152
26 40 3680
26 41 3468
26 42 5387
26 43 3178
26 44 1097
26 45 318
26 46 2948
26 47 5531
26 48 983
26 49 1211
26 50 3636
26 51 2953
26 52 7005
26 53 4092
26 54 6246
26 55 1101
26 56 4132
26 57 3254
26 58 2389
26 59 2876
26 60 967
26 61 4959
26 62 2179
26 63 1668
26 64 1919
26 65 413
26 66 4584
26 67 2634
26 68 3664
26 69 4791
26 70 6165
27 1 6011
27 2 448
27 3 3958
27 4 5973
27 5 4855
27 6 3849
27 7 3230
27 8 6128
27 9 2173
27 10 1893
27 11 4071
27 12 4259
27 13 3706
27 14 4008
27 15 1341
27 16 2581
27 17 270
27 18 6338
27 19 7407
27 20 6068
27 21 1988
27 22 4450
27 23 6985
27 24 4068
27 25 867
27 26 3836
27 28 2172
27 29 5864
27 30 3113
27 31 7096
27 32 5944
27 33 5789
27 34 2400
27 35 1118
27 36 440
27 37 2831
27 38 701
27 39 4119
27 40 170
27 41 2561
27 42 6652
27 43 2037
27 44 7060
27 45 4861
27 46 1708
27 47 1519
27 48 2951
27 49 2995
27 50 3389
27 51 6474
27 52 3121
27 53 5231
27 54 4240
27 55 1008
27 56 7344
27 57 6121
27 58 6773
27 59 240
27 60 451
27 61 4629
27 62 5990
27 63 4549
27 64 1853
27 65 6623
27 66 1500
27 67 6302
27 68 6759
27 69 1170
27 70 4826
28 1 3401
28 2 2929
28 3 5180
28 4 2536
28 5 383
28 6 964
28 7 3536
28 8 71
28 9 2451
28 10 2592
28 11 7404
28 12 154
28 13 3837
28 14 3881
28 15 3149
28 16 2704
28 17 1418
28 18 3969
28 19 6246
28 20 3326
28 21 3582
28 22 3964
28 23 2555
28 24 1448
28 25 4605
28 26 878
28 27 1788
28 29 6242
28 30 4769
28 31 6618
28 32 3668
28 33 6514
28 34 4670
28 35 1088
28 36 3417
28 37 2114
28 38 1367
28 39 7364
28 40 1189
28 41 680
28 42 2696
28 43 582
28 44 58
28 45 7399
28 46 2064
28 47 3588
28 48 2369
28 49 3058
28 50 3562
28 51 2805
28 52 5792
28 53 3897
28 54 7153
28 55 4058
28 56 3237
28 57 4943
28 58 123
28 59 6034
28 60 313
28 61 4467
28 62 6210
28 63 229
28 64 2221
28 65 3709
28 66 4724
28 67 4946
28 68 5554
28 69 6513
28 70 153
29 1 3033
29 2 4641
29 3 428
29 4 1197
29 5 5724
29 6 3477
29 7 6381
29 8 7164
29 9 4376
29 10 587
29 11 1340
29 12 4474
29 13 6906
29 14 3030
29 15 1156
29 16 3846
29 17 1198
29 18 1183
29 19 5187
29 20 852
29 21 678
29 22 6592
29 23 6078
29 24 5461
29 25 2008
29 26 6057
29 27 6953
29 28 1953
29 30 2967
29 31 2485
29 32 6344
29 33 1568
29 34 2044
29 35 7432
29 36 5772
29 37 1345
29 38 1634
29 39 3227
29 40 3053
29 41 1975
29 42 4049
29 43 5209
29 44 3555
29 45 5921
29 46 3648
29 47 3928
29 48 1668
29 49 3605
29 50 4969
29 51 6376
29 52 1048
29 53 4836
29 54 5330
29 55 4314
29 56 5302
29 57 4661
29 58 6803
29 59 925
29 60 1266
29 61 1089
29 62 2736
29 63 6282
29 64 694
29 65 4066
29 66 7107
29 67 4109
29 68 5272
29 69 7034
29 70 7468
30 1 3208
30 2 5166
30 3 1734
30 4 4926
30 5 626
30 6 4518
30 7 715
30 8 6080
30 9 3172
30 10 7305
30 11 2625
30 12 329
30 13 3888
30 14 982
30 15 6840
30 16 4921
30 17 3782
30 18 6509
30 19 3817
30 20 177
30 21 1335
30 22 3440
30 23 4659
30 24 3312
30 25 5502
30 26 1501
30 27 1089
30 28 4258
30 29 5133
30 31 7391
30 32 3538
30 33 7008
30 34 3189
30 35 583
30 36 7358
30 37 2471
30 38 3750
30 39 294
30 40 4709
30 41 6293
30 42 2504
30 43 4608
30 44 83
30 45 2494
30 46 748
30 47 124
30 48 4187
30 49 5528
30 50 2887
30 51 6135
30 52 3928
30 53 1408
30 54 6679
30 55 4005
30 56 1491
30 57 5439
30 58 4785
30 59 2475
30 60 6747
30 61 280
30 62 2517
30 63 5974
30 64 2072
30 65 553
30 66 1360
30 67 7392
30 68 6339
30 69 7262
30 70 1671
31 1 3596
31 2 1032
31 3 65
31 4 7340
31 5 714
31 6 1622
31 7 2612
31 8 216
31 9 274
31 10 4665
31 11 1308
31 12 3972
31 13 4353
31 14 1396
31 15 6221
31 16 4116
31 17 5401
31 18 2508
31 19 6391
31 20 1200
31 21 1305
31 22 6401
31 23 5201
31 24 3147
31 25 1260
31 26 4063
31 27 4256
31 28 3152
31 29 2987
31 30 3288
31 32 2689
31 33 1917
31 34 39
31 35 2779
31 36 5166
31 37 7436
31 38 334
31 39 3549
31 40 5210
31 41 2655
31 42 6970
31 43 2283
31 44 2320
31 45 5924
31 46 1930
31 47 6872
31 48 6700
31 49 793
31 50 6057
31 51 7036
31 52 3164
31 53 6910
31 54 1911
31 55 4665
31 56 3638
31 57 7123
31 58 4730
31 59 554
31 60 4665
31 61 6880
31 62 3554
31 63 4217
31 64 3628
31 65 488
31 66 1185
31 67 7195
31 68 7102
31 69 3846
31 70 3994
32 1 4347
32 2 7363
32 3 1579
32 4 1998
32 5 7227
32 6 567
32 7 3560
32 8 6288
32 9 992
32 10 1495
32 11 486
32 12 5047
32 13 435
32 14 3239
32 15 999
32 16 4092
32 17 2190
32 18 4283
32 19 4935
32 20 2968
32 21 5740
32 22 777
32 23 5578
32 24 1639
32 25 335
32 26 1038
32 27 5361
32 28 2871
32 29 947
32 30 2301
32 31 2125
32 33 4686
32 34 6795
32 35 452
32 36 4000
32 37 5772
32 38 3844
32 39 7422
32 40 3762
32 41 4091
32 42 6431
32 43 7400
32 44 3256
32 45 5261
32 46 522
32 47 4506
32 48 1477
32 49 1082
32 50 3599
32 51 4281
32 52 1002
32 53 4033
32 54 2332
32 55 2581
32 56 4133
32 57 1825
32 58 3214
32 59 2597
32 60 365
32 61 722
32 62 4204
32 63 3474
32 64 3205
32 65 6068
32 66 7478
32 67 6962
32 68 4493
32 69 7490
32 70 10
33 1 3783
33 2 5387
33 3 704
33 4 263
33 5 4535
33 6 6171
33 7 336
33 8 2213
33 9 1189
33 10 6503
33 11 1418
33 12 1977
33 13 322
33 14 4712
33 15 6743
33 16 1500
33 17 1255
33 18 2773
33 19 2168
33 20 4041
33 21 2231
33 22 5555
33 23 6706
33 24 7123
33 25 4907
33 26 2195
33 27 2116
33 28 4844
33 29 3100
33 30 1087
33 31 4414
33 32 4724
33 34 5630
33 35 1787
33 36 6273
33 37 6420
33 38 1522
33 39 4955
33 40 3650
33 41 5536
33 42 2263
33 43 7320
33 44 4542
33 45 1669
33 46 4215
33 47 1252
33 48 7204
33 49 1674
33 50 3635
33 51 1788
33 52 1421
33 53 902
33 54 4807
33 55 6881
33 56 4579
33 57 802
33 58 5276
33 59 2002
33 60 4134
33 61 7477
33 62 1401
33 63 4536
33 64 513
33 65 3475
33 66 2365
33 67 366
33 68 2129
33 69 5942
33 70 4471
34 1 4051
34 2 438
34 3 5822
34 4 3028
34 5 3619
34 6 6144
34 7 4333
34 8 1338
34 9 3679
34 10 4117
34 11 2209
34 12 6178
34 13 582
34 14 5061
34 15 2950
34 16 25
34 17 3981
34 18 455
34 19 116
34 20 6267
34 21 6045
34 22 4185
34 23 7217
34 24 5009
34 25 5596
34 26 6111
34 27 3733
34 28 1366
34 29 4925
34 30 3011
34 31 309
34 32 469
34 33 3449
34 35 3868
34 36 7186
34 37 2489
34 38 3945
34 39 5871
34 40 6847
34 41 6044
34 42 6464
34 43 3921
34 44 6440
34 45 6491
34 46 7311
34 47 7340
34 48 4434
34 49 7248
34 50 1275
34 51 5753
34 52 6723
34 53 4378
34 54 6940
34 55 7171
34 56 4303
34 57 5289
34 58 4443
34 59 1264
34 60 5337
34 61 236
34 62 6240
34 63 6865
34 64 5767
34 65 3108
34 66 6747
34 67 3511
34 68 175
34 69 2993
34 70 2258
35 1 2582
35 2 5570
35 3 4487
35 4 1948
35 5 5827
35 6 4841
35 7 1668
35 8 4628
35 9 3937
35 10 4788
35 11 5950
35 12 66
35 13 6090
35 14 4945
35 15 3687
35 16 6337
35 17 843
35 18 899
35 19 5423
35 20 2958
35 21 782
35 22 3394
35 23 4817
35 24 1254
35 25 2681
35 26 329
35 27 4472
35 28 3118
35 29 142
35 30 1214
35 31 159
35 32 419
35 33 1358
35 34 3927
35 36 2117
35 37 3533
35 38 5728
35 39 6203
35 40 6984
35 41 4591
35 42 4747
35 43 6889
35 44 3329
35 45 1101
35 46 1024
35 47 3137
35 48 6403
35 49 814
35 50 6364
35 51 2778
35 52 4890
35 53 5666
35 54 5881
35 55 6671
35 56 3918
35 57 7155
35 58 4811
35 59 5961
35 60 6078
35 61 2600
35 62 1147
35 63 3989
35 64 6463
35 65 2603
35 66 3738
35 67 4040
35 68 7007
35 69 4188
35 70 1398
36 1 2764
36 2 3366
36 3 2777
36 4 2806
36 5 2850
36 6 248
36 7 2893
36 8 6951
36 9 3332
36 10 1280
36 11 6486
36 12 3467
36 13 6133
36 14 3644
36 15 2139
36 16 4409
36 17 2811
36 18 691
36 19 7195
36 20 2541
36 21 2427
36 22 1238
36 23 6556
36 24 6659
36 25 2158
36 26 4351
36 27 6960
36 28 415
36 29 2046
36 30 1186
36 31 286
36 32 991
36 33 1435
36 34 6106
36 35 3843
36 37 7248
36 38 6382
36 39 1627
36 40 1100
36 41 3322
36 42 857
36 43 6563
36 44 3740
36 45 5968
36 46 4010
36 47 2128
36 48 7456
36 49 5562
36 50 4239
36 51 1008
36 52 679
36 53 5186
36 54 6296
36 55 4188
36 56 914
36 57 7009
36 58 4503
36 59 5355
36 60 5006
36 61 4908
36 62 6390
36 63 1389
36 64 7109
36 65 1382
36 66 2095
36 67 6732
36 68 1640
36 69 6896
36 70 6629
37 1 7027
37 2 7337
37 3 6529
37 4 4429
37 5 1853
37 6 4373
37 7 4641
37 8 6325
37 9 4791
37 10 2903
37 11 675
37 12 1838
37 13 5634
37 14 2183
37 15 1397
37 16 4965
37 17 6662
37 18 5937
37 19 1951
37 20 5745
37 21 6757
37 22 3046
37 23 7137
37 24 4353
37 25 2948
37 26 884
37 27 5115
37 28 4743
37 29 1065
37 30 4309
37 31 6234
37 32 5589
37 33 5097
37 34 186
37 35 1966
37 36 2950
37 38 2511
37 39 1247
37 40 1517
37 41 4903
37 42 5736
37 43 5184
37 44 1412
37 45 3062
37 46 6182
37 47 4443
37 48 1612
37 49 2358
37 50 4292
37 51 6709
37 52 5985
37 53 233
37 54 1865
37 55 1029
37 56 2733
37 57 7098
37 58 3696
37 59 3700
37 60 7397
37 61 6990
37 62 5222
37 63 116
37 64 2044
37 65 4151
37 66 4124
37 67 7072
37 68 6867
37 69 718
37 70 6698
38 1 3414
38 2 3210
38 3 2904
38 4 6691
38 5 6177
38 6 2664
38 7 5273
38 8 5818
38 9 1741
38 10 4115
38 11 5824
38 12 6795
38 13 3036
38 14 4597
38 15 6955
38 16 147
38 17 5580
38 18 3180
38 19 7149
38 20 5897
38 21 857
38 22 394
38 23 6816
38 24 2918
38 25 4385
38 26 3408
38 27 879
38 28 4548
38 29 3440
38 30 1228
38 31 2815
38 32 5707
38 33 5952
38 34 4743
38 35 246
38 36 2058
38 37 66
38 39 4759
38 40 692
38 41 7237
38 42 150
38 43 910
38 44 835
38 45 4941
38 46 2657
38 47 6498
38 48 6107
38 49 2917
38 50 6117
38 51 1853
38 52 2229
38 53 6154
38 54 3627
38 55 3501
38 56 4094
38 57 5462
38 58 1026
38 59 216
38 60 375
38 61 7497
38 62 3564
38 63 3695
38 64 2488
38 65 1095
38 66 2524
38 67 4534
38 68 4133
38 69 2208
38 70 2383
39 1 6099
39 2 579
39 3 2296
39 4 4744
39 5 6075
39 6 838
39 7 5570
39 8 1733
39 9 6432
39 10 4709
39 11 4566
39 12 7457
39 13 5178
39 14 4369
39 15 5486
39 16 5877
39 17 7055
39 18 6823
39 19 1290
39 20 4099
39 21 64
39 22 3858
39 23 6107
39 24 1471
39 25 1580
39 26 5681
39 27 4424
39 28 3136
39 29 5649
39 30 4033
39 31 3117
39 32 2944
39 33 3393
39 34 3379
39 35 1888
39 36 3392
39 37 2684
39 38 4750
39 40 3985
39 41 6387
39 42 6377
39 43 4954
39 44 5854
39 45 5353
39 46 6898
39 47 6831
39 48 4345
39 49 6552
39 50 1038
39 51 7319
39 52 1014
39 53 7041
39 54 6962
39 55 2377
39 56 4980
39 57 20
39 58 6034
39 59 5563
39 60 2573
39 61 6668
39 62 7285
39 63 1063
39 64 5200
39 65 3421
39 66 2987
39 67 5511
39 68 2496
39 69 1799
39 70 7045
40 1 4587
40 2 1255
40 3 2347
40 4 2398
40 5 5666
40 6 5145
40 7 3846
40 8 3598
40 9 4465
40 10 139
40 11 3810
40 12 938
40 13 2921
40 14 3443
40 15 936
40 16 2255
40 17 5558
40 18 694
40 19 1114
40 20 7453
40 21 7117
40 22 4738
40 23 6646
40 24 986
40 25 2595
40 26 3258
40 27 6442
40 28 5288
40 29 1386
40 30 1622
40 31 4514
40 32 3479
40 33 4070
40 34 6467
40 35 476
40 36 477
40 37 3333
40 38 473
40 39 2068
40 41 875
40 42 3847
40 43 4682
40 44 7421
40 45 6835
40 46 6046
40 47 174
40 48 3470
40 49 5057
40 50 886
40 51 6595
40 52 1971
40 53 6839
40 54 6324
40 55 2997
40 56 3603
40 57 2867
40 58 4593
40 59 5115
40 60 771
40 61 479
40 62 6384
40 63 2561
40 64 6335
40 65 5219
40 66 7159
40 67 6643
40 68 5776
40 69 2044
40 70 4417
41 1 6712
41 2 1218
41 3 5753
41 4 602
41 5 4602
41 6 6791
41 7 5243
41 8 6655
41 9 6526
41 10 3838
41 11 374
41 12 4667
41 13 1787
41 14 25
41 15 1995
41 16 426
41 17 5335
41 18 1915
41 19 2502
41 20 6311
41 21 3962
41 22 6512
41 23 275
41 24 2567
41 25 2681
41 26 5649
41 27 3268
41 28 880
41 29 4845
41 30 956
41 31 1579
41 32 3665
41 33 6919
41 34 3468
41 35 6247
41 36 2662
41 37 3691
41 38 1265
41 39 2434
41 40 3729
41 42 2902
41 43 4893
41 44 7141
41 45 1640
41 46 1142
41 47 1964
41 48 988
41 49 1571
41 50 3107
41 51 4022
41 52 6033
41 53 4878
41 54 6847
41 55 4139
41 56 2399
41 57 7081
41 58 965
41 59 3061
41 60 48
41 61 4188
41 62 4118
41 63 6264
41 64 4326
41 65 6266
41 66 1984
41 67 4177
41 68 4724
41 69 4110
41 70 4313
42 1 3925
42 2 6469
42 3 2380
42 4 7374
42 5 296
42 6 339
42 7 3388
42 8 1905
42 9 587
42 10 440
42 11 1231
42 12 7242
42 13 1463
42 14 5583
42 15 2977
42 16 7399
42 17 2421
42 18 6502
42 19 5101
42 20 1443
42 21 863
42 22 5015
42 23 3005
42 24 6209
42 25 6673
42 26 2143
42 27 988
42 28 5958
42 29 3464
42 30 4200
42 31 6093
42 32 3177
42 33 221
42 34 4830
42 35 6367
42 36 2625
42 37 3292
42 38 1550
42 39 1702
42 40 7297
42 41 4667
42 43 3420
42 44 5185
42 45 5617
42 46 816
42 47 5300
42 48 5093
42 49 6527
42 50 1306
42 51 4088
42 52 7266
42 53 1199
42 54 5153
42 55 4062
42 56 5947
42 57 5576
42 58 998
42 59 2424
42 60 987
42 61 5610
42 62 5422
42 63 3692
42 64 280
42 65 6786
42 66 4129
42 67 4775
42 68 5793
42 69 6820
42 70 565
43 1 2127
43 2 6962
43 3 352
43 4 4300
43 5 4556
43 6 6906
43 7 349
43 8 4754
43 9 1072
43 10 5558
43 11 3222
43 12 7219
43 13 2145
43 14 4648
43 15 3811
43 16 2660
43 17 713
43 18 5526
43 19 5827
43 20 1891
43 21 3919
43 22 5963
43 23 6597
43 24 657
43 25 6621
43 26 5363
43 27 6444
43 28 6008
43 29 7103
43 30 1226
43 31 1363
43 32 2849
43 33 5842
43 34 2873
43 35 5074
43 36 5156
43 37 2441
43 38 439
43 39 7237
43 40 6633
43 41 4064
43 42 776
43 44 404
43 45 1920
43 46 3513
43 47 2267
43 48 2391
43 49 2121
43 50 4147
43 51 864
43 52 1503
43 53 6626
43 54 3193
43 55 7244
43 56 6490
43 57 483
43 58 975
43 59 2242
43 60 6952
43 61 5394
43 62 218
43 63 4596
43 64 6256
43 65 5290
43 66 4339
43 67 3559
43 68 3948
43 69 2951
43 70 2008
44 1 4106
44 2 922
44 3 7352
44 4 3356
44 5 6777
44 6 688
44 7 1728
44 8 1012
44 9 1666
44 10 2389
44 11 1614
44 12 3355
44 13 2006
44 14 6493
44 15 4630
44 16 3040
44 17 4986
44 18 2609
44 19 3617
44 20 6050
44 21 1232
44 22 5440
44 23 3991
44 24 2266
44 25 4872
44 26 4605
44 27 5078
44 28 158
44 29 5947
44 30 3901
44 31 4346
44 32 6352
44 33 3487
44 34 162
44 35 5527
44 36 6508
44 37 5680
44 38 538
44 39 3363
44 40 1908
44 41 5886
44 42 6849
44 43 6892
44 45 7118
44 46 1038
44 47 5337
44 48 4014
44 49 6582
44 50 6582
44 51 5003
44 52 6844
44 53 2363
44 54 5793
44 55 1344
44 56 4926
44 57 5340
44 58 1996
44 59 992
44 60 6828
44 61 1811
44 62 4258
44 63 2838
44 64 3448
44 65 841
44 66 5839
44 67 2152
44 68 2908
44 69 2211
44 70 6840
45 1 3655
45 2 2929
45 3 4551
45 4 2376
45 5 743
45 6 3193
45 7 7408
45 8 1990
45 9 4967
45 10 373
45 11 2661
45 12 4182
45 13 5331
45 14 6636
45 15 4796
45 16 6369
45 17 1733
45 18 7260
45 19 3697
45 20 5020
45 21 6513
45 22 2885
45 23 6153
45 24 5504
45 25 4885
45 26 4547
45 27 427
45 28 5693
45 29 4457
45 30 5556
45 31 1157
45 32 3789
45 33 4731
45 34 6787
45 35 3210
45 36 143
45 37 5175
45 38 6100
45 39 2031
45 40 2496
45 41 2387
45 42 3228
45 43 3103
45 44 940
45 46 2587
45 47 3317
45 48 1936
45 49 2778
45 50 6007
45 51 1575
45 52 2356
45 53 1736
45 54 3766
45 55 5356
45 56 6116
45 57 7183
45 58 4561
45 59 3687
45 60 1368
45 61 4067
45 62 2519
45 63 6768
45 64 4671
45 65 3905
45 66 6486
45 67 828
45 68 7021
45 69 386
45 70 5515
46 1 5080
46 2 2254
46 3 4996
46 4 3170
46 5 1108
46 6 6404
46 7 3456
46 8 1577
46 9 2828
46 10 233
46 11 5875
46 12 1832
46 13 5413
46 14 7123
46 15 3272
46 16 3379
46 17 3514
46 18 4932
46 19 7369
46 20 3525
46 21 2662
46 22 263
46 23 3873
46 24 5898
46 25 809
46 26 4659
46 27 5219
46 28 3419
46 29 2428
46 30 755
46 31 2760
46 32 5912
46 33 280
46 34 6376
46 35 4214
46 36 6740
46 37 5862
46 38 4392
46 39 2982
46 40 7485
46 41 1653
46 42 5331
46 43 5860
46 44 4921
46 45 4683
46 47 4555
46 48 4702
46 49 1590
46 50 2966
46 51 3026
46 52 2953
46 53 5757
46 54 2690
46 55 1894
46 56 3422
46 57 2855
46 58 5560
46 59 1941
46 60 1855
46 61 3434
46 62 732
46 63 2044
46 64 6503
46 65 4649
46 66 845
46 67 1157
46 68 1034
46 69 69
46 70 7150
47 1 6694
47 2 5758
47 3 2941
47 4 4396
47 5 3303
47 6 7364
47 7 3636
47 8 6267
47 9 651
47 10 5542
47 11 5502
47 12 367
47 13 7107
47 14 7311
47 15 7
47 16 7403
47 17 6944
47 18 3437
47 19 3906
47 20 4493
47 21 925
47 22 2631
47 23 4142
47 24 4509
47 25 2045
47 26 1157
47 27 3936
47 28 1207
47 29 4942
47 30 3941
47 31 4118
47 32 6467
47 33 4911
47 34 6673
47 35 4953
47 36 3662
47 37 2650
47 38 276
47 39 4392
47 40 3105
47 41 1374
47 42 339
47 43 6861
47 44 2775
47 45 6502
47 46 3044
47 48 1711
47 49 2199
47 50 1064
47 51 5593
47 52 3075
47 53 1116
47 54 4549
47 55 3322
47 56 2205
47 57 7342
47 58 5747
47 59 1968
47 60 754
47 61 531
47 62 3926
47 63 932
47 64 455
47 65 6095
47 66 4326
47 67 4845
47 68 1225
47 69 4654
47 70 4786
48 1 3502
48 2 6172
48 3 1001
48 4 277
48 5 7077
48 6 5750
48 7 4482
48 8 4115
48 9 374
48 10 801
48 11 5511
48 12 6561
48 13 6088
48 14 1704
48 15 368
48 16 4302
48 17 4299
48 18 1891
48 19 5577
48 20 4338
48 21 1150
48 22 5465
48 23 7326
48 24 786
48 25 5435
48 26 3489
48 27 7459
48 28 3756
48 29 6887
48 30 3876
48 31 7115
48 32 2314
48 33 1170
48 34 6056
48 35 6754
48 36 3741
48 37 4205
48 38 2452
48 39 6861
48 40 5628
48 41 6813
48 42 3204
48 43 2517
48 44 143
48 45 3514
48 46 5476
48 47 5280
48 49 6070
48 50 1625
48 51 5666
48 52 2551
48 53 6766
48 54 113
48 55 4413
48 56 5422
48 57 6421
48 58 6870
48 59 5132
48 60 7343
48 61 5392
48 62 4877
48 63 4414
48 64 1177
48 65 636
48 66 5744
48 67 4382
48 68 5962
48 69 4657
48 70 483
49 1 1779
49 2 6660
49 3 2502
49 4 14
49 5 4986
49 6 895
49 7 1247
49 8 708
49 9 2479
49 10 402
49 11 7179
49 12 999
49 13 2926
49 14 6443
49 15 4831
49 16 4854
49 17 8
49 18 7161
49 19 7108
49 20 2701
49 21 738
49 22 4852
49 23 1784
49 24 4508
49 25 1573
49 26 7366
49 27 5604
49 28 6680
49 29 1600
49 30 701
49 31 7048
49 32 4608
49 33 4258
49 34 6406
49 35 3024
49 36 4018
49 37 2103
49 38 6748
49 39 5500
49 40 2335
49 41 1726
49 42 6473
49 43 5027
49 44 3073
49 45 1196
49 46 784
49 47 6773
49 48 2391
49 50 1011
49 51 903
49 52 1377
49 53 1744
49 54 2469
49 55 727
49 56 940
49 57 7170
49 58 7401
49 59 5069
49 60 5778
49 61 4530
49 62 1800
49 63 2652
49 64 6820
49 65 6538
49 66 3265
49 67 1860
49 68 1308
49 69 1597
49 70 3382
50 1 990
50 2 2746
50 3 6239
50 4 3266
50 5 6644
50 6 5779
50 7 4336
50 8 4205
50 9 289
50 10 151
50 11 3963
50 12 960
50 13 7052
50 14 2908
50 15 470
50 16 2306
50 17 2679
50 18 3574
50 19 2848
50 20 5727
50 21 3392
50 22 2517
50 23 6077
50 24 2342
50 25 1832
50 26 2255
50 27 6979
50 28 3873
50 29 1816
50 30 6097
50 31 1942
50 32 1415
50 33 5664
50 34 5919
50 35 5708
50 36 5571
50 37 795
50 38 223
50 39 177
50 40 898
50 41 7254
50 42 3490
50 43 2406
50 44 6389
50 45 4485
50 46 1415
50 47 5906
50 48 1307
50 49 4722
50 51 2533
50 52 1096
50 53 2870
50 54 1938
50 55 1050
50 56 6797
50 57 3829
50 58 6086
50 59 189
50 60 2892
50 61 469
50 62 5124
50 63 5793
50 64 6961
50 65 3114
50 66 1128
50 67 5824
50 68 3666
50 69 6953
50 70 584
51 1 4472
51 2 6499
51 3 61
51 4 7067
51 5 4548
51 6 5603
51 7 7208
51 8 7234
51 9 2073
51 10 6398
51 11 4720
51 12 6356
51 13 6708
51 14 1120
51 15 7404
51 16 4005
51 17 2813
51 18 5671
51 19 6106
51 20 6478
51 21 154
51 22 1437
51 23 3215
51 24 1556
51 25 6377
51 26 7020
51 27 3241
51 28 6510
51 29 6078
51 30 5425
51 31 2008
51 32 4529
51 33 2356
51 34 2520
51 35 4947
51 36 6903
51 37 2780
51 38 4813
51 39 3087
51 40 6002
51 41 416
51 42 6458
51 43 6707
51 44 5682
51 45 4053
51 46 849
51 47 4058
51 48 4081
51 49 6610
51 50 1088
51 52 5153
51 53 6923
51 54 21
51 55 3287
51 56 7017
51 57 6812
51 58 5822
51 59 4582
51 60 2184
51 61 4991
51 62 6672
51 63 100
51 64 3287
51 65 56
51 66 3206
51 67 3920
51 68 4406
51 69 3832
51 70 7210
52 1 3641
52 2 3891
52 3 2670
52 4 3155
52 5 7202
52 6 6565
52 7 2587
52 8 1662
52 9 4074
52 10 2764
52 11 3368
52 12 553
52 13 3755
52 14 1116
52 15 3710
52 16 5755
52 17 101
52 18 4335
52 19 977
52 20 5444
52 21 2092
52 22 5349
52 23 4008
52 24 690
52 25 2793
52 26 1865
52 27 4569
52 28 123
52 29 3372
52 30 4004
52 31 6520
52 32 370
52 33 3513
52 34 3296
52 35 5208
52 36 5449
52 37 1775
52 38 3193
52 39 517
52 40 7306
52 41 4225
52 42 137
52 43 419
52 44 5686
52 45 1692
52 46 6161
52 47 5146
52 48 5877
52 49 7292
52 50 4903
52 51 2004
52 53 3062
52 54 3350
52 55 1329
52 56 1914
52 57 293
52 58 1134
52 59 7000
52 60 2940
52 61 2378
52 62 3630
52 63 4531
52 64 6900
52 65 349
52 66 3677
52 67 5588
52 68 1367
52 69 178
52 70 1987
53 1 4565
53 2 980
53 3 2470
53 4 1841
53 5 102
53 6 3063
53 7 520
53 8 772
53 9 1963
53 10 4523
53 11 3130
53 12 5869
53 13 4374
53 14 3719
53 15 2437
53 16 4543
53 17 1565
53 18 6409
53 19 2336
53 20 6245
53 21 2652
53 22 5896
53 23 2462
53 24 7432
53 25 1186
53 26 4238
53 27 3978
53 28 4352
53 29 5676
53 30 5166
53 31 1437
53 32 6977
53 33 2755
53 34 619
53 35 3431
53 36 1818
53 37 6437
53 38 3492
53 39 603
53 40 727
53 41 5986
53 42 814
53 43 3218
53 44 5012
53 45 3045
53 46 2995
53 47 2596
53 48 4829
53 49 4152
53 50 3043
53 51 5159
53 52 1546
53 54 2253
53 55 2339
53 56 181
53 57 6997
53 58 5376
53 59 7154
53 60 6775
53 61 1377
53 62 5871
53 63 7158
53 64 4729
53 65 3270
53 66 1204
53 67 233
53 68 2080
53 69 7336
53 70 2099
54 1 28
54 2 4469
54 3 731
54 4 77
54 5 2401
54 6 2730
54 7 5839
54 8 3233
54 9 6601
54 10 21
54 11 4068
54 12 1140
54 13 7452
54 14 4128
54 15 6285
54 16 2299
54 17 3725
54 18 3230
54 19 808
54 20 722
54 21 901
54 22 78
54 23 3027
54 24 2778
54 25 4608
54 26 118
54 27 6967
54 28 5923
54 29 3386
54 30 1979
54 31 3220
54 32 3573
54 33 6899
54 34 613
54 35 5110
54 36 6733
54 37 739
54 38 494
54 39 4930
54 40 4665
54 41 2968
54 42 6560
54 43 3435
54 44 4181
54 45 4423
54 46 746
54 47 985
54 48 1663
54 49 758
54 50 7158
54 51 6213
54 52 3122
54 53 3940
54 55 174
54 56 3386
54 57 1591
54 58 6303
54 59 5740
54 60 5760
54 61 6745
54 62 2761
54 63 781
54 64 7237
54 65 6027
54 66 3058
54 67 1032
54 68 3167
54 69 5787
54 70 4651
55 1 2924
55 2 5289
55 3 5188
55 4 2732
55 5 4665
55 6 4321
55 7 4865
55 8 3514
55 9 1369
55 10 5584
55 11 2097
55 12 4842
55 13 7061
55 14 7203
55 15 7478
55 16 1749
55 17 3795
55 18 6669
55 19 1284
55 20 4655
55 21 1310
55 22 226
55 23 26
55 24 5832
55 25 3291
55 26 3049
55 27 660
55 28 4654
55 29 7401
55 30 5263
55 31 2175
55 32 5853
55 33 7135
55 34 7382
55 35 4310
55 36 7163
55 37 6537
55 38 7212
55 39 3880
55 40 4748
55 41 4291
55 42 6907
55 43 418
55 44 4653
55 45 6110
55 46 6123
55 47 6310
55 48 2994
55 49 2437
55 50 5503
55 51 298
55 52 4731
55 53 5291
55 54 2009
55 56 2884
55 57 7024
55 58 1572
55 59 436
55 60 1059
55 61 1158
55 62 2913
55 63 3023
55 64 5013
55 65 4211
55 66 3181
55 67 1875
55 68 889
55 69 6335
55 70 454
56 1 4521
56 2 2653
56 3 2186
56 4 1214
56 5 4637
56 6 7085
56 7 1631
56 8 3805
56 9 1844
56 10 7160
56 11 155
56 12 4195
56 13 4612
56 14 4257
56 15 2417
56 16 6555
56 17 177
56 18 4343
56 19 5530
56 20 3358
56 21 1543
56 22 6202
56 23 6432
56 24 5739
56 25 2035
56 26 2291
56 27 7056
56 28 2376
56 29 4475
56 30 382
56 31 2347
56 32 2099
56 33 3621
56 34 5176
56 35 3062
56 36 3489
56 37 5462
56 38 1802
56 39 6674
56 40 254
56 41 5805
56 42 5567
56 43 6275
56 44 5418
56 45 1302
56 46 4861
56 47 4345
56 48 808
56 49 680
56 50 4455
56 51 3728
56 52 987
56 53 5327
56 54 6409
56 55 134
56 57 4928
56 58 3282
56 59 6949
56 60 4904
56 61 4382
56 62 3453
56 63 2413
56 64 6060
56 65 3585
56 66 5305
56 67 896
56 68 5805
56 69 717
56 70 2103
57 1 2531
57 2 4256
57 3 5549
57 4 6806
57 5 7058
57 6 2572
57 7 1088
57 8 5048
57 9 2545
57 10 4351
57 11 436
57 12 1592
57 13 6657
57 14 6694
57 15 3624
57 16 1062
57 17 4125
57 18 1697
57 19 349
57 20 1051
57 21 6802
57 22 3173
57 23 680
57 24 4130
57 25 6844
57 26 4011
57 27 178
57 28 5834
57 29 4704
57 30 4081
57 31 3390
57 32 7170
57 33 3791
57 34 6670
57 35 3311
57 36 7346
57 37 6529
57 38 697
57 39 6074
57 40 6735
57 41 4982
57 42 4202
57 43 1805
57 44 4260
57 45 361
57 46 1277
57 47 3744
57 48 3594
57 49 2263
57 50 851
57 51 5880
57 52 1282
57 53 6709
57 54 6895
57 55 2964
57 56 3208
57 58 935
57 59 1468
57 60 4702
57 61 3533
57 62 6912
57 63 1327
57 64 401
57 65 3002
57 66 3200
57 67 4391
57 68 1342
57 69 366
57 70 2293
58 1 436
58 2 1399
58 3 6643
58 4 2460
58 5 3674
58 6 7422
58 7 2814
58 8 2761
58 9 5657
58 10 1720
58 11 1828
58 12 1487
58 13 375
58 14 4121
58 15 2276
58 16 7493
58 17 4377
58 18 7230
58 19 26
58 20 4268
58 21 7056
58 22 5118
58 23 2112
58 24 4327
58 25 3041
58 26 3018
58 27 4692
58 28 743
58 29 1627
58 30 3415
58 31 7487
58 32 5158
58 33 2550
58 34 6514
58 35 3639
58 36 3731
58 37 1656
58 38 3796
58 39 7412
58 40 784
58 41 5726
58 42 4253
58 43 1561
58 44 3353
58 45 5369
58 46 6444
58 47 889
58 48 7179
58 49 2226
58 50 5380
58 51 3066
58 52 5403
58 53 5454
58 54 605
58 55 1757
58 56 855
58 57 7088
58 59 1297
58 60 1231
58 61 5439
58 62 1614
58 63 3297
58 64 3370
58 65 4481
58 66 914
58 67 3793
58 68 3634
58 69 3439
58 70 1113
59 1 2758
59 2 6549
59 3 4162
59 4 117
59 5 1077
59 6 665
59 7 6165
59 8 2222
59 9 6898
59 10 1252
59 11 6836
59 12 2223
59 13 1540
59 14 1538
59 15 2936
59 16 5077
59 17 6520
59 18 1566
59 19 6721
59 20 7491
59 21 276
59 22 204
59 23 1344
59 24 2076
59 25 6396
59 26 591
59 27 5744
59 28 3003
59 29 5011
59 30 2330
59 31 6793
59 32 4612
59 33 513
59 34 3742
59 35 107
59 36 3958
59 37 3931
59 38 7443
59 39 513
59 40 5404
59 41 5102
59 42 3485
59 43 813
59 44 3386
59 45 53
59 46 3874
59 47 2847
59 48 3196
59 49 833
59 50 348
59 51 382
59 52 5947
59 53 976
59 54 6091
59 55 5399
59 56 1020
59 57 3876
59 58 5819
59 60 6347
59 61 499
59 62 5833
59 63 589
59 64 5107
59 65 448
59 66 3790
59 67 1937
59 68 2632
59 69 704
59 70 7223
60 1 461
60 2 196
60 3 2280
60 4 628
60 5 826
60 6 743
60 7 3494
60 8 3421
60 9 258
60 10 2286
60 11 135
60 12 5451
60 13 7137
60 14 853
60 15 1379
60 16 6676
60 17 6808
60 18 4718
60 19 3678
60 20 3822
60 21 6099
60 22 734
60 23 6452
60 24 5425
60 25 1975
60 26 1640
60 27 6501
60 28 509
60 29 6910
60 30 1646
60 31 787
60 32 5782
60 33 4388
60 34 4737
60 35 181
60 36 4442
60 37 3653
60 38 821
60 39 5593
60 40 5637
60 41 1776
60 42 5978
60 43 1081
60 44 871
60 45 4217
60 46 1525
60 47 3008
60 48 7116
60 49 3915
60 50 3536
60 51 3825
60 52 4962
60 53 844
60 54 1033
60 55 6377
60 56 2376
60 57 3760
60 58 628
60 59 3176
60 61 6603
60 62 2785
60 63 1955
60 64 66
60 65 4140
60 66 478
60 67 2601
60 68 1966
60 69 1822
60 70 3154
61 1 734
61 2 2298
61 3 1324
61 4 3888
61 5 5954
61 6 4179
61 7 990
61 8 1465
61 9 6918
61 10 1973
61 11 4473
61 12 225
61 13 44
61 14 5153
61 15 6535
61 16 7166
61 17 6139
61 18 1261
61 19 741
61 20 3128
61 21 7323
61 22 4421
61 23 6305
61 24 5683
61 25 6882
61 26 1055
61 27 7285
61 28 4134
61 29 1618
61 30 3011
61 31 4838
61 32 4990
61 33 6029
61 34 410
61 35 4273
61 36 3474
61 37 6191
61 38 4531
61 39 6913
61 40 3157
61 41 5231
61 42 40
61 43 6647
61 44 6802
61 45 4251
61 46 6703
61 47 6151
61 48 832
61 49 1973
61 50 2054
61 51 950
61 52 1825
61 53 4854
61 54 5925
61 55 4988
61 56 6345
61 57 1796
61 58 2771
61 59 3193
61 60 7384
61 62 2258
61 63 2229
61 64 1056
61 65 1496
61 66 1201
61 67 7433
61 68 2139
61 69 591
61 70 3021
62 1 5354
62 2 987
62 3 2248
62 4 6306
62 5 4547
62 6 4298
62 7 3672
62 8 4127
62 9 2351
62 10 4171
62 11 6924
62 12 3185
62 13 236
62 14 449
62 15 1705
62 16 6533
62 17 1283
62 18 5032
62 19 6352
62 20 4913
62 21 4848
62 22 1641
62 23 1381
62 24 5006
62 25 6439
62 26 4705
62 27 4510
62 28 5155
62 29 1236
62 30 2145
62 31 6635
62 32 7307
62 33 5370
62 34 4403
62 35 2644
62 36 3074
62 37 173
62 38 1515
62 39 449
62 40 4509
62 41 2891
62 42 1976
62 43 1560
62 44 4811
62 45 5621
62 46 3232
62 47 4077
62 48 4437
62 49 2999
62 50 924
62 51 6261
62 52 3590
62 53 1202
62 54 5051
62 55 6320
62 56 1498
62 57 6113
62 58 4291
62 59 5492
62 60 5938
62 61 4714
62 63 7439
62 64 2683
62 65 5383
62 66 1925
62 67 3260
62 68 5125
62 69 5920
62 70 3901
63 1 1951
63 2 285
63 3 5256
63 4 2485
63 5 2838
63 6 816
63 7 79
63 8 3487
63 9 6058
63 10 1965
63 11 5770
63 12 7333
63 13 3311
63 14 898
63 15 3575
63 16 3848
63 17 3673
63 18 2493
63 19 850
63 20 6037
63 21 6454
63 22 4574
63 23 7250
63 24 3325
63 25 1787
63 26 7173
63 27 4808
63 28 4730
63 29 6437
63 30 1885
63 31 1372
63 32 3725
63 33 257
63 34 4138
63 35 774
63 36 6163
63 37 5192
63 38 4333
63 39 1655
63 40 5227
63 41 6792
63 42 706
63 43 3284
63 44 4335
63 45 422
63 46 588
63 47 1315
63 48 3743
63 49 1002
63 50 742
63 51 3458
63 52 1896
63 53 4550
63 54 641
63 55 2662
63 56 572
63 57 994
63 58 3342
63 59 1299
63 60 2006
63 61 3272
63 62 3004
63 64 3128
63 65 5785
63 66 1948
63 67 967
63 68 5812
63 69 3699
63 70 6855
64 1 4693
64 2 5584
64 3 6652
64 4 2699
64 5 1369
64 6 7309
64 7 4804
64 8 2708
64 9 7020
64 10 2054
64 11 4451
64 12 4751
64 13 1179
64 14 2591
64 15 4664
64 16 5805
64 17 6154
64 18 7436
64 19 7106
64 20 5976
64 21 1276
64 22 147
64 23 892
64 24 1634
64 25 1296
64 26 6117
64 27 3752
64 28 2403
64 29 6641
64 30 5751
64 31 5296
64 32 391
64 33 2477
64 34 3108
64 35 7350
64 36 2686
64 37 6422
64 38 3751
64 39 6885
64 40 5902
64 41 1780
64 42 4920
64 43 1744
64 44 976
64 45 475
64 46 4632
64 47 576
64 48 3624
64 49 1770
64 50 397
64 51 5883
64 52 7009
64 53 1386
64 54 4265
64 55 4763
64 56 248
64 57 6292
64 58 5081
64 59 795
64 60 458
64 61 2932
64 62 6526
64 63 3486
64 65 3598
64 66 2679
64 67 2644
64 68 2367
64 69 6146
64 70 1473
65 1 1847
65 2 2807
65 3 7210
65 4 3969
65 5 7228
65 6 1538
65 7 800
65 8 4939
65 9 165
65 10 4055
65 11 667
65 12 2229
65 13 1846
65 14 1050
65 15 6857
65 16 1022
65 17 6382
65 18 1872
65 19 1842
65 20 456
65 21 5282
65 22 2304
65 23 3597
65 24 6463
65 25 6793
65 26 5733
65 27 2940
65 28 6257
65 29 3667
65 30 2629
65 31 6561
65 32 5576
65 33 6423
65 34 6861
65 35 6594
65 36 5412
65 37 4751
65 38 3258
65 39 1462
65 40 1631
65 41 7358
65 42 5092
65 43 4241
65 44 4390
65 45 2427
65 46 3311
65 47 5729
65 48 6861
65 49 5959
65 50 6365
65 51 2016
65 52 1469
65 53 485
65 54 7151
65 55 5820
65 56 2370
65 57 3871
65 58 1993
65 59 2272
65 60 5106
65 61 7092
65 62 343
65 63 3783
65 64 3431
65 66 5081
65 67 7339
65 68 1582
65 69 7046
65 70 1058
66 1 4378
66 2 1028
66 3 822
66 4 168
66 5 600
66 6 4445
66 7 3838
66 8 5649
66 9 6132
66 10 1076
66 11 1214
66 12 5050
66 13 7082
66 14 6544
66 15 3946
66 16 3417
66 17 30
66 18 5118
66 19 1851
66 20 1457
66 21 1056
66 22 5483
66 23 871
66 24 5203
66 25 5729
66 26 2720
66 27 3715
66 28 3885
66 29 7079
66 30 2441
66 31 6706
66 32 4754
66 33 6811
66 34 4014
66 35 459
66 36 3116
66 37 972
66 38 1973
66 39 4857
66 40 6445
66 41 6067
66 42 7174
66 43 2472
66 44 4697
66 45 3624
66 46 4804
66 47 6076
66 48 3626
66 49 4180
66 50 1368
66 51 2320
66 52 4630
66 53 3505
66 54 4822
66 55 4187
66 56 2520
66 57 7437
66 58 5074
66 59 6092
66 60 7054
66 61 3299
66 62 5505
66 63 78
66 64 4356
66 65 5204
66 67 5644
66 68 3969
66 69 327
66 70 5961
67 1 2054
67 2 7112
67 3 5376
67 4 3402
67 5 3125
67 6 2688
67 7 1722
67 8 4462
67 9 5214
67 10 2397
67 11 5953
67 12 7384
67 13 5910
67 14 1457
67 15 4879
67 16 5755
67 17 1269
67 18 2805
67 19 1160
67 20 4482
67 21 4512
67 22 7114
67 23 5596
67 24 6312
67 25 4053
67 26 6201
67 27 5929
67 28 398
67 29 39
67 30 5885
67 31 2499
67 32 6428
67 33 3128
67 34 6527
67 35 5135
67 36 2848
67 37 5116
67 38 2195
67 39 6386
67 40 4837
67 41 816
67 42 504
67 43 4016
67 44 1703
67 45 6584
67 46 4886
67 47 4159
67 48 194
67 49 6683
67 50 5817
67 51 5043
67 52 6605
67 53 3964
67 54 2531
67 55 2024
67 56 430
67 57 2958
67 58 2277
67 59 2909
67 60 3811
67 61 1172
67 62 5113
67 63 438
67 64 1714
67 65 5475
67 66 3613
67 68 5809
67 69 1782
67 70 42
68 1 5810
68 2 2249
68 3 6787
68 4 3206
68 5 4753
68 6 3996
68 7 702
68 8 5818
68 9 2465
68 10 6426
68 11 2419
68 12 5781
68 13 1479
68 14 2348
68 15 2813
68 16 410
68 17 1724
68 18 3810
68 19 2439
68 20 5176
68 21 6701
68 22 113
68 23 586
68 24 2146
68 25 7208
68 26 5139
68 27 2478
68 28 821
68 29 4415
68 30 6328
68 31 3407
68 32 3837
68 33 6531
68 34 1607
68 35 4088
68 36 1020
68 37 744
68 38 1323
68 39 2023
68 40 4563
68 41 6155
68 42 3634
68 43 5276
68 44 695
68 45 2506
68 46 2129
68 47 4723
68 48 6558
68 49 4148
68 50 635
68 51 7185
68 52 6437
68 53 5416
68 54 1989
68 55 1979
68 56 2522
68 57 4482
68 58 6675
68 59 726
68 60 7493
68 61 2131
68 62 2192
68 63 1410
68 64 613
68 65 4165
68 66 5320
68 67 1992
68 69 6715
68 70 6147
69 1 4985
69 2 156
69 3 3406
69 4 4426
69 5 4302
69 6 2664
69 7 3343
69 8 5602
69 9 3828
69 10 6128
69 11 1226
69 12 5294
69 13 3641
69 14 134
69 15 2261
69 16 6099
69 17 4461
69 18 4342
69 19 3614
69 20 2272
69 21 4485
69 22 638
69 23 1915
69 24 5809
69 25 2934
69 26 257
69 27 428
69 28 6336
69 29 6200
69 30 5233
69 31 4322
69 32 5286
69 33 5562
69 34 1932
69 35 2459
69 36 6016
69 37 5974
69 38 1944
69 39 558
69 40 5481
69 41 1505
69 42 7271
69 43 7357
69 44 4785
69 45 2181
69 46 1187
69 47 4074
69 48 5144
69 49 5062
69 50 1271
69 51 5747
69 52 4445
69 53 5141
69 54 993
69 55 4293
69 56 4267
69 57 1204
69 58 244
69 59 2076
69 60 5043
69 61 2823
69 62 3617
69 63 4595
69 64 2378
69 65 43
69 66 3324
69 67 4088
69 68 6249
69 70 1291
70 1 6709
70 2 2010
70 3 306
70 4 5713
70 5 2637
70 6 6500
70 7 5179
70 8 6185
70 9 4667
70 10 7175
70 11 6656
70 12 4811
70 13 6990
70 14 2114
70 15 5260
70 16 7068
70 17 962
70 18 6003
70 19 831
70 20 71
70 21 5874
70 22 5652
70 23 122
70 24 7140
70 25 1109
70 26 6778
70 27 1561
70 28 559
70 29 1049
70 30 7487
70 31 402
70 32 2027
70 33 6282
70 34 7236
70 35 2220
70 36 4274
70 37 4465
70 38 1080
70 39 7251
70 40 6678
70 41 141
70 42 2239
70 43 3076
70 44 4858
70 45 1519
70 46 843
70 47 2457
70 48 4284
70 49 6429
70 50 762
70 51 6315
70 52 2069
70 53 1268
70 54 437
70 55 6604
70 56 3450
70 57 4049
70 58 4243
70 59 4611
70 60 6161
70 61 5319
70 62 4101
70 63 1872
70 64 1533
70 65 6870
70 66 1122
70 67 7353
70 68 1753
70 69 4212
