70 4830
1 2 932
1 3 4690
1 4 5993
1 5 6393
1 6 5218
1 7 1448
1 8 2476
1 9 1972
1 10 3990
1 11 7233
1 12 7388
1 13 3514
1 14 5571
1 15 2983
1 16 4155
1 17 6903
1 18 1882
1 19 3441
1 20 841
1 21 7251
1 22 6769
1 23 2415
1 24 4825
1 25 1936
1 26 7132
1 27 1792
1 28 6835
1 29 575
1 30 754
1 31 1995
1 32 6659
1 33 3151
1 34 797
1 35 5354
1 36 2681
1 37 817
1 38 5540
1 39 4353
1 40 5753
1 41 2768
1 42 52
1 43 1799
1 44 930
1 45 3659
1 46 5875
1 47 5828
1 48 3714
1 49 1143
1 50 3474
1 51 1103
1 52 183
1 53 2873
1 54 4394
1 55 3331
1 56 4789
1 57 2980
1 58 6413
1 59 6259
1 60 1040
1 61 4368
1 62 3412
1 63 4531
1 64 6311
1 65 4024
1 66 6206
1 67 1722
1 68 6029
1 69 1994
1 70 111
2 1 2220
2 3 4277
2 4 3052
2 5 3512
2 6 3438
2 7 6010
2 8 336
2 9 576
2 10 656
2 11 4052
2 12 7111
2 13 1519
2 14 3034
2 15 39
2 16 3172
2 17 7476
2 18 3347
2 19 3900
2 20 5392
2 21 303
2 22 1148
2 23 527
2 24 2041
2 25 7481
2 26 423
2 27 1555
2 28 742
2 29 773
2 30 1293
2 31 6317
2 32 1870
2 33 6570
2 34 7182
2 35 434
2 36 6746
2 37 37
2 38 406
2 39 254
2 40 4069
2 41 7488
2 42 2281
2 43 288
2 44 5264
2 45 2630
2 46 4232
2 47 1419
2 48 2434
2 49 6330
2 50 1491
2 51 2886
2 52 6205
2 53 5764
2 54 4173
2 55 5600
2 56 455
2 57 3620
2 58 1566
2 59 7035
2 60 1250
2 61 1139
2 62 1190
2 63 6339
2 64 5950
2 65 3920
2 66 6891
2 67 7145
2 68 341
2 69 6357
2 70 5118
3 1 608
3 2 5289
3 4 6214
3 5 6550
3 6 871
3 7 6187
3 8 610
3 9 641
3 10 4702
3 11 1735
3 12 64
3 13 208
3 14 4301
3 15 4611
3 16 3943
3 17 2711
3 18 5676
3 19 5059
3 20 2945
3 21 2799
3 22 3709
3 23 3422
3 24 6875
3 25 2168
3 26 4051
3 27 2985
3 28 7314
3 29 2065
3 30 6610
3 31 2645
3 32 4888
3 33 1197
3 34 6942
3 35 1621
3 36 1409
3 37 3334
3 38 4895
3 39 993
3 40 5221
3 41 3004
3 42 7384
3 43 6229
3 44 4177
3 45 5187
3 46 5818
3 47 662
3 48 5287
3 49 1591
3 50 2524
3 51 3646
3 52 1739
3 53 3367
3 54 7346
3 55 6989
3 56 5531
3 57 4017
3 58 2776
3 59 4349
3 60 6857
3 61 2981
3 62 4278
3 63 2647
3 64 2633
3 65 2203
3 66 6058
3 67 6321
3 68 2058
3 69 934
3 70 7136
4 1 2442
4 2 7188
4 3 3439
4 5 2463
4 6 1865
4 7 6254
4 8 6277
4 9 2607
4 10 6977
4 11 7269
4 12 2905
4 13 1375
4 14 135
4 15 2372
4 16 6410
4 17 2832
4 18 2437
4 19 694
4 20 4291
4 21 1990
4 22 468
4 23 2806
4 24 7438
4 25 916
4 26 244
4 27 555
4 28 3732
4 29 7469
4 30 3686
4 31 6019
4 32 7208
4 33 3175
4 34 5637
4 35 2637
4 36 7261
4 37 2811
4 38 1354
4 39 1157
4 40 3199
4 41 5552
4 42 5316
4 43 5225
4 44 4458
4 45 698
4 46 2017
4 47 4056
4 48 5876
4 49 1688
4 50 2186
4 51 2589
4 52 7431
4 53 7136
4 54 1954
4 55 1584
4 56 5054
4 57 363
4 58 7113
4 59 2311
4 60 4754
4 61 6320
4 62 783
4 63 4986
4 64 6563
4 65 3038
4 66 1117
4 67 5745
4 68 6654
4 69 1296
4 70 5900
5 1 583
5 2 3799
5 3 5653
5 4 103
5 6 6866
5 7 2663
5 8 4399
5 9 3071
5 10 3830
5 11 1363
5 12 6471
5 13 1211
5 14 5663
5 15 2318
5 16 4045
5 17 461
5 18 4277
5 19 3003
5 20 4264
5 21 2593
5 22 6738
5 23 3001
5 24 4313
5 25 6531
5 26 7216
5 27 3661
5 28 2386
5 29 4105
5 30 111
5 31 1421
5 32 7059
5 33 520
5 34 2557
5 35 1005
5 36 7090
5 37 6336
5 38 424
5 39 1051
5 40 5282
5 41 3530
5 42 4212
5 43 7487
5 44 6830
5 45 5307
5 46 5120
5 47 2969
5 48 4594
5 49 1672
5 50 3160
5 51 6570
5 52 4003
5 53 1776
5 54 1301
5 55 6525
5 56 5791
5 57 3333
5 58 3500
5 59 5678
5 60 6384
5 61 3467
5 62 7275
5 63 872
5 64 4595
5 65 2
5 66 4476
5 67 4228
5 68 875
5 69 4536
5 70 5299
6 1 2628
6 2 3894
6 3 1898
6 4 5800
6 5 951
6 7 4881
6 8 4287
6 9 6196
6 10 7418
6 11 2726
6 12 6225
6 13 5181
6 14 7405
6 15 5078
6 16 1667
6 17 2311
6 18 3010
6 19 1240
6 20 3399
6 21 309
6 22 1303
6 23 938
6 24 2280
6 25 1574
6 26 3619
6 27 5772
6 28 7277
6 29 4507
6 30 1018
6 31 4202
6 32 998
6 33 2844
6 34 2157
6 35 4106
6 36 168
6 37 4774
6 38 2333
6 39 7379
6 40 5284
6 41 655
6 42 3881
6 43 5945
6 44 2173
6 45 2027
6 46 2749
6 47 6362
6 48 4183
6 49 5310
6 50 4786
6 51 5350
6 52 4505
6 53 1741
6 54 1080
6 55 2861
6 56 89
6 57 1806
6 58 62
6 59 979
6 60 3234
6 61 3395
6 62 6315
6 63 2872
6 64 5473
6 65 3420
6 66 6276
6 67 2020
6 68 4445
6 69 2618
6 70 885
7 1 1874
7 2 338
7 3 7118
7 4 251
7 5 3996
7 6 1020
7 8 1025
7 9 5990
7 10 2382
7 11 10
7 12 5289
7 13 3241
7 14 7026
7 15 1067
7 16 6090
7 17 4562
7 18 6052
7 19 6034
7 20 2296
7 21 4264
7 22 2940
7 23 388
7 24 3948
7 25 4124
7 26 6541
7 27 3207
7 28 1461
7 29 7021
7 30 5103
7 31 5490
7 32 2374
7 33 6048
7 34 1856
7 35 2472
7 36 96
7 37 341
7 38 7367
7 39 2323
7 40 2525
7 41 5489
7 42 7141
7 43 4199
7 44 6078
7 45 3601
7 46 7405
7 47 7262
7 48 5820
7 49 2483
7 50 5798
7 51 4007
7 52 7084
7 53 1280
7 54 2998
7 55 2359
7 56 2954
7 57 6730
7 58 490
7 59 5222
7 60 3403
7 61 5127
7 62 3433
7 63 528
7 64 4843
7 65 494
7 66 6379
7 67 3281
7 68 6345
7 69 5410
7 70 2620
8 1 6681
8 2 4482
8 3 4452
8 4 2775
8 5 1041
8 6 4376
8 7 1802
8 9 6872
8 10 5515
8 11 4730
8 12 6801
8 13 1674
8 14 2712
8 15 2575
8 16 6999
8 17 3491
8 18 42
8 19 4374
8 20 5011
8 21 5999
8 22 6787
8 23 7383
8 24 2133
8 25 5062
8 26 1641
8 27 3178
8 28 5372
8 29 6528
8 30 5724
8 31 395
8 32 1255
8 33 4234
8 34 1326
8 35 5504
8 36 5363
8 37 7127
8 38 4015
8 39 5868
8 40 2090
8 41 7467
8 42 261
8 43 6043
8 44 80
8 45 322
8 46 3435
8 47 4346
8 48 331
8 49 3058
8 50 2273
8 51 1499
8 52 5644
8 53 1749
8 54 3593
8 55 5733
8 56 5784
8 57 3803
8 58 2633
8 59 5331
8 60 2408
8 61 4409
8 62 6091
8 63 1030
8 64 5822
8 65 3615
8 66 870
8 67 52
8 68 6999
8 69 5849
8 70 819
9 1 3821
9 2 3180
9 3 1188
9 4 2993
9 5 941
9 6 6010
9 7 3169
9 8 3046
9 10 7444
9 11 2786
9 12 932
9 13 3370
9 14 3604
9 15 2290
9 16 453
9 17 4829
9 18 2782
9 19 4433
9 20 1850
9 21 2393
9 22 782
9 23 5356
9 24 3248
9 25 5916
9 26 4581
9 27 4519
9 28 2196
9 29 5707
9 30 4089
9 31 4992
9 32 5961
9 33 3959
9 34 2245
9 35 2033
9 36 3406
9 37 6764
9 38 2081
9 39 3049
9 40 7241
9 41 731
9 42 4333
9 43 7160
9 44 6610
9 45 5771
9 46 4573
9 47 4875
9 48 790
9 49 5688
9 50 1712
9 51 1564
9 52 4129
9 53 2862
9 54 1630
9 55 1224
9 56 4067
9 57 6540
9 58 1743
9 59 4540
9 60 1935
9 61 4617
9 62 3526
9 63 5595
9 64 5537
9 65 5942
9 66 5490
9 67 3905
9 68 3696
9 69 735
9 70 4464
10 1 7271
10 2 5359
10 3 443
10 4 2543
10 5 6057
10 6 2722
10 7 1529
10 8 6828
10 9 6422
10 11 1596
10 12 7490
10 13 3725
10 14 2141
10 15 2514
10 16 4958
10 17 3761
10 18 621
10 19 1380
10 20 448
10 21 2454
10 22 3117
10 23 2372
10 24 878
10 25 5756
10 26 589
10 27 5221
10 28 4517
10 29 7158
10 30 6846
10 31 2156
10 32 1432
10 33 946
10 34 3482
10 35 1116
10 36 1443
10 37 1396
10 38 1628
10 39 230
10 40 2578
10 41 3569
10 42 6049
10 43 183
10 44 3135
10 45 2018
10 46 7299
10 47 828
10 48 3910
10 49 4585
10 50 5171
10 51 3596
10 52 7212
10 53 583
10 54 6512
10 55 3014
10 56 652
10 57 2433
10 58 6825
10 59 1582
10 60 7357
10 61 2689
10 62 6410
10 63 6122
10 64 3177
10 65 4516
10 66 3424
10 67 5610
10 68 1741
10 69 5746
10 70 1775
11 1 156
11 2 3087
11 3 689
11 4 4014
11 5 7495
11 6 712
11 7 734
11 8 4399
11 9 4921
11 10 622
11 12 1330
11 13 963
11 14 556
11 15 3521
11 16 6199
11 17 6569
11 18 6412
11 19 731
11 20 7321
11 21 6004
11 22 2996
11 23 5276
11 24 5552
11 25 3331
11 26 6638
11 27 4485
11 28 3821
11 29 3529
11 30 5053
11 31 18
11 32 2170
11 33 1454
11 34 1052
11 35 1855
11 36 4262
11 37 1630
11 38 4676
11 39 3139
11 40 3490
11 41 4181
11 42 2564
11 43 6874
11 44 1169
11 45 4326
11 46 1528
11 47 419
11 48 1500
11 49 7102
11 50 4682
11 51 187
11 52 6234
11 53 7060
11 54 1717
11 55 1313
11 56 2734
11 57 1201
11 58 3842
11 59 6900
11 60 4551
11 61 6602
11 62 6235
11 63 7182
11 64 2457
11 65 3175
11 66 5560
11 67 7469
11 68 2158
11 69 6114
11 70 3123
12 1 3409
12 2 1304
12 3 4261
12 4 1575
12 5 6410
12 6 3728
12 7 7120
12 8 3293
12 9 2777
12 10 7353
12 11 4955
12 13 5767
12 14 1265
12 15 6109
12 16 5291
12 17 3523
12 18 3497
12 19 504
12 20 6497
12 21 6355
12 22 1371
12 23 20
12 24 5841
12 25 3090
12 26 5480
12 27 3489
12 28 2106
12 29 4948
12 30 1891
12 31 3610
12 32 3032
12 33 2924
12 34 5437
12 35 5344
12 36 6447
12 37 5886
12 38 6262
12 39 2338
12 40 7034
12 41 2353
12 42 4356
12 43 7211
12 44 6489
12 45 4059
12 46 4614
12 47 411
12 48 4242
12 49 4667
12 50 7220
12 51 7066
12 52 6415
12 53 2735
12 54 6587
12 55 6327
12 56 867
12 57 4797
12 58 6855
12 59 5923
12 60 2421
12 61 492
12 62 2964
12 63 578
12 64 1396
12 65 1322
12 66 3023
12 67 4641
12 68 445
12 69 1770
12 70 1205
13 1 6904
13 2 1981
13 3 2525
13 4 4857
13 5 4540
13 6 2737
13 7 7247
13 8 3841
13 9 3539
13 10 3301
13 11 4515
13 12 1411
13 14 5871
13 15 3526
13 16 2145
13 17 1149
13 18 1095
13 19 1120
13 20 3231
13 21 5073
13 22 2350
13 23 545
13 24 508
13 25 4184
13 26 2486
13 27 6250
13 28 4659
13 29 3808
13 30 2882
13 31 6263
13 32 3108
13 33 3987
13 34 3379
13 35 117
13 36 1940
13 37 5592
13 38 1207
13 39 4701
13 40 315
13 41 7363
13 42 6431
13 43 4085
13 44 6650
13 45 2533
13 46 6757
13 47 3872
13 48 3869
13 49 3857
13 50 4919
13 51 904
13 52 4582
13 53 7346
13 54 4812
13 55 3506
13 56 4908
13 57 5109
13 58 17
13 59 1063
13 60 5934
13 61 2758
13 62 3053
13 63 4575
13 64 6256
13 65 5771
13 66 7168
13 67 5594
13 68 951
13 69 5203
13 70 790
14 1 7404
14 2 7274
14 3 3250
14 4 2438
14 5 1159
14 6 6855
14 7 3969
14 8 1688
14 9 1113
14 10 6825
14 11 7085
14 12 3672
14 13 6006
14 15 1017
14 16 87
14 17 4076
14 18 6557
14 19 3655
14 20 921
14 21 4870
14 22 4914
14 23 7192
14 24 1846
14 25 7157
14 26 9
14 27 2741
14 28 93
14 29 4660
14 30 2841
14 31 6591
14 32 2579
14 33 4421
14 34 48
14 35 5329
14 36 1933
14 37 4320
14 38 7255
14 39 3675
14 40 4081
14 41 4339
14 42 3000
14 43 5927
14 44 6528
14 45 2087
14 46 4448
14 47 5868
14 48 6910
14 49 2401
14 50 6774
14 51 6762
14 52 3773
14 53 5878
14 54 2911
14 55 2149
14 56 1239
14 57 1991
14 58 3194
14 59 5395
14 60 4384
14 61 495
14 62 1583
14 63 2066
14 64 1300
14 65 5924
14 66 2539
14 67 3684
14 68 7150
14 69 94
14 70 4103
15 1 6578
15 2 3820
15 3 5663
15 4 4932
15 5 7086
15 6 388
15 7 5524
15 8 5883
15 9 3205
15 10 52
15 11 6005
15 12 6755
15 13 4811
15 14 3595
15 16 3994
15 17 1182
15 18 3718
15 19 5752
15 20 5300
15 21 5507
15 22 6583
15 23 4658
15 24 5383
15 25 5209
15 26 4491
15 27 925
15 28 5703
15 29 3582
15 30 7471
15 31 5089
15 32 4016
15 33 4949
15 34 4497
15 35 6930
15 36 4619
15 37 5962
15 38 3032
15 39 900
15 40 648
15 41 7500
15 42 760
15 43 720
15 44 5710
15 45 6052
15 46 3560
15 47 4848
15 48 6692
15 49 2904
15 50 1269
15 51 5564
15 52 5161
15 53 5542
15 54 2315
15 55 7317
15 56 1741
15 57 7320
15 58 3147
15 59 874
15 60 7277
15 61 5362
15 62 351
15 63 4403
15 64 6645
15 65 7220
15 66 6400
15 67 4458
15 68 5961
15 69 1107
15 70 7292
16 1 4892
16 2 2692
16 3 3875
16 4 3815
16 5 6666
16 6 2804
16 7 7225
16 8 6076
16 9 1280
16 10 6638
16 11 4673
16 12 3066
16 13 3621
16 14 1716
16 15 4593
16 17 4877
16 18 3450
16 19 3181
16 20 3616
16 21 5379
16 22 5976
16 23 2140
16 24 3289
16 25 6589
16 26 708
16 27 7474
16 28 5692
16 29 6312
16 30 5904
16 31 1225
16 32 4511
16 33 2991
16 34 4049
16 35 4591
16 36 5088
16 37 3381
16 38 82
16 39 1936
16 40 3577
16 41 2224
16 42 7018
16 43 6594
16 44 3095
16 45 3305
16 46 1903
16 47 3689
16 48 4235
16 49 287
16 50 3992
16 51 6565
16 52 5228
16 53 1
16 54 6835
16 55 4422
16 56 2115
16 57 4646
16 58 7337
16 59 2851
16 60 810
16 61 5956
16 62 453
16 63 3519
16 64 5227
16 65 1114
16 66 907
16 67 923
16 68 6503
16 69 3592
16 70 7190
17 1 4813
17 2 7405
17 3 2614
17 4 6618
17 5 6201
17 6 3112
17 7 3375
17 8 2086
17 9 5340
17 10 3546
17 11 1636
17 12 2625
17 13 5295
17 14 4585
17 15 6625
17 16 1316
17 18 4409
17 19 4460
17 20 4638
17 21 4416
17 22 487
17 23 4314
17 24 2926
17 25 4181
17 26 970
17 27 3758
17 28 5329
17 29 5953
17 30 5048
17 31 4961
17 32 6104
17 33 4693
17 34 4999
17 35 2904
17 36 1760
17 37 3038
17 38 1868
17 39 4696
17 40 5152
17 41 4365
17 42 7127
17 43 4162
17 44 5338
17 45 4735
17 46 6166
17 47 2713
17 48 2780
17 49 490
17 50 3104
17 51 5246
17 52 6671
17 53 1797
17 54 5999
17 55 3321
17 56 1401
17 57 3145
17 58 1560
17 59 332
17 60 4617
17 61 4475
17 62 4203
17 63 7315
17 64 4025
17 65 4826
17 66 5997
17 67 3928
17 68 3057
17 69 4563
17 70 6611
18 1 1098
18 2 3873
18 3 5135
18 4 341
18 5 6800
18 6 4607
18 7 1217
18 8 3249
18 9 2462
18 10 2812
18 11 4159
18 12 1440
18 13 3618
18 14 645
18 15 7339
18 16 1525
18 17 5535
18 19 6488
18 20 358
18 21 407
18 22 3884
18 23 4870
18 24 5718
18 25 236
18 26 1678
18 27 1144
18 28 1298
18 29 4070
18 30 5210
18 31 1062
18 32 310
18 33 527
18 34 3440
18 35 818
18 36 678
18 37 7424
18 38 5388
18 39 304
18 40 1912
18 41 2971
18 42 7280
18 43 2760
18 44 3989
18 45 7246
18 46 856
18 47 689
18 48 4095
18 49 7120
18 50 5814
18 51 4736
18 52 3796
18 53 5858
18 54 6970
18 55 7105
18 56 6823
18 57 4507
18 58 896
18 59 6687
18 60 5735
18 61 1171
18 62 2803
18 63 6433
18 64 7242
18 65 660
18 66 2160
18 67 7246
18 68 6178
18 69 3650
18 70 1995
19 1 1362
19 2 6819
19 3 4783
19 4 1645
19 5 4602
19 6 2256
19 7 6734
19 8 3730
19 9 4604
19 10 4785
19 11 4039
19 12 6726
19 13 1184
19 14 5031
19 15 7435
19 16 3080
19 17 7000
19 18 2197
19 20 5778
19 21 5710
19 22 4383
19 23 1147
19 24 879
19 25 1470
19 26 5137
19 27 3210
19 28 1199
19 29 4582
19 30 779
19 31 4745
19 32 4780
19 33 2407
19 34 1366
19 35 1148
19 36 2514
19 37 4940
19 38 4760
19 39 2758
19 40 212
19 41 2729
19 42 5429
19 43 6483
19 44 5043
19 45 2181
19 46 2712
19 47 6022
19 48 2785
19 49 6495
19 50 1154
19 51 6107
19 52 6433
19 53 931
19 54 2677
19 55 3297
19 56 800
19 57 1478
19 58 1912
19 59 1241
19 60 1489
19 61 5660
19 62 5813
19 63 883
19 64 1245
19 65 4762
19 66 5615
19 67 6221
19 68 4409
19 69 4773
19 70 310
20 1 4203
20 2 3642
20 3 4958
20 4 5743
20 5 7400
20 6 5762
20 7 4135
20 8 5598
20 9 2243
20 10 6203
20 11 4608
20 12 3878
20 13 7036
20 14 2266
20 15 2773
20 16 7053
20 17 5689
20 18 4966
20 19 3872
20 21 4119
20 22 4431
20 23 3017
20 24 7212
20 25 5367
20 26 4940
20 27 7057
20 28 1472
20 29 5822
20 30 3913
20 31 4626
20 32 2106
20 33 6386
20 34 4014
20 35 1306
20 36 3319
20 37 5158
20 38 1759
20 39 2848
20 40 2302
20 41 4413
20 42 6082
20 43 2313
20 44 4749
20 45 962
20 46 5246
20 47 5777
20 48 3943
20 49 502
20 50 2705
20 51 3778
20 52 3859
20 53 5881
20 54 59
20 55 200
20 56 6577
20 57 2663
20 58 1585
20 59 2630
20 60 4298
20 61 5161
20 62 6517
20 63 5631
20 64 6159
20 65 7190
20 66 1970
20 67 3301
20 68 308
20 69 6916
20 70 6576
21 1 4572
21 2 2491
21 3 4793
21 4 132
21 5 6842
21 6 2587
21 7 3479
21 8 4626
21 9 6325
21 10 7028
21 11 398
21 12 1480
21 13 2394
21 14 4158
21 15 3868
21 16 3149
21 17 5325
21 18 4198
21 19 5169
21 20 5193
21 22 6833
21 23 2420
21 24 290
21 25 5237
21 26 6445
21 27 5745
21 28 411
21 29 503
21 30 2573
21 31 732
21 32 352
21 33 6565
21 34 1726
21 35 826
21 36 4988
21 37 410
21 38 1423
21 39 3025
21 40 4541
21 41 2600
21 42 1425
21 43 5502
21 44 2445
21 45 333
21 46 2488
21 47 226
21 48 1140
21 49 7336
21 50 5428
21 51 2989
21 52 2783
21 53 7062
21 54 1161
21 55 5683
21 56 850
21 57 173
21 58 4077
21 59 482
21 60 1546
21 61 6951
21 62 2969
21 63 5016
21 64 2366
21 65 4317
21 66 5208
21 67 184
21 68 1612
21 69 713
21 70 6293
22 1 2781
22 2 3622
22 3 6541
22 4 2442
22 5 5198
22 6 2140
22 7 2142
22 8 4734
22 9 4829
22 10 2179
22 11 4593
22 12 3058
22 13 1310
22 14 2527
22 15 6429
22 16 5745
22 17 1852
22 18 5127
22 19 1913
22 20 2890
22 21 2297
22 23 6870
22 24 965
22 25 3519
22 26 5283
22 27 4609
22 28 6892
22 29 5146
22 30 4146
22 31 3817
22 32 2044
22 33 4229
22 34 1062
22 35 921
22 36 3831
22 37 6171
22 38 5211
22 39 2549
22 40 3725
22 41 7273
22 42 5760
22 43 1749
22 44 2159
22 45 2693
22 46 6874
22 47 4680
22 48 5720
22 49 6482
22 50 6090
22 51 2197
22 52 5688
22 53 2019
22 54 5889
22 55 6567
22 56 16
22 57 3173
22 58 2002
22 59 3974
22 60 1427
22 61 1896
22 62 4157
22 63 4145
22 64 6219
22 65 4915
22 66 6175
22 67 4580
22 68 6127
22 69 2304
22 70 6361
23 1 6233
23 2 1284
23 3 4699
23 4 3934
23 5 3426
23 6 5545
23 7 1899
23 8 5312
23 9 3382
23 10 3399
23 11 1906
23 12 4801
23 13 4795
23 14 3886
23 15 3456
23 16 7416
23 17 5804
23 18 4839
23 19 7115
23 20 6731
23 21 5526
23 22 5010
23 24 3223
23 25 6610
23 26 169
23 27 5640
23 28 6594
23 29 2587
23 30 5673
23 31 3021
23 32 2285
23 33 1141
23 34 6386
23 35 4994
23 36 5534
23 37 5321
23 38 7471
23 39 6029
23 40 2409
23 41 7430
23 42 4000
23 43 1848
23 44 5901
23 45 5092
23 46 1374
23 47 5301
23 48 2926
23 49 7161
23 50 7429
23 51 6349
23 52 2792
23 53 3221
23 54 5107
23 55 6124
23 56 3418
23 57 3749
23 58 3539
23 59 6440
23 60 2355
23 61 6029
23 62 238
23 63 1439
23 64 1660
23 65 2018
23 66 1023
23 67 5345
23 68 3689
23 69 3416
23 70 4157
24 1 3627
24 2 6120
24 3 2078
24 4 5363
24 5 4492
24 6 738
24 7 4283
24 8 4480
24 9 2673
24 10 3538
24 11 2543
24 12 1131
24 13 4029
24 14 1279
24 15 1872
24 16 7181
24 17 3643
24 18 7244
24 19 3704
24 20 3785
24 21 7247
24 22 2354
24 23 6916
24 25 3132
24 26 6481
24 27 7396
24 28 5425
24 29 4818
24 30 3285
24 31 5688
24 32 4654
24 33 3754
24 34 753
24 35 1597
24 36 6939
24 37 4371
24 38 731
24 39 6007
24 40 4999
24 41 6456
24 42 4993
24 43 4166
24 44 4749
24 45 1069
24 46 3554
24 47 3638
24 48 2265
24 49 895
24 50 3349
24 51 82
24 52 5466
24 53 6147
24 54 6146
24 55 7139
24 56 3994
24 57 5791
24 58 4433
24 59 6571
24 60 3698
24 61 7154
24 62 1562
24 63 3933
24 64 2505
24 65 1342
24 66 341
24 67 7478
24 68 4595
24 69 2608
24 70 4588
25 1 1491
25 2 1636
25 3 2474
25 4 5927
25 5 5880
25 6 6295
25 7 683
25 8 5341
25 9 2145
25 10 3576
25 11 4600
25 12 2938
25 13 7454
25 14 6958
25 15 3932
25 16 7119
25 17 5937
25 18 6213
25 19 3355
25 20 3
25 21 2355
25 22 7324
25 23 6898
25 24 6390
25 26 1379
25 27 7179
25 28 4371
25 29 795
25 30 4056
25 31 2329
25 32 615
25 33 7177
25 34 2434
25 35 1487
25 36 1943
25 37 3639
25 38 801
25 39 3498
25 40 173
25 41 2697
25 42 1199
25 43 637
25 44 3269
25 45 2391
25 46 5678
25 47 2883
25 48 2803
25 49 2539
25 50 576
25 51 3635
25 52 6805
25 53 5380
25 54 4866
25 55 6604
25 56 51
25 57 6318
25 58 3155
25 59 3998
25 60 2510
25 61 6868
25 62 5525
25 63 3824
25 64 5580
25 65 2273
25 66 5739
25 67 1186
25 68 6214
25 69 6727
25 70 3911
26 1 6969
26 2 2376
26 3 5191
26 4 4066
26 5 5641
26 6 2538
26 7 6930
26 8 3245
26 9 5949
26 10 3028
26 11 268
26 12 356
26 13 6107
26 14 277
26 15 4067
26 16 3191
26 17 4736
26 18 6298
26 19 2645
26 20 1459
26 21 1962
26 22 1959
26 23 2277
26 24 2837
26 25 5313
26 27 211
26 28 4558
26 29 3917
26 30 4282
26 31 1016
26 32 5303
26 33 2891
26 34 2565
26 35 624
26 36 2299
26 37 3
26 38 6224
26 39 1584
26 40 3367
26 41 1546
26 42 5318
26 43 6799
26 44 5615
26 45 7451
26 46 838
26 47 6219
26 48 214
26 49 3119
26 50 3180
26 51 7478
26 52 6373
26 53 7042
26 54 1847
26 55 3479
26 56 518
26 57 5557
26 58 558
26 59 3179
26 60 3152
26 61 5917
26 62 5404
26 63 6160
26 64 1146
26 65 4504
26 66 290
26 67 5825
26 68 5526
26 69 6310
26 70 2545
27 1 5439
27 2 2004
27 3 5816
27 4 285
27 5 2787
27 6 3835
27 7 3796
27 8 914
27 9 6014
27 10 908
27 11 3412
27 12 6197
27 13 1536
27 14 5182
27 15 1332
27 16 6768
27 17 1993
27 18 4060
27 19 1000
27 20 584
27 21 39
27 22 7190
27 23 5240
27 24 1944
27 25 5101
27 26 7291
27 28 6934
27 29 2337
27 30 3521
27 31 5124
27 32 5894
27 33 3356
27 34 5333
27 35 4316
27 36 1948
27 37 2033
27 38 135
27 39 4701
27 40 6362
27 41 3772
27 42 6114
27 43 6710
27 44 5133
27 45 4631
27 46 1882
27 47 4898
27 48 4293
27 49 5394
27 50 3446
27 51 6503
27 52 218
27 53 6588
27 54 3042
27 55 1001
27 56 4693
27 57 6653
27 58 3999
27 59 3213
27 60 4782
27 61 6593
27 62 3093
27 63 3158
27 64 5720
27 65 3338
27 66 3576
27 67 5938
27 68 3406
27 69 6161
27 70 431
28 1 808
28 2 6642
28 3 4412
28 4 2023
28 5 3335
28 6 7255
28 7 1868
28 8 6566
28 9 3536
28 10 3934
28 11 2499
28 12 2630
28 13 3624
28 14 603
28 15 7162
28 16 153
28 17 1119
28 18 693
28 19 5352
28 20 1654
28 21 5315
28 22 6287
28 23 7072
28 24 6970
28 25 3002
28 26 3378
28 27 987
28 29 5840
28 30 6560
28 31 7346
28 32 3325
28 33 6163
28 34 852
28 35 558
28 36 1357
28 37 3400
28 38 7291
28 39 1653
28 40 3070
28 41 617
28 42 1878
28 43 3412
28 44 4150
28 45 4396
28 46 1955
28 47 5046
28 48 703
28 49 6040
28 50 4585
28 51 2078
28 52 384
28 53 578
28 54 3841
28 55 6360
28 56 3059
28 57 2284
28 58 3436
28 59 2939
28 60 2977
28 61 2230
28 62 5848
28 63 3565
28 64 2241
28 65 3842
28 66 824
28 67 3604
28 68 7232
28 69 2579
28 70 574
29 1 1856
29 2 1923
29 3 3868
29 4 5609
29 5 3233
29 6 5536
29 7 6596
29 8 5340
29 9 4950
29 10 792
29 11 4323
29 12 4438
29 13 5409
29 14 3816
29 15 1828
29 16 5268
29 17 5717
29 18 5038
29 19 7431
29 20 4074
29 21 1383
29 22 5415
29 23 4772
29 24 7282
29 25 6681
29 26 4362
29 27 89
29 28 3519
29 30 5923
29 31 5426
29 32 218
29 33 2904
29 34 7189
29 35 4153
29 36 2583
29 37 6521
29 38 737
29 39 5517
29 40 6508
29 41 5429
29 42 209
29 43 2868
29 44 1784
29 45 653
29 46 416
29 47 1049
29 48 38
29 49 174
29 50 291
29 51 6690
29 52 6194
29 53 5780
29 54 4081
29 55 6149
29 56 5401
29 57 1726
29 58 6446
29 59 30
29 60 1566
29 61 4196
29 62 4952
29 63 661
29 64 2912
29 65 395
29 66 709
29 67 2530
29 68 5269
29 69 5334
29 70 3088
30 1 3984
30 2 2978
30 3 572
30 4 4838
30 5 6861
30 6 7433
30 7 828
30 8 731
30 9 3466
30 10 2949
30 11 3504
30 12 3571
30 13 3095
30 14 1779
30 15 1592
30 16 4425
30 17 1519
30 18 3751
30 19 1661
30 20 3180
30 21 2992
30 22 6135
30 23 989
30 24 3198
30 25 3089
30 26 812
30 27 3336
30 28 5119
30 29 5398
30 31 7491
30 32 1896
30 33 6083
30 34 1498
30 35 4663
30 36 3557
30 37 7487
30 38 543
30 39 7244
30 40 6883
30 41 3389
30 42 6070
30 43 1548
30 44 4047
30 45 3668
30 46 923
30 47 1461
30 48 2288
30 49 1005
30 50 2333
30 51 6759
30 52 173
30 53 87
30 54 4521
30 55 7020
30 56 1440
30 57 6453
30 58 1946
30 59 456
30 60 4026
30 61 6338
30 62 2653
30 63 3840
30 64 988
30 65 1300
30 66 325
30 67 2645
30 68 1733
30 69 5033
30 70 5768
31 1 3567
31 2 6851
31 3 61
31 4 3804
31 5 2931
31 6 7187
31 7 5002
31 8 1485
31 9 1402
31 10 501
31 11 4588
31 12 4178
31 13 5087
31 14 494
31 15 4022
31 16 4443
31 17 6582
31 18 3217
31 19 183
31 20 5430
31 21 501
31 22 1453
31 23 4779
31 24 631
31 25 4122
31 26 3164
31 27 120
31 28 5979
31 29 985
31 30 6838
31 32 440
31 33 5802
31 34 255
31 35 5846
31 36 2168
31 37 213
31 38 7337
31 39 4734
31 40 5119
31 41 6445
31 42 7158
31 43 2940
31 44 4523
31 45 5249
31 46 3710
31 47 2174
31 48 2491
31 49 375
31 50 3878
31 51 6840
31 52 1632
31 53 5600
31 54 3594
31 55 329
31 56 6714
31 57 77
31 58 4032
31 59 5266
31 60 994
31 61 2479
31 62 720
31 63 52
31 64 5660
31 65 4206
31 66 7470
31 67 6510
31 68 765
31 69 6552
31 70 3676
32 1 5905
32 2 2142
32 3 2623
32 4 4885
32 5 2846
32 6 3626
32 7 5052
32 8 2808
32 9 5605
32 10 3142
32 11 33
32 12 902
32 13 5286
32 14 938
32 15 3238
32 16 4594
32 17 2150
32 18 6112
32 19 4477
32 20 6370
32 21 2862
32 22 1448
32 23 4173
32 24 7174
32 25 3997
32 26 995
32 27 2340
32 28 7500
32 29 2966
32 30 4835
32 31 4211
32 33 1391
32 34 2729
32 35 7059
32 36 4460
32 37 4775
32 38 107
32 39 375
32 40 6572
32 41 6163
32 42 2940
32 43 292
32 44 3980
32 45 6872
32 46 919
32 47 2857
32 48 585
32 49 2478
32 50 6115
32 51 4417
32 52 2841
32 53 7152
32 54 7040
32 55 2652
32 56 520
32 57 3453
32 58 6209
32 59 2973
32 60 3217
32 61 788
32 62 6276
32 63 5058
32 64 1326
32 65 3665
32 66 6806
32 67 3299
32 68 3076
32 69 7310
32 70 3888
33 1 1418
33 2 4950
33 3 4729
33 4 6355
33 5 1959
33 6 4193
33 7 2858
33 8 4391
33 9 602
33 10 6899
33 11 6640
33 12 7186
33 13 3744
33 14 3736
33 15 3025
33 16 3962
33 17 1982
33 18 5596
33 19 5151
33 20 2640
33 21 4850
33 22 65
33 23 3539
33 24 7232
33 25 5762
33 26 2352
33 27 470
33 28 1290
33 29 3733
33 30 6775
33 31 5226
33 32 1137
33 34 7187
33 35 6311
33 36 3580
33 37 5302
33 38 1790
33 39 1819
33 40 1099
33 41 5856
33 42 2521
33 43 5827
33 44 6473
33 45 4291
33 46 922
33 47 6807
33 48 4209
33 49 1006
33 50 305
33 51 378
33 52 4183
33 53 2641
33 54 6447
33 55 621
33 56 5837
33 57 727
33 58 6409
33 59 6144
33 60 3362
33 61 5116
33 62 264
33 63 1107
33 64 962
33 65 3060
33 66 3884
33 67 4233
33 68 392
33 69 6063
33 70 4277
34 1 6915
34 2 427
34 3 4446
34 4 5562
34 5 972
34 6 2741
34 7 5932
34 8 4969
34 9 3223
34 10 2113
34 11 1369
34 12 7018
34 13 7142
34 14 4460
34 15 6155
34 16 1173
34 17 5889
34 18 6410
34 19 5074
34 20 930
34 21 2007
34 22 3413
34 23 4185
34 24 1707
34 25 6785
34 26 5608
34 27 1160
34 28 6337
34 29 643
34 30 6795
34 31 941
34 32 150
34 33 1020
34 35 3574
34 36 107
34 37 3522
34 38 3948
34 39 4273
34 40 4781
34 41 5666
34 42 6552
34 43 5234
34 44 4219
34 45 6762
34 46 6255
34 47 5413
34 48 6463
34 49 4407
34 50 5029
34 51 5895
34 52 1155
34 53 43
34 54 11
34 55 1901
34 56 6257
34 57 2119
34 58 5869
34 59 6456
34 60 3249
34 61 512
34 62 5926
34 63 1250
34 64 397
34 65 3580
34 66 1617
34 67 7342
34 68 7130
34 69 1583
34 70 6589
35 1 5747
35 2 7020
35 3 3139
35 4 7308
35 5 2616
35 6 6153
35 7 5505
35 8 6391
35 9 4648
35 10 3042
35 11 3361
35 12 4169
35 13 172
35 14 3568
35 15 5181
35 16 2826
35 17 5209
35 18 5575
35 19 6852
35 20 1359
35 21 1171
35 22 1226
35 23 1474
35 24 1253
35 25 3726
35 26 3582
35 27 4991
35 28 4521
35 29 7158
35 30 6553
35 31 5689
35 32 1495
35 33 7171
35 34 5648
35 36 6083
35 37 4998
35 38 4171
35 39 5501
35 40 218
35 41 1434
35 42 3633
35 43 1551
35 44 2291
35 45 2579
35 46 3183
35 47 5400
35 48 2909
35 49 3615
35 50 6477
35 51 3494
35 52 4161
35 53 3207
35 54 7101
35 55 4052
35 56 6460
35 57 4843
35 58 1776
35 59 2606
35 60 4851
35 61 5172
35 62 6414
35 63 3589
35 64 298
35 65 4901
35 66 5968
35 67 3586
35 68 966
35 69 1106
35 70 2447
36 1 3215
36 2 6344
36 3 6797
36 4 441
36 5 158
36 6 6369
36 7 6464
36 8 1500
36 9 338
36 10 6619
36 11 491
36 12 7038
36 13 3668
36 14 6023
36 15 4585
36 16 3337
36 17 6747
36 18 1079
36 19 3377
36 20 358
36 21 1848
36 22 6565
36 23 7311
36 24 4716
36 25 6915
36 26 7287
36 27 73
36 28 4595
36 29 5123
36 30 4506
36 31 5560
36 32 7422
36 33 4327
36 34 2960
36 35 7139
36 37 7347
36 38 187
36 39 3926
36 40 364
36 41 3271
36 42 2935
36 43 6018
36 44 975
36 45 4707
36 46 5323
36 47 3272
36 48 7016
36 49 6185
36 50 5816
36 51 6261
36 52 5954
36 53 6135
36 54 3430
36 55 392
36 56 7074
36 57 1694
36 58 4748
36 59 2765
36 60 5421
36 61 5983
36 62 5509
36 63 5608
36 64 1200
36 65 3043
36 66 6662
36 67 4341
36 68 1921
36 69 3506
36 70 6096
37 1 3592
37 2 5690
37 3 3367
37 4 4017
37 5 1057
37 6 6197
37 7 6598
37 8 2980
37 9 4718
37 10 5282
37 11 134
37 12 7399
37 13 4232
37 14 1979
37 15 6029
37 16 6356
37 17 1036
37 18 5389
37 19 3518
37 20 6247
37 21 1750
37 22 1563
37 23 6490
37 24 6336
37 25 5856
37 26 7309
37 27 3723
37 28 5686
37 29 6288
37 30 6032
37 31 4670
37 32 5969
37 33 4982
37 34 7031
37 35 3868
37 36 1947
37 38 1560
37 39 2771
37 40 3878
37 41 427
37 42 261
37 43 2380
37 44 4171
37 45 2329
37 46 4333
37 47 1802
37 48 6078
37 49 5650
37 50 2256
37 51 4469
37 52 6990
37 53 5799
37 54 3726
37 55 1586
37 56 246
37 57 4051
37 58 5123
37 59 732
37 60 430
37 61 4174
37 62 2346
37 63 505
37 64 4170
37 65 7078
37 66 7415
37 67 2615
37 68 3549
37 69 3740
37 70 4846
38 1 2876
38 2 2311
38 3 143
38 4 2258
38 5 2561
38 6 1677
38 7 2739
38 8 451
38 9 1016
38 10 1217
38 11 1591
38 12 124
38 13 286
38 14 6576
38 15 2623
38 16 3534
38 17 630
38 18 526
38 19 110
38 20 2106
38 21 3507
38 22 5919
38 23 4916
38 24 3689
38 25 4376
38 26 4593
38 27 6977
38 28 6673
38 29 6110
38 30 2675
38 31 6105
38 32 3708
38 33 3923
38 34 3131
38 35 5526
38 36 1080
38 37 6830
38 39 5115
38 40 270
38 41 571
38 42 685
38 43 2689
38 44 1686
38 45 5697
38 46 5687
38 47 6574
38 48 6394
38 49 6663
38 50 6419
38 51 6747
38 52 4161
38 53 6113
38 54 6294
38 55 4238
38 56 3284
38 57 5928
38 58 4914
38 59 2050
38 60 5984
38 61 480
38 62 3209
38 63 1039
38 64 1504
38 65 806
38 66 4615
38 67 6820
38 68 3069
38 69 3086
38 70 4575
39 1 3764
39 2 5235
39 3 2320
39 4 5636
39 5 2898
39 6 7285
39 7 261
39 8 7365
39 9 7226
39 10 177
39 11 5432
39 12 1417
39 13 2966
39 14 3931
39 15 5677
39 16 6905
39 17 2499
39 18 4308
39 19 5360
39 20 1811
39 21 1722
39 22 1040
39 23 6071
39 24 788
39 25 3394
39 26 1818
39 27 5408
39 28 5383
39 29 3092
39 30 2260
39 31 140
39 32 2872
39 33 6747
39 34 3736
39 35 6850
39 36 3629
39 37 5852
39 38 7353
39 40 2635
39 41 5310
39 42 4612
39 43 7409
39 44 4150
39 45 4266
39 46 4964
39 47 5718
39 48 272
39 49 1041
39 50 2038
39 51 4835
39 52 4006
39 53 4563
39 54 6833
39 55 1764
39 56 4769
39 57 6386
39 58 949
39 59 2294
39 60 7329
39 61 3284
39 62 2356
39 63 3430
39 64 3757
39 65 3524
39 66 2
39 67 923
39 68 4776
39 69 944
39 70 3943
40 1 1233
40 2 1997
40 3 6605
40 4 6875
40 5 4814
40 6 60
40 7 926
40 8 4069
40 9 6734
40 10 4434
40 11 2803
40 12 321
40 13 5192
40 14 4068
40 15 1283
40 16 256
40 17 227
40 18 4727
40 19 2315
40 20 4749
40 21 2573
40 22 4204
40 23 2170
40 24 5970
40 25 2431
40 26 5996
40 27 1832
40 28 6740
40 29 1078
40 30 1040
40 31 206
40 32 4279
40 33 7124
40 34 6658
40 35 2354
40 36 465
40 37 5884
40 38 1685
40 39 4976
40 41 5977
40 42 3205
40 43 5126
40 44 4750
40 45 205
40 46 42
40 47 3542
40 48 2918
40 49 1225
40 50 2990
40 51 4744
40 52 2483
40 53 6466
40 54 1661
40 55 4610
40 56 4964
40 57 4110
40 58 156
40 59 2597
40 60 1357
40 61 1624
40 62 2110
40 63 5573
40 64 6126
40 65 2508
40 66 5224
40 67 2298
40 68 7187
40 69 4283
40 70 5540
41 1 269
41 2 1674
41 3 3874
41 4 4112
41 5 4460
41 6 1509
41 7 2869
41 8 6016
41 9 2343
41 10 222
41 11 6806
41 12 4542
41 13 1196
41 14 4194
41 15 1168
41 16 2978
41 17 2713
41 18 6282
41 19 1949
41 20 1403
41 21 7491
41 22 1572
41 23 4739
41 24 2290
41 25 2759
41 26 7101
41 27 4722
41 28 5438
41 29 461
41 30 4722
41 31 5860
41 32 2220
41 33 2296
41 34 362
41 35 1581
41 36 127
41 37 3824
41 38 1294
41 39 3782
41 40 603
41 42 5438
41 43 435
41 44 3625
41 45 6383
41 46 5928
41 47 3797
41 48 3250
41 49 64
41 50 1122
41 51 4825
41 52 4003
41 53 1849
41 54 2112
41 55 328
41 56 3316
41 57 533
41 58 4007
41 59 3203
41 60 1241
41 61 3431
41 62 4274
41 63 2922
41 64 751
41 65 6464
41 66 6279
41 67 3525
41 68 3931
41 69 4404
41 70 10
42 1 4684
42 2 2941
42 3 3642
42 4 494
42 5 3400
42 6 1510
42 7 2665
42 8 360
42 9 16
42 10 3227
42 11 4893
42 12 22
42 13 7391
42 14 4101
42 15 6957
42 16 5067
42 17 3225
42 18 2152
42 19 2044
42 20 2894
42 21 914
42 22 3621
42 23 1387
42 24 2820
42 25 3853
42 26 4816
42 27 4653
42 28 4601
42 29 161
42 30 1742
42 31 2286
42 32 607
42 33 6115
42 34 6590
42 35 3366
42 36 3046
42 37 2116
42 38 5639
42 39 6108
42 40 4648
42 41 321
42 43 7002
42 44 1004
42 45 4783
42 46 3006
42 47 4815
42 48 3303
42 49 7256
42 50 1094
42 51 5862
42 52 4619
42 53 6601
42 54 4161
42 55 2389
42 56 6923
42 57 6671
42 58 105
42 59 3177
42 60 1731
42 61 2751
42 62 2914
42 63 3936
42 64 924
42 65 1610
42 66 1527
42 67 1370
42 68 3024
42 69 613
42 70 5073
43 1 6746
43 2 7092
43 3 576
43 4 3702
43 5 234
43 6 3972
43 7 6367
43 8 5027
43 9 5837
43 10 3453
43 11 494
43 12 6029
43 13 6015
43 14 4809
43 15 2051
43 16 2062
43 17 5108
43 18 1944
43 19 3669
43 20 3997
43 21 5250
43 22 3230
43 23 2962
43 24 4221
43 25 1907
43 26 6084
43 27 4764
43 28 5819
43 29 4789
43 30 864
43 31 1625
43 32 1397
43 33 3026
43 34 5404
43 35 1373
43 36 2329
43 37 7009
43 38 7379
43 39 2386
43 40 655
43 41 1871
43 42 4690
43 44 580
43 45 6093
43 46 7036
43 47 4233
43 48 1350
43 49 2935
43 50 3644
43 51 275
43 52 3750
43 53 6997
43 54 3086
43 55 3816
43 56 527
43 57 3495
43 58 1366
43 59 1179
43 60 1739
43 61 1718
43 62 812
43 63 6099
43 64 469
43 65 6112
43 66 2338
43 67 6758
43 68 5435
43 69 2094
43 70 4359
44 1 2693
44 2 4970
44 3 4475
44 4 6073
44 5 5457
44 6 591
44 7 3435
44 8 980
44 9 1564
44 10 595
44 11 4815
44 12 2515
44 13 5416
44 14 2463
44 15 268
44 16 7261
44 17 6827
44 18 520
44 19 2892
44 20 7209
44 21 2201
44 22 2129
44 23 6501
44 24 870
44 25 5968
44 26 5721
44 27 3896
44 28 3223
44 29 4368
44 30 7404
44 31 5932
44 32 3674
44 33 5193
44 34 4145
44 35 2398
44 36 7413
44 37 2230
44 38 2095
44 39 3038
44 40 3956
44 41 1326
44 42 4210
44 43 3389
44 45 1259
44 46 3076
44 47 1042
44 48 6332
44 49 3519
44 50 6210
44 51 611
44 52 6206
44 53 3311
44 54 6549
44 55 2537
44 56 5748
44 57 3678
44 58 4805
44 59 4582
44 60 3869
44 61 811
44 62 3226
44 63 1869
44 64 2462
44 65 5852
44 66 1787
44 67 2757
44 68 1752
44 69 4114
44 70 2769
45 1 4194
45 2 5444
45 3 346
45 4 3852
45 5 5436
45 6 5152
45 7 4191
45 8 7456
45 9 845
45 10 2904
45 11 646
45 12 5505
45 13 2764
45 14 595
45 15 5308
45 16 5834
45 17 1776
45 18 3740
45 19 4679
45 20 2869
45 21 3710
45 22 4848
45 23 3743
45 24 4253
45 25 2555
45 26 1677
45 27 1606
45 28 3553
45 29 2153
45 30 5899
45 31 7004
45 32 5976
45 33 3799
45 34 3506
45 35 5187
45 36 3283
45 37 1340
45 38 6600
45 39 1997
45 40 3556
45 41 2354
45 42 4393
45 43 3870
45 44 6113
45 46 1557
45 47 5668
45 48 1313
45 49 3472
45 50 611
45 51 1060
45 52 6473
45 53 2247
45 54 1444
45 55 3899
45 56 3240
45 57 7147
45 58 5914
45 59 7137
45 60 5232
45 61 6586
45 62 3314
45 63 3754
45 64 5572
45 65 5104
45 66 3149
45 67 4235
45 68 2623
45 69 3702
45 70 5401
46 1 367
46 2 6387
46 3 5079
46 4 4703
46 5 2684
46 6 77
46 7 231
46 8 6010
46 9 2200
46 10 867
46 11 923
46 12 3890
46 13 3440
46 14 3469
46 15 3304
46 16 6303
46 17 1523
46 18 5974
46 19 2606
46 20 5399
46 21 5029
46 22 7077
46 23 6252
46 24 4623
46 25 823
46 26 4962
46 27 4232
46 28 2645
46 29 5058
46 30 131
46 31 14
46 32 766
46 33 1377
46 34 2853
46 35 5271
46 36 3844
46 37 6638
46 38 7414
46 39 4307
46 40 2919
46 41 4202
46 42 2350
46 43 6548
46 44 1915
46 45 3594
46 47 347
46 48 619
46 49 6969
46 50 6151
46 51 1013
46 52 2839
46 53 2410
46 54 6798
46 55 374
46 56 2417
46 57 6718
46 58 4509
46 59 5183
46 60 7464
46 61 5105
46 62 6860
46 63 3669
46 64 6489
46 65 1239
46 66 6488
46 67 6667
46 68 5241
46 69 4208
46 70 6486
47 1 2862
47 2 1751
47 3 146
47 4 2754
47 5 7486
47 6 4912
47 7 6408
47 8 1138
47 9 1270
47 10 5485
47 11 1857
47 12 259
47 13 72
47 14 5941
47 15 5586
47 16 7041
47 17 3263
47 18 4803
47 19 2416
47 20 2019
47 21 4967
47 22 7196
47 23 3178
47 24 5666
47 25 1497
47 26 597
47 27 3734
47 28 4335
47 29 2758
47 30 7496
47 31 4915
47 32 186
47 33 6713
47 34 781
47 35 3139
47 36 2915
47 37 2408
47 38 1003
47 39 5974
47 40 4516
47 41 362
47 42 7277
47 43 1015
47 44 3854
47 45 3069
47 46 6073
47 48 1764
47 49 3812
47 50 5368
47 51 2907
47 52 1521
47 53 6329
47 54 4075
47 55 689
47 56 3753
47 57 7050
47 58 2141
47 59 7230
47 60 3407
47 61 3841
47 62 722
47 63 5424
47 64 4540
47 65 4842
47 66 5495
47 67 2470
47 68 6556
47 69 1309
47 70 1192
48 1 2398
48 2 3842
48 3 4983
48 4 1921
48 5 2181
48 6 1634
48 7 668
48 8 3704
48 9 1075
48 10 163
48 11 3654
48 12 368
48 13 1789
48 14 5912
48 15 1603
48 16 916
48 17 2030
48 18 2406
48 19 2806
48 20 4652
48 21 2521
48 22 1819
48 23 2936
48 24 6827
48 25 621
48 26 4312
48 27 4645
48 28 3270
48 29 4946
48 30 6737
48 31 1774
48 32 7235
48 33 2769
48 34 210
48 35 5516
48 36 6241
48 37 4220
48 38 3958
48 39 2077
48 40 4848
48 41 1344
48 42 3684
48 43 5409
48 44 4546
48 45 5285
48 46 4865
48 47 2782
48 49 642
48 50 3886
48 51 3304
48 52 4187
48 53 2824
48 54 4193
48 55 2862
48 56 5484
48 57 1416
48 58 7187
48 59 887
48 60 620
48 61 4259
48 62 6166
48 63 5290
48 64 7083
48 65 5025
48 66 5486
48 67 1230
48 68 7154
48 69 5068
48 70 4795
49 1 5595
49 2 3933
49 3 5704
49 4 2852
49 5 3951
49 6 6598
49 7 2355
49 8 5726
49 9 3646
49 10 3219
49 11 3025
49 12 7335
49 13 4140
49 14 2653
49 15 2155
49 16 3213
49 17 3751
49 18 6792
49 19 6823
49 20 3188
49 21 6360
49 22 7047
49 23 2212
49 24 633
49 25 4997
49 26 5708
49 27 2895
49 28 1745
49 29 5438
49 30 2006
49 31 3129
49 32 2825
49 33 6788
49 34 3497
49 35 5997
49 36 4834
49 37 6163
49 38 1772
49 39 2527
49 40 5527
49 41 7021
49 42 298
49 43 6671
49 44 6223
49 45 3902
49 46 5436
49 47 1640
49 48 2245
49 50 3741
49 51 496
49 52 2299
49 53 3996
49 54 6018
49 55 4130
49 56 1736
49 57 26
49 58 6295
49 59 485
49 60 4257
49 61 6145
49 62 2226
49 63 5816
49 64 3573
49 65 5947
49 66 1930
49 67 4642
49 68 3096
49 69 1503
49 70 1977
50 1 6622
50 2 4224
50 3 5864
50 4 5529
50 5 2628
50 6 1164
50 7 5312
50 8 3455
50 9 3598
50 10 5690
50 11 1438
50 12 96
50 13 6146
50 14 5732
50 15 1784
50 16 790
50 17 3440
50 18 5185
50 19 1863
50 20 1659
50 21 7290
50 22 3483
50 23 6657
50 24 3369
50 25 2482
50 26 539
50 27 5717
50 28 5395
50 29 5120
50 30 7291
50 31 6565
50 32 6342
50 33 1566
50 34 168
50 35 6123
50 36 1730
50 37 1542
50 38 2473
50 39 4885
50 40 6932
50 41 5136
50 42 4233
50 43 1375
50 44 2308
50 45 4524
50 46 1419
50 47 5220
50 48 2063
50 49 986
50 51 2598
50 52 5842
50 53 3405
50 54 5064
50 55 4160
50 56 5381
50 57 5158
50 58 2923
50 59 4183
50 60 4039
50 61 1864
50 62 474
50 63 3040
50 64 4771
50 65 139
50 66 5325
50 67 5843
50 68 5336
50 69 5875
50 70 7134
51 1 956
51 2 1439
51 3 314
51 4 6217
51 5 4409
51 6 3913
51 7 473
51 8 7286
51 9 2097
51 10 1834
51 11 3932
51 12 6961
51 13 7130
51 14 5349
51 15 2136
51 16 2827
51 17 6484
51 18 3637
51 19 1913
51 20 6198
51 21 7491
51 22 7399
51 23 2696
51 24 842
51 25 6201
51 26 4754
51 27 1112
51 28 1868
51 29 322
51 30 2506
51 31 3486
51 32 929
51 33 1378
51 34 804
51 35 6931
51 36 3199
51 37 4637
51 38 3776
51 39 5510
51 40 7101
51 41 5735
51 42 4059
51 43 5120
51 44 6339
51 45 4377
51 46 2690
51 47 5906
51 48 7444
51 49 5142
51 50 5936
51 52 3936
51 53 3309
51 54 5193
51 55 7487
51 56 5419
51 57 532
51 58 5304
51 59 3750
51 60 1494
51 61 487
51 62 2966
51 63 5398
51 64 104
51 65 3285
51 66 1885
51 67 393
51 68 349
51 69 6672
51 70 7398
52 1 6301
52 2 3472
52 3 731
52 4 5840
52 5 5997
52 6 6775
52 7 4979
52 8 2577
52 9 5054
52 10 5554
52 11 5767
52 12 5488
52 13 5497
52 14 1963
52 15 6238
52 16 3064
52 17 1260
52 18 6771
52 19 5142
52 20 2461
52 21 682
52 22 5350
52 23 5676
52 24 5946
52 25 6044
52 26 1957
52 27 3717
52 28 4652
52 29 7075
52 30 2350
52 31 6654
52 32 712
52 33 1229
52 34 5893
52 35 6625
52 36 7471
52 37 983
52 38 1244
52 39 3898
52 40 1348
52 41 6812
52 42 4725
52 43 3705
52 44 5012
52 45 2420
52 46 6173
52 47 6753
52 48 126
52 49 4604
52 50 7096
52 51 5939
52 53 3127
52 54 7191
52 55 5314
52 56 48
52 57 1501
52 58 2548
52 59 3382
52 60 2827
52 61 5208
52 62 6959
52 63 2680
52 64 6039
52 65 3749
52 66 2580
52 67 248
52 68 3495
52 69 5116
52 70 6343
53 1 4106
53 2 6322
53 3 3233
53 4 1578
53 5 2607
53 6 5712
53 7 635
53 8 4263
53 9 7003
53 10 3699
53 11 6862
53 12 5789
53 13 2749
53 14 5110
53 15 4910
53 16 3243
53 17 2380
53 18 5309
53 19 7044
53 20 2290
53 21 932
53 22 2322
53 23 5606
53 24 3540
53 25 2684
53 26 5840
53 27 3843
53 28 912
53 29 973
53 30 3082
53 31 4337
53 32 275
53 33 1579
53 34 3043
53 35 4792
53 36 5763
53 37 4031
53 38 651
53 39 1842
53 40 2284
53 41 1702
53 42 2049
53 43 1152
53 44 7409
53 45 534
53 46 2944
53 47 3211
53 48 4015
53 49 190
53 50 6586
53 51 5693
53 52 3486
53 54 1160
53 55 7145
53 56 4163
53 57 7087
53 58 2688
53 59 3793
53 60 158
53 61 2665
53 62 752
53 63 2542
53 64 5469
53 65 839
53 66 166
53 67 5403
53 68 1895
53 69 2423
53 70 4224
54 1 7085
54 2 3715
54 3 7483
54 4 5093
54 5 1686
54 6 1630
54 7 1064
54 8 6434
54 9 1429
54 10 3722
54 11 2575
54 12 460
54 13 7349
54 14 6512
54 15 148
54 16 7470
54 17 3460
54 18 7223
54 19 2544
54 20 7316
54 21 7186
54 22 889
54 23 4344
54 24 5231
54 25 782
54 26 5519
54 27 3382
54 28 4066
54 29 1177
54 30 5551
54 31 6718
54 32 4755
54 33 332
54 34 1075
54 35 4734
54 36 4256
54 37 3421
54 38 536
54 39 6164
54 40 2476
54 41 3725
54 42 7441
54 43 4332
54 44 1873
54 45 4462
54 46 6851
54 47 5568
54 48 4706
54 49 5902
54 50 1087
54 51 4082
54 52 6036
54 53 2865
54 55 1386
54 56 2810
54 57 6527
54 58 266
54 59 1294
54 60 6508
54 61 4606
54 62 3167
54 63 3657
54 64 3669
54 65 2210
54 66 1813
54 67 1069
54 68 3149
54 69 5619
54 70 2149
55 1 2704
55 2 4281
55 3 6387
55 4 2821
55 5 5177
55 6 5375
55 7 395
55 8 5496
55 9 2244
55 10 6836
55 11 2492
55 12 2935
55 13 2778
55 14 5993
55 15 348
55 16 6410
55 17 5676
55 18 605
55 19 6473
55 20 185
55 21 3984
55 22 5485
55 23 28
55 24 3995
55 25 6640
55 26 3009
55 27 6166
55 28 1375
55 29 5289
55 30 3514
55 31 4293
55 32 4005
55 33 847
55 34 4216
55 35 5493
55 36 4153
55 37 2986
55 38 7316
55 39 5817
55 40 2982
55 41 1790
55 42 5978
55 43 2988
55 44 7431
55 45 2326
55 46 1086
55 47 5155
55 48 1841
55 49 2496
55 50 3638
55 51 3582
55 52 1112
55 53 162
55 54 2962
55 56 773
55 57 1308
55 58 5416
55 59 3605
55 60 142
55 61 3357
55 62 964
55 63 1935
55 64 6995
55 65 4933
55 66 3071
55 67 3533
55 68 3990
55 69 6097
55 70 4333
56 1 77
56 2 653
56 3 4859
56 4 4879
56 5 1949
56 6 4956
56 7 6181
56 8 4447
56 9 4673
56 10 2190
56 11 5058
56 12 4871
56 13 4526
56 14 4202
56 15 5210
56 16 5658
56 17 1342
56 18 6889
56 19 2188
56 20 3036
56 21 3913
56 22 6293
56 23 7473
56 24 4980
56 25 4662
56 26 7364
56 27 5127
56 28 5201
56 29 3973
56 30 4160
56 31 2536
56 32 1036
56 33 436
56 34 1492
56 35 4789
56 36 6839
56 37 2445
56 38 6438
56 39 1841
56 40 4857
56 41 1311
56 42 821
56 43 1773
56 44 3310
56 45 6782
56 46 6197
56 47 7063
56 48 2959
56 49 7498
56 50 4487
56 51 3489
56 52 1000
56 53 2768
56 54 4214
56 55 6434
56 57 5401
56 58 6002
56 59 4180
56 60 5671
56 61 3593
56 62 6918
56 63 3282
56 64 6142
56 65 1236
56 66 4533
56 67 67
56 68 5814
56 69 2929
56 70 673
57 1 534
57 2 7357
57 3 1893
57 4 118
57 5 908
57 6 811
57 7 3790
57 8 1892
57 9 5238
57 10 679
57 11 4589
57 12 3035
57 13 5672
57 14 1258
57 15 6978
57 16 981
57 17 2062
57 18 341
57 19 3434
57 20 2714
57 21 544
57 22 3441
57 23 7227
57 24 460
57 25 2344
57 26 552
57 27 3617
57 28 4265
57 29 622
57 30 2966
57 31 3286
57 32 2590
57 33 312
57 34 5103
57 35 4986
57 36 3685
57 37 5839
57 38 3607
57 39 3786
57 40 5183
57 41 4757
57 42 6177
57 43 6283
57 44 104
57 45 3757
57 46 163
57 47 6849
57 48 6579
57 49 2394
57 50 847
57 51 212
57 52 612
57 53 1733
57 54 6354
57 55 1516
57 56 3470
57 58 917
57 59 7018
57 60 5953
57 61 6863
57 62 5776
57 63 4997
57 64 1955
57 65 1067
57 66 693
57 67 1459
57 68 1837
57 69 3866
57 70 1702
58 1 2665
58 2 3245
58 3 2212
58 4 4794
58 5 892
58 6 7244
58 7 2395
58 8 5963
58 9 259
58 10 5700
58 11 6554
58 12 5611
58 13 7413
58 14 286
58 15 5550
58 16 3456
58 17 6043
58 18 1448
58 19 2562
58 20 4436
58 21 1807
58 22 2975
58 23 5276
58 24 3979
58 25 759
58 26 5752
58 27 6725
58 28 7109
58 29 4712
58 30 5694
58 31 1441
58 32 1762
58 33 6021
58 34 2182
58 35 3442
58 36 2450
58 37 1024
58 38 2924
58 39 1823
58 40 4555
58 41 7195
58 42 6703
58 43 4254
58 44 4666
58 45 1995
58 46 6876
58 47 6068
58 48 745
58 49 2376
58 50 2339
58 51 5296
58 52 12
58 53 2739
58 54 3304
58 55 1262
58 56 4126
58 57 5737
58 59 5241
58 60 174
58 61 2220
58 62 6325
58 63 4240
58 64 3693
58 65 7283
58 66 5817
58 67 2438
58 68 6917
58 69 3982
58 70 5845
59 1 1007
59 2 4099
59 3 1066
59 4 4631
59 5 3026
59 6 6426
59 7 4498
59 8 7025
59 9 5017
59 10 824
59 11 4056
59 12 6267
59 13 7254
59 14 908
59 15 124
59 16 992
59 17 7331
59 18 6365
59 19 3314
59 20 4042
59 21 5300
59 22 7034
59 23 4560
59 24 172
59 25 6673
59 26 1083
59 27 5409
59 28 3398
59 29 1748
59 30 4492
59 31 2300
59 32 5648
59 33 6079
59 34 5079
59 35 5416
59 36 5303
59 37 4629
59 38 4295
59 39 1658
59 40 6159
59 41 7154
59 42 1901
59 43 496
59 44 6644
59 45 3330
59 46 1554
59 47 6359
59 48 4343
59 49 7322
59 50 5143
59 51 3687
59 52 6465
59 53 4152
59 54 1698
59 55 135
59 56 4168
59 57 2279
59 58 3144
59 60 900
59 61 6032
59 62 1557
59 63 4898
59 64 4419
59 65 6725
59 66 2071
59 67 1904
59 68 3793
59 69 6709
59 70 7147
60 1 4844
60 2 6515
60 3 7012
60 4 5451
60 5 3021
60 6 2466
60 7 1171
60 8 7437
60 9 3976
60 10 4961
60 11 5506
60 12 6177
60 13 1270
60 14 5142
60 15 5523
60 16 5092
60 17 2040
60 18 6027
60 19 6636
60 20 3012
60 21 6836
60 22 5389
60 23 613
60 24 4286
60 25 4139
60 26 1886
60 27 4477
60 28 3768
60 29 2555
60 30 7431
60 31 3550
60 32 5769
60 33 1111
60 34 167
60 35 1421
60 36 6693
60 37 1455
60 38 2044
60 39 6499
60 40 946
60 41 322
60 42 5257
60 43 1081
60 44 4634
60 45 3842
60 46 1472
60 47 866
60 48 3841
60 49 4702
60 50 1116
60 51 523
60 52 3731
60 53 2190
60 54 3382
60 55 2525
60 56 720
60 57 5002
60 58 4908
60 59 5614
60 61 2744
60 62 1699
60 63 108
60 64 1414
60 65 7089
60 66 5255
60 67 5551
60 68 6017
60 69 6930
60 70 4184
61 1 1781
61 2 2606
61 3 4037
61 4 7146
61 5 4180
61 6 5100
61 7 2136
61 8 1839
61 9 6803
61 10 6243
61 11 3636
61 12 403
61 13 2880
61 14 6276
61 15 7272
61 16 2277
61 17 3444
61 18 4781
61 19 4416
61 20 871
61 21 1823
61 22 3963
61 23 3281
61 24 7286
61 25 5537
61 26 1139
61 27 552
61 28 2438
61 29 6017
61 30 3405
61 31 4793
61 32 2520
61 33 5601
61 34 6486
61 35 2752
61 36 5263
61 37 1690
61 38 5708
61 39 4745
61 40 2327
61 41 2383
61 42 3428
61 43 1018
61 44 6547
61 45 943
61 46 5036
61 47 5023
61 48 932
61 49 2591
61 50 4791
61 51 1276
61 52 2612
61 53 954
61 54 1426
61 55 4048
61 56 7378
61 57 2368
61 58 804
61 59 5586
61 60 7081
61 62 3563
61 63 7270
61 64 6432
61 65 1287
61 66 1762
61 67 766
61 68 3065
61 69 3417
61 70 7395
62 1 1846
62 2 4519
62 3 2106
62 4 4378
62 5 2309
62 6 3917
62 7 189
62 8 5218
62 9 2128
62 10 4580
62 11 740
62 12 3346
62 13 6366
62 14 5518
62 15 5116
62 16 561
62 17 6492
62 18 4110
62 19 1635
62 20 6150
62 21 6291
62 22 4605
62 23 3195
62 24 7313
62 25 682
62 26 6718
62 27 1183
62 28 36
62 29 7217
62 30 2008
62 31 373
62 32 115
62 33 3838
62 34 1937
62 35 1429
62 36 3792
62 37 128
62 38 112
62 39 6973
62 40 5225
62 41 2812
62 42 2816
62 43 6219
62 44 6192
62 45 7192
62 46 5888
62 47 4200
62 48 3446
62 49 126
62 50 3580
62 51 3016
62 52 5628
62 53 2283
62 54 6498
62 55 1228
62 56 5320
62 57 7220
62 58 3409
62 59 1111
62 60 1678
62 61 6522
62 63 6485
62 64 7330
62 65 5663
62 66 1703
62 67 1262
62 68 1492
62 69 5470
62 70 465
63 1 3106
63 2 21
63 3 6729
63 4 6938
63 5 874
63 6 3050
63 7 331
63 8 1729
63 9 5496
63 10 3895
63 11 3433
63 12 3240
63 13 6389
63 14 1068
63 15 4543
63 16 1510
63 17 1484
63 18 64
63 19 2738
63 20 6833
63 21 4566
63 22 4925
63 23 837
63 24 2780
63 25 6644
63 26 6311
63 27 956
63 28 2048
63 29 5951
63 30 1553
63 31 6723
63 32 3160
63 33 4081
63 34 476
63 35 1498
63 36 4630
63 37 5279
63 38 843
63 39 4403
63 40 1668
63 41 5281
63 42 4769
63 43 1432
63 44 3251
63 45 2808
63 46 993
63 47 5645
63 48 6976
63 49 1762
63 50 5810
63 51 5361
63 52 19
63 53 1567
63 54 4133
63 55 6758
63 56 2299
63 57 248
63 58 2428
63 59 5549
63 60 6949
63 61 5165
63 62 6264
63 64 7324
63 65 6439
63 66 2485
63 67 4461
63 68 2353
63 69 439
63 70 4011
64 1 940
64 2 5830
64 3 4720
64 4 3591
64 5 3530
64 6 7239
64 7 202
64 8 7360
64 9 5442
64 10 1601
64 11 2581
64 12 2795
64 13 1534
64 14 2459
64 15 975
64 16 6207
64 17 5417
64 18 4418
64 19 3645
64 20 5108
64 21 6027
64 22 3953
64 23 823
64 24 4372
64 25 6368
64 26 738
64 27 3260
64 28 7260
64 29 6050
64 30 1822
64 31 3545
64 32 6391
64 33 5838
64 34 6559
64 35 1675
64 36 5291
64 37 1279
64 38 7171
64 39 2984
64 40 6368
64 41 5953
64 42 1779
64 43 81
64 44 3908
64 45 7082
64 46 742
64 47 3305
64 48 6047
64 49 6936
64 50 5998
64 51 3696
64 52 825
64 53 6522
64 54 4014
64 55 220
64 56 1611
64 57 2844
64 58 4149
64 59 4569
64 60 1338
64 61 5297
64 62 6087
64 63 3567
64 65 484
64 66 3187
64 67 2406
64 68 5160
64 69 2221
64 70 7011
65 1 4839
65 2 361
65 3 6411
65 4 2363
65 5 649
65 6 708
65 7 5020
65 8 1696
65 9 507
65 10 5980
65 11 6213
65 12 3796
65 13 2601
65 14 3967
65 15 5243
65 16 1196
65 17 2066
65 18 5155
65 19 1597
65 20 7001
65 21 4537
65 22 3029
65 23 6835
65 24 7389
65 25 3952
65 26 3495
65 27 3104
65 28 7412
65 29 3938
65 30 6166
65 31 7069
65 32 832
65 33 1521
65 34 6379
65 35 3367
65 36 6004
65 37 6940
65 38 1797
65 39 3517
65 40 3273
65 41 1692
65 42 7410
65 43 6115
65 44 6906
65 45 1897
65 46 3614
65 47 6287
65 48 5429
65 49 5451
65 50 3424
65 51 2706
65 52 3240
65 53 5421
65 54 1691
65 55 7044
65 56 5981
65 57 4888
65 58 644
65 59 2705
65 60 5261
65 61 5339
65 62 215
65 63 4506
65 64 6669
65 66 6485
65 67 5112
65 68 5858
65 69 979
65 70 5018
66 1 4695
66 2 6548
66 3 4798
66 4 7382
66 5 4141
66 6 2569
66 7 3958
66 8 2741
66 9 4157
66 10 2678
66 11 1399
66 12 5334
66 13 3062
66 14 934
66 15 2491
66 16 7285
66 17 1887
66 18 6064
66 19 6689
66 20 3520
66 21 4835
66 22 2050
66 23 3141
66 24 6517
66 25 6922
66 26 2577
66 27 229
66 28 7261
66 29 74
66 30 7181
66 31 5254
66 32 5574
66 33 1548
66 34 1626
66 35 3730
66 36 6982
66 37 7437
66 38 4811
66 39 1743
66 40 252
66 41 702
66 42 3404
66 43 3542
66 44 1990
66 45 3519
66 46 5444
66 47 3692
66 48 1213
66 49 1378
66 50 6489
66 51 4555
66 52 4960
66 53 4767
66 54 1100
66 55 5961
66 56 1093
66 57 3792
66 58 1686
66 59 6030
66 60 6691
66 61 533
66 62 1751
66 63 5855
66 64 87
66 65 4333
66 67 565
66 68 1851
66 69 1874
66 70 4216
67 1 2560
67 2 2523
67 3 3102
67 4 3795
67 5 5868
67 6 5796
67 7 69
67 8 5403
67 9 1413
67 10 3667
67 11 6564
67 12 861
67 13 4980
67 14 4973
67 15 1327
67 16 5370
67 17 2268
67 18 3579
67 19 7315
67 20 2663
67 21 5822
67 22 4447
67 23 1391
67 24 1198
67 25 6886
67 26 5153
67 27 1165
67 28 6988
67 29 6315
67 30 3303
67 31 1369
67 32 804
67 33 4034
67 34 6347
67 35 7394
67 36 6955
67 37 623
67 38 2684
67 39 7343
67 40 159
67 41 159
67 42 839
67 43 2008
67 44 3488
67 45 7017
67 46 2154
67 47 5854
67 48 5
67 49 4772
67 50 2017
67 51 7296
67 52 5674
67 53 570
67 54 5474
67 55 4671
67 56 1739
67 57 1799
67 58 1219
67 59 650
67 60 3910
67 61 4110
67 62 1862
67 63 723
67 64 7158
67 65 2628
67 66 6616
67 68 2020
67 69 5171
67 70 5732
68 1 6467
68 2 3899
68 3 2989
68 4 4412
68 5 5224
68 6 7475
68 7 3732
68 8 5651
68 9 2797
68 10 173
68 11 4799
68 12 2968
68 13 6251
68 14 4915
68 15 3102
68 16 1736
68 17 4654
68 18 5135
68 19 3752
68 20 2021
68 21 110
68 22 6459
68 23 5590
68 24 7484
68 25 2994
68 26 4554
68 27 5632
68 28 5956
68 29 4077
68 30 6332
68 31 1667
68 32 5417
68 33 4230
68 34 4046
68 35 4279
68 36 5476
68 37 3281
68 38 7085
68 39 2849
68 40 6791
68 41 2652
68 42 704
68 43 4209
68 44 3056
68 45 4248
68 46 2404
68 47 3414
68 48 5582
68 49 2659
68 50 2520
68 51 6653
68 52 2137
68 53 4260
68 54 5571
68 55 5565
68 56 3350
68 57 6041
68 58 3397
68 59 1396
68 60 1837
68 61 4009
68 62 1071
68 63 5647
68 64 7125
68 65 3954
68 66 2585
68 67 4815
68 69 6086
68 70 3548
69 1 364
69 2 2098
69 3 2492
69 4 5341
69 5 6453
69 6 7470
69 7 7295
69 8 6108
69 9 2196
69 10 6155
69 11 5859
69 12 4096
69 13 5764
69 14 4951
69 15 5573
69 16 2835
69 17 7233
69 18 2872
69 19 1244
69 20 2036
69 21 6848
69 22 7453
69 23 2932
69 24 1560
69 25 1580
69 26 4501
69 27 7426
69 28 2990
69 29 971
69 30 3791
69 31 6786
69 32 711
69 33 7143
69 34 3379
69 35 3363
69 36 1539
69 37 2281
69 38 5222
69 39 5779
69 40 1501
69 41 6435
69 42 1459
69 43 3166
69 44 6553
69 45 2472
69 46 2030
69 47 1732
69 48 4632
69 49 4685
69 50 5192
69 51 5758
69 52 2477
69 53 6481
69 54 5598
69 55 6133
69 56 2161
69 57 62
69 58 3226
69 59 5570
69 60 5894
69 61 2275
69 62 4134
69 63 5173
69 64 323
69 65 4538
69 66 6577
69 67 1659
69 68 6752
69 70 4601
70 1 6671
70 2 2268
70 3 5970
70 4 4879
70 5 2824
70 6 4138
70 7 6619
70 8 547
70 9 6338
70 10 2996
70 11 5351
70 12 6401
70 13 211
70 14 6127
70 15 219
70 16 2473
70 17 1718
70 18 4987
70 19 4803
70 20 3314
70 21 6375
70 22 542
70 23 1867
70 24 4520
70 25 7027
70 26 1874
70 27 7017
70 28 3023
70 29 1882
70 30 3020
70 31 1860
70 32 1347
70 33 464
70 34 2531
70 35 5148
70 36 6978
70 37 7016
70 38 6640
70 39 631
70 40 6521
70 41 208
70 42 2331
70 43 30
70 44 933
70 45 7091
70 46 2484
70 47 226
70 48 75
70 49 3607
70 50 1045
70 51 1093
70 52 2303
70 53 1190
70 54 2591
70 55 4429
70 56 4639
70 57 5487
70 58 6739
70 59 5499
70 60 5125
70 61 887
70 62 5417
70 63 5625
70 64 1019
70 65 1429
70 66 5084
70 67 2637
70 68 5550
70 69 5975
