70 4830
1 2 6707
1 3 3214
1 4 5078
1 5 1895
1 6 1529
1 7 2097
1 8 6908
1 9 1116
1 10 4121
1 11 1142
1 12 814
1 13 2072
1 14 4790
1 15 1702
1 16 3299
1 17 4518
1 18 1200
1 19 2176
1 20 4705
1 21 329
1 22 5098
1 23 1183
1 24 6982
1 25 3034
1 26 5713
1 27 2297
1 28 5868
1 29 4346
1 30 1396
1 31 4834
1 32 4385
1 33 353
1 34 20
1 35 1216
1 36 7278
1 37 6339
1 38 7275
1 39 3207
1 40 5972
1 41 5880
1 42 4317
1 43 2357
1 44 7240
1 45 6616
1 46 3161
1 47 2663
1 48 1874
1 49 4573
1 50 7278
1 51 1554
1 52 1208
1 53 6374
1 54 6433
1 55 6126
1 56 7490
1 57 7044
1 58 392
1 59 3535
1 60 3035
1 61 4979
1 62 6365
1 63 3566
1 64 5369
1 65 2404
1 66 6097
1 67 2239
1 68 6318
1 69 6628
1 70 6388
2 1 3393
2 3 4386
2 4 5351
2 5 3749
2 6 3022
2 7 1207
2 8 3883
2 9 2005
2 10 7260
2 11 327
2 12 2220
2 13 5744
2 14 6235
2 15 3422
2 16 2451
2 17 3342
2 18 6875
2 19 3753
2 20 4111
2 21 6685
2 22 150
2 23 6988
2 24 2607
2 25 6479
2 26 3955
2 27 2617
2 28 5606
2 29 5293
2 30 3860
2 31 3514
2 32 3690
2 33 6053
2 34 7271
2 35 5958
2 36 6328
2 37 5648
2 38 6223
2 39 1130
2 40 2942
2 41 6031
2 42 1745
2 43 1669
2 44 5526
2 45 1262
2 46 3851
2 47 7061
2 48 2715
2 49 5629
2 50 5043
2 51 3914
2 52 4154
2 53 6001
2 54 6948
2 55 4834
2 56 5715
2 57 1194
2 58 1023
2 59 3061
2 60 586
2 61 7234
2 62 6946
2 63 5991
2 64 845
2 65 5580
2 66 975
2 67 3453
2 68 4860
2 69 1276
2 70 2653
3 1 2218
3 2 6178
3 4 6566
3 5 2396
3 6 4888
3 7 4051
3 8 3302
3 9 2115
3 10 5634
3 11 3713
3 12 6964
3 13 5830
3 14 854
3 15 5900
3 16 284
3 17 4079
3 18 3526
3 19 2765
3 20 4949
3 21 290
3 22 4128
3 23 1263
3 24 5984
3 25 7315
3 26 3663
3 27 886
3 28 2026
3 29 7411
3 30 4798
3 31 442
3 32 1645
3 33 3562
3 34 240
3 35 2778
3 36 6582
3 37 6956
3 38 6284
3 39 2326
3 40 1740
3 41 3846
3 42 1490
3 43 5046
3 44 827
3 45 4562
3 46 1298
3 47 2773
3 48 5310
3 49 6553
3 50 5754
3 51 1247
3 52 5863
3 53 5369
3 54 2028
3 55 7451
3 56 6385
3 57 5986
3 58 450
3 59 2257
3 60 6992
3 61 732
3 62 3986
3 63 4240
3 64 3439
3 65 6075
3 66 3751
3 67 1089
3 68 6287
3 69 3017
3 70 492
4 1 6383
4 2 2620
4 3 5770
4 5 229
4 6 583
4 7 3076
4 8 499
4 9 4953
4 10 2181
4 11 295
4 12 3907
4 13 5279
4 14 7491
4 15 3029
4 16 466
4 17 3554
4 18 567
4 19 6977
4 20 1368
4 21 4078
4 22 3566
4 23 2756
4 24 5889
4 25 3517
4 26 2414
4 27 1770
4 28 3649
4 29 6918
4 30 2358
4 31 1098
4 32 7331
4 33 1854
4 34 5594
4 35 7206
4 36 3665
4 37 5476
4 38 5690
4 39 6352
4 40 1778
4 41 1846
4 42 2984
4 43 4466
4 44 1100
4 45 2528
4 46 2221
4 47 5693
4 48 1587
4 49 1135
4 50 7329
4 51 7263
4 52 5632
4 53 951
4 54 236
4 55 6781
4 56 5700
4 57 7170
4 58 5215
4 59 1407
4 60 3258
4 61 6059
4 62 2263
4 63 6321
4 64 1654
4 65 124
4 66 914
4 67 6270
4 68 7025
4 69 6217
4 70 3234
5 1 5851
5 2 6917
5 3 5458
5 4 6886
5 6 777
5 7 6986
5 8 3988
5 9 2542
5 10 1634
5 11 2571
5 12 5443
5 13 3342
5 14 60
5 15 3965
5 16 711
5 17 7234
5 18 7423
5 19 2231
5 20 4833
5 21 1157
5 22 5257
5 23 2917
5 24 4008
5 25 1108
5 26 5376
5 27 1394
5 28 1049
5 29 2629
5 30 3468
5 31 6779
5 32 5380
5 33 1962
5 34 6753
5 35 5415
5 36 6957
5 37 6759
5 38 3900
5 39 2440
5 40 2790
5 41 4866
5 42 4643
5 43 3648
5 44 5442
5 45 4706
5 46 2520
5 47 7479
5 48 939
5 49 3647
5 50 4893
5 51 1075
5 52 7433
5 53 2491
5 54 2838
5 55 3721
5 56 6845
5 57 899
5 58 3613
5 59 773
5 60 6388
5 61 1171
5 62 1351
5 63 2502
5 64 4695
5 65 4414
5 66 2639
5 67 5065
5 68 628
5 69 6798
5 70 5105
6 1 3536
6 2 7189
6 3 3932
6 4 1946
6 5 4223
6 7 1628
6 8 7368
6 9 2456
6 10 2712
6 11 6575
6 12 5475
6 13 224
6 14 3508
6 15 409
6 16 932
6 17 3538
6 18 5566
6 19 4640
6 20 138
6 21 4662
6 22 7172
6 23 146
6 24 2381
6 25 4854
6 26 4220
6 27 6234
6 28 4662
6 29 3336
6 30 6580
6 31 1976
6 32 2941
6 33 1511
6 34 5276
6 35 728
6 36 3151
6 37 5440
6 38 1648
6 39 2971
6 40 2746
6 41 4111
6 42 4235
6 43 7462
6 44 2941
6 45 1884
6 46 59
6 47 4855
6 48 6973
6 49 2939
6 50 7
6 51 1039
6 52 3551
6 53 3297
6 54 250
6 55 4746
6 56 6376
6 57 2599
6 58 3251
6 59 6696
6 60 2415
6 61 2247
6 62 308
6 63 85
6 64 586
6 65 7408
6 66 1473
6 67 3437
6 68 5063
6 69 684
6 70 276
7 1 1942
7 2 6040
7 3 1420
7 4 1091
7 5 7485
7 6 5792
7 8 5363
7 9 6290
7 10 1670
7 11 6388
7 12 871
7 13 6589
7 14 5010
7 15 5033
7 16 6085
7 17 5984
7 18 950
7 19 6094
7 20 2457
7 21 1673
7 22 1447
7 23 947
7 24 5652
7 25 781
7 26 4662
7 27 4194
7 28 605
7 29 4029
7 30 2688
7 31 3409
7 32 2695
7 33 5106
7 34 2518
7 35 4945
7 36 1516
7 37 4260
7 38 2619
7 39 4119
7 40 888
7 41 2765
7 42 6743
7 43 4347
7 44 1848
7 45 53
7 46 6844
7 47 6938
7 48 7129
7 49 3876
7 50 2257
7 51 6624
7 52 529
7 53 135
7 54 2748
7 55 1179
7 56 3851
7 57 3279
7 58 5604
7 59 3512
7 60 2879
7 61 5806
7 62 1491
7 63 5094
7 64 2307
7 65 2979
7 66 3627
7 67 2184
7 68 5436
7 69 3320
7 70 6207
8 1 410
8 2 1937
8 3 1472
8 4 7064
8 5 324
8 6 4370
8 7 1171
8 9 6422
8 10 140
8 11 337
8 12 2175
8 13 236
8 14 4170
8 15 3454
8 16 4779
8 17 2343
8 18 4682
8 19 4324
8 20 715
8 21 7089
8 22 5172
8 23 4152
8 24 3063
8 25 487
8 26 5033
8 27 5678
8 28 3072
8 29 819
8 30 2395
8 31 4127
8 32 3721
8 33 7164
8 34 354
8 35 2777
8 36 2759
8 37 3812
8 38 7271
8 39 8
8 40 4617
8 41 7186
8 42 2385
8 43 6036
8 44 2380
8 45 5231
8 46 2086
8 47 4458
8 48 4762
8 49 1612
8 50 5561
8 51 4018
8 52 3059
8 53 4243
8 54 713
8 55 4061
8 56 2011
8 57 1077
8 58 3296
8 59 3081
8 60 2257
8 61 5392
8 62 3030
8 63 5933
8 64 5893
8 65 1803
8 66 385
8 67 3695
8 68 6399
8 69 834
8 70 6652
9 1 6953
9 2 1646
9 3 1760
9 4 1152
9 5 543
9 6 2050
9 7 6689
9 8 4209
9 10 7436
9 11 522
9 12 4763
9 13 5318
9 14 4388
9 15 3908
9 16 6987
9 17 5186
9 18 4446
9 19 239
9 20 7235
9 21 2900
9 22 61
9 23 290
9 24 2093
9 25 6478
9 26 1488
9 27 5470
9 28 3503
9 29 2472
9 30 3719
9 31 7406
9 32 4786
9 33 847
9 34 5183
9 35 1997
9 36 5924
9 37 7180
9 38 961
9 39 5608
9 40 2231
9 41 2822
9 42 3931
9 43 3028
9 44 7455
9 45 5516
9 46 2550
9 47 5394
9 48 2034
9 49 5078
9 50 1457
9 51 5006
9 52 2567
9 53 4933
9 54 7399
9 55 5170
9 56 141
9 57 6858
9 58 763
9 59 4933
9 60 6751
9 61 5692
9 62 5169
9 63 5861
9 64 3164
9 65 3412
9 66 1600
9 67 4385
9 68 6552
9 69 1973
9 70 1919
10 1 1551
10 2 2863
10 3 835
10 4 4532
10 5 3000
10 6 3823
10 7 5517
10 8 3142
10 9 1293
10 11 7325
10 12 3171
10 13 2631
10 14 4988
10 15 4630
10 16 6682
10 17 4748
10 18 1129
10 19 7293
10 20 6457
10 21 7022
10 22 7026
10 23 3959
10 24 2234
10 25 2266
10 26 1542
10 27 1793
10 28 104
10 29 3100
10 30 4668
10 31 2215
10 32 6509
10 33 445
10 34 1744
10 35 3115
10 36 6265
10 37 3397
10 38 5395
10 39 1663
10 40 1933
10 41 1004
10 42 6659
10 43 5150
10 44 162
10 45 4346
10 46 6130
10 47 6545
10 48 4007
10 49 1053
10 50 3241
10 51 47
10 52 3443
10 53 1331
10 54 4089
10 55 5169
10 56 7475
10 57 3953
10 58 6192
10 59 4241
10 60 4455
10 61 5849
10 62 1014
10 63 1812
10 64 4053
10 65 6523
10 66 208
10 67 3654
10 68 4233
10 69 6453
10 70 6260
11 1 897
11 2 1171
11 3 3087
11 4 1663
11 5 4395
11 6 5542
11 7 3401
11 8 5276
11 9 430
11 10 1547
11 12 5090
11 13 565
11 14 3368
11 15 5816
11 16 1147
11 17 5026
11 18 1097
11 19 3179
11 20 4705
11 21 5473
11 22 2326
11 23 5331
11 24 1356
11 25 4598
11 26 6948
11 27 6418
11 28 1833
11 29 1804
11 30 3336
11 31 4743
11 32 549
11 33 3450
11 34 1619
11 35 2313
11 36 2673
11 37 2398
11 38 3877
11 39 6677
11 40 3459
11 41 5967
11 42 6741
11 43 7054
11 44 3537
11 45 6194
11 46 341
11 47 3935
11 48 3077
11 49 5359
11 50 2606
11 51 1974
11 52 7356
11 53 4673
11 54 1237
11 55 889
11 56 6559
11 57 2521
11 58 4965
11 59 265
11 60 941
11 61 1767
11 62 7333
11 63 1050
11 64 2216
11 65 7397
11 66 1599
11 67 4456
11 68 5596
11 69 3629
11 70 2331
12 1 4202
12 2 492
12 3 1529
12 4 3272
12 5 3047
12 6 3754
12 7 1101
12 8 1016
12 9 2623
12 10 1854
12 11 5180
12 13 7160
12 14 5144
12 15 6060
12 16 7453
12 17 485
12 18 5814
12 19 6065
12 20 5048
12 21 5750
12 22 710
12 23 6010
12 24 1066
12 25 4175
12 26 1887
12 27 1927
12 28 3521
12 29 7237
12 30 2039
12 31 3015
12 32 4508
12 33 5874
12 34 7068
12 35 900
12 36 1480
12 37 5781
12 38 3232
12 39 1699
12 40 778
12 41 242
12 42 5784
12 43 5330
12 44 3790
12 45 6202
12 46 3147
12 47 5178
12 48 7362
12 49 90
12 50 617
12 51 6616
12 52 5419
12 53 51
12 54 555
12 55 2297
12 56 2903
12 57 1796
12 58 4100
12 59 3820
12 60 2555
12 61 7303
12 62 70
12 63 3396
12 64 5189
12 65 5046
12 66 7193
12 67 5715
12 68 943
12 69 3244
12 70 5913
13 1 5760
13 2 5246
13 3 282
13 4 6733
13 5 644
13 6 4362
13 7 5048
13 8 1487
13 9 2603
13 10 6172
13 11 4575
13 12 5133
13 14 298
13 15 6254
13 16 2207
13 17 7036
13 18 4063
13 19 956
13 20 5637
13 21 3800
13 22 5355
13 23 4731
13 24 4116
13 25 7124
13 26 7264
13 27 7050
13 28 5001
13 29 2999
13 30 3593
13 31 1018
13 32 3294
13 33 368
13 34 1721
13 35 7399
13 36 21
13 37 4231
13 38 4927
13 39 5560
13 40 6241
13 41 4491
13 42 5588
13 43 2926
13 44 3957
13 45 5984
13 46 5507
13 47 2151
13 48 1712
13 49 3246
13 50 3625
13 51 5806
13 52 5465
13 53 4872
13 54 4306
13 55 6776
13 56 6693
13 57 340
13 58 6884
13 59 1816
13 60 6071
13 61 2105
13 62 786
13 63 4869
13 64 424
13 65 3182
13 66 197
13 67 5864
13 68 114
13 69 1365
13 70 4881
14 1 3517
14 2 4183
14 3 6003
14 4 5383
14 5 2067
14 6 1415
14 7 7152
14 8 418
14 9 514
14 10 4524
14 11 520
14 12 4773
14 13 3802
14 15 5604
14 16 1220
14 17 2867
14 18 1629
14 19 6368
14 20 1866
14 21 2164
14 22 2870
14 23 4415
14 24 6888
14 25 3337
14 26 3517
14 27 449
14 28 1254
14 29 3175
14 30 572
14 31 6596
14 32 7284
14 33 1929
14 34 185
14 35 5971
14 36 303
14 37 4465
14 38 3816
14 39 1848
14 40 7379
14 41 6294
14 42 4800
14 43 1185
14 44 5936
14 45 246
14 46 3803
14 47 2261
14 48 4692
14 49 917
14 50 1361
14 51 3584
14 52 7046
14 53 2852
14 54 4466
14 55 6998
14 56 5303
14 57 2630
14 58 4366
14 59 5350
14 60 6897
14 61 3430
14 62 2656
14 63 6874
14 64 3584
14 65 3594
14 66 5896
14 67 991
14 68 771
14 69 1605
14 70 3039
15 1 6564
15 2 4598
15 3 5970
15 4 3080
15 5 7202
15 6 496
15 7 7118
15 8 1170
15 9 6179
15 10 4471
15 11 411
15 12 1132
15 13 3266
15 14 6049
15 16 777
15 17 7454
15 18 7168
15 19 7473
15 20 3018
15 21 3434
15 22 2245
15 23 2278
15 24 4392
15 25 3017
15 26 4343
15 27 3922
15 28 4753
15 29 278
15 30 2894
15 31 7093
15 32 1008
15 33 2515
15 34 5488
15 35 2256
15 36 4077
15 37 6044
15 38 5759
15 39 4128
15 40 45
15 41 5329
15 42 3644
15 43 1930
15 44 4295
15 45 666
15 46 4973
15 47 3673
15 48 4033
15 49 3077
15 50 5530
15 51 6950
15 52 3826
15 53 2409
15 54 4988
15 55 6679
15 56 901
15 57 3580
15 58 3436
15 59 5334
15 60 2665
15 61 574
15 62 3284
15 63 4449
15 64 5785
15 65 3558
15 66 7234
15 67 404
15 68 6638
15 69 699
15 70 1158
16 1 6552
16 2 4657
16 3 1017
16 4 3427
16 5 1099
16 6 6130
16 7 3230
16 8 496
16 9 6911
16 10 4782
16 11 7131
16 12 5144
16 13 4638
16 14 981
16 15 3696
16 17 1496
16 18 7354
16 19 6251
16 20 7255
16 21 2293
16 22 3318
16 23 5042
16 24 1049
16 25 5833
16 26 1928
16 27 5035
16 28 2887
16 29 578
16 30 2798
16 31 1326
16 32 804
16 33 1924
16 34 1738
16 35 1568
16 36 1333
16 37 4070
16 38 847
16 39 6302
16 40 1187
16 41 5098
16 42 4017
16 43 3726
16 44 2804
16 45 2897
16 46 1237
16 47 4175
16 48 5906
16 49 871
16 50 3260
16 51 970
16 52 5234
16 53 2811
16 54 2096
16 55 5901
16 56 1661
16 57 7228
16 58 5796
16 59 3879
16 60 523
16 61 5486
16 62 2532
16 63 229
16 64 881
16 65 6432
16 66 2467
16 67 3996
16 68 3725
16 69 5629
16 70 3214
17 1 2379
17 2 594
17 3 4022
17 4 6472
17 5 3750
17 6 4196
17 7 1331
17 8 6161
17 9 1326
17 10 1973
17 11 5420
17 12 5789
17 13 2931
17 14 617
17 15 3303
17 16 2074
17 18 4440
17 19 4301
17 20 6673
17 21 2711
17 22 5992
17 23 307
17 24 5686
17 25 3596
17 26 1703
17 27 3463
17 28 469
17 29 5283
17 30 6494
17 31 4023
17 32 70
17 33 2333
17 34 3793
17 35 6264
17 36 1153
17 37 6754
17 38 3228
17 39 3533
17 40 6017
17 41 1294
17 42 5345
17 43 2461
17 44 361
17 45 653
17 46 4708
17 47 436
17 48 6669
17 49 940
17 50 4166
17 51 5732
17 52 3802
17 53 2607
17 54 3799
17 55 5430
17 56 1316
17 57 3521
17 58 7342
17 59 7299
17 60 5783
17 61 2412
17 62 4589
17 63 6147
17 64 4281
17 65 5081
17 66 6782
17 67 6584
17 68 7206
17 69 5865
17 70 3091
18 1 779
18 2 2685
18 3 6570
18 4 256
18 5 4459
18 6 3702
18 7 5061
18 8 1076
18 9 5042
18 10 7375
18 11 7144
18 12 1733
18 13 1959
18 14 3559
18 15 4421
18 16 3045
18 17 3300
18 19 4657
18 20 1440
18 21 4518
18 22 1484
18 23 6523
18 24 5847
18 25 3883
18 26 2717
18 27 4003
18 28 6764
18 29 1832
18 30 1900
18 31 581
18 32 333
18 33 3912
18 34 6833
18 35 5734
18 36 6990
18 37 7376
18 38 7448
18 39 3379
18 40 515
18 41 7255
18 42 7053
18 43 5088
18 44 6457
18 45 6650
18 46 1659
18 47 4368
18 48 6951
18 49 6367
18 50 6058
18 51 2232
18 52 3856
18 53 228
18 54 7020
18 55 2805
18 56 1075
18 57 1
18 58 5966
18 59 5484
18 60 245
18 61 3800
18 62 1335
18 63 3253
18 64 5753
18 65 7367
18 66 1788
18 67 1445
18 68 4864
18 69 3921
18 70 5707
19 1 3631
19 2 850
19 3 4224
19 4 4386
19 5 5828
19 6 6619
19 7 4108
19 8 6274
19 9 3904
19 10 4406
19 11 3321
19 12 5335
19 13 2337
19 14 1344
19 15 6659
19 16 1773
19 17 2654
19 18 826
19 20 6701
19 21 1755
19 22 3326
19 23 1707
19 24 7136
19 25 5191
19 26 373
19 27 7300
19 28 1668
19 29 1176
19 30 3361
19 31 6481
19 32 1355
19 33 3059
19 34 3181
19 35 6280
19 36 5412
19 37 688
19 38 5216
19 39 7385
19 40 360
19 41 1609
19 42 305
19 43 3142
19 44 5065
19 45 4734
19 46 6492
19 47 432
19 48 1481
19 49 205
19 50 5293
19 51 1546
19 52 639
19 53 5200
19 54 2399
19 55 6094
19 56 4668
19 57 4850
19 58 6991
19 59 4247
19 60 300
19 61 7318
19 62 1784
19 63 4489
19 64 4604
19 65 5706
19 66 7043
19 67 5674
19 68 5183
19 69 1078
19 70 4875
20 1 6127
20 2 7002
20 3 5552
20 4 5897
20 5 5124
20 6 4446
20 7 2722
20 8 7405
20 9 3867
20 10 1718
20 11 6695
20 12 3815
20 13 5962
20 14 5491
20 15 5105
20 16 428
20 17 271
20 18 7180
20 19 3232
20 21 5621
20 22 905
20 23 1345
20 24 69
20 25 5461
20 26 6244
20 27 3379
20 28 6761
20 29 6266
20 30 1099
20 31 3843
20 32 2936
20 33 523
20 34 5949
20 35 5239
20 36 4147
20 37 1219
20 38 2781
20 39 6029
20 40 4097
20 41 5514
20 42 783
20 43 2686
20 44 1416
20 45 3160
20 46 6531
20 47 2679
20 48 2432
20 49 5188
20 50 6675
20 51 2257
20 52 223
20 53 5659
20 54 7219
20 55 557
20 56 5728
20 57 4253
20 58 6963
20 59 6054
20 60 2939
20 61 6859
20 62 308
20 63 3194
20 64 1412
20 65 5169
20 66 6616
20 67 3589
20 68 5344
20 69 6340
20 70 4878
21 1 4129
21 2 6805
21 3 1489
21 4 5616
21 5 1177
21 6 4814
21 7 3549
21 8 7468
21 9 2721
21 10 2183
21 11 2596
21 12 2096
21 13 5277
21 14 2450
21 15 3868
21 16 3271
21 17 3099
21 18 4801
21 19 7243
21 20 5233
21 22 5982
21 23 3326
21 24 3196
21 25 3895
21 26 4655
21 27 4354
21 28 768
21 29 974
21 30 5238
21 31 3902
21 32 989
21 33 2440
21 34 7036
21 35 3486
21 36 2456
21 37 2390
21 38 4763
21 39 5127
21 40 4277
21 41 5768
21 42 1221
21 43 5420
21 44 7389
21 45 208
21 46 5766
21 47 1446
21 48 3637
21 49 2676
21 50 3681
21 51 2682
21 52 4790
21 53 2364
21 54 3301
21 55 6023
21 56 6981
21 57 6446
21 58 7286
21 59 2734
21 60 5866
21 61 2946
21 62 6626
21 63 3179
21 64 1629
21 65 7329
21 66 3891
21 67 7231
21 68 3347
21 69 1548
21 70 894
22 1 1551
22 2 6836
22 3 4961
22 4 448
22 5 938
22 6 7338
22 7 7236
22 8 1223
22 9 476
22 10 2866
22 11 6676
22 12 6191
22 13 1527
22 14 1390
22 15 5086
22 16 2381
22 17 1141
22 18 6217
22 19 2952
22 20 2441
22 21 3108
22 23 3637
22 24 247
22 25 787
22 26 6081
22 27 5230
22 28 6750
22 29 6229
22 30 6705
22 31 3544
22 32 3489
22 33 4229
22 34 7394
22 35 4779
22 36 785
22 37 6547
22 38 5364
22 39 7470
22 40 5490
22 41 2823
22 42 3620
22 43 2233
22 44 5268
22 45 6577
22 46 1011
22 47 1069
22 48 5962
22 49 3959
22 50 3063
22 51 7412
22 52 6054
22 53 129
22 54 3734
22 55 3428
22 56 3894
22 57 3424
22 58 3222
22 59 683
22 60 1685
22 61 968
22 62 3399
22 63 2281
22 64 551
22 65 6312
22 66 1225
22 67 4796
22 68 124
22 69 1691
22 70 3868
23 1 783
23 2 1420
23 3 6495
23 4 2114
23 5 4217
23 6 2252
23 7 1827
23 8 2179
23 9 6814
23 10 2476
23 11 5538
23 12 5179
23 13 1803
23 14 613
23 15 4169
23 16 6814
23 17 4028
23 18 2954
23 19 2349
23 20 5344
23 21 2513
23 22 2782
23 24 3359
23 25 6852
23 26 1594
23 27 4434
23 28 5419
23 29 209
23 30 4097
23 31 980
23 32 4404
23 33 5909
23 34 4126
23 35 6151
23 36 7076
23 37 502
23 38 6116
23 39 5315
23 40 1421
23 41 6111
23 42 1837
23 43 6196
23 44 1841
23 45 2000
23 46 3614
23 47 3858
23 48 5000
23 49 4425
23 50 4895
23 51 2653
23 52 5786
23 53 2333
23 54 4438
23 55 3755
23 56 3241
23 57 6016
23 58 3099
23 59 5682
23 60 993
23 61 6911
23 62 6209
23 63 773
23 64 2392
23 65 5111
23 66 7323
23 67 2607
23 68 5831
23 69 1391
23 70 1925
24 1 6380
24 2 2995
24 3 4350
24 4 2380
24 5 1986
24 6 5628
24 7 3120
24 8 3186
24 9 6144
24 10 235
24 11 2704
24 12 3988
24 13 3841
24 14 2987
24 15 4123
24 16 4067
24 17 6749
24 18 5630
24 19 6508
24 20 5868
24 21 3050
24 22 2501
24 23 1832
24 25 1932
24 26 605
24 27 1045
24 28 590
24 29 5060
24 30 4276
24 31 1416
24 32 1748
24 33 4611
24 34 5540
24 35 276
24 36 3681
24 37 6854
24 38 777
24 39 7076
24 40 3978
24 41 6343
24 42 4144
24 43 1274
24 44 6301
24 45 4200
24 46 7335
24 47 6095
24 48 2891
24 49 1790
24 50 846
24 51 3112
24 52 4102
24 53 1216
24 54 7179
24 55 7061
24 56 7446
24 57 205
24 58 7186
24 59 1462
24 60 1446
24 61 7368
24 62 2320
24 63 4431
24 64 5081
24 65 3044
24 66 4609
24 67 4233
24 68 168
24 69 4811
24 70 4768
25 1 4301
25 2 6146
25 3 2746
25 4 2895
25 5 3206
25 6 4181
25 7 3805
25 8 263
25 9 4953
25 10 5075
25 11 6803
25 12 6625
25 13 186
25 14 1979
25 15 2926
25 16 497
25 17 268
25 18 3305
25 19 3723
25 20 5908
25 21 7429
25 22 2659
25 23 3923
25 24 1131
25 26 427
25 27 962
25 28 2067
25 29 3632
25 30 2423
25 31 5509
25 32 1011
25 33 4279
25 34 5121
25 35 2697
25 36 3512
25 37 4687
25 38 6650
25 39 4700
25 40 7063
25 41 1057
25 42 5539
25 43 1467
25 44 3198
25 45 7155
25 46 2806
25 47 1789
25 48 3877
25 49 2065
25 50 2464
25 51 4781
25 52 1703
25 53 421
25 54 986
25 55 5124
25 56 3388
25 57 6496
25 58 2990
25 59 545
25 60 3910
25 61 4024
25 62 6428
25 63 334
25 64 4384
25 65 2032
25 66 6991
25 67 7384
25 68 5896
25 69 3499
25 70 1842
26 1 4668
26 2 684
26 3 784
26 4 340
26 5 6937
26 6 1641
26 7 220
26 8 6193
26 9 1542
26 10 2774
26 11 4625
26 12 5243
26 13 1885
26 14 1468
26 15 6897
26 16 6162
26 17 5524
26 18 2322
26 19 6765
26 20 298
26 21 4243
26 22 5714
26 23 3249
26 24 4380
26 25 4230
26 27 3371
26 28 5311
26 29 2588
26 30 3868
26 31 6164
26 32 5200
26 33 4535
26 34 660
26 35 4843
26 36 1248
26 37 5679
26 38 7311
26 39 6926
26 40 4595
26 41 1830
26 42 4981
26 43 2984
26 44 1453
26 45 7175
26 46 7125
26 47 3741
26 48 2184
26 49 5464
26 50 3299
26 51 6283
26 52 5252
26 53 2404
26 54 3230
26 55 3551
26 56 6903
26 57 7290
26 58 2124
26 59 6227
26 60 1785
26 61 3291
26 62 2709
26 63 2996
26 64 6898
26 65 4279
26 66 4086
26 67 4287
26 68 2694
26 69 2092
26 70 2450
27 1 3545
27 2 3753
27 3 6593
27 4 4044
27 5 2432
27 6 2516
27 7 6794
27 8 4671
27 9 884
27 10 5994
27 11 5912
27 12 1947
27 13 3380
27 14 3382
27 15 6169
27 16 2579
27 17 1669
27 18 7385
27 19 2776
27 20 499
27 21 4093
27 22 1259
27 23 7271
27 24 1977
27 25 6667
27 26 794
27 28 6624
27 29 118
27 30 3525
27 31 2158
27 32 1232
27 33 5923
27 34 5317
27 35 2667
27 36 1967
27 37 6934
27 38 2688
27 39 7051
27 40 3184
27 41 5150
27 42 1063
27 43 710
27 44 6860
27 45 6089
27 46 4111
27 47 4457
27 48 7496
27 49 5974
27 50 1998
27 51 3558
27 52 6405
27 53 5983
27 54 5310
27 55 1683
27 56 6322
27 57 1100
27 58 1396
27 59 6542
27 60 6177
27 61 44
27 62 2031
27 63 669
27 64 5645
27 65 7430
27 66 6973
27 67 5649
27 68 3137
27 69 4433
27 70 2986
28 1 191
28 2 2460
28 3 4460
28 4 7492
28 5 650
28 6 1853
28 7 6263
28 8 6513
28 9 4823
28 10 531
28 11 2217
28 12 4062
28 13 1499
28 14 742
28 15 2368
28 16 5931
28 17 2814
28 18 4048
28 19 2676
28 20 4390
28 21 6051
28 22 2963
28 23 6733
28 24 2131
28 25 6787
28 26 3613
28 27 691
28 29 6012
28 30 5076
28 31 917
28 32 2743
28 33 5123
28 34 1371
28 35 3300
28 36 4527
28 37 4824
28 38 583
28 39 447
28 40 2793
28 41 591
28 42 6241
28 43 359
28 44 3181
28 45 2976
28 46 2307
28 47 6374
28 48 1980
28 49 3016
28 50 1056
28 51 652
28 52 4204
28 53 3155
28 54 1601
28 55 5601
28 56 2957
28 57 522
28 58 642
28 59 3840
28 60 6024
28 61 2419
28 62 6578
28 63 4827
28 64 7054
28 65 5533
28 66 7081
28 67 2958
28 68 5252
28 69 1951
28 70 2015
29 1 5621
29 2 7112
29 3 3543
29 4 4561
29 5 2292
29 6 3564
29 7 1132
29 8 2868
29 9 2081
29 10 283
29 11 7206
29 12 1797
29 13 7382
29 14 4249
29 15 1427
29 16 6425
29 17 4966
29 18 3610
29 19 5722
29 20 5612
29 21 1324
29 22 2340
29 23 5261
29 24 2884
29 25 4342
29 26 4415
29 27 2397
29 28 5931
29 30 3350
29 31 6297
29 32 3138
29 33 6762
29 34 178
29 35 472
29 36 1498
29 37 62
29 38 3548
29 39 1242
29 40 1324
29 41 2643
29 42 1530
29 43 5915
29 44 1753
29 45 6638
29 46 7341
29 47 4601
29 48 4641
29 49 772
29 50 6580
29 51 5892
29 52 4820
29 53 4494
29 54 2972
29 55 1362
29 56 2945
29 57 5280
29 58 2573
29 59 266
29 60 4798
29 61 5833
29 62 3398
29 63 456
29 64 1624
29 65 6340
29 66 1520
29 67 821
29 68 4008
29 69 6595
29 70 7371
30 1 5707
30 2 6176
30 3 43
30 4 3841
30 5 3254
30 6 5042
30 7 3959
30 8 2888
30 9 2790
30 10 5648
30 11 7361
30 12 3341
30 13 5393
30 14 1548
30 15 2173
30 16 4911
30 17 2068
30 18 1496
30 19 7331
30 20 6539
30 21 2265
30 22 5718
30 23 3933
30 24 3048
30 25 571
30 26 1904
30 27 4443
30 28 6722
30 29 3231
30 31 5459
30 32 4352
30 33 6546
30 34 4734
30 35 6028
30 36 6079
30 37 4414
30 38 2319
30 39 1251
30 40 267
30 41 5504
30 42 1089
30 43 1070
30 44 893
30 45 6149
30 46 1163
30 47 6803
30 48 3754
30 49 5290
30 50 2168
30 51 743
30 52 4807
30 53 7035
30 54 1193
30 55 3257
30 56 4146
30 57 75
30 58 6643
30 59 4546
30 60 455
30 61 3817
30 62 2958
30 63 5694
30 64 4434
30 65 2964
30 66 3070
30 67 3145
30 68 996
30 69 1166
30 70 1057
31 1 2571
31 2 402
31 3 4181
31 4 3926
31 5 3042
31 6 3717
31 7 7147
31 8 5236
31 9 97
31 10 3170
31 11 2285
31 12 5439
31 13 5051
31 14 5927
31 15 6609
31 16 6101
31 17 2130
31 18 39
31 19 7412
31 20 3028
31 21 3507
31 22 1015
31 23 1692
31 24 1703
31 25 2815
31 26 6468
31 27 2642
31 28 6009
31 29 3327
31 30 3825
31 32 5630
31 33 4379
31 34 3727
31 35 6015
31 36 3853
31 37 6213
31 38 4982
31 39 5776
31 40 1940
31 41 4179
31 42 322
31 43 6360
31 44 5926
31 45 6840
31 46 1803
31 47 2393
31 48 3384
31 49 3219
31 50 4101
31 51 2906
31 52 2374
31 53 2800
31 54 86
31 55 2179
31 56 3763
31 57 6599
31 58 2864
31 59 3494
31 60 5921
31 61 5461
31 62 5105
31 63 3199
31 64 4639
31 65 1890
31 66 5340
31 67 6246
31 68 5962
31 69 2388
31 70 1483
32 1 5547
32 2 4407
32 3 5911
32 4 696
32 5 2489
32 6 3896
32 7 5639
32 8 3788
32 9 3911
32 10 1826
32 11 5081
32 12 2494
32 13 3855
32 14 2371
32 15 7184
32 16 7291
32 17 127
32 18 1033
32 19 1814
32 20 3624
32 21 1320
32 22 4112
32 23 1043
32 24 773
32 25 6355
32 26 618
32 27 3344
32 28 3088
32 29 6060
32 30 4644
32 31 2176
32 33 7258
32 34 5516
32 35 4396
32 36 4014
32 37 5120
32 38 6748
32 39 5729
32 40 3140
32 41 6325
32 42 3560
32 43 3304
32 44 6023
32 45 3729
32 46 532
32 47 6761
32 48 617
32 49 7285
32 50 1010
32 51 4771
32 52 3488
32 53 5728
32 54 1416
32 55 2456
32 56 6245
32 57 6870
32 58 6515
32 59 5711
32 60 7479
32 61 7342
32 62 185
32 63 7292
32 64 2394
32 65 5647
32 66 3177
32 67 3395
32 68 7118
32 69 1467
32 70 5964
33 1 2111
33 2 577
33 3 898
33 4 1388
33 5 5836
33 6 2658
33 7 5364
33 8 4172
33 9 1729
33 10 2291
33 11 1247
33 12 2501
33 13 6167
33 14 3432
33 15 5677
33 16 4467
33 17 2120
33 18 2124
33 19 1621
33 20 4248
33 21 172
33 22 4945
33 23 2981
33 24 5514
33 25 5843
33 26 6956
33 27 738
33 28 2676
33 29 7384
33 30 5155
33 31 2274
33 32 3258
33 34 4974
33 35 2140
33 36 6522
33 37 5542
33 38 740
33 39 5204
33 40 4474
33 41 134
33 42 4468
33 43 6277
33 44 4870
33 45 637
33 46 3924
33 47 4219
33 48 882
33 49 935
33 50 1086
33 51 1654
33 52 1996
33 53 4531
33 54 551
33 55 3867
33 56 1492
33 57 1712
33 58 700
33 59 1683
33 60 2536
33 61 7142
33 62 5601
33 63 3799
33 64 2262
33 65 6432
33 66 4288
33 67 2551
33 68 2148
33 69 3215
33 70 4961
34 1 3796
34 2 5219
34 3 794
34 4 3398
34 5 3248
34 6 5454
34 7 7349
34 8 1933
34 9 5970
34 10 5086
34 11 6739
34 12 1115
34 13 6214
34 14 2408
34 15 6281
34 16 11
34 17 656
34 18 1732
34 19 6483
34 20 4622
34 21 5820
34 22 5131
34 23 2129
34 24 1122
34 25 733
34 26 2253
34 27 5446
34 28 4903
34 29 7153
34 30 116
34 31 3250
34 32 5474
34 33 1570
34 35 6594
34 36 1065
34 37 1258
34 38 7017
34 39 3693
34 40 3288
34 41 6921
34 42 1530
34 43 2513
34 44 2348
34 45 4414
34 46 1937
34 47 7105
34 48 1101
34 49 6571
34 50 1430
34 51 3618
34 52 6443
34 53 5801
34 54 6755
34 55 1307
34 56 5443
34 57 1509
34 58 4648
34 59 5569
34 60 6949
34 61 3008
34 62 613
34 63 5526
34 64 5444
34 65 7111
34 66 4434
34 67 4934
34 68 2913
34 69 3826
34 70 652
35 1 3509
35 2 6965
35 3 6394
35 4 3557
35 5 6160
35 6 3651
35 7 1468
35 8 7477
35 9 5759
35 10 5563
35 11 4678
35 12 1931
35 13 199
35 14 5406
35 15 2889
35 16 4015
35 17 2634
35 18 3399
35 19 845
35 20 2763
35 21 2025
35 22 4360
35 23 4566
35 24 7498
35 25 3042
35 26 44
35 27 4691
35 28 4287
35 29 6245
35 30 4870
35 31 3749
35 32 7163
35 33 5974
35 34 5796
35 36 84
35 37 7295
35 38 454
35 39 5535
35 40 1468
35 41 2571
35 42 2599
35 43 1599
35 44 5126
35 45 5403
35 46 978
35 47 1659
35 48 6615
35 49 3865
35 50 4276
35 51 5784
35 52 1943
35 53 6864
35 54 3490
35 55 587
35 56 1472
35 57 3782
35 58 4459
35 59 4508
35 60 5740
35 61 3584
35 62 4077
35 63 111
35 64 2049
35 65 6500
35 66 4245
35 67 3200
35 68 2817
35 69 7465
35 70 7372
36 1 969
36 2 2181
36 3 4115
36 4 4745
36 5 4822
36 6 1888
36 7 3709
36 8 5663
36 9 3966
36 10 4552
36 11 4105
36 12 6435
36 13 1141
36 14 2197
36 15 5681
36 16 6878
36 17 1660
36 18 4021
36 19 181
36 20 121
36 21 5423
36 22 3151
36 23 4272
36 24 1351
36 25 4088
36 26 6087
36 27 3355
36 28 3984
36 29 4310
36 30 60
36 31 5311
36 32 7455
36 33 5759
36 34 1621
36 35 369
36 37 6410
36 38 5027
36 39 862
36 40 3956
36 41 4853
36 42 1032
36 43 6523
36 44 4186
36 45 215
36 46 3234
36 47 679
36 48 3809
36 49 413
36 50 1227
36 51 2843
36 52 7125
36 53 207
36 54 1045
36 55 449
36 56 4558
36 57 3234
36 58 5270
36 59 6609
36 60 2763
36 61 3558
36 62 6415
36 63 2097
36 64 319
36 65 295
36 66 7028
36 67 3820
36 68 480
36 69 5378
36 70 5926
37 1 3730
37 2 2110
37 3 7396
37 4 5780
37 5 3288
37 6 3450
37 7 1718
37 8 4848
37 9 5235
37 10 1182
37 11 5685
37 12 6944
37 13 4646
37 14 4668
37 15 3898
37 16 4068
37 17 4114
37 18 7368
37 19 5872
37 20 6050
37 21 4608
37 22 4432
37 23 6265
37 24 6541
37 25 2336
37 26 350
37 27 5614
37 28 865
37 29 6487
37 30 6818
37 31 2409
37 32 3899
37 33 620
37 34 3637
37 35 1978
37 36 2608
37 38 4727
37 39 5092
37 40 6836
37 41 5105
37 42 6836
37 43 3903
37 44 5586
37 45 1610
37 46 5652
37 47 4197
37 48 838
37 49 2360
37 50 1636
37 51 3739
37 52 4891
37 53 2479
37 54 6289
37 55 1388
37 56 3482
37 57 3565
37 58 7133
37 59 347
37 60 1949
37 61 810
37 62 6699
37 63 7354
37 64 5503
37 65 628
37 66 561
37 67 6321
37 68 1574
37 69 4490
37 70 5473
38 1 5377
38 2 5673
38 3 6381
38 4 3555
38 5 472
38 6 4797
38 7 4874
38 8 4885
38 9 645
38 10 3000
38 11 5636
38 12 673
38 13 6862
38 14 3321
38 15 835
38 16 5373
38 17 2977
38 18 6035
38 19 6104
38 20 3306
38 21 3261
38 22 783
38 23 2033
38 24 4533
38 25 1285
38 26 5186
38 27 1261
38 28 4972
38 29 6038
38 30 3049
38 31 180
38 32 2314
38 33 3311
38 34 3105
38 35 3100
38 36 404
38 37 7136
38 39 1020
38 40 790
38 41 7050
38 42 5716
38 43 145
38 44 7363
38 45 680
38 46 5549
38 47 4289
38 48 5052
38 49 5641
38 50 4206
38 51 5949
38 52 2175
38 53 1884
38 54 6226
38 55 2277
38 56 476
38 57 7464
38 58 3845
38 59 1066
38 60 1568
38 61 7284
38 62 727
38 63 4469
38 64 4368
38 65 7347
38 66 5802
38 67 3107
38 68 1537
38 69 7425
38 70 1833
39 1 176
39 2 105
39 3 5335
39 4 1774
39 5 6278
39 6 6368
39 7 53
39 8 2093
39 9 2363
39 10 4703
39 11 4903
39 12 6598
39 13 3632
39 14 839
39 15 7389
39 16 5033
39 17 2541
39 18 733
39 19 5913
39 20 3762
39 21 110
39 22 2351
39 23 647
39 24 392
39 25 6601
39 26 30
39 27 289
39 28 5114
39 29 3193
39 30 6114
39 31 5262
39 32 4499
39 33 3262
39 34 3302
39 35 5663
39 36 1667
39 37 4197
39 38 2619
39 40 1355
39 41 3616
39 42 3253
39 43 830
39 44 122
39 45 5482
39 46 1352
39 47 91
39 48 5613
39 49 6505
39 50 7296
39 51 5707
39 52 2519
39 53 2035
39 54 5718
39 55 5618
39 56 7349
39 57 4768
39 58 1635
39 59 6622
39 60 844
39 61 4433
39 62 1835
39 63 1694
39 64 845
39 65 990
39 66 7277
39 67 7196
39 68 445
39 69 7182
39 70 1076
40 1 6863
40 2 6760
40 3 4526
40 4 378
40 5 2716
40 6 1847
40 7 1510
40 8 1532
40 9 7255
40 10 3214
40 11 1371
40 12 1758
40 13 4106
40 14 7124
40 15 3493
40 16 5964
40 17 1674
40 18 663
40 19 7193
40 20 6862
40 21 1890
40 22 3715
40 23 1591
40 24 6786
40 25 6547
40 26 2698
40 27 7211
40 28 383
40 29 1283
40 30 4202
40 31 2572
40 32 4024
40 33 4958
40 34 27
40 35 7357
40 36 5246
40 37 5047
40 38 1241
40 39 97
40 41 58
40 42 439
40 43 160
40 44 1609
40 45 6119
40 46 913
40 47 6197
40 48 2210
40 49 7430
40 50 3753
40 51 455
40 52 7205
40 53 7218
40 54 2307
40 55 4140
40 56 3443
40 57 3318
40 58 3960
40 59 3805
40 60 2892
40 61 4858
40 62 4882
40 63 4229
40 64 6710
40 65 5084
40 66 2923
40 67 3617
40 68 6465
40 69 6225
40 70 238
41 1 770
41 2 4619
41 3 6155
41 4 2920
41 5 797
41 6 3504
41 7 7025
41 8 4708
41 9 148
41 10 5871
41 11 1845
41 12 2124
41 13 628
41 14 1552
41 15 5342
41 16 1295
41 17 4445
41 18 4983
41 19 5582
41 20 5845
41 21 5692
41 22 1343
41 23 4778
41 24 1998
41 25 1463
41 26 3037
41 27 4145
41 28 966
41 29 236
41 30 412
41 31 361
41 32 3944
41 33 6615
41 34 7221
41 35 2084
41 36 1512
41 37 5463
41 38 6870
41 39 7405
41 40 429
41 42 6692
41 43 1982
41 44 3993
41 45 4566
41 46 2789
41 47 3843
41 48 3412
41 49 2035
41 50 86
41 51 1036
41 52 4997
41 53 276
41 54 6647
41 55 6699
41 56 1410
41 57 240
41 58 1211
41 59 3882
41 60 2996
41 61 1660
41 62 996
41 63 1014
41 64 3200
41 65 3760
41 66 7115
41 67 7483
41 68 638
41 69 1230
41 70 5385
42 1 7340
42 2 3297
42 3 5637
42 4 3235
42 5 7234
42 6 4169
42 7 1623
42 8 6424
42 9 6989
42 10 801
42 11 6029
42 12 5628
42 13 1083
42 14 1055
42 15 975
42 16 2390
42 17 566
42 18 6632
42 19 3061
42 20 1049
42 21 5177
42 22 5983
42 23 1368
42 24 2464
42 25 4246
42 26 791
42 27 3209
42 28 4145
42 29 1402
42 30 687
42 31 1718
42 32 4310
42 33 3036
42 34 7
42 35 3437
42 36 3863
42 37 5740
42 38 178
42 39 1929
42 40 6770
42 41 687
42 43 93
42 44 5907
42 45 4680
42 46 3034
42 47 5241
42 48 3861
42 49 3752
42 50 5818
42 51 3445
42 52 2293
42 53 5522
42 54 5511
42 55 5253
42 56 3194
42 57 6809
42 58 3725
42 59 2201
42 60 4273
42 61 7071
42 62 4093
42 63 3504
42 64 509
42 65 7348
42 66 4527
42 67 1616
42 68 1751
42 69 1884
42 70 4813
43 1 1854
43 2 7305
43 3 6151
43 4 3429
43 5 234
43 6 5582
43 7 795
43 8 1041
43 9 1032
43 10 1517
43 11 6617
43 12 3829
43 13 607
43 14 6512
43 15 5453
43 16 1996
43 17 5257
43 18 795
43 19 125
43 20 3
43 21 2389
43 22 400
43 23 3895
43 24 156
43 25 1010
43 26 3431
43 27 3544
43 28 6948
43 29 3395
43 30 2519
43 31 2884
43 32 2352
43 33 6648
43 34 5505
43 35 2236
43 36 4454
43 37 5532
43 38 6017
43 39 843
43 40 7050
43 41 6787
43 42 7484
43 44 5025
43 45 5869
43 46 160
43 47 4271
43 48 6936
43 49 4757
43 50 6839
43 51 2315
43 52 3802
43 53 4894
43 54 4882
43 55 3059
43 56 7225
43 57 5068
43 58 3435
43 59 4190
43 60 2614
43 61 7060
43 62 1602
43 63 5561
43 64 3154
43 65 7433
43 66 3624
43 67 618
43 68 1167
43 69 3967
43 70 21
44 1 1203
44 2 4482
44 3 1379
44 4 1446
44 5 4133
44 6 7129
44 7 3319
44 8 2548
44 9 6758
44 10 2963
44 11 7004
44 12 6849
44 13 796
44 14 6215
44 15 5163
44 16 1038
44 17 5376
44 18 3781
44 19 2821
44 20 3534
44 21 1096
44 22 6957
44 23 5984
44 24 586
44 25 1513
44 26 1061
44 27 1594
44 28 607
44 29 4868
44 30 2647
44 31 6992
44 32 443
44 33 1445
44 34 950
44 35 827
44 36 3440
44 37 5568
44 38 1122
44 39 6248
44 40 4589
44 41 4149
44 42 6317
44 43 440
44 45 6589
44 46 3889
44 47 824
44 48 6249
44 49 6107
44 50 5836
44 51 4411
44 52 2009
44 53 5478
44 54 3970
44 55 2315
44 56 7235
44 57 5341
44 58 4815
44 59 6879
44 60 1322
44 61 4272
44 62 1155
44 63 2280
44 64 1022
44 65 716
44 66 2073
44 67 96
44 68 215
44 69 2572
44 70 3158
45 1 5171
45 2 1561
45 3 1065
45 4 1199
45 5 2384
45 6 5352
45 7 1875
45 8 6378
45 9 2936
45 10 1845
45 11 6582
45 12 4425
45 13 5454
45 14 68
45 15 7128
45 16 4850
45 17 1702
45 18 4095
45 19 3293
45 20 2709
45 21 4118
45 22 7057
45 23 7435
45 24 5905
45 25 7452
45 26 3056
45 27 3369
45 28 7439
45 29 6418
45 30 1114
45 31 3904
45 32 5956
45 33 1676
45 34 6087
45 35 7433
45 36 5269
45 37 7306
45 38 4504
45 39 3522
45 40 3209
45 41 3615
45 42 7217
45 43 6710
45 44 3355
45 46 5384
45 47 1845
45 48 6068
45 49 7234
45 50 667
45 51 3522
45 52 4273
45 53 3203
45 54 723
45 55 4391
45 56 2640
45 57 26
45 58 2283
45 59 335
45 60 2608
45 61 899
45 62 101
45 63 4311
45 64 1211
45 65 4653
45 66 2279
45 67 2203
45 68 3104
45 69 6714
45 70 5382
46 1 3915
46 2 4105
46 3 6848
46 4 3972
46 5 5152
46 6 3696
46 7 6677
46 8 5035
46 9 2531
46 10 3144
46 11 2847
46 12 2854
46 13 6453
46 14 7052
46 15 7143
46 16 2558
46 17 558
46 18 3584
46 19 1231
46 20 6286
46 21 6946
46 22 6604
46 23 4222
46 24 6702
46 25 6805
46 26 3475
46 27 5870
46 28 756
46 29 3916
46 30 4089
46 31 757
46 32 1390
46 33 6732
46 34 2918
46 35 5794
46 36 2391
46 37 2633
46 38 5735
46 39 3154
46 40 3240
46 41 4535
46 42 400
46 43 5478
46 44 4610
46 45 503
46 47 7115
46 48 317
46 49 459
46 50 2232
46 51 3589
46 52 583
46 53 6090
46 54 807
46 55 1377
46 56 6943
46 57 7481
46 58 5449
46 59 1934
46 60 5713
46 61 2980
46 62 5392
46 63 3244
46 64 3283
46 65 395
46 66 3884
46 67 2009
46 68 6316
46 69 3888
46 70 2351
47 1 7269
47 2 3728
47 3 6554
47 4 4635
47 5 7087
47 6 3688
47 7 1135
47 8 5797
47 9 5997
47 10 1082
47 11 4532
47 12 4565
47 13 5466
47 14 5912
47 15 3716
47 16 5119
47 17 3202
47 18 2406
47 19 1352
47 20 4716
47 21 5074
47 22 2841
47 23 7046
47 24 6416
47 25 5020
47 26 4777
47 27 4076
47 28 7376
47 29 1489
47 30 844
47 31 392
47 32 165
47 33 1963
47 34 6693
47 35 6427
47 36 6754
47 37 6190
47 38 41
47 39 1355
47 40 6432
47 41 4617
47 42 946
47 43 7171
47 44 7341
47 45 5674
47 46 6193
47 48 4918
47 49 7356
47 50 47
47 51 6172
47 52 5752
47 53 7412
47 54 427
47 55 4486
47 56 7364
47 57 1396
47 58 677
47 59 1080
47 60 4219
47 61 1336
47 62 3315
47 63 2786
47 64 196
47 65 860
47 66 3313
47 67 866
47 68 3885
47 69 2447
47 70 4833
48 1 6867
48 2 4210
48 3 623
48 4 1460
48 5 5358
48 6 4895
48 7 1372
48 8 367
48 9 611
48 10 6041
48 11 3140
48 12 5966
48 13 23
48 14 7401
48 15 4016
48 16 895
48 17 2323
48 18 3971
48 19 4087
48 20 6366
48 21 2563
48 22 367
48 23 4230
48 24 1796
48 25 3177
48 26 6412
48 27 3120
48 28 5034
48 29 6410
48 30 5487
48 31 2218
48 32 2633
48 33 6854
48 34 7136
48 35 5070
48 36 2855
48 37 3427
48 38 2743
48 39 1379
48 40 3141
48 41 5466
48 42 3415
48 43 5675
48 44 2675
48 45 3004
48 46 6513
48 47 1264
48 49 2059
48 50 187
48 51 4431
48 52 2420
48 53 6591
48 54 6302
48 55 6595
48 56 2688
48 57 4440
48 58 5456
48 59 1219
48 60 1500
48 61 6403
48 62 5234
48 63 3367
48 64 1733
48 65 660
48 66 826
48 67 4788
48 68 5767
48 69 4580
48 70 7067
49 1 4652
49 2 5404
49 3 2290
49 4 2198
49 5 2135
49 6 4947
49 7 2952
49 8 6119
49 9 4213
49 10 570
49 11 2647
49 12 926
49 13 4432
49 14 3208
49 15 1119
49 16 6642
49 17 2798
49 18 7388
49 19 6131
49 20 2271
49 21 7204
49 22 2271
49 23 4254
49 24 1403
49 25 6509
49 26 3836
49 27 1906
49 28 841
49 29 215
49 30 2182
49 31 5247
49 32 7445
49 33 3598
49 34 6734
49 35 1941
49 36 6463
49 37 2359
49 38 905
49 39 1038
49 40 4767
49 41 1190
49 42 3145
49 43 4207
49 44 2691
49 45 626
49 46 2386
49 47 7136
49 48 929
49 50 4552
49 51 4151
49 52 573
49 53 907
49 54 6111
49 55 7372
49 56 5932
49 57 6155
49 58 409
49 59 3622
49 60 7246
49 61 3274
49 62 3941
49 63 3190
49 64 3936
49 65 2412
49 66 3259
49 67 541
49 68 3564
49 69 5710
49 70 1693
50 1 7210
50 2 6849
50 3 7061
50 4 6679
50 5 4311
50 6 1607
50 7 1702
50 8 6289
50 9 6509
50 10 5312
50 11 4091
50 12 3276
50 13 5438
50 14 2147
50 15 3524
50 16 885
50 17 3289
50 18 1838
50 19 7245
50 20 1557
50 21 7007
50 22 2835
50 23 1210
50 24 1104
50 25 2430
50 26 7442
50 27 6554
50 28 2717
50 29 3223
50 30 1785
50 31 4097
50 32 4266
50 33 2892
50 34 4809
50 35 2371
50 36 433
50 37 4136
50 38 877
50 39 1806
50 40 2034
50 41 5356
50 42 6984
50 43 1828
50 44 5024
50 45 6718
50 46 5342
50 47 7413
50 48 6672
50 49 6185
50 51 980
50 52 6525
50 53 1386
50 54 2683
50 55 988
50 56 1834
50 57 5176
50 58 4263
50 59 7270
50 60 7179
50 61 6123
50 62 5776
50 63 136
50 64 2602
50 65 1560
50 66 1156
50 67 6678
50 68 5613
50 69 1957
50 70 820
51 1 5739
51 2 4228
51 3 553
51 4 3189
51 5 3358
51 6 4369
51 7 7135
51 8 5355
51 9 5072
51 10 5038
51 11 563
51 12 3684
51 13 3665
51 14 2016
51 15 6733
51 16 6871
51 17 6389
51 18 5787
51 19 6608
51 20 5228
51 21 3790
51 22 2742
51 23 6533
51 24 5599
51 25 7463
51 26 3099
51 27 1795
51 28 6896
51 29 1229
51 30 2096
51 31 2468
51 32 7366
51 33 6354
51 34 1464
51 35 471
51 36 5097
51 37 541
51 38 6293
51 39 6781
51 40 3818
51 41 3190
51 42 2340
51 43 1515
51 44 7218
51 45 901
51 46 5076
51 47 3071
51 48 1755
51 49 1997
51 50 7400
51 52 716
51 53 6006
51 54 126
51 55 3945
51 56 5657
51 57 5439
51 58 2445
51 59 4808
51 60 4250
51 61 7317
51 62 6957
51 63 1996
51 64 3741
51 65 500
51 66 3987
51 67 2050
51 68 733
51 69 4903
51 70 1769
52 1 5012
52 2 7204
52 3 4432
52 4 287
52 5 4779
52 6 165
52 7 7291
52 8 4951
52 9 2159
52 10 131
52 11 2178
52 12 1183
52 13 5864
52 14 6616
52 15 6227
52 16 1751
52 17 6650
52 18 7464
52 19 7429
52 20 3945
52 21 5008
52 22 7162
52 23 6339
52 24 2099
52 25 4973
52 26 4372
52 27 3008
52 28 5157
52 29 6277
52 30 5385
52 31 2016
52 32 262
52 33 7197
52 34 4385
52 35 6183
52 36 2579
52 37 3997
52 38 3520
52 39 6955
52 40 660
52 41 2442
52 42 932
52 43 4775
52 44 1333
52 45 2188
52 46 4214
52 47 1914
52 48 783
52 49 5307
52 50 4020
52 51 6031
52 53 2677
52 54 2154
52 55 4578
52 56 3238
52 57 857
52 58 1216
52 59 2292
52 60 5971
52 61 22
52 62 4262
52 63 1006
52 64 3146
52 65 5474
52 66 1340
52 67 7401
52 68 4761
52 69 3518
52 70 5339
53 1 1603
53 2 101
53 3 6072
53 4 5763
53 5 1230
53 6 3189
53 7 6313
53 8 3725
53 9 2419
53 10 490
53 11 2874
53 12 5969
53 13 5845
53 14 989
53 15 5093
53 16 5901
53 17 707
53 18 848
53 19 3593
53 20 1198
53 21 3780
53 22 3708
53 23 833
53 24 7171
53 25 7313
53 26 4878
53 27 4978
53 28 3323
53 29 1270
53 30 2302
53 31 5214
53 32 2024
53 33 304
53 34 10
53 35 5605
53 36 1915
53 37 1939
53 38 6601
53 39 1582
53 40 2620
53 41 4375
53 42 4030
53 43 1878
53 44 6893
53 45 5674
53 46 2926
53 47 6692
53 48 198
53 49 6520
53 50 3230
53 51 6603
53 52 6117
53 54 2637
53 55 4913
53 56 2765
53 57 4129
53 58 815
53 59 1102
53 60 990
53 61 1329
53 62 1076
53 63 6334
53 64 2429
53 65 6906
53 66 559
53 67 1798
53 68 1589
53 69 3730
53 70 4180
54 1 36
54 2 2825
54 3 3009
54 4 4205
54 5 4883
54 6 1689
54 7 7212
54 8 3751
54 9 6616
54 10 1346
54 11 6521
54 12 2887
54 13 3154
54 14 3027
54 15 5288
54 16 763
54 17 5974
54 18 5360
54 19 3994
54 20 4802
54 21 4730
54 22 247
54 23 7336
54 24 5079
54 25 3453
54 26 5005
54 27 142
54 28 764
54 29 1822
54 30 6994
54 31 7234
54 32 4439
54 33 6318
54 34 4166
54 35 6106
54 36 1384
54 37 966
54 38 2435
54 39 7310
54 40 2014
54 41 5652
54 42 1078
54 43 2859
54 44 3350
54 45 7023
54 46 1457
54 47 323
54 48 5277
54 49 1972
54 50 6286
54 51 5257
54 52 1539
54 53 4549
54 55 529
54 56 7204
54 57 2409
54 58 7184
54 59 7443
54 60 834
54 61 4108
54 62 4218
54 63 3731
54 64 1629
54 65 5524
54 66 5608
54 67 32
54 68 3795
54 69 2694
54 70 1209
55 1 4507
55 2 3657
55 3 6391
55 4 4640
55 5 1007
55 6 6869
55 7 4867
55 8 3104
55 9 18
55 10 2044
55 11 7367
55 12 7045
55 13 5850
55 14 1002
55 15 110
55 16 4762
55 17 3463
55 18 4039
55 19 2987
55 20 1693
55 21 5713
55 22 7249
55 23 1463
55 24 3502
55 25 3359
55 26 2105
55 27 5794
55 28 5349
55 29 2631
55 30 3966
55 31 3224
55 32 1889
55 33 6601
55 34 5406
55 35 1920
55 36 3595
55 37 3794
55 38 2364
55 39 3647
55 40 4050
55 41 103
55 42 6955
55 43 179
55 44 960
55 45 6453
55 46 4313
55 47 478
55 48 1000
55 49 6887
55 50 2741
55 51 1937
55 52 4095
55 53 5670
55 54 3297
55 56 6293
55 57 5771
55 58 6198
55 59 2349
55 60 1943
55 61 5179
55 62 5815
55 63 213
55 64 6439
55 65 3566
55 66 74
55 67 7033
55 68 1406
55 69 1027
55 70 1705
56 1 4231
56 2 2681
56 3 3650
56 4 2205
56 5 5567
56 6 4557
56 7 169
56 8 3731
56 9 5245
56 10 6430
56 11 118
56 12 5807
56 13 3791
56 14 4515
56 15 4932
56 16 3485
56 17 2623
56 18 5323
56 19 4648
56 20 6013
56 21 933
56 22 6930
56 23 239
56 24 5508
56 25 4303
56 26 884
56 27 6161
56 28 3583
56 29 4469
56 30 3203
56 31 3871
56 32 3950
56 33 1549
56 34 349
56 35 1217
56 36 5218
56 37 725
56 38 467
56 39 3045
56 40 2189
56 41 6012
56 42 2048
56 43 6791
56 44 3557
56 45 1402
56 46 2471
56 47 1792
56 48 3521
56 49 5849
56 50 3648
56 51 4864
56 52 6815
56 53 7060
56 54 7119
56 55 1155
56 57 6183
56 58 1334
56 59 3132
56 60 2347
56 61 3456
56 62 1063
56 63 3652
56 64 6695
56 65 5137
56 66 5936
56 67 2310
56 68 3964
56 69 3399
56 70 2553
57 1 1646
57 2 4900
57 3 7234
57 4 1956
57 5 2209
57 6 5364
57 7 3689
57 8 6401
57 9 2005
57 10 4479
57 11 2607
57 12 966
57 13 5120
57 14 2345
57 15 5496
57 16 6902
57 17 4959
57 18 3535
57 19 308
57 20 2534
57 21 691
57 22 6335
57 23 7303
57 24 3939
57 25 6685
57 26 5443
57 27 618
57 28 1350
57 29 1173
57 30 4909
57 31 2990
57 32 4693
57 33 7233
57 34 7413
57 35 848
57 36 806
57 37 244
57 38 249
57 39 1422
57 40 5395
57 41 2083
57 42 1278
57 43 2980
57 44 7155
57 45 6096
57 46 6657
57 47 5234
57 48 6006
57 49 2457
57 50 7167
57 51 760
57 52 5351
57 53 1396
57 54 714
57 55 6250
57 56 425
57 58 1506
57 59 2032
57 60 724
57 61 2749
57 62 6466
57 63 2820
57 64 324
57 65 2941
57 66 7100
57 67 6621
57 68 2134
57 69 3154
57 70 7087
58 1 7152
58 2 822
58 3 2813
58 4 2807
58 5 3823
58 6 6257
58 7 542
58 8 1439
58 9 232
58 10 3530
58 11 4785
58 12 659
58 13 4548
58 14 4260
58 15 6194
58 16 2237
58 17 2936
58 18 2444
58 19 172
58 20 7318
58 21 7457
58 22 7013
58 23 787
58 24 956
58 25 3465
58 26 1498
58 27 3940
58 28 7132
58 29 3933
58 30 4616
58 31 4191
58 32 6023
58 33 6607
58 34 1082
58 35 4217
58 36 1046
58 37 7353
58 38 5638
58 39 2103
58 40 5366
58 41 4680
58 42 4840
58 43 1400
58 44 2291
58 45 3467
58 46 4708
58 47 7113
58 48 1220
58 49 1415
58 50 656
58 51 1546
58 52 4034
58 53 4215
58 54 54
58 55 1567
58 56 2763
58 57 2176
58 59 6239
58 60 4913
58 61 3113
58 62 5212
58 63 1784
58 64 2515
58 65 3898
58 66 4816
58 67 2705
58 68 6544
58 69 6508
58 70 2304
59 1 4148
59 2 5065
59 3 1887
59 4 5937
59 5 4248
59 6 4850
59 7 3303
59 8 4888
59 9 2402
59 10 655
59 11 60
59 12 2032
59 13 3368
59 14 5786
59 15 4642
59 16 5797
59 17 2321
59 18 293
59 19 5801
59 20 1367
59 21 4633
59 22 2392
59 23 7128
59 24 5381
59 25 93
59 26 3689
59 27 6357
59 28 3160
59 29 1434
59 30 157
59 31 6338
59 32 354
59 33 5024
59 34 5558
59 35 6143
59 36 6864
59 37 2308
59 38 1174
59 39 3698
59 40 5150
59 41 704
59 42 106
59 43 2570
59 44 2892
59 45 1313
59 46 117
59 47 5629
59 48 6495
59 49 7457
59 50 7088
59 51 96
59 52 5825
59 53 7045
59 54 7454
59 55 7004
59 56 2551
59 57 6232
59 58 6283
59 60 2549
59 61 3116
59 62 2461
59 63 3210
59 64 6353
59 65 1881
59 66 2172
59 67 7234
59 68 867
59 69 2950
59 70 2668
60 1 6687
60 2 3812
60 3 6702
60 4 7007
60 5 4381
60 6 1765
60 7 1998
60 8 1790
60 9 4694
60 10 3733
60 11 4135
60 12 3101
60 13 4503
60 14 6268
60 15 6586
60 16 4836
60 17 5630
60 18 3576
60 19 4161
60 20 984
60 21 3165
60 22 1450
60 23 4597
60 24 5536
60 25 5990
60 26 5892
60 27 2598
60 28 1104
60 29 182
60 30 4966
60 31 2864
60 32 1537
60 33 3323
60 34 3345
60 35 4875
60 36 4319
60 37 6949
60 38 3617
60 39 3291
60 40 156
60 41 2546
60 42 939
60 43 1107
60 44 424
60 45 2270
60 46 1298
60 47 6556
60 48 3450
60 49 4123
60 50 6996
60 51 2420
60 52 3525
60 53 7325
60 54 5862
60 55 3893
60 56 1268
60 57 4835
60 58 237
60 59 933
60 61 1310
60 62 1265
60 63 4793
60 64 6780
60 65 622
60 66 3098
60 67 6603
60 68 455
60 69 298
60 70 697
61 1 6618
61 2 4345
61 3 2884
61 4 6110
61 5 335
61 6 6076
61 7 2827
61 8 7274
61 9 6880
61 10 4430
61 11 139
61 12 3115
61 13 426
61 14 2518
61 15 6600
61 16 65
61 17 3035
61 18 763
61 19 6969
61 20 164
61 21 4167
61 22 2054
61 23 7192
61 24 342
61 25 997
61 26 3341
61 27 1506
61 28 4918
61 29 4472
61 30 6669
61 31 4057
61 32 5213
61 33 6976
61 34 2974
61 35 608
61 36 1879
61 37 2327
61 38 2466
61 39 1636
61 40 1737
61 41 773
61 42 4868
61 43 651
61 44 7037
61 45 5327
61 46 3793
61 47 6253
61 48 3648
61 49 5621
61 50 4179
61 51 3289
61 52 3246
61 53 3216
61 54 2905
61 55 5470
61 56 3653
61 57 3829
61 58 5790
61 59 5592
61 60 3468
61 62 1397
61 63 2939
61 64 3405
61 65 1151
61 66 4426
61 67 3852
61 68 2176
61 69 3838
61 70 4217
62 1 6439
62 2 6519
62 3 6335
62 4 1845
62 5 3253
62 6 3590
62 7 2783
62 8 1424
62 9 4216
62 10 3921
62 11 527
62 12 6455
62 13 6183
62 14 6494
62 15 953
62 16 1351
62 17 4074
62 18 2122
62 19 5066
62 20 1109
62 21 6637
62 22 5066
62 23 1033
62 24 3860
62 25 4295
62 26 1669
62 27 1160
62 28 3572
62 29 5836
62 30 4161
62 31 1548
62 32 6652
62 33 5261
62 34 4354
62 35 3833
62 36 4143
62 37 7226
62 38 2205
62 39 7436
62 40 1556
62 41 5317
62 42 6492
62 43 5022
62 44 2695
62 45 4484
62 46 552
62 47 2854
62 48 7252
62 49 5557
62 50 5641
62 51 5331
62 52 4256
62 53 1214
62 54 5805
62 55 2098
62 56 4114
62 57 5041
62 58 2156
62 59 3674
62 60 1225
62 61 6364
62 63 97
62 64 4904
62 65 5723
62 66 7132
62 67 2474
62 68 2696
62 69 3167
62 70 1866
63 1 5246
63 2 2313
63 3 4964
63 4 2875
63 5 482
63 6 4919
63 7 1199
63 8 795
63 9 7363
63 10 847
63 11 1375
63 12 593
63 13 2882
63 14 6564
63 15 3131
63 16 3863
63 17 4753
63 18 348
63 19 77
63 20 2257
63 21 2626
63 22 6780
63 23 2253
63 24 7134
63 25 940
63 26 2131
63 27 748
63 28 1614
63 29 7354
63 30 6171
63 31 3200
63 32 2187
63 33 4175
63 34 155
63 35 6349
63 36 1534
63 37 6582
63 38 385
63 39 7180
63 40 425
63 41 6899
63 42 2141
63 43 5999
63 44 6956
63 45 4925
63 46 5729
63 47 1452
63 48 7296
63 49 287
63 50 2715
63 51 4729
63 52 7165
63 53 5788
63 54 3639
63 55 3289
63 56 4421
63 57 2825
63 58 1409
63 59 1504
63 60 5700
63 61 6116
63 62 6495
63 64 7288
63 65 7103
63 66 57
63 67 4967
63 68 3403
63 69 3572
63 70 6404
64 1 6431
64 2 6673
64 3 5317
64 4 6617
64 5 1042
64 6 2547
64 7 2036
64 8 70
64 9 3763
64 10 6584
64 11 5054
64 12 2685
64 13 6752
64 14 7111
64 15 2911
64 16 1796
64 17 373
64 18 2964
64 19 1095
64 20 5925
64 21 3252
64 22 2454
64 23 962
64 24 2171
64 25 6994
64 26 6203
64 27 1291
64 28 2853
64 29 7263
64 30 5683
64 31 6114
64 32 401
64 33 4901
64 34 6392
64 35 5254
64 36 4474
64 37 3309
64 38 2214
64 39 5233
64 40 456
64 41 6712
64 42 1048
64 43 5476
64 44 5144
64 45 4731
64 46 6658
64 47 4413
64 48 2274
64 49 2152
64 50 2247
64 51 132
64 52 5191
64 53 7259
64 54 697
64 55 1728
64 56 3046
64 57 3953
64 58 639
64 59 5604
64 60 3100
64 61 4147
64 62 3786
64 63 1532
64 65 1605
64 66 3617
64 67 6246
64 68 6052
64 69 6594
64 70 5408
65 1 6674
65 2 7083
65 3 4490
65 4 872
65 5 6863
65 6 5510
65 7 6500
65 8 4838
65 9 592
65 10 5543
65 11 5313
65 12 450
65 13 4082
65 14 7063
65 15 1054
65 16 1371
65 17 3972
65 18 6342
65 19 4478
65 20 6183
65 21 6488
65 22 3552
65 23 3806
65 24 2284
65 25 4672
65 26 5674
65 27 5974
65 28 5980
65 29 2803
65 30 2971
65 31 5488
65 32 6895
65 33 1298
65 34 5165
65 35 7016
65 36 6844
65 37 1023
65 38 7083
65 39 2156
65 40 4817
65 41 1741
65 42 726
65 43 722
65 44 7181
65 45 5083
65 46 5512
65 47 2364
65 48 5545
65 49 7403
65 50 1334
65 51 6436
65 52 6594
65 53 1682
65 54 2336
65 55 6118
65 56 160
65 57 505
65 58 1482
65 59 3207
65 60 4246
65 61 5600
65 62 7319
65 63 7165
65 64 884
65 66 6561
65 67 7108
65 68 21
65 69 6113
65 70 908
66 1 402
66 2 4501
66 3 6860
66 4 954
66 5 5356
66 6 4333
66 7 454
66 8 913
66 9 6834
66 10 4989
66 11 3763
66 12 321
66 13 6147
66 14 5071
66 15 1477
66 16 7188
66 17 3183
66 18 5306
66 19 834
66 20 4551
66 21 3023
66 22 7174
66 23 3476
66 24 3197
66 25 3181
66 26 284
66 27 3780
66 28 3475
66 29 3813
66 30 5528
66 31 3560
66 32 1294
66 33 6429
66 34 4496
66 35 5352
66 36 3175
66 37 4661
66 38 5711
66 39 1644
66 40 4740
66 41 1575
66 42 1676
66 43 1162
66 44 6683
66 45 664
66 46 315
66 47 909
66 48 3374
66 49 531
66 50 438
66 51 4625
66 52 2561
66 53 4806
66 54 5880
66 55 6335
66 56 6883
66 57 5346
66 58 1471
66 59 4713
66 60 2841
66 61 6114
66 62 3443
66 63 3765
66 64 3649
66 65 4595
66 67 2751
66 68 577
66 69 5450
66 70 3786
67 1 5293
67 2 4096
67 3 181
67 4 3581
67 5 374
67 6 2724
67 7 5205
67 8 5379
67 9 3614
67 10 5404
67 11 2232
67 12 5655
67 13 6089
67 14 6220
67 15 567
67 16 6621
67 17 2221
67 18 6312
67 19 410
67 20 6814
67 21 126
67 22 3266
67 23 6336
67 24 6794
67 25 5483
67 26 3580
67 27 6328
67 28 3711
67 29 3765
67 30 3603
67 31 1136
67 32 3110
67 33 1014
67 34 1328
67 35 5937
67 36 1350
67 37 5518
67 38 1998
67 39 647
67 40 1830
67 41 3775
67 42 3916
67 43 556
67 44 4593
67 45 4248
67 46 459
67 47 6076
67 48 4715
67 49 3199
67 50 850
67 51 1065
67 52 2553
67 53 9
67 54 6623
67 55 7411
67 56 7270
67 57 3515
67 58 6109
67 59 483
67 60 5634
67 61 6713
67 62 2212
67 63 3138
67 64 4909
67 65 46
67 66 1440
67 68 3832
67 69 87
67 70 7177
68 1 2604
68 2 5236
68 3 5403
68 4 6465
68 5 3043
68 6 6677
68 7 7103
68 8 7235
68 9 5320
68 10 4761
68 11 907
68 12 5172
68 13 6855
68 14 3
68 15 1728
68 16 764
68 17 2677
68 18 4760
68 19 5547
68 20 4010
68 21 2867
68 22 2297
68 23 6037
68 24 2292
68 25 1048
68 26 5163
68 27 15
68 28 2106
68 29 6866
68 30 166
68 31 4403
68 32 350
68 33 292
68 34 3653
68 35 6361
68 36 5623
68 37 823
68 38 888
68 39 3831
68 40 4733
68 41 7298
68 42 7324
68 43 7363
68 44 6590
68 45 2664
68 46 3004
68 47 4726
68 48 6257
68 49 1393
68 50 4103
68 51 4436
68 52 6150
68 53 2059
68 54 3487
68 55 2473
68 56 2476
68 57 3010
68 58 2158
68 59 519
68 60 3488
68 61 5304
68 62 2073
68 63 3264
68 64 32
68 65 5237
68 66 6357
68 67 5827
68 69 2637
68 70 6036
69 1 5246
69 2 1822
69 3 6660
69 4 496
69 5 1178
69 6 92
69 7 717
69 8 7385
69 9 386
69 10 2885
69 11 5892
69 12 5389
69 13 1361
69 14 5873
69 15 1226
69 16 3866
69 17 4810
69 18 6517
69 19 5344
69 20 885
69 21 6403
69 22 4535
69 23 5226
69 24 425
69 25 3873
69 26 3393
69 27 1436
69 28 5838
69 29 4146
69 30 5076
69 31 1324
69 32 2431
69 33 1359
69 34 1937
69 35 2026
69 36 4699
69 37 3861
69 38 682
69 39 2814
69 40 6417
69 41 2895
69 42 5035
69 43 4999
69 44 731
69 45 1774
69 46 1824
69 47 3315
69 48 330
69 49 1975
69 50 2984
69 51 4849
69 52 2318
69 53 3865
69 54 3928
69 55 50
69 56 5712
69 57 769
69 58 6716
69 59 5625
69 60 6394
69 61 4809
69 62 3305
69 63 1969
69 64 4726
69 65 5896
69 66 2284
69 67 1504
69 68 4061
69 70 5915
70 1 4332
70 2 5152
70 3 2351
70 4 938
70 5 4742
70 6 6312
70 7 6170
70 8 713
70 9 343
70 10 1197
70 11 7247
70 12 2639
70 13 2509
70 14 3274
70 15 1554
70 16 7471
70 17 7410
70 18 1083
70 19 355
70 20 1482
70 21 1620
70 22 1207
70 23 1058
70 24 7257
70 25 6242
70 26 7159
70 27 1805
70 28 3006
70 29 2393
70 30 1828
70 31 3596
70 32 5815
70 33 2945
70 34 2922
70 35 3844
70 36 5634
70 37 2717
70 38 2437
70 39 1734
70 40 5681
70 41 3240
70 42 5402
70 43 598
70 44 3318
70 45 743
70 46 6200
70 47 7206
70 48 5503
70 49 7360
70 50 2059
70 51 1328
70 52 3307
70 53 1463
70 54 7107
70 55 2739
70 56 5456
70 57 4917
70 58 1036
70 59 7198
70 60 4639
70 61 3209
70 62 6695
70 63 4067
70 64 4433
70 65 4146
70 66 4333
70 67 5875
70 68 599
70 69 7421
