70 4830
1 2 523
1 3 565
1 4 4837
1 5 3675
1 6 4643
1 7 5644
1 8 1497
1 9 74
1 10 2382
1 11 6302
1 12 3141
1 13 1391
1 14 1870
1 15 3281
1 16 7005
1 17 4933
1 18 1215
1 19 5277
1 20 7282
1 21 1645
1 22 6973
1 23 5885
1 24 4825
1 25 1908
1 26 6006
1 27 1741
1 28 5143
1 29 4430
1 30 3127
1 31 7390
1 32 4024
1 33 6384
1 34 3127
1 35 6599
1 36 2444
1 37 4427
1 38 2933
1 39 423
1 40 6368
1 41 4377
1 42 5480
1 43 1703
1 44 1897
1 45 57
1 46 3360
1 47 2377
1 48 18
1 49 350
1 50 4409
1 51 10
1 52 1369
1 53 4456
1 54 3956
1 55 6336
1 56 84
1 57 6725
1 58 3690
1 59 1165
1 60 4392
1 61 3934
1 62 4164
1 63 6897
1 64 5131
1 65 2211
1 66 5257
1 67 4445
1 68 2528
1 69 4789
1 70 5788
2 1 3940
2 3 2337
2 4 171
2 5 1299
2 6 4102
2 7 1746
2 8 5885
2 9 7283
2 10 1516
2 11 2404
2 12 954
2 13 3074
2 14 6514
2 15 2951
2 16 4187
2 17 6004
2 18 5218
2 19 2823
2 20 232
2 21 1905
2 22 3320
2 23 3456
2 24 5438
2 25 4594
2 26 4958
2 27 3924
2 28 4366
2 29 5556
2 30 2527
2 31 5810
2 32 7213
2 33 1533
2 34 3731
2 35 4328
2 36 7350
2 37 4479
2 38 6695
2 39 3774
2 40 5426
2 41 5533
2 42 2323
2 43 6728
2 44 1992
2 45 1154
2 46 772
2 47 3481
2 48 687
2 49 6049
2 50 6073
2 51 1399
2 52 4227
2 53 1357
2 54 993
2 55 4373
2 56 573
2 57 5739
2 58 6811
2 59 1977
2 60 3493
2 61 7374
2 62 1247
2 63 5818
2 64 7072
2 65 7090
2 66 1573
2 67 2400
2 68 4819
2 69 3446
2 70 3860
3 1 4521
3 2 5431
3 4 5315
3 5 5218
3 6 1904
3 7 6862
3 8 1871
3 9 7033
3 10 2328
3 11 1975
3 12 4679
3 13 7363
3 14 7049
3 15 4404
3 16 3922
3 17 1201
3 18 1447
3 19 6338
3 20 6239
3 21 563
3 22 5228
3 23 6188
3 24 3031
3 25 6950
3 26 942
3 27 2334
3 28 254
3 29 1713
3 30 2263
3 31 3712
3 32 6192
3 33 1938
3 34 5252
3 35 3511
3 36 5393
3 37 3290
3 38 3237
3 39 3940
3 40 5025
3 41 1597
3 42 7229
3 43 5903
3 44 4197
3 45 2885
3 46 3274
3 47 6777
3 48 7162
3 49 5216
3 50 804
3 51 1442
3 52 2834
3 53 3362
3 54 2501
3 55 5077
3 56 5744
3 57 2101
3 58 1019
3 59 4954
3 60 5617
3 61 4938
3 62 803
3 63 3754
3 64 338
3 65 5447
3 66 1533
3 67 5723
3 68 4887
3 69 477
3 70 4079
4 1 3260
4 2 3490
4 3 4659
4 5 3922
4 6 473
4 7 2153
4 8 7373
4 9 4976
4 10 1085
4 11 601
4 12 2309
4 13 7492
4 14 2815
4 15 3139
4 16 7113
4 17 1760
4 18 2519
4 19 2741
4 20 3218
4 21 3152
4 22 1537
4 23 3232
4 24 917
4 25 3139
4 26 812
4 27 1794
4 28 4584
4 29 598
4 30 1518
4 31 249
4 32 4256
4 33 3579
4 34 1938
4 35 446
4 36 1949
4 37 2072
4 38 2390
4 39 4010
4 40 3951
4 41 1579
4 42 3534
4 43 234
4 44 109
4 45 4706
4 46 2542
4 47 1292
4 48 2808
4 49 6634
4 50 6825
4 51 3839
4 52 4358
4 53 4803
4 54 612
4 55 5308
4 56 4193
4 57 3520
4 58 6608
4 59 902
4 60 3114
4 61 7026
4 62 2055
4 63 639
4 64 3071
4 65 6566
4 66 5620
4 67 6557
4 68 4712
4 69 4688
4 70 5943
5 1 1568
5 2 2629
5 3 5860
5 4 181
5 6 2454
5 7 7245
5 8 1088
5 9 4606
5 10 5714
5 11 1545
5 12 2231
5 13 2121
5 14 1946
5 15 6170
5 16 2610
5 17 1522
5 18 4471
5 19 3550
5 20 4005
5 21 2887
5 22 3940
5 23 6098
5 24 582
5 25 3165
5 26 4938
5 27 941
5 28 6614
5 29 7087
5 30 5959
5 31 3339
5 32 5382
5 33 4812
5 34 5840
5 35 771
5 36 6442
5 37 6419
5 38 3958
5 39 1148
5 40 6023
5 41 714
5 42 145
5 43 7268
5 44 6292
5 45 3192
5 46 319
5 47 4072
5 48 4410
5 49 280
5 50 1381
5 51 585
5 52 6437
5 53 1245
5 54 3649
5 55 1944
5 56 2841
5 57 5507
5 58 6888
5 59 105
5 60 3875
5 61 4160
5 62 6020
5 63 6309
5 64 1091
5 65 1559
5 66 4812
5 67 2502
5 68 4293
5 69 6442
5 70 6338
6 1 3784
6 2 6040
6 3 1458
6 4 2039
6 5 2280
6 7 2817
6 8 3200
6 9 551
6 10 3570
6 11 1391
6 12 5561
6 13 3932
6 14 423
6 15 4451
6 16 4123
6 17 4058
6 18 21
6 19 3792
6 20 4540
6 21 4401
6 22 1901
6 23 1928
6 24 4000
6 25 4999
6 26 6485
6 27 4026
6 28 703
6 29 6820
6 30 3907
6 31 3821
6 32 4593
6 33 3174
6 34 3420
6 35 960
6 36 1505
6 37 6065
6 38 6274
6 39 4209
6 40 7474
6 41 4682
6 42 7258
6 43 141
6 44 1820
6 45 3740
6 46 7431
6 47 3398
6 48 4368
6 49 5483
6 50 2782
6 51 3929
6 52 4061
6 53 3536
6 54 4835
6 55 5758
6 56 1572
6 57 6015
6 58 306
6 59 390
6 60 7493
6 61 722
6 62 3234
6 63 6796
6 64 473
6 65 4914
6 66 1897
6 67 1320
6 68 986
6 69 6187
6 70 209
7 1 2591
7 2 3171
7 3 2350
7 4 7390
7 5 6405
7 6 48
7 8 6848
7 9 5446
7 10 7313
7 11 5821
7 12 2176
7 13 4175
7 14 861
7 15 725
7 16 6747
7 17 6784
7 18 5931
7 19 2887
7 20 4785
7 21 5407
7 22 4943
7 23 1225
7 24 4802
7 25 6695
7 26 5140
7 27 4051
7 28 1335
7 29 2624
7 30 1243
7 31 551
7 32 2914
7 33 2969
7 34 2936
7 35 5685
7 36 3951
7 37 7076
7 38 6792
7 39 1242
7 40 5877
7 41 4023
7 42 4292
7 43 5020
7 44 6600
7 45 3099
7 46 2724
7 47 5475
7 48 1600
7 49 6318
7 50 2640
7 51 5235
7 52 139
7 53 4857
7 54 4868
7 55 2927
7 56 7040
7 57 5392
7 58 3889
7 59 3533
7 60 6804
7 61 5599
7 62 5927
7 63 6616
7 64 861
7 65 533
7 66 2327
7 67 4328
7 68 4019
7 69 3267
7 70 6643
8 1 4441
8 2 3015
8 3 3902
8 4 2510
8 5 5340
8 6 4538
8 7 36
8 9 3055
8 10 414
8 11 6378
8 12 5274
8 13 1514
8 14 5835
8 15 5414
8 16 6582
8 17 2948
8 18 1306
8 19 6824
8 20 504
8 21 6680
8 22 3989
8 23 1727
8 24 1338
8 25 6604
8 26 4599
8 27 4387
8 28 4987
8 29 4649
8 30 4462
8 31 1780
8 32 6547
8 33 827
8 34 4457
8 35 5135
8 36 585
8 37 6605
8 38 661
8 39 6367
8 40 761
8 41 6408
8 42 4075
8 43 4481
8 44 6561
8 45 2310
8 46 5232
8 47 3072
8 48 4382
8 49 4366
8 50 4185
8 51 329
8 52 3103
8 53 242
8 54 7042
8 55 3109
8 56 886
8 57 5994
8 58 4491
8 59 620
8 60 7418
8 61 3200
8 62 7062
8 63 740
8 64 4541
8 65 4204
8 66 1086
8 67 1420
8 68 4769
8 69 113
8 70 4226
9 1 1043
9 2 2388
9 3 4623
9 4 7158
9 5 2003
9 6 7223
9 7 5826
9 8 7352
9 10 1081
9 11 7128
9 12 4252
9 13 5770
9 14 6135
9 15 2889
9 16 2410
9 17 2674
9 18 1067
9 19 5730
9 20 6890
9 21 5744
9 22 888
9 23 4177
9 24 5263
9 25 4885
9 26 5776
9 27 4597
9 28 295
9 29 4570
9 30 456
9 31 5693
9 32 6700
9 33 2127
9 34 3846
9 35 1902
9 36 4993
9 37 3345
9 38 4986
9 39 2480
9 40 6061
9 41 6670
9 42 5218
9 43 4350
9 44 5587
9 45 6099
9 46 1185
9 47 3201
9 48 1213
9 49 4946
9 50 4166
9 51 3917
9 52 1200
9 53 1670
9 54 4442
9 55 5198
9 56 3215
9 57 2223
9 58 5637
9 59 2927
9 60 6296
9 61 4917
9 62 1937
9 63 7019
9 64 4172
9 65 5950
9 66 2666
9 67 7348
9 68 4804
9 69 4131
9 70 6644
10 1 1863
10 2 3502
10 3 895
10 4 1501
10 5 388
10 6 6768
10 7 5663
10 8 1450
10 9 3693
10 11 1207
10 12 6164
10 13 4902
10 14 5580
10 15 507
10 16 2993
10 17 5014
10 18 5065
10 19 2745
10 20 7175
10 21 6443
10 22 1610
10 23 7362
10 24 5281
10 25 3244
10 26 5831
10 27 6952
10 28 4721
10 29 6569
10 30 5066
10 31 6383
10 32 304
10 33 5088
10 34 5376
10 35 7155
10 36 6706
10 37 6874
10 38 6544
10 39 3896
10 40 416
10 41 7486
10 42 6355
10 43 596
10 44 6910
10 45 7128
10 46 6880
10 47 1136
10 48 1003
10 49 4348
10 50 2198
10 51 3254
10 52 351
10 53 5042
10 54 5437
10 55 385
10 56 5784
10 57 5899
10 58 6260
10 59 67
10 60 1205
10 61 3565
10 62 5835
10 63 1718
10 64 4289
10 65 1256
10 66 7165
10 67 6723
10 68 4442
10 69 2906
10 70 864
11 1 4635
11 2 4515
11 3 7439
11 4 2772
11 5 4097
11 6 3731
11 7 6535
11 8 2971
11 9 4719
11 10 3187
11 12 6514
11 13 1963
11 14 3979
11 15 7416
11 16 2093
11 17 6442
11 18 7495
11 19 3475
11 20 6705
11 21 958
11 22 3428
11 23 6574
11 24 2486
11 25 3073
11 26 5726
11 27 1870
11 28 3263
11 29 1975
11 30 2507
11 31 3172
11 32 6600
11 33 404
11 34 4704
11 35 3200
11 36 6164
11 37 6647
11 38 3447
11 39 4871
11 40 5204
11 41 623
11 42 2412
11 43 1009
11 44 4182
11 45 7227
11 46 4340
11 47 2450
11 48 6733
11 49 4190
11 50 6185
11 51 2947
11 52 6971
11 53 2347
11 54 3745
11 55 1411
11 56 3054
11 57 7413
11 58 988
11 59 6115
11 60 6565
11 61 1249
11 62 522
11 63 5300
11 64 758
11 65 1495
11 66 1208
11 67 2824
11 68 1085
11 69 6244
11 70 6996
12 1 5341
12 2 2196
12 3 6346
12 4 6137
12 5 4218
12 6 3201
12 7 2887
12 8 6234
12 9 1570
12 10 6143
12 11 3357
12 13 2325
12 14 949
12 15 4461
12 16 862
12 17 775
12 18 4818
12 19 597
12 20 3010
12 21 793
12 22 5655
12 23 5180
12 24 3514
12 25 683
12 26 6121
12 27 465
12 28 4532
12 29 172
12 30 1150
12 31 6447
12 32 4887
12 33 623
12 34 4860
12 35 1481
12 36 2133
12 37 7024
12 38 6040
12 39 7110
12 40 2222
12 41 970
12 42 1518
12 43 3854
12 44 5830
12 45 2444
12 46 4059
12 47 5448
12 48 7348
12 49 6304
12 50 536
12 51 2173
12 52 5225
12 53 1758
12 54 5888
12 55 492
12 56 828
12 57 4970
12 58 3766
12 59 5792
12 60 1440
12 61 4243
12 62 3627
12 63 7429
12 64 2394
12 65 7077
12 66 264
12 67 3500
12 68 3543
12 69 1579
12 70 3390
13 1 3310
13 2 6674
13 3 693
13 4 3956
13 5 6529
13 6 5490
13 7 734
13 8 6099
13 9 6597
13 10 5869
13 11 2602
13 12 154
13 14 5647
13 15 7256
13 16 4140
13 17 659
13 18 7166
13 19 1218
13 20 541
13 21 3211
13 22 6165
13 23 4190
13 24 2433
13 25 3646
13 26 5314
13 27 5943
13 28 2456
13 29 2224
13 30 6181
13 31 4057
13 32 1679
13 33 4935
13 34 3816
13 35 2866
13 36 883
13 37 7185
13 38 8
13 39 3841
13 40 1374
13 41 5179
13 42 2481
13 43 689
13 44 5214
13 45 6308
13 46 504
13 47 2013
13 48 1183
13 49 5743
13 50 4174
13 51 6927
13 52 4344
13 53 3769
13 54 1122
13 55 4281
13 56 1699
13 57 990
13 58 3074
13 59 6171
13 60 759
13 61 1517
13 62 1052
13 63 6368
13 64 2753
13 65 1835
13 66 3508
13 67 2676
13 68 77
13 69 199
13 70 6029
14 1 2429
14 2 6659
14 3 2921
14 4 3479
14 5 5568
14 6 5707
14 7 6691
14 8 249
14 9 2640
14 10 2627
14 11 577
14 12 5031
14 13 6514
14 15 851
14 16 1607
14 17 7150
14 18 5054
14 19 6880
14 20 3058
14 21 6425
14 22 5414
14 23 3779
14 24 5304
14 25 586
14 26 7041
14 27 3443
14 28 3482
14 29 4039
14 30 756
14 31 2852
14 32 5594
14 33 1978
14 34 2495
14 35 2780
14 36 1640
14 37 1480
14 38 323
14 39 6481
14 40 4854
14 41 1374
14 42 3092
14 43 90
14 44 6871
14 45 6214
14 46 5450
14 47 5208
14 48 3518
14 49 1481
14 50 1090
14 51 2333
14 52 686
14 53 4364
14 54 1435
14 55 5916
14 56 6877
14 57 1472
14 58 5785
14 59 4623
14 60 1203
14 61 1353
14 62 6520
14 63 6886
14 64 5752
14 65 4115
14 66 855
14 67 5541
14 68 5139
14 69 3004
14 70 4841
15 1 5996
15 2 4025
15 3 5460
15 4 3427
15 5 2794
15 6 1964
15 7 4173
15 8 3706
15 9 3652
15 10 785
15 11 5921
15 12 5934
15 13 533
15 14 2462
15 16 307
15 17 4930
15 18 3078
15 19 1572
15 20 4315
15 21 5256
15 22 5564
15 23 945
15 24 2209
15 25 1533
15 26 4418
15 27 3738
15 28 6617
15 29 2573
15 30 704
15 31 5170
15 32 4008
15 33 5452
15 34 1758
15 35 844
15 36 3707
15 37 4508
15 38 5475
15 39 7297
15 40 6781
15 41 3220
15 42 2960
15 43 3195
15 44 2433
15 45 520
15 46 5500
15 47 1058
15 48 185
15 49 2344
15 50 6645
15 51 4922
15 52 5499
15 53 3375
15 54 1821
15 55 2220
15 56 2488
15 57 430
15 58 4040
15 59 6098
15 60 6687
15 61 1001
15 62 1651
15 63 6750
15 64 1750
15 65 2811
15 66 5736
15 67 373
15 68 5320
15 69 5383
15 70 2462
16 1 1316
16 2 6640
16 3 422
16 4 5823
16 5 1850
16 6 4703
16 7 5959
16 8 6749
16 9 5228
16 10 6344
16 11 5640
16 12 4340
16 13 1501
16 14 5725
16 15 1832
16 17 2343
16 18 5029
16 19 7043
16 20 5947
16 21 4620
16 22 2034
16 23 486
16 24 3982
16 25 6761
16 26 6714
16 27 6458
16 28 5178
16 29 6101
16 30 7393
16 31 360
16 32 6200
16 33 4663
16 34 383
16 35 1264
16 36 4089
16 37 1643
16 38 4093
16 39 2649
16 40 2961
16 41 2887
16 42 5301
16 43 3097
16 44 1034
16 45 964
16 46 2433
16 47 6402
16 48 6109
16 49 4563
16 50 5894
16 51 2136
16 52 4892
16 53 1884
16 54 5349
16 55 2864
16 56 7283
16 57 7347
16 58 5470
16 59 4814
16 60 1319
16 61 6037
16 62 2551
16 63 4603
16 64 3641
16 65 1454
16 66 927
16 67 4174
16 68 7367
16 69 5839
16 70 48
17 1 5075
17 2 3046
17 3 335
17 4 2337
17 5 235
17 6 6053
17 7 7054
17 8 2291
17 9 1458
17 10 6155
17 11 2931
17 12 6105
17 13 7454
17 14 6229
17 15 3219
17 16 2787
17 18 185
17 19 5257
17 20 407
17 21 3873
17 22 4225
17 23 1793
17 24 5925
17 25 7331
17 26 1427
17 27 6570
17 28 692
17 29 5892
17 30 2212
17 31 1726
17 32 533
17 33 2333
17 34 4263
17 35 2154
17 36 2095
17 37 626
17 38 1982
17 39 2467
17 40 35
17 41 3118
17 42 1241
17 43 3928
17 44 1806
17 45 7116
17 46 4666
17 47 4170
17 48 3081
17 49 3172
17 50 1839
17 51 6273
17 52 3461
17 53 5584
17 54 3002
17 55 7291
17 56 6874
17 57 7486
17 58 5691
17 59 2521
17 60 2880
17 61 7394
17 62 5916
17 63 7314
17 64 5731
17 65 2715
17 66 5908
17 67 5749
17 68 3740
17 69 6913
17 70 1104
18 1 6770
18 2 417
18 3 1683
18 4 2627
18 5 4784
18 6 2533
18 7 3716
18 8 2982
18 9 4031
18 10 4970
18 11 1933
18 12 4929
18 13 3018
18 14 1889
18 15 6961
18 16 3508
18 17 1347
18 19 6291
18 20 491
18 21 6269
18 22 1147
18 23 5915
18 24 3561
18 25 6945
18 26 1473
18 27 5446
18 28 4010
18 29 255
18 30 2675
18 31 5208
18 32 6810
18 33 3321
18 34 7222
18 35 6824
18 36 6759
18 37 4115
18 38 6233
18 39 5512
18 40 6108
18 41 2815
18 42 681
18 43 4515
18 44 7444
18 45 3783
18 46 2845
18 47 4076
18 48 7404
18 49 4075
18 50 1010
18 51 2465
18 52 5835
18 53 3835
18 54 7337
18 55 1142
18 56 7164
18 57 1673
18 58 758
18 59 208
18 60 2238
18 61 327
18 62 312
18 63 592
18 64 3502
18 65 4846
18 66 2352
18 67 851
18 68 5018
18 69 4556
18 70 4996
19 1 5821
19 2 6552
19 3 397
19 4 3510
19 5 6820
19 6 7127
19 7 215
19 8 527
19 9 3130
19 10 7097
19 11 5307
19 12 6634
19 13 878
19 14 4549
19 15 4289
19 16 3117
19 17 6465
19 18 2537
19 20 6908
19 21 3436
19 22 6417
19 23 5819
19 24 3665
19 25 713
19 26 7064
19 27 1050
19 28 6332
19 29 2714
19 30 6932
19 31 431
19 32 5193
19 33 6400
19 34 5612
19 35 150
19 36 5410
19 37 5317
19 38 5715
19 39 7481
19 40 1301
19 41 3876
19 42 920
19 43 7042
19 44 911
19 45 4323
19 46 933
19 47 3864
19 48 392
19 49 1487
19 50 383
19 51 6855
19 52 1003
19 53 6171
19 54 5175
19 55 2297
19 56 1416
19 57 4672
19 58 275
19 59 1710
19 60 7453
19 61 2902
19 62 1072
19 63 1811
19 64 4249
19 65 4245
19 66 1476
19 67 1093
19 68 5139
19 69 5802
19 70 3877
20 1 2856
20 2 1549
20 3 2075
20 4 3660
20 5 4802
20 6 3059
20 7 6248
20 8 3808
20 9 2358
20 10 4130
20 11 1251
20 12 7430
20 13 2569
20 14 1816
20 15 653
20 16 2205
20 17 5596
20 18 5548
20 19 2801
20 21 3311
20 22 5718
20 23 3881
20 24 6862
20 25 6954
20 26 2252
20 27 2472
20 28 1729
20 29 7383
20 30 5396
20 31 4637
20 32 1316
20 33 3094
20 34 4669
20 35 3379
20 36 4591
20 37 5154
20 38 5191
20 39 4994
20 40 6827
20 41 2230
20 42 7172
20 43 2538
20 44 2109
20 45 165
20 46 5444
20 47 1091
20 48 2235
20 49 6957
20 50 759
20 51 6934
20 52 5461
20 53 1476
20 54 4227
20 55 6682
20 56 2445
20 57 5159
20 58 4862
20 59 7329
20 60 7274
20 61 3926
20 62 2414
20 63 3268
20 64 454
20 65 1608
20 66 2448
20 67 4434
20 68 3571
20 69 2272
20 70 986
21 1 4910
21 2 3945
21 3 1985
21 4 6947
21 5 4623
21 6 2563
21 7 2261
21 8 4249
21 9 2174
21 10 805
21 11 4196
21 12 1828
21 13 1165
21 14 4681
21 15 1937
21 16 387
21 17 1944
21 18 2707
21 19 3732
21 20 1961
21 22 1610
21 23 3043
21 24 6604
21 25 3133
21 26 1404
21 27 2471
21 28 6423
21 29 2205
21 30 2183
21 31 5667
21 32 3475
21 33 2837
21 34 1703
21 35 4004
21 36 2391
21 37 6476
21 38 6803
21 39 4660
21 40 527
21 41 5216
21 42 233
21 43 3716
21 44 3752
21 45 5379
21 46 888
21 47 4852
21 48 5890
21 49 5769
21 50 1820
21 51 160
21 52 2926
21 53 1101
21 54 5757
21 55 1983
21 56 2211
21 57 435
21 58 454
21 59 6716
21 60 6684
21 61 1609
21 62 7397
21 63 6625
21 64 6060
21 65 6946
21 66 6184
21 67 2856
21 68 5926
21 69 2545
21 70 53
22 1 6815
22 2 3093
22 3 715
22 4 3261
22 5 1232
22 6 355
22 7 1660
22 8 1202
22 9 6403
22 10 337
22 11 4961
22 12 1575
22 13 6333
22 14 2268
22 15 4981
22 16 3724
22 17 1588
22 18 4340
22 19 4320
22 20 4812
22 21 5646
22 23 1473
22 24 6729
22 25 267
22 26 5851
22 27 7294
22 28 104
22 29 219
22 30 6424
22 31 5749
22 32 5820
22 33 1082
22 34 1716
22 35 7333
22 36 5713
22 37 3158
22 38 387
22 39 3839
22 40 2059
22 41 1725
22 42 5531
22 43 616
22 44 2575
22 45 2646
22 46 2286
22 47 44
22 48 5815
22 49 2261
22 50 2645
22 51 6850
22 52 4410
22 53 6879
22 54 2463
22 55 4207
22 56 1340
22 57 3142
22 58 5339
22 59 3244
22 60 6376
22 61 5765
22 62 2545
22 63 2659
22 64 3832
22 65 776
22 66 5965
22 67 5437
22 68 5965
22 69 7500
22 70 2194
23 1 5661
23 2 1872
23 3 4697
23 4 327
23 5 5465
23 6 4011
23 7 1575
23 8 6563
23 9 6484
23 10 5806
23 11 4008
23 12 1363
23 13 1313
23 14 6872
23 15 7032
23 16 678
23 17 5722
23 18 5466
23 19 2095
23 20 5125
23 21 3921
23 22 5197
23 24 1485
23 25 627
23 26 4268
23 27 5244
23 28 2329
23 29 6485
23 30 4670
23 31 4151
23 32 2465
23 33 6562
23 34 2503
23 35 3629
23 36 424
23 37 5828
23 38 2925
23 39 505
23 40 6205
23 41 6717
23 42 4276
23 43 3307
23 44 437
23 45 2427
23 46 2262
23 47 5982
23 48 1043
23 49 4604
23 50 3721
23 51 7128
23 52 3786
23 53 3363
23 54 4656
23 55 751
23 56 6496
23 57 3207
23 58 1950
23 59 2724
23 60 1263
23 61 818
23 62 6863
23 63 2899
23 64 3233
23 65 1340
23 66 6819
23 67 7305
23 68 6988
23 69 4042
23 70 3429
24 1 1585
24 2 5150
24 3 6930
24 4 2519
24 5 7048
24 6 5382
24 7 217
24 8 5197
24 9 3974
24 10 760
24 11 2103
24 12 695
24 13 3233
24 14 1857
24 15 1344
24 16 5933
24 17 2618
24 18 696
24 19 3292
24 20 5134
24 21 3803
24 22 1033
24 23 5156
24 25 2374
24 26 6270
24 27 3027
24 28 4360
24 29 4727
24 30 1206
24 31 1487
24 32 3548
24 33 3967
24 34 2293
24 35 2456
24 36 375
24 37 562
24 38 6338
24 39 5493
24 40 7169
24 41 4229
24 42 3505
24 43 6063
24 44 7304
24 45 2826
24 46 276
24 47 6706
24 48 444
24 49 7400
24 50 2122
24 51 5025
24 52 3713
24 53 5977
24 54 6106
24 55 7333
24 56 7172
24 57 263
24 58 1416
24 59 1
24 60 4812
24 61 5207
24 62 707
24 63 5928
24 64 3039
24 65 1841
24 66 3155
24 67 3274
24 68 7111
24 69 2071
24 70 4414
25 1 4746
25 2 4971
25 3 1660
25 4 5154
25 5 1562
25 6 3056
25 7 7071
25 8 466
25 9 1800
25 10 5881
25 11 2259
25 12 2500
25 13 2921
25 14 6314
25 15 7187
25 16 4209
25 17 5281
25 18 1298
25 19 2626
25 20 807
25 21 3444
25 22 414
25 23 1318
25 24 1993
25 26 6390
25 27 893
25 28 5939
25 29 4748
25 30 2680
25 31 5502
25 32 7102
25 33 4130
25 34 3587
25 35 7318
25 36 5529
25 37 385
25 38 5417
25 39 5259
25 40 4069
25 41 2377
25 42 4533
25 43 252
25 44 61
25 45 1052
25 46 2896
25 47 4138
25 48 456
25 49 1962
25 50 4285
25 51 5703
25 52 2787
25 53 5512
25 54 6540
25 55 1541
25 56 3869
25 57 4061
25 58 3530
25 59 4809
25 60 4358
25 61 4963
25 62 5501
25 63 4407
25 64 2767
25 65 5397
25 66 1079
25 67 7000
25 68 1858
25 69 5171
25 70 3348
26 1 6166
26 2 6931
26 3 6503
26 4 2475
26 5 3101
26 6 5212
26 7 7074
26 8 3827
26 9 4983
26 10 1585
26 11 1524
26 12 6492
26 13 2351
26 14 175
26 15 4337
26 16 7427
26 17 339
26 18 2789
26 19 1006
26 20 7284
26 21 5203
26 22 2822
26 23 1218
26 24 5987
26 25 4095
26 27 6174
26 28 6370
26 29 6546
26 30 911
26 31 1314
26 32 3526
26 33 4105
26 34 2457
26 35 389
26 36 5225
26 37 6798
26 38 1962
26 39 1368
26 40 3858
26 41 6884
26 42 107
26 43 1483
26 44 5542
26 45 4846
26 46 7383
26 47 672
26 48 2912
26 49 7016
26 50 74
26 51 491
26 52 218
26 53 5844
26 54 1612
26 55 2618
26 56 132
26 57 7026
26 58 6607
26 59 6328
26 60 4426
26 61 3536
26 62 3333
26 63 6206
26 64 5964
26 65 58
26 66 745
26 67 1456
26 68 6327
26 69 4058
26 70 813
27 1 3841
27 2 1049
27 3 1231
27 4 2160
27 5 4911
27 6 5413
27 7 4721
27 8 3366
27 9 820
27 10 512
27 11 2259
27 12 4063
27 13 4348
27 14 354
27 15 5464
27 16 629
27 17 1941
27 18 7389
27 19 2475
27 20 5858
27 21 2286
27 22 3594
27 23 2005
27 24 2756
27 25 6352
27 26 1570
27 28 4126
27 29 3732
27 30 2769
27 31 3952
27 32 6291
27 33 4333
27 34 6445
27 35 4358
27 36 2019
27 37 585
27 38 6168
27 39 7083
27 40 4833
27 41 1014
27 42 3070
27 43 940
27 44 6054
27 45 5799
27 46 4954
27 47 6236
27 48 124
27 49 3132
27 50 4406
27 51 4529
27 52 5794
27 53 3406
27 54 833
27 55 308
27 56 7003
27 57 1929
27 58 2193
27 59 4531
27 60 7322
27 61 5192
27 62 908
27 63 4328
27 64 1446
27 65 2514
27 66 7003
27 67 5777
27 68 5867
27 69 5216
27 70 64
28 1 1369
28 2 3389
28 3 6672
28 4 4279
28 5 6918
28 6 2838
28 7 3612
28 8 5962
28 9 3528
28 10 4374
28 11 6067
28 12 4907
28 13 31
28 14 6186
28 15 5264
28 16 3743
28 17 6505
28 18 2907
28 19 2306
28 20 6227
28 21 7283
28 22 5777
28 23 4676
28 24 6503
28 25 316
28 26 5225
28 27 1890
28 29 5997
28 30 7214
28 31 6087
28 32 132
28 33 392
28 34 1711
28 35 6664
28 36 6145
28 37 1240
28 38 1992
28 39 4872
28 40 96
28 41 4776
28 42 1792
28 43 5572
28 44 203
28 45 3287
28 46 691
28 47 3125
28 48 5046
28 49 3804
28 50 3681
28 51 7425
28 52 2967
28 53 5196
28 54 5827
28 55 3011
28 56 1694
28 57 2593
28 58 7296
28 59 3881
28 60 2724
28 61 3880
28 62 6142
28 63 5156
28 64 3872
28 65 5555
28 66 3877
28 67 95
28 68 757
28 69 2861
28 70 5078
29 1 2553
29 2 4195
29 3 6651
29 4 4979
29 5 5433
29 6 732
29 7 2798
29 8 169
29 9 5225
29 10 1214
29 11 817
29 12 4671
29 13 6773
29 14 2562
29 15 1475
29 16 4820
29 17 1488
29 18 6690
29 19 2757
29 20 4491
29 21 4846
29 22 4011
29 23 4925
29 24 6707
29 25 6453
29 26 1451
29 27 5720
29 28 5506
29 30 4565
29 31 2977
29 32 4904
29 33 3793
29 34 6018
29 35 6400
29 36 6265
29 37 2926
29 38 4110
29 39 2490
29 40 6462
29 41 3475
29 42 3755
29 43 2865
29 44 1102
29 45 4844
29 46 4608
29 47 6695
29 48 5508
29 49 782
29 50 6346
29 51 2000
29 52 5493
29 53 1538
29 54 3541
29 55 3302
29 56 5066
29 57 4853
29 58 7453
29 59 5737
29 60 4766
29 61 5332
29 62 306
29 63 4359
29 64 2223
29 65 5092
29 66 7211
29 67 6650
29 68 2222
29 69 3250
29 70 444
30 1 116
30 2 5259
30 3 6977
30 4 4584
30 5 5273
30 6 1263
30 7 5720
30 8 3510
30 9 5126
30 10 1076
30 11 982
30 12 5997
30 13 7194
30 14 4443
30 15 6755
30 16 3450
30 17 1542
30 18 3285
30 19 891
30 20 7218
30 21 5400
30 22 5991
30 23 6882
30 24 3093
30 25 669
30 26 731
30 27 4935
30 28 2760
30 29 192
30 31 4111
30 32 3282
30 33 3216
30 34 6749
30 35 5854
30 36 1550
30 37 543
30 38 1805
30 39 6546
30 40 3523
30 41 5369
30 42 1141
30 43 5106
30 44 955
30 45 6579
30 46 3525
30 47 2654
30 48 2907
30 49 2521
30 50 3544
30 51 577
30 52 4764
30 53 5200
30 54 3691
30 55 2087
30 56 3372
30 57 714
30 58 5782
30 59 5076
30 60 2503
30 61 583
30 62 2346
30 63 4762
30 64 5136
30 65 4556
30 66 1931
30 67 2558
30 68 3664
30 69 3904
30 70 23
31 1 4189
31 2 2256
31 3 1543
31 4 3772
31 5 4478
31 6 4561
31 7 5594
31 8 7041
31 9 5765
31 10 4012
31 11 4248
31 12 3503
31 13 499
31 14 4708
31 15 4768
31 16 5746
31 17 5199
31 18 1812
31 19 1026
31 20 305
31 21 620
31 22 3348
31 23 1055
31 24 1955
31 25 6676
31 26 5670
31 27 2655
31 28 1278
31 29 3234
31 30 5086
31 32 4315
31 33 2572
31 34 2286
31 35 162
31 36 44
31 37 4082
31 38 796
31 39 571
31 40 3793
31 41 2743
31 42 83
31 43 1399
31 44 4043
31 45 2122
31 46 3200
31 47 4940
31 48 2032
31 49 6413
31 50 928
31 51 6804
31 52 4665
31 53 1743
31 54 1164
31 55 5254
31 56 4065
31 57 5914
31 58 940
31 59 1428
31 60 5774
31 61 3060
31 62 3114
31 63 4500
31 64 2336
31 65 3970
31 66 3838
31 67 2035
31 68 2693
31 69 337
31 70 5971
32 1 1205
32 2 2864
32 3 5565
32 4 1603
32 5 7435
32 6 4288
32 7 5849
32 8 1296
32 9 5973
32 10 650
32 11 5588
32 12 2868
32 13 2780
32 14 2150
32 15 7294
32 16 5809
32 17 1037
32 18 5487
32 19 5062
32 20 3069
32 21 4560
32 22 938
32 23 2968
32 24 574
32 25 1887
32 26 546
32 27 830
32 28 612
32 29 4486
32 30 5457
32 31 5794
32 33 4774
32 34 6192
32 35 2843
32 36 4605
32 37 6172
32 38 136
32 39 3571
32 40 1042
32 41 6988
32 42 3056
32 43 4055
32 44 2346
32 45 3806
32 46 4493
32 47 933
32 48 5298
32 49 6946
32 50 4190
32 51 6796
32 52 4345
32 53 3425
32 54 5455
32 55 1069
32 56 1738
32 57 3294
32 58 1325
32 59 2118
32 60 7250
32 61 4508
32 62 6595
32 63 1110
32 64 6924
32 65 7172
32 66 4430
32 67 1564
32 68 6348
32 69 2360
32 70 2503
33 1 910
33 2 4119
33 3 6591
33 4 1831
33 5 5690
33 6 7061
33 7 3610
33 8 5069
33 9 1495
33 10 3678
33 11 165
33 12 2654
33 13 821
33 14 3027
33 15 2202
33 16 2561
33 17 4879
33 18 2341
33 19 2306
33 20 1324
33 21 2504
33 22 6941
33 23 2864
33 24 1086
33 25 1695
33 26 5349
33 27 6166
33 28 5895
33 29 3970
33 30 6945
33 31 528
33 32 6772
33 34 2010
33 35 216
33 36 2817
33 37 5695
33 38 4477
33 39 4473
33 40 1391
33 41 1281
33 42 4701
33 43 2802
33 44 3659
33 45 3840
33 46 2377
33 47 5747
33 48 2140
33 49 1982
33 50 7312
33 51 4147
33 52 3013
33 53 4531
33 54 6580
33 55 2865
33 56 6828
33 57 2276
33 58 5579
33 59 2956
33 60 1213
33 61 3947
33 62 110
33 63 639
33 64 2953
33 65 6495
33 66 5362
33 67 1091
33 68 1731
33 69 258
33 70 4283
34 1 6375
34 2 2651
34 3 3071
34 4 5942
34 5 6133
34 6 6023
34 7 3237
34 8 176
34 9 3363
34 10 6615
34 11 2896
34 12 825
34 13 1051
34 14 594
34 15 5737
34 16 3747
34 17 3075
34 18 3298
34 19 5117
34 20 3964
34 21 7017
34 22 423
34 23 5229
34 24 1611
34 25 2708
34 26 4626
34 27 1138
34 28 6951
34 29 456
34 30 3437
34 31 3461
34 32 5316
34 33 1644
34 35 4567
34 36 2606
34 37 5923
34 38 4650
34 39 6037
34 40 161
34 41 1116
34 42 259
34 43 647
34 44 185
34 45 6965
34 46 6758
34 47 6379
34 48 6237
34 49 4237
34 50 2930
34 51 5355
34 52 7134
34 53 1149
34 54 3741
34 55 58
34 56 2165
34 57 663
34 58 3656
34 59 3341
34 60 6184
34 61 4248
34 62 4418
34 63 4516
34 64 2892
34 65 1608
34 66 5538
34 67 1156
34 68 543
34 69 2716
34 70 5005
35 1 5928
35 2 957
35 3 2286
35 4 990
35 5 317
35 6 6245
35 7 1199
35 8 6974
35 9 6997
35 10 4642
35 11 7276
35 12 2851
35 13 612
35 14 3120
35 15 6780
35 16 89
35 17 5975
35 18 4988
35 19 2732
35 20 6662
35 21 1565
35 22 5749
35 23 2752
35 24 1870
35 25 7157
35 26 3089
35 27 6754
35 28 4178
35 29 7216
35 30 4250
35 31 281
35 32 3929
35 33 5449
35 34 1923
35 36 3566
35 37 1579
35 38 473
35 39 2925
35 40 7137
35 41 3488
35 42 6788
35 43 1441
35 44 6984
35 45 4983
35 46 2730
35 47 7409
35 48 6513
35 49 781
35 50 4007
35 51 5603
35 52 2512
35 53 1154
35 54 7185
35 55 6040
35 56 5106
35 57 6269
35 58 4340
35 59 704
35 60 935
35 61 3753
35 62 4642
35 63 3905
35 64 414
35 65 786
35 66 5087
35 67 1496
35 68 1560
35 69 2615
35 70 4379
36 1 3269
36 2 5793
36 3 6962
36 4 6862
36 5 295
36 6 1830
36 7 7389
36 8 940
36 9 1283
36 10 2553
36 11 7201
36 12 708
36 13 5868
36 14 431
36 15 5578
36 16 2569
36 17 1926
36 18 5479
36 19 3312
36 20 2792
36 21 3438
36 22 2239
36 23 4581
36 24 6753
36 25 1293
36 26 4072
36 27 378
36 28 2657
36 29 5834
36 30 350
36 31 5426
36 32 3291
36 33 6734
36 34 3826
36 35 6968
36 37 4468
36 38 1655
36 39 367
36 40 2665
36 41 4535
36 42 2385
36 43 2248
36 44 2393
36 45 2459
36 46 586
36 47 340
36 48 1356
36 49 1086
36 50 4475
36 51 2123
36 52 4929
36 53 3929
36 54 2553
36 55 7122
36 56 800
36 57 931
36 58 3467
36 59 1284
36 60 437
36 61 6957
36 62 7022
36 63 710
36 64 4487
36 65 3585
36 66 357
36 67 6976
36 68 28
36 69 1717
36 70 4282
37 1 1196
37 2 987
37 3 2988
37 4 792
37 5 4992
37 6 3808
37 7 1985
37 8 4344
37 9 1539
37 10 5388
37 11 3072
37 12 5807
37 13 506
37 14 6935
37 15 1573
37 16 6188
37 17 2718
37 18 1813
37 19 5892
37 20 2229
37 21 4975
37 22 7258
37 23 6738
37 24 994
37 25 1293
37 26 3990
37 27 6972
37 28 6479
37 29 5592
37 30 6026
37 31 5148
37 32 5862
37 33 687
37 34 6951
37 35 1053
37 36 2669
37 38 2459
37 39 6718
37 40 7275
37 41 3946
37 42 4066
37 43 5769
37 44 2012
37 45 6742
37 46 7303
37 47 4074
37 48 6797
37 49 3365
37 50 6491
37 51 3574
37 52 1129
37 53 5550
37 54 3717
37 55 1393
37 56 1761
37 57 4637
37 58 6855
37 59 2071
37 60 1104
37 61 3411
37 62 4816
37 63 4954
37 64 7068
37 65 6386
37 66 1852
37 67 4346
37 68 4317
37 69 2422
37 70 5658
38 1 4677
38 2 3975
38 3 148
38 4 6603
38 5 5854
38 6 6299
38 7 7000
38 8 4141
38 9 5277
38 10 2602
38 11 4351
38 12 5455
38 13 728
38 14 6007
38 15 4106
38 16 3742
38 17 6121
38 18 5918
38 19 1417
38 20 3337
38 21 2957
38 22 1941
38 23 4496
38 24 7158
38 25 1401
38 26 4469
38 27 445
38 28 6634
38 29 5106
38 30 303
38 31 6118
38 32 430
38 33 5517
38 34 2461
38 35 3956
38 36 2645
38 37 4397
38 39 3269
38 40 4293
38 41 4712
38 42 3710
38 43 878
38 44 6104
38 45 848
38 46 2144
38 47 1464
38 48 3034
38 49 2102
38 50 2163
38 51 5816
38 52 1897
38 53 2294
38 54 373
38 55 4711
38 56 6819
38 57 6922
38 58 3790
38 59 2806
38 60 5248
38 61 1672
38 62 5411
38 63 559
38 64 5275
38 65 2822
38 66 4527
38 67 2975
38 68 7407
38 69 1624
38 70 79
39 1 534
39 2 5959
39 3 904
39 4 7482
39 5 836
39 6 3912
39 7 2214
39 8 2440
39 9 7139
39 10 2192
39 11 5501
39 12 3177
39 13 3524
39 14 2744
39 15 3267
39 16 2867
39 17 1843
39 18 1696
39 19 4126
39 20 6968
39 21 3322
39 22 4039
39 23 283
39 24 3598
39 25 5650
39 26 1237
39 27 3863
39 28 4673
39 29 898
39 30 613
39 31 974
39 32 3771
39 33 856
39 34 771
39 35 4478
39 36 2858
39 37 1851
39 38 3587
39 40 5645
39 41 4338
39 42 1122
39 43 1932
39 44 5498
39 45 2709
39 46 4349
39 47 6342
39 48 6719
39 49 3277
39 50 2633
39 51 4493
39 52 6069
39 53 3815
39 54 1777
39 55 6714
39 56 1194
39 57 1206
39 58 2107
39 59 1591
39 60 1142
39 61 2207
39 62 4971
39 63 2672
39 64 4361
39 65 5397
39 66 909
39 67 7427
39 68 6298
39 69 215
39 70 425
40 1 1394
40 2 359
40 3 3459
40 4 367
40 5 5796
40 6 4112
40 7 2895
40 8 2865
40 9 3650
40 10 2719
40 11 193
40 12 6850
40 13 4066
40 14 5532
40 15 5048
40 16 3456
40 17 4380
40 18 6639
40 19 5745
40 20 5019
40 21 1352
40 22 4016
40 23 4663
40 24 2284
40 25 4669
40 26 3366
40 27 4199
40 28 6468
40 29 3501
40 30 639
40 31 1921
40 32 1131
40 33 6423
40 34 4319
40 35 2605
40 36 7079
40 37 2054
40 38 7253
40 39 3597
40 41 7145
40 42 4637
40 43 3203
40 44 2195
40 45 1383
40 46 1683
40 47 3472
40 48 5913
40 49 1547
40 50 4809
40 51 3563
40 52 5674
40 53 1957
40 54 6487
40 55 6357
40 56 4771
40 57 4068
40 58 3205
40 59 6074
40 60 6449
40 61 7043
40 62 3432
40 63 3956
40 64 194
40 65 1947
40 66 6615
40 67 5205
40 68 1231
40 69 3416
40 70 5249
41 1 3787
41 2 2292
41 3 6765
41 4 1319
41 5 1246
41 6 5805
41 7 5884
41 8 6484
41 9 83
41 10 3169
41 11 1470
41 12 3865
41 13 109
41 14 1695
41 15 1590
41 16 4906
41 17 5185
41 18 6919
41 19 717
41 20 373
41 21 4116
41 22 4636
41 23 2389
41 24 1110
41 25 6381
41 26 2477
41 27 5203
41 28 5450
41 29 3025
41 30 16
41 31 2942
41 32 7250
41 33 7167
41 34 532
41 35 1949
41 36 2930
41 37 4651
41 38 1758
41 39 542
41 40 6833
41 42 2745
41 43 1391
41 44 4675
41 45 4186
41 46 5067
41 47 1328
41 48 1593
41 49 4313
41 50 3204
41 51 3662
41 52 2995
41 53 5375
41 54 3465
41 55 2973
41 56 1104
41 57 1628
41 58 3233
41 59 2392
41 60 2242
41 61 7002
41 62 4126
41 63 6246
41 64 1672
41 65 1699
41 66 2216
41 67 6814
41 68 92
41 69 3784
41 70 5266
42 1 2132
42 2 2606
42 3 1796
42 4 2220
42 5 5619
42 6 4627
42 7 457
42 8 1896
42 9 529
42 10 3743
42 11 4072
42 12 3801
42 13 4963
42 14 2478
42 15 1821
42 16 5854
42 17 7202
42 18 5666
42 19 7277
42 20 7186
42 21 5896
42 22 7461
42 23 2110
42 24 6391
42 25 4070
42 26 4828
42 27 7398
42 28 555
42 29 3590
42 30 1628
42 31 1890
42 32 7273
42 33 6544
42 34 3202
42 35 3291
42 36 1347
42 37 1335
42 38 4224
42 39 958
42 40 4290
42 41 5403
42 43 6735
42 44 1834
42 45 4306
42 46 363
42 47 2056
42 48 1249
42 49 967
42 50 2252
42 51 680
42 52 1759
42 53 3241
42 54 1483
42 55 5646
42 56 6263
42 57 4954
42 58 3659
42 59 6140
42 60 1951
42 61 5304
42 62 159
42 63 5814
42 64 2496
42 65 1505
42 66 5556
42 67 2983
42 68 5259
42 69 4856
42 70 5516
43 1 4770
43 2 6841
43 3 2156
43 4 4743
43 5 1732
43 6 942
43 7 6938
43 8 4301
43 9 496
43 10 3179
43 11 4748
43 12 7447
43 13 376
43 14 2431
43 15 3753
43 16 5990
43 17 151
43 18 3521
43 19 2320
43 20 1235
43 21 4373
43 22 957
43 23 4445
43 24 7070
43 25 7165
43 26 5987
43 27 6364
43 28 3290
43 29 7153
43 30 1317
43 31 2585
43 32 4281
43 33 5728
43 34 5102
43 35 1338
43 36 234
43 37 6241
43 38 7453
43 39 600
43 40 6768
43 41 3686
43 42 5920
43 44 5632
43 45 406
43 46 974
43 47 4764
43 48 1970
43 49 4634
43 50 4024
43 51 6739
43 52 203
43 53 653
43 54 3626
43 55 1532
43 56 4332
43 57 5753
43 58 5862
43 59 6247
43 60 5853
43 61 6574
43 62 4493
43 63 122
43 64 7360
43 65 7468
43 66 4250
43 67 5955
43 68 5223
43 69 1463
43 70 1831
44 1 2138
44 2 4163
44 3 1142
44 4 1100
44 5 5441
44 6 5586
44 7 7063
44 8 7315
44 9 1979
44 10 415
44 11 3713
44 12 4962
44 13 5522
44 14 6880
44 15 5102
44 16 6785
44 17 1587
44 18 2144
44 19 5100
44 20 2174
44 21 5719
44 22 4719
44 23 4650
44 24 1774
44 25 5698
44 26 2284
44 27 3587
44 28 2745
44 29 7055
44 30 5185
44 31 6335
44 32 52
44 33 4690
44 34 1744
44 35 185
44 36 1723
44 37 6906
44 38 5926
44 39 4799
44 40 494
44 41 5925
44 42 5625
44 43 2534
44 45 4348
44 46 7098
44 47 1309
44 48 1844
44 49 2370
44 50 4925
44 51 7485
44 52 7362
44 53 5037
44 54 2868
44 55 1754
44 56 5412
44 57 4246
44 58 6010
44 59 1509
44 60 23
44 61 5521
44 62 5949
44 63 6666
44 64 820
44 65 5001
44 66 1328
44 67 219
44 68 6370
44 69 2244
44 70 6953
45 1 1207
45 2 2400
45 3 2420
45 4 4944
45 5 1900
45 6 7005
45 7 7077
45 8 2414
45 9 4081
45 10 7011
45 11 1199
45 12 1541
45 13 1849
45 14 204
45 15 3212
45 16 3966
45 17 6483
45 18 2135
45 19 681
45 20 1043
45 21 7374
45 22 1952
45 23 2423
45 24 6661
45 25 6655
45 26 7160
45 27 3131
45 28 221
45 29 5527
45 30 2059
45 31 997
45 32 3450
45 33 5476
45 34 525
45 35 479
45 36 4677
45 37 3120
45 38 6015
45 39 6289
45 40 5585
45 41 4760
45 42 553
45 43 3127
45 44 3326
45 46 3564
45 47 2113
45 48 3076
45 49 5017
45 50 3376
45 51 5877
45 52 2108
45 53 424
45 54 7255
45 55 5868
45 56 6742
45 57 6258
45 58 6896
45 59 6503
45 60 6551
45 61 6242
45 62 570
45 63 5211
45 64 1301
45 65 5909
45 66 4671
45 67 3774
45 68 4845
45 69 5271
45 70 577
46 1 1228
46 2 4035
46 3 2956
46 4 6394
46 5 6118
46 6 6878
46 7 5506
46 8 4376
46 9 3153
46 10 714
46 11 1212
46 12 1677
46 13 3715
46 14 6910
46 15 2793
46 16 5190
46 17 2909
46 18 5436
46 19 4805
46 20 2290
46 21 6729
46 22 6194
46 23 730
46 24 1420
46 25 4780
46 26 149
46 27 923
46 28 5259
46 29 2513
46 30 2401
46 31 1774
46 32 5047
46 33 7083
46 34 682
46 35 7181
46 36 1787
46 37 1332
46 38 1456
46 39 226
46 40 6779
46 41 3090
46 42 5227
46 43 496
46 44 6511
46 45 3886
46 47 1445
46 48 6231
46 49 6748
46 50 4300
46 51 7348
46 52 1584
46 53 1745
46 54 5405
46 55 6472
46 56 7346
46 57 201
46 58 3224
46 59 5097
46 60 6497
46 61 1222
46 62 7315
46 63 2261
46 64 4426
46 65 4250
46 66 6894
46 67 3582
46 68 7347
46 69 4077
46 70 866
47 1 2530
47 2 6427
47 3 3371
47 4 4426
47 5 3395
47 6 553
47 7 662
47 8 4233
47 9 3591
47 10 1609
47 11 3885
47 12 4562
47 13 2534
47 14 6093
47 15 6550
47 16 376
47 17 4807
47 18 2759
47 19 3607
47 20 900
47 21 5181
47 22 7468
47 23 2772
47 24 2222
47 25 7439
47 26 1540
47 27 4335
47 28 3490
47 29 4136
47 30 3736
47 31 205
47 32 3258
47 33 3091
47 34 6545
47 35 7281
47 36 2150
47 37 4730
47 38 6545
47 39 2533
47 40 4248
47 41 7300
47 42 1659
47 43 2862
47 44 3035
47 45 6137
47 46 6027
47 48 6577
47 49 1841
47 50 6532
47 51 5139
47 52 56
47 53 6213
47 54 4121
47 55 541
47 56 3999
47 57 154
47 58 451
47 59 1956
47 60 460
47 61 6262
47 62 842
47 63 1593
47 64 6993
47 65 5352
47 66 2405
47 67 4722
47 68 877
47 69 2879
47 70 3025
48 1 1730
48 2 7305
48 3 1855
48 4 6908
48 5 1883
48 6 3700
48 7 7292
48 8 6380
48 9 4967
48 10 1427
48 11 2992
48 12 131
48 13 5097
48 14 3067
48 15 211
48 16 6653
48 17 11
48 18 492
48 19 2330
48 20 5053
48 21 2597
48 22 1577
48 23 6810
48 24 4011
48 25 7451
48 26 1847
48 27 2808
48 28 4187
48 29 714
48 30 6506
48 31 7375
48 32 5710
48 33 5766
48 34 5736
48 35 4652
48 36 813
48 37 3642
48 38 4794
48 39 2751
48 40 4807
48 41 1970
48 42 2703
48 43 6385
48 44 4485
48 45 3682
48 46 656
48 47 5022
48 49 1242
48 50 6615
48 51 3526
48 52 4308
48 53 6194
48 54 1143
48 55 6595
48 56 7144
48 57 9
48 58 347
48 59 226
48 60 1045
48 61 2436
48 62 7070
48 63 705
48 64 7042
48 65 4605
48 66 3463
48 67 2955
48 68 809
48 69 1470
48 70 4924
49 1 3187
49 2 6256
49 3 275
49 4 6384
49 5 5057
49 6 4659
49 7 4984
49 8 3979
49 9 3176
49 10 6207
49 11 2430
49 12 3044
49 13 1049
49 14 2914
49 15 4629
49 16 2970
49 17 7379
49 18 3088
49 19 4208
49 20 2426
49 21 6747
49 22 2225
49 23 3077
49 24 6411
49 25 1144
49 26 4987
49 27 5911
49 28 7040
49 29 6024
49 30 703
49 31 6437
49 32 2957
49 33 7037
49 34 5447
49 35 5436
49 36 5591
49 37 6466
49 38 3905
49 39 2920
49 40 3216
49 41 4242
49 42 4899
49 43 5667
49 44 7038
49 45 4440
49 46 2892
49 47 2002
49 48 917
49 50 5092
49 51 7121
49 52 2351
49 53 4139
49 54 615
49 55 2312
49 56 6390
49 57 5915
49 58 874
49 59 5934
49 60 1904
49 61 3351
49 62 6044
49 63 5979
49 64 6619
49 65 384
49 66 4868
49 67 3980
49 68 2992
49 69 3693
49 70 2080
50 1 2004
50 2 2017
50 3 454
50 4 2709
50 5 6961
50 6 3518
50 7 6725
50 8 2784
50 9 3405
50 10 4456
50 11 6304
50 12 5729
50 13 652
50 14 2131
50 15 6080
50 16 1483
50 17 3362
50 18 6416
50 19 4594
50 20 5535
50 21 4594
50 22 447
50 23 6901
50 24 6131
50 25 603
50 26 6699
50 27 7109
50 28 3792
50 29 7047
50 30 4951
50 31 3842
50 32 1299
50 33 3396
50 34 3085
50 35 2702
50 36 6760
50 37 3697
50 38 4513
50 39 1352
50 40 2560
50 41 7402
50 42 3649
50 43 96
50 44 6077
50 45 1718
50 46 3611
50 47 5292
50 48 6974
50 49 3929
50 51 1350
50 52 2476
50 53 3359
50 54 5697
50 55 3634
50 56 1396
50 57 7305
50 58 7167
50 59 111
50 60 1775
50 61 5652
50 62 2646
50 63 7437
50 64 712
50 65 5941
50 66 2244
50 67 1919
50 68 6892
50 69 148
50 70 5507
51 1 3473
51 2 2340
51 3 4991
51 4 1619
51 5 2574
51 6 6821
51 7 5024
51 8 55
51 9 6057
51 10 6613
51 11 2032
51 12 1855
51 13 34
51 14 231
51 15 821
51 16 4816
51 17 4560
51 18 6923
51 19 6014
51 20 2610
51 21 4445
51 22 816
51 23 366
51 24 5266
51 25 3472
51 26 5845
51 27 5759
51 28 3845
51 29 7206
51 30 5746
51 31 928
51 32 4476
51 33 3389
51 34 5928
51 35 2433
51 36 6306
51 37 2190
51 38 3801
51 39 6261
51 40 4170
51 41 5088
51 42 760
51 43 5591
51 44 7143
51 45 1772
51 46 2437
51 47 4568
51 48 217
51 49 6837
51 50 1274
51 52 1057
51 53 3864
51 54 4783
51 55 5457
51 56 1435
51 57 5543
51 58 3079
51 59 66
51 60 2880
51 61 3367
51 62 688
51 63 2843
51 64 6379
51 65 2835
51 66 2714
51 67 5194
51 68 672
51 69 6654
51 70 406
52 1 2133
52 2 1325
52 3 6376
52 4 1847
52 5 1588
52 6 4583
52 7 3145
52 8 174
52 9 7499
52 10 6223
52 11 6951
52 12 7487
52 13 5508
52 14 4299
52 15 3647
52 16 7406
52 17 1933
52 18 2040
52 19 5869
52 20 4665
52 21 1220
52 22 6445
52 23 4521
52 24 4790
52 25 2755
52 26 4691
52 27 1307
52 28 1736
52 29 5468
52 30 6133
52 31 3510
52 32 5828
52 33 6469
52 34 6098
52 35 1880
52 36 6684
52 37 6556
52 38 5460
52 39 6134
52 40 3476
52 41 4860
52 42 2973
52 43 1752
52 44 2791
52 45 5233
52 46 7447
52 47 249
52 48 1960
52 49 440
52 50 1791
52 51 1754
52 53 2657
52 54 1984
52 55 942
52 56 7
52 57 377
52 58 5815
52 59 4528
52 60 1919
52 61 2665
52 62 4493
52 63 6912
52 64 2727
52 65 1
52 66 4851
52 67 5301
52 68 2341
52 69 5554
52 70 1735
53 1 3406
53 2 7492
53 3 6565
53 4 2597
53 5 685
53 6 4094
53 7 4665
53 8 3860
53 9 1381
53 10 1177
53 11 6090
53 12 1053
53 13 4223
53 14 4610
53 15 5400
53 16 771
53 17 514
53 18 1505
53 19 4780
53 20 7435
53 21 3223
53 22 2970
53 23 3762
53 24 6955
53 25 254
53 26 4589
53 27 1255
53 28 4077
53 29 277
53 30 6903
53 31 739
53 32 656
53 33 3931
53 34 7096
53 35 2753
53 36 2657
53 37 7237
53 38 3587
53 39 3911
53 40 1414
53 41 5834
53 42 6495
53 43 1279
53 44 6243
53 45 5215
53 46 4711
53 47 215
53 48 1341
53 49 7307
53 50 3371
53 51 1410
53 52 30
53 54 4030
53 55 1037
53 56 5649
53 57 2272
53 58 2402
53 59 5849
53 60 5050
53 61 320
53 62 2075
53 63 6932
53 64 378
53 65 3187
53 66 4704
53 67 3759
53 68 1066
53 69 4775
53 70 4937
54 1 1321
54 2 4822
54 3 938
54 4 4154
54 5 4148
54 6 4159
54 7 2957
54 8 6408
54 9 3984
54 10 6074
54 11 7307
54 12 1876
54 13 6310
54 14 5206
54 15 6888
54 16 3634
54 17 1780
54 18 4109
54 19 4045
54 20 4513
54 21 3460
54 22 6648
54 23 67
54 24 1172
54 25 3357
54 26 1898
54 27 2052
54 28 3519
54 29 898
54 30 4951
54 31 6227
54 32 1258
54 33 4036
54 34 2704
54 35 809
54 36 5269
54 37 3403
54 38 6931
54 39 5675
54 40 7251
54 41 7485
54 42 5853
54 43 4346
54 44 1810
54 45 1187
54 46 6349
54 47 5667
54 48 6580
54 49 1512
54 50 24
54 51 1183
54 52 4451
54 53 3632
54 55 5634
54 56 248
54 57 5129
54 58 1288
54 59 6118
54 60 2829
54 61 1036
54 62 6974
54 63 5595
54 64 2474
54 65 4550
54 66 1378
54 67 6448
54 68 499
54 69 7303
54 70 6862
55 1 7243
55 2 4846
55 3 2068
55 4 1184
55 5 5016
55 6 4054
55 7 3120
55 8 2787
55 9 4741
55 10 846
55 11 4109
55 12 6571
55 13 592
55 14 5325
55 15 6017
55 16 1986
55 17 773
55 18 2564
55 19 2476
55 20 3854
55 21 3034
55 22 6432
55 23 6673
55 24 6311
55 25 7168
55 26 606
55 27 6455
55 28 4890
55 29 5971
55 30 999
55 31 6603
55 32 4507
55 33 4312
55 34 3513
55 35 7099
55 36 7349
55 37 3269
55 38 185
55 39 1181
55 40 6223
55 41 5366
55 42 2102
55 43 1414
55 44 6915
55 45 5222
55 46 3947
55 47 3459
55 48 4536
55 49 6508
55 50 6579
55 51 6886
55 52 3384
55 53 3947
55 54 70
55 56 5353
55 57 7474
55 58 6026
55 59 947
55 60 3914
55 61 1284
55 62 4274
55 63 1525
55 64 5299
55 65 609
55 66 2102
55 67 1889
55 68 2545
55 69 974
55 70 3948
56 1 159
56 2 6331
56 3 2193
56 4 7007
56 5 3912
56 6 4275
56 7 2790
56 8 3097
56 9 6986
56 10 431
56 11 2757
56 12 766
56 13 6846
56 14 3339
56 15 6489
56 16 3017
56 17 1498
56 18 4768
56 19 7145
56 20 2487
56 21 6893
56 22 686
56 23 1030
56 24 2409
56 25 5213
56 26 6268
56 27 6964
56 28 3597
56 29 5260
56 30 4407
56 31 2659
56 32 4808
56 33 1135
56 34 7438
56 35 669
56 36 2859
56 37 800
56 38 2267
56 39 4396
56 40 3907
56 41 3978
56 42 3811
56 43 4092
56 44 3225
56 45 1084
56 46 4523
56 47 2172
56 48 2992
56 49 7158
56 50 5578
56 51 4258
56 52 6288
56 53 718
56 54 360
56 55 1759
56 57 4817
56 58 5532
56 59 6779
56 60 1789
56 61 6782
56 62 732
56 63 1599
56 64 4186
56 65 2829
56 66 3295
56 67 5039
56 68 6825
56 69 3942
56 70 6304
57 1 4479
57 2 5135
57 3 2933
57 4 5308
57 5 2688
57 6 4645
57 7 3445
57 8 913
57 9 620
57 10 1874
57 11 3170
57 12 2587
57 13 4896
57 14 4987
57 15 2916
57 16 4782
57 17 5284
57 18 507
57 19 1469
57 20 4585
57 21 1617
57 22 3106
57 23 9
57 24 1474
57 25 15
57 26 5089
57 27 1913
57 28 1651
57 29 3567
57 30 5659
57 31 4106
57 32 1886
57 33 1032
57 34 2868
57 35 5720
57 36 948
57 37 4071
57 38 4743
57 39 6752
57 40 5868
57 41 783
57 42 2008
57 43 7037
57 44 1861
57 45 6105
57 46 4804
57 47 495
57 48 5571
57 49 1420
57 50 4996
57 51 573
57 52 482
57 53 1132
57 54 3215
57 55 5168
57 56 3410
57 58 618
57 59 1373
57 60 1950
57 61 7092
57 62 7493
57 63 481
57 64 3794
57 65 6518
57 66 5229
57 67 4942
57 68 319
57 69 895
57 70 3160
58 1 309
58 2 4333
58 3 5998
58 4 5026
58 5 3912
58 6 6685
58 7 5233
58 8 5509
58 9 3062
58 10 7072
58 11 81
58 12 4884
58 13 303
58 14 1661
58 15 5894
58 16 1110
58 17 595
58 18 932
58 19 1030
58 20 385
58 21 678
58 22 1949
58 23 3287
58 24 2117
58 25 6763
58 26 1135
58 27 2218
58 28 2882
58 29 36
58 30 3339
58 31 5099
58 32 5572
58 33 2971
58 34 6915
58 35 6182
58 36 537
58 37 1046
58 38 5886
58 39 5167
58 40 3964
58 41 6855
58 42 2605
58 43 4489
58 44 6070
58 45 7128
58 46 5074
58 47 6643
58 48 3078
58 49 6743
58 50 1861
58 51 6668
58 52 4789
58 53 3910
58 54 1153
58 55 638
58 56 6174
58 57 3244
58 59 6661
58 60 4746
58 61 7128
58 62 1937
58 63 5206
58 64 5966
58 65 6181
58 66 1131
58 67 110
58 68 45
58 69 1408
58 70 5561
59 1 1626
59 2 6153
59 3 3999
59 4 6102
59 5 4688
59 6 3681
59 7 2741
59 8 2483
59 9 5178
59 10 43
59 11 528
59 12 5167
59 13 4173
59 14 5753
59 15 572
59 16 3034
59 17 3154
59 18 2101
59 19 4105
59 20 4335
59 21 5080
59 22 6045
59 23 2473
59 24 7383
59 25 4956
59 26 3449
59 27 6934
59 28 6616
59 29 982
59 30 4117
59 31 837
59 32 1764
59 33 4391
59 34 4583
59 35 6335
59 36 5564
59 37 6382
59 38 2928
59 39 2246
59 40 1316
59 41 4748
59 42 3407
59 43 2807
59 44 6939
59 45 6189
59 46 5800
59 47 3959
59 48 2051
59 49 6691
59 50 3173
59 51 3872
59 52 2400
59 53 5649
59 54 4539
59 55 2364
59 56 5565
59 57 7461
59 58 2434
59 60 3743
59 61 1713
59 62 6665
59 63 6947
59 64 5894
59 65 6942
59 66 5172
59 67 6023
59 68 2789
59 69 7485
59 70 706
60 1 1617
60 2 2179
60 3 6486
60 4 209
60 5 5571
60 6 3059
60 7 4121
60 8 6733
60 9 1246
60 10 1493
60 11 4127
60 12 1501
60 13 4272
60 14 4939
60 15 5320
60 16 1424
60 17 5447
60 18 4755
60 19 5183
60 20 95
60 21 604
60 22 3781
60 23 1218
60 24 4904
60 25 5297
60 26 4696
60 27 5154
60 28 3350
60 29 1500
60 30 6137
60 31 5952
60 32 2235
60 33 1815
60 34 212
60 35 4058
60 36 3497
60 37 1302
60 38 2699
60 39 1237
60 40 1335
60 41 1685
60 42 2179
60 43 6096
60 44 5677
60 45 1363
60 46 2563
60 47 542
60 48 7381
60 49 4612
60 50 6421
60 51 4760
60 52 3918
60 53 4462
60 54 1312
60 55 3485
60 56 3302
60 57 1277
60 58 5384
60 59 4508
60 61 2989
60 62 2280
60 63 3763
60 64 7139
60 65 5321
60 66 3213
60 67 1620
60 68 6162
60 69 5266
60 70 998
61 1 3543
61 2 7226
61 3 2749
61 4 2817
61 5 3283
61 6 2533
61 7 3502
61 8 6612
61 9 1036
61 10 5444
61 11 4149
61 12 5733
61 13 5998
61 14 5282
61 15 3775
61 16 6242
61 17 5938
61 18 5279
61 19 7082
61 20 4592
61 21 1476
61 22 30
61 23 4108
61 24 1319
61 25 7244
61 26 710
61 27 3830
61 28 4061
61 29 3283
61 30 3060
61 31 6607
61 32 2827
61 33 3512
61 34 3046
61 35 4433
61 36 1926
61 37 3583
61 38 5151
61 39 6586
61 40 4794
61 41 3034
61 42 409
61 43 5576
61 44 638
61 45 4807
61 46 5090
61 47 1157
61 48 2370
61 49 4676
61 50 5652
61 51 5440
61 52 6816
61 53 310
61 54 3367
61 55 603
61 56 5585
61 57 408
61 58 5017
61 59 3865
61 60 6418
61 62 4980
61 63 4797
61 64 2083
61 65 1988
61 66 5469
61 67 4415
61 68 7258
61 69 281
61 70 4728
62 1 4989
62 2 3710
62 3 4390
62 4 1077
62 5 3477
62 6 5025
62 7 4727
62 8 6931
62 9 1832
62 10 3717
62 11 2332
62 12 382
62 13 5086
62 14 5365
62 15 4049
62 16 5126
62 17 4979
62 18 5614
62 19 524
62 20 7405
62 21 4307
62 22 5599
62 23 4903
62 24 5437
62 25 6596
62 26 6982
62 27 2202
62 28 2585
62 29 4175
62 30 4530
62 31 6185
62 32 6387
62 33 6777
62 34 3435
62 35 6240
62 36 1071
62 37 6815
62 38 2916
62 39 3056
62 40 2478
62 41 1074
62 42 4098
62 43 6033
62 44 545
62 45 4394
62 46 1814
62 47 596
62 48 3264
62 49 6656
62 50 2360
62 51 6966
62 52 1151
62 53 5868
62 54 411
62 55 3611
62 56 5010
62 57 4528
62 58 6126
62 59 1627
62 60 2977
62 61 3766
62 63 5513
62 64 1416
62 65 4382
62 66 127
62 67 1193
62 68 4763
62 69 6889
62 70 3873
63 1 7099
63 2 5593
63 3 4615
63 4 1234
63 5 6247
63 6 6605
63 7 5443
63 8 265
63 9 4673
63 10 4280
63 11 2464
63 12 6930
63 13 4384
63 14 6219
63 15 502
63 16 2600
63 17 655
63 18 4123
63 19 4766
63 20 2012
63 21 7350
63 22 2554
63 23 267
63 24 1124
63 25 1743
63 26 7458
63 27 6772
63 28 3054
63 29 2839
63 30 4215
63 31 2426
63 32 2553
63 33 3672
63 34 6267
63 35 2930
63 36 4593
63 37 3205
63 38 5614
63 39 2083
63 40 2765
63 41 5477
63 42 5154
63 43 660
63 44 3791
63 45 6914
63 46 5617
63 47 3100
63 48 3640
63 49 4231
63 50 4217
63 51 6679
63 52 5746
63 53 3421
63 54 4156
63 55 3160
63 56 2296
63 57 3817
63 58 6237
63 59 6955
63 60 1618
63 61 3387
63 62 6430
63 64 3689
63 65 293
63 66 1370
63 67 1201
63 68 433
63 69 6683
63 70 4679
64 1 4489
64 2 1077
64 3 2404
64 4 1480
64 5 6034
64 6 5024
64 7 5087
64 8 2649
64 9 3172
64 10 849
64 11 4430
64 12 2885
64 13 2507
64 14 4802
64 15 5675
64 16 6732
64 17 6599
64 18 1185
64 19 4451
64 20 6944
64 21 2519
64 22 6658
64 23 1374
64 24 442
64 25 4305
64 26 6445
64 27 5881
64 28 2509
64 29 5155
64 30 6181
64 31 6613
64 32 3866
64 33 1637
64 34 4985
64 35 5111
64 36 3462
64 37 4394
64 38 5213
64 39 2075
64 40 4111
64 41 4084
64 42 5476
64 43 2094
64 44 1107
64 45 1024
64 46 127
64 47 3464
64 48 3084
64 49 6273
64 50 2052
64 51 1643
64 52 1178
64 53 4877
64 54 3383
64 55 5642
64 56 4797
64 57 3069
64 58 4861
64 59 4652
64 60 6325
64 61 537
64 62 919
64 63 3895
64 65 3870
64 66 4050
64 67 2184
64 68 866
64 69 3360
64 70 2185
65 1 4373
65 2 293
65 3 3239
65 4 3423
65 5 438
65 6 6177
65 7 5801
65 8 2604
65 9 2129
65 10 1717
65 11 4192
65 12 7013
65 13 6701
65 14 2667
65 15 3080
65 16 2003
65 17 6351
65 18 2012
65 19 5733
65 20 5139
65 21 3346
65 22 864
65 23 6100
65 24 7245
65 25 5900
65 26 5549
65 27 1251
65 28 1498
65 29 3219
65 30 5397
65 31 4704
65 32 1457
65 33 3966
65 34 7466
65 35 6159
65 36 5260
65 37 6137
65 38 7261
65 39 1766
65 40 3009
65 41 423
65 42 6457
65 43 1271
65 44 2852
65 45 7020
65 46 3030
65 47 3172
65 48 6315
65 49 5322
65 50 3729
65 51 4427
65 52 5389
65 53 7389
65 54 3983
65 55 5158
65 56 6468
65 57 1593
65 58 1121
65 59 6231
65 60 2326
65 61 4977
65 62 554
65 63 6295
65 64 1844
65 66 1936
65 67 1808
65 68 3091
65 69 2184
65 70 7165
66 1 900
66 2 2035
66 3 1709
66 4 4444
66 5 6372
66 6 5608
66 7 7450
66 8 6221
66 9 1956
66 10 1353
66 11 1410
66 12 6454
66 13 505
66 14 4273
66 15 4462
66 16 3617
66 17 3273
66 18 335
66 19 729
66 20 7328
66 21 2792
66 22 3667
66 23 409
66 24 99
66 25 60
66 26 6516
66 27 6180
66 28 5167
66 29 6709
66 30 2372
66 31 5085
66 32 1890
66 33 3538
66 34 4932
66 35 1843
66 36 4953
66 37 6252
66 38 5462
66 39 3255
66 40 628
66 41 7414
66 42 645
66 43 443
66 44 1300
66 45 134
66 46 838
66 47 3622
66 48 4358
66 49 6326
66 50 2207
66 51 530
66 52 5604
66 53 7440
66 54 3722
66 55 1008
66 56 6037
66 57 5919
66 58 1383
66 59 2280
66 60 2109
66 61 6352
66 62 3106
66 63 4687
66 64 7446
66 65 6483
66 67 2915
66 68 7128
66 69 7179
66 70 4971
67 1 3255
67 2 4732
67 3 4816
67 4 3643
67 5 4897
67 6 2009
67 7 4426
67 8 6495
67 9 6711
67 10 6741
67 11 2777
67 12 1477
67 13 991
67 14 6832
67 15 6819
67 16 4989
67 17 3627
67 18 424
67 19 3440
67 20 194
67 21 1346
67 22 3852
67 23 4636
67 24 3590
67 25 2299
67 26 3989
67 27 7070
67 28 1757
67 29 2479
67 30 3633
67 31 1207
67 32 3206
67 33 7120
67 34 3273
67 35 4692
67 36 2734
67 37 4636
67 38 1889
67 39 5359
67 40 3230
67 41 4465
67 42 3771
67 43 1422
67 44 7384
67 45 3672
67 46 4925
67 47 7104
67 48 1533
67 49 4275
67 50 1990
67 51 3956
67 52 1820
67 53 1130
67 54 639
67 55 520
67 56 6823
67 57 1419
67 58 1731
67 59 4391
67 60 5734
67 61 2922
67 62 1496
67 63 3490
67 64 1636
67 65 137
67 66 4087
67 68 5975
67 69 1583
67 70 5355
68 1 2761
68 2 5788
68 3 6119
68 4 181
68 5 1979
68 6 6088
68 7 7164
68 8 4970
68 9 4019
68 10 6263
68 11 2884
68 12 4859
68 13 1035
68 14 7480
68 15 5139
68 16 101
68 17 4172
68 18 7470
68 19 5282
68 20 6033
68 21 2280
68 22 167
68 23 1805
68 24 4553
68 25 1093
68 26 4735
68 27 4073
68 28 5213
68 29 2469
68 30 6537
68 31 7317
68 32 4534
68 33 1843
68 34 6422
68 35 550
68 36 574
68 37 4740
68 38 3520
68 39 3920
68 40 4066
68 41 6655
68 42 5024
68 43 7003
68 44 4882
68 45 5273
68 46 5710
68 47 6336
68 48 250
68 49 3671
68 50 1266
68 51 5152
68 52 4424
68 53 3714
68 54 4987
68 55 2145
68 56 1288
68 57 1281
68 58 5155
68 59 2676
68 60 4470
68 61 5128
68 62 5856
68 63 4963
68 64 1370
68 65 248
68 66 3898
68 67 3445
68 69 5838
68 70 3467
69 1 7269
69 2 1178
69 3 6773
69 4 3072
69 5 7291
69 6 3109
69 7 6466
69 8 5603
69 9 3778
69 10 6296
69 11 3705
69 12 5366
69 13 2434
69 14 5173
69 15 139
69 16 6356
69 17 396
69 18 2300
69 19 5251
69 20 5994
69 21 2825
69 22 5746
69 23 3302
69 24 169
69 25 3069
69 26 4899
69 27 5859
69 28 5985
69 29 3405
69 30 3510
69 31 745
69 32 7067
69 33 3339
69 34 3521
69 35 306
69 36 7126
69 37 7328
69 38 5581
69 39 2990
69 40 6371
69 41 3936
69 42 3908
69 43 5113
69 44 6561
69 45 131
69 46 2051
69 47 6045
69 48 5515
69 49 4892
69 50 3677
69 51 1297
69 52 6430
69 53 3261
69 54 2841
69 55 1329
69 56 2979
69 57 6529
69 58 1166
69 59 1275
69 60 6150
69 61 3002
69 62 2406
69 63 5823
69 64 5172
69 65 4254
69 66 2401
69 67 6605
69 68 7187
69 70 4254
70 1 60
70 2 7275
70 3 200
70 4 2458
70 5 2304
70 6 1938
70 7 2963
70 8 5220
70 9 5898
70 10 888
70 11 4429
70 12 764
70 13 3351
70 14 5937
70 15 5442
70 16 3112
70 17 464
70 18 4287
70 19 3576
70 20 3874
70 21 591
70 22 756
70 23 7476
70 24 4014
70 25 6127
70 26 4191
70 27 3143
70 28 3375
70 29 593
70 30 2563
70 31 5050
70 32 624
70 33 2668
70 34 5399
70 35 3608
70 36 3184
70 37 2442
70 38 2892
70 39 1725
70 40 4362
70 41 722
70 42 4757
70 43 3848
70 44 5020
70 45 3498
70 46 5936
70 47 2725
70 48 2696
70 49 3368
70 50 6904
70 51 176
70 52 5745
70 53 2880
70 54 5770
70 55 3969
70 56 4119
70 57 1045
70 58 7043
70 59 3690
70 60 2548
70 61 6201
70 62 5998
70 63 4723
70 64 2455
70 65 5973
70 66 5151
70 67 6111
70 68 5308
70 69 6233
