70 4830
1 2 5431
1 3 469
1 4 1614
1 5 4818
1 6 208
1 7 1112
1 8 1929
1 9 5203
1 10 7478
1 11 776
1 12 3804
1 13 6758
1 14 2037
1 15 4070
1 16 1409
1 17 1341
1 18 3594
1 19 4334
1 20 5290
1 21 215
1 22 6268
1 23 4914
1 24 6691
1 25 3548
1 26 4144
1 27 2956
1 28 4261
1 29 6717
1 30 6085
1 31 2000
1 32 6187
1 33 1283
1 34 7094
1 35 4616
1 36 5774
1 37 1317
1 38 2155
1 39 3042
1 40 1677
1 41 4500
1 42 2158
1 43 5046
1 44 1388
1 45 2044
1 46 3827
1 47 3146
1 48 495
1 49 2643
1 50 6389
1 51 2653
1 52 6504
1 53 2538
1 54 3014
1 55 2052
1 56 7257
1 57 5774
1 58 2386
1 59 1448
1 60 2406
1 61 6992
1 62 5281
1 63 1027
1 64 3781
1 65 7497
1 66 6273
1 67 7058
1 68 4574
1 69 1924
1 70 3354
2 1 3429
2 3 4720
2 4 6315
2 5 5114
2 6 4482
2 7 7209
2 8 3152
2 9 1288
2 10 4868
2 11 3158
2 12 1615
2 13 1416
2 14 1862
2 15 1044
2 16 4972
2 17 502
2 18 6954
2 19 6621
2 20 3481
2 21 3597
2 22 3185
2 23 7190
2 24 3425
2 25 657
2 26 7457
2 27 2937
2 28 1694
2 29 4182
2 30 203
2 31 3871
2 32 5831
2 33 3294
2 34 3022
2 35 3231
2 36 1752
2 37 1867
2 38 4061
2 39 334
2 40 4330
2 41 5801
2 42 2330
2 43 818
2 44 2182
2 45 3497
2 46 860
2 47 5822
2 48 5895
2 49 351
2 50 1777
2 51 4836
2 52 7147
2 53 6854
2 54 7002
2 55 1549
2 56 3614
2 57 2312
2 58 6040
2 59 3244
2 60 1829
2 61 5289
2 62 4884
2 63 6394
2 64 570
2 65 6854
2 66 900
2 67 3624
2 68 1845
2 69 5168
2 70 3977
3 1 7113
3 2 1199
3 4 4932
3 5 6173
3 6 6998
3 7 569
3 8 4570
3 9 5731
3 10 4007
3 11 5211
3 12 3439
3 13 2352
3 14 325
3 15 1888
3 16 2559
3 17 6529
3 18 7275
3 19 113
3 20 386
3 21 3368
3 22 187
3 23 3340
3 24 3750
3 25 2143
3 26 2256
3 27 2646
3 28 6223
3 29 4442
3 30 6116
3 31 5837
3 32 4545
3 33 1797
3 34 2503
3 35 5968
3 36 45
3 37 3752
3 38 6826
3 39 5805
3 40 2406
3 41 2054
3 42 4966
3 43 4038
3 44 5314
3 45 2459
3 46 104
3 47 1356
3 48 3920
3 49 1806
3 50 1081
3 51 1250
3 52 2912
3 53 5195
3 54 2788
3 55 5176
3 56 4973
3 57 1055
3 58 1602
3 59 423
3 60 3659
3 61 1552
3 62 3205
3 63 598
3 64 3062
3 65 1367
3 66 1355
3 67 3510
3 68 116
3 69 7454
3 70 1854
4 1 2676
4 2 2094
4 3 2304
4 5 6546
4 6 1974
4 7 791
4 8 2256
4 9 1109
4 10 6992
4 11 653
4 12 6391
4 13 2874
4 14 5994
4 15 4902
4 16 94
4 17 1004
4 18 5313
4 19 7406
4 20 5748
4 21 5951
4 22 3750
4 23 1259
4 24 3876
4 25 3672
4 26 42
4 27 3219
4 28 3967
4 29 53
4 30 3277
4 31 3504
4 32 3093
4 33 5019
4 34 4499
4 35 7107
4 36 3141
4 37 2452
4 38 560
4 39 3807
4 40 831
4 41 3769
4 42 5727
4 43 6416
4 44 6466
4 45 4677
4 46 955
4 47 884
4 48 546
4 49 3993
4 50 4825
4 51 4931
4 52 2445
4 53 7356
4 54 2242
4 55 2666
4 56 2935
4 57 3844
4 58 6891
4 59 3606
4 60 5991
4 61 2636
4 62 4493
4 63 2843
4 64 2768
4 65 3956
4 66 3733
4 67 268
4 68 1376
4 69 5636
4 70 3863
5 1 6030
5 2 4165
5 3 3935
5 4 2894
5 6 2927
5 7 3884
5 8 992
5 9 2014
5 10 1853
5 11 4734
5 12 2845
5 13 5586
5 14 2731
5 15 4520
5 16 1727
5 17 6453
5 18 1251
5 19 315
5 20 4148
5 21 6703
5 22 289
5 23 2995
5 24 1606
5 25 148
5 26 3015
5 27 7142
5 28 28
5 29 6525
5 30 4890
5 31 372
5 32 3407
5 33 7328
5 34 5083
5 35 208
5 36 4959
5 37 1250
5 38 312
5 39 567
5 40 3641
5 41 3697
5 42 6591
5 43 7310
5 44 5969
5 45 1830
5 46 2666
5 47 2592
5 48 4755
5 49 4131
5 50 1917
5 51 1283
5 52 2694
5 53 2345
5 54 5711
5 55 5849
5 56 447
5 57 6124
5 58 7130
5 59 4723
5 60 1627
5 61 3747
5 62 3254
5 63 3377
5 64 2791
5 65 5721
5 66 572
5 67 51
5 68 6948
5 69 189
5 70 7355
6 1 243
6 2 5028
6 3 3433
6 4 2510
6 5 4964
6 7 6800
6 8 1039
6 9 4032
6 10 6064
6 11 5292
6 12 212
6 13 7200
6 14 4279
6 15 6625
6 16 5327
6 17 1386
6 18 3520
6 19 1395
6 20 7283
6 21 1814
6 22 4917
6 23 3431
6 24 5768
6 25 289
6 26 7317
6 27 2817
6 28 4145
6 29 2028
6 30 6222
6 31 2804
6 32 2884
6 33 29
6 34 1475
6 35 5016
6 36 4167
6 37 1187
6 38 5288
6 39 7097
6 40 6544
6 41 2590
6 42 6527
6 43 3791
6 44 7338
6 45 2696
6 46 5240
6 47 5233
6 48 2321
6 49 5796
6 50 165
6 51 7319
6 52 6617
6 53 7402
6 54 3971
6 55 3466
6 56 1600
6 57 5086
6 58 6026
6 59 1843
6 60 4223
6 61 854
6 62 6389
6 63 2626
6 64 1315
6 65 4978
6 66 1634
6 67 107
6 68 5915
6 69 2946
6 70 1802
7 1 987
7 2 1006
7 3 2916
7 4 5875
7 5 804
7 6 6242
7 8 6055
7 9 561
7 10 380
7 11 246
7 12 6506
7 13 3192
7 14 6568
7 15 5724
7 16 1662
7 17 650
7 18 4760
7 19 4874
7 20 4282
7 21 1480
7 22 1624
7 23 4904
7 24 2564
7 25 3985
7 26 421
7 27 3183
7 28 117
7 29 7026
7 30 7273
7 31 3132
7 32 2070
7 33 6066
7 34 6058
7 35 524
7 36 3829
7 37 2955
7 38 818
7 39 3663
7 40 7054
7 41 1770
7 42 647
7 43 2610
7 44 2735
7 45 156
7 46 6283
7 47 786
7 48 2856
7 49 2842
7 50 7415
7 51 5158
7 52 5247
7 53 3918
7 54 2573
7 55 2382
7 56 6023
7 57 6531
7 58 5957
7 59 7023
7 60 5828
7 61 3655
7 62 5824
7 63 5352
7 64 4546
7 65 370
7 66 4439
7 67 2245
7 68 3249
7 69 2344
7 70 3353
8 1 4983
8 2 1389
8 3 942
8 4 2555
8 5 4762
8 6 2885
8 7 257
8 9 1708
8 10 778
8 11 2487
8 12 3433
8 13 5320
8 14 6044
8 15 1608
8 16 976
8 17 2342
8 18 1250
8 19 5039
8 20 2150
8 21 1733
8 22 5249
8 23 394
8 24 7264
8 25 4180
8 26 3293
8 27 5819
8 28 2300
8 29 4774
8 30 927
8 31 5567
8 32 4016
8 33 2609
8 34 3496
8 35 6160
8 36 7269
8 37 5490
8 38 3324
8 39 185
8 40 2583
8 41 3050
8 42 6347
8 43 6850
8 44 5621
8 45 6590
8 46 7064
8 47 3184
8 48 6275
8 49 1578
8 50 6381
8 51 7101
8 52 2969
8 53 4078
8 54 1311
8 55 6629
8 56 3285
8 57 5315
8 58 5916
8 59 6843
8 60 833
8 61 5966
8 62 7169
8 63 1049
8 64 1354
8 65 2375
8 66 321
8 67 3344
8 68 4824
8 69 4970
8 70 3365
9 1 1603
9 2 1763
9 3 3193
9 4 2827
9 5 7457
9 6 3933
9 7 2978
9 8 1183
9 10 3250
9 11 5442
9 12 7260
9 13 1030
9 14 4132
9 15 7012
9 16 6301
9 17 4096
9 18 5936
9 19 427
9 20 2588
9 21 5472
9 22 7103
9 23 5865
9 24 7301
9 25 3515
9 26 6168
9 27 5808
9 28 5879
9 29 3754
9 30 2434
9 31 3466
9 32 3349
9 33 4686
9 34 1324
9 35 6008
9 36 3395
9 37 4522
9 38 4537
9 39 1223
9 40 7148
9 41 435
9 42 6982
9 43 3358
9 44 2716
9 45 4263
9 46 5556
9 47 1283
9 48 3941
9 49 7009
9 50 7397
9 51 1518
9 52 3033
9 53 1525
9 54 2750
9 55 2435
9 56 5929
9 57 85
9 58 1701
9 59 2246
9 60 6548
9 61 6548
9 62 3572
9 63 6893
9 64 5726
9 65 1942
9 66 3308
9 67 3504
9 68 6860
9 69 3417
9 70 2209
10 1 3045
10 2 3479
10 3 6111
10 4 4213
10 5 65
10 6 76
10 7 1171
10 8 2901
10 9 724
10 11 4557
10 12 4673
10 13 3256
10 14 3702
10 15 1207
10 16 1181
10 17 739
10 18 547
10 19 6293
10 20 5915
10 21 5214
10 22 3747
10 23 2251
10 24 1893
10 25 889
10 26 7342
10 27 2492
10 28 7162
10 29 700
10 30 1218
10 31 3075
10 32 2407
10 33 1095
10 34 584
10 35 2244
10 36 3888
10 37 7339
10 38 2819
10 39 159
10 40 7498
10 41 7320
10 42 459
10 43 5859
10 44 4749
10 45 4057
10 46 6992
10 47 6766
10 48 662
10 49 2431
10 50 3602
10 51 2257
10 52 6567
10 53 1560
10 54 4601
10 55 2532
10 56 6037
10 57 2285
10 58 5521
10 59 6255
10 60 7460
10 61 57
10 62 7339
10 63 128
10 64 5032
10 65 3563
10 66 2295
10 67 3101
10 68 7112
10 69 2612
10 70 7021
11 1 1757
11 2 650
11 3 5469
11 4 4448
11 5 2102
11 6 6600
11 7 2381
11 8 3459
11 9 1982
11 10 3924
11 12 7362
11 13 2566
11 14 5595
11 15 4700
11 16 1200
11 17 3748
11 18 1173
11 19 1051
11 20 755
11 21 4395
11 22 2678
11 23 4704
11 24 5380
11 25 5369
11 26 3992
11 27 2781
11 28 5530
11 29 7027
11 30 3345
11 31 3424
11 32 3287
11 33 1513
11 34 1770
11 35 6049
11 36 5936
11 37 3440
11 38 1684
11 39 5511
11 40 755
11 41 2951
11 42 3727
11 43 4609
11 44 2498
11 45 3867
11 46 1773
11 47 1248
11 48 3344
11 49 3874
11 50 3106
11 51 1014
11 52 4692
11 53 6346
11 54 2180
11 55 3453
11 56 6004
11 57 579
11 58 3082
11 59 5946
11 60 5903
11 61 6388
11 62 6590
11 63 5038
11 64 3273
11 65 2804
11 66 6844
11 67 6189
11 68 414
11 69 3637
11 70 372
12 1 450
12 2 1238
12 3 6130
12 4 3784
12 5 5290
12 6 5357
12 7 1682
12 8 5734
12 9 1475
12 10 2289
12 11 174
12 13 6610
12 14 1094
12 15 4146
12 16 3159
12 17 7411
12 18 3872
12 19 7431
12 20 3170
12 21 4879
12 22 1288
12 23 1429
12 24 2941
12 25 7136
12 26 83
12 27 3861
12 28 6291
12 29 7427
12 30 3342
12 31 1118
12 32 6663
12 33 4498
12 34 2772
12 35 6323
12 36 694
12 37 3313
12 38 3830
12 39 4589
12 40 3862
12 41 7197
12 42 4799
12 43 6868
12 44 588
12 45 5320
12 46 2686
12 47 6711
12 48 4407
12 49 436
12 50 4598
12 51 4785
12 52 6806
12 53 2992
12 54 5704
12 55 4321
12 56 383
12 57 1217
12 58 4633
12 59 7322
12 60 6821
12 61 321
12 62 2446
12 63 7303
12 64 7049
12 65 1820
12 66 4696
12 67 494
12 68 3990
12 69 1058
12 70 5606
13 1 6007
13 2 6959
13 3 6744
13 4 429
13 5 1985
13 6 2720
13 7 6124
13 8 3318
13 9 2641
13 10 2282
13 11 1738
13 12 6414
13 14 1750
13 15 70
13 16 5645
13 17 3312
13 18 3891
13 19 3652
13 20 4685
13 21 980
13 22 4211
13 23 7192
13 24 4622
13 25 4669
13 26 768
13 27 6288
13 28 2993
13 29 5923
13 30 3346
13 31 6438
13 32 2353
13 33 2106
13 34 2428
13 35 1740
13 36 484
13 37 155
13 38 431
13 39 3691
13 40 5574
13 41 7283
13 42 1530
13 43 2589
13 44 2516
13 45 1297
13 46 2527
13 47 2970
13 48 4756
13 49 6661
13 50 4596
13 51 2707
13 52 3612
13 53 2764
13 54 7472
13 55 1684
13 56 721
13 57 4005
13 58 1864
13 59 2391
13 60 3767
13 61 5083
13 62 4790
13 63 2404
13 64 7191
13 65 166
13 66 3065
13 67 7189
13 68 6677
13 69 6661
13 70 5209
14 1 1547
14 2 4663
14 3 128
14 4 2484
14 5 505
14 6 2162
14 7 1309
14 8 2808
14 9 7378
14 10 6145
14 11 6960
14 12 5148
14 13 1862
14 15 5914
14 16 4187
14 17 2039
14 18 1464
14 19 5251
14 20 163
14 21 2089
14 22 2000
14 23 1787
14 24 4896
14 25 5936
14 26 3147
14 27 3478
14 28 983
14 29 382
14 30 6851
14 31 1912
14 32 1528
14 33 441
14 34 508
14 35 956
14 36 1014
14 37 3030
14 38 5078
14 39 1293
14 40 1802
14 41 2581
14 42 1974
14 43 460
14 44 3821
14 45 2078
14 46 3406
14 47 3581
14 48 5131
14 49 4063
14 50 4484
14 51 3079
14 52 6810
14 53 7335
14 54 3516
14 55 1770
14 56 2093
14 57 1663
14 58 1344
14 59 6537
14 60 4088
14 61 5773
14 62 758
14 63 6180
14 64 5203
14 65 5570
14 66 6041
14 67 6175
14 68 6509
14 69 3229
14 70 6380
15 1 1707
15 2 114
15 3 6266
15 4 6680
15 5 2256
15 6 4198
15 7 2773
15 8 5815
15 9 4869
15 10 3168
15 11 6296
15 12 6429
15 13 4312
15 14 5399
15 16 1507
15 17 1235
15 18 4504
15 19 5985
15 20 55
15 21 5887
15 22 5961
15 23 2605
15 24 154
15 25 1880
15 26 2308
15 27 7175
15 28 6417
15 29 6213
15 30 5685
15 31 2708
15 32 6705
15 33 6877
15 34 3694
15 35 303
15 36 893
15 37 4915
15 38 98
15 39 2400
15 40 2630
15 41 5234
15 42 4724
15 43 5391
15 44 5361
15 45 3833
15 46 6499
15 47 4285
15 48 594
15 49 2003
15 50 3717
15 51 6944
15 52 4362
15 53 959
15 54 4338
15 55 5479
15 56 6648
15 57 838
15 58 4249
15 59 5682
15 60 6511
15 61 189
15 62 2819
15 63 1523
15 64 4034
15 65 4595
15 66 2009
15 67 5202
15 68 5660
15 69 313
15 70 1447
16 1 2044
16 2 2563
16 3 1964
16 4 5921
16 5 5160
16 6 6752
16 7 5383
16 8 5292
16 9 3626
16 10 6851
16 11 1426
16 12 2256
16 13 1985
16 14 7223
16 15 538
16 17 570
16 18 4442
16 19 3109
16 20 7116
16 21 7172
16 22 6239
16 23 6766
16 24 1510
16 25 7443
16 26 2990
16 27 6728
16 28 890
16 29 6881
16 30 1201
16 31 1647
16 32 1965
16 33 5505
16 34 5490
16 35 2235
16 36 5741
16 37 1498
16 38 5539
16 39 3829
16 40 6242
16 41 3984
16 42 5717
16 43 7130
16 44 3203
16 45 331
16 46 931
16 47 1017
16 48 6184
16 49 2953
16 50 3051
16 51 4765
16 52 2730
16 53 7433
16 54 3279
16 55 1337
16 56 2786
16 57 4837
16 58 7101
16 59 7156
16 60 6505
16 61 6763
16 62 5133
16 63 1850
16 64 1380
16 65 2316
16 66 5416
16 67 6487
16 68 778
16 69 3124
16 70 6487
17 1 3905
17 2 3366
17 3 1943
17 4 5167
17 5 4084
17 6 3159
17 7 6097
17 8 2170
17 9 1548
17 10 7272
17 11 2322
17 12 6931
17 13 4351
17 14 3067
17 15 2952
17 16 4547
17 18 6691
17 19 927
17 20 1076
17 21 1491
17 22 2093
17 23 4330
17 24 2436
17 25 7018
17 26 2923
17 27 3803
17 28 5136
17 29 932
17 30 261
17 31 5612
17 32 2128
17 33 7232
17 34 1758
17 35 7234
17 36 738
17 37 2415
17 38 3845
17 39 2019
17 40 7493
17 41 6014
17 42 459
17 43 1
17 44 6853
17 45 5525
17 46 1265
17 47 1594
17 48 1745
17 49 3297
17 50 4061
17 51 1707
17 52 4195
17 53 5131
17 54 3737
17 55 2287
17 56 6173
17 57 6
17 58 4198
17 59 3414
17 60 295
17 61 5208
17 62 4027
17 63 4190
17 64 3299
17 65 5193
17 66 2219
17 67 7457
17 68 5614
17 69 3322
17 70 3932
18 1 3744
18 2 5146
18 3 4012
18 4 6047
18 5 3223
18 6 5657
18 7 6029
18 8 3267
18 9 4972
18 10 7314
18 11 5062
18 12 6508
18 13 7283
18 14 6055
18 15 6657
18 16 3133
18 17 545
18 19 4222
18 20 2246
18 21 2963
18 22 6371
18 23 2861
18 24 4655
18 25 5000
18 26 1410
18 27 77
18 28 257
18 29 6344
18 30 2292
18 31 748
18 32 1540
18 33 1790
18 34 4147
18 35 1878
18 36 6809
18 37 606
18 38 5419
18 39 6839
18 40 2491
18 41 919
18 42 5471
18 43 700
18 44 3022
18 45 6985
18 46 3830
18 47 3997
18 48 5084
18 49 776
18 50 1098
18 51 5645
18 52 3109
18 53 4030
18 54 2596
18 55 3916
18 56 611
18 57 4581
18 58 2305
18 59 5901
18 60 1575
18 61 4696
18 62 729
18 63 5929
18 64 4063
18 65 1469
18 66 1982
18 67 3550
18 68 6387
18 69 3884
18 70 5569
19 1 2721
19 2 987
19 3 6668
19 4 2883
19 5 1332
19 6 1047
19 7 2497
19 8 4441
19 9 1993
19 10 14
19 11 2709
19 12 5895
19 13 5521
19 14 1492
19 15 2431
19 16 2531
19 17 7470
19 18 930
19 20 3312
19 21 6194
19 22 5606
19 23 2335
19 24 2544
19 25 1839
19 26 5460
19 27 5980
19 28 3073
19 29 3503
19 30 7421
19 31 6432
19 32 2679
19 33 6075
19 34 6435
19 35 6186
19 36 2607
19 37 5801
19 38 4619
19 39 4059
19 40 6996
19 41 4604
19 42 4572
19 43 6266
19 44 530
19 45 430
19 46 5607
19 47 5047
19 48 1560
19 49 3534
19 50 1895
19 51 7310
19 52 3571
19 53 3923
19 54 3237
19 55 3175
19 56 4231
19 57 4048
19 58 7077
19 59 768
19 60 3492
19 61 5704
19 62 2725
19 63 2859
19 64 6549
19 65 7076
19 66 7304
19 67 2806
19 68 2675
19 69 999
19 70 4776
20 1 7407
20 2 2882
20 3 3429
20 4 3526
20 5 4405
20 6 5012
20 7 4629
20 8 5269
20 9 4165
20 10 3846
20 11 2512
20 12 5445
20 13 1981
20 14 745
20 15 1117
20 16 2938
20 17 6445
20 18 2785
20 19 3960
20 21 2209
20 22 225
20 23 3810
20 24 2862
20 25 1337
20 26 281
20 27 706
20 28 6436
20 29 1083
20 30 6434
20 31 7021
20 32 5370
20 33 1941
20 34 2444
20 35 5068
20 36 1170
20 37 5539
20 38 931
20 39 6333
20 40 3237
20 41 6270
20 42 3423
20 43 717
20 44 1400
20 45 6754
20 46 7320
20 47 5362
20 48 2824
20 49 4484
20 50 3446
20 51 4398
20 52 1309
20 53 3496
20 54 5646
20 55 7103
20 56 5136
20 57 461
20 58 1985
20 59 2651
20 60 4052
20 61 1725
20 62 4698
20 63 5551
20 64 4327
20 65 211
20 66 4783
20 67 1206
20 68 430
20 69 992
20 70 6388
21 1 6891
21 2 5990
21 3 2197
21 4 953
21 5 4795
21 6 6625
21 7 3168
21 8 6818
21 9 6894
21 10 1257
21 11 3356
21 12 3597
21 13 2788
21 14 6731
21 15 6289
21 16 3563
21 17 4943
21 18 6956
21 19 3263
21 20 2026
21 22 2272
21 23 1052
21 24 5284
21 25 491
21 26 3396
21 27 2854
21 28 3448
21 29 1384
21 30 3805
21 31 3293
21 32 1846
21 33 3024
21 34 6270
21 35 2258
21 36 3308
21 37 1247
21 38 2648
21 39 1400
21 40 780
21 41 3898
21 42 7089
21 43 2390
21 44 2032
21 45 6097
21 46 6392
21 47 6226
21 48 3785
21 49 3900
21 50 3246
21 51 3915
21 52 763
21 53 331
21 54 4000
21 55 48
21 56 1768
21 57 7170
21 58 2077
21 59 1913
21 60 7196
21 61 3594
21 62 6583
21 63 6396
21 64 2417
21 65 1744
21 66 725
21 67 4140
21 68 2277
21 69 6846
21 70 2060
22 1 6564
22 2 1656
22 3 7323
22 4 3501
22 5 7191
22 6 2150
22 7 2885
22 8 6349
22 9 3108
22 10 5115
22 11 6495
22 12 5958
22 13 3577
22 14 7355
22 15 4046
22 16 1076
22 17 3698
22 18 3827
22 19 816
22 20 5114
22 21 2043
22 23 3923
22 24 4865
22 25 1314
22 26 289
22 27 2813
22 28 2915
22 29 2042
22 30 5275
22 31 4191
22 32 3509
22 33 1250
22 34 3992
22 35 6495
22 36 3110
22 37 4635
22 38 2632
22 39 4415
22 40 415
22 41 1680
22 42 5487
22 43 3926
22 44 1936
22 45 2061
22 46 5576
22 47 7377
22 48 3104
22 49 450
22 50 6966
22 51 5279
22 52 4851
22 53 3576
22 54 7315
22 55 3095
22 56 7276
22 57 4583
22 58 3701
22 59 6049
22 60 3120
22 61 3410
22 62 1026
22 63 1277
22 64 356
22 65 6563
22 66 3029
22 67 5885
22 68 4090
22 69 5412
22 70 1930
23 1 432
23 2 4567
23 3 2689
23 4 7080
23 5 3266
23 6 1522
23 7 4323
23 8 114
23 9 3365
23 10 3229
23 11 6379
23 12 969
23 13 3261
23 14 1915
23 15 4434
23 16 827
23 17 5574
23 18 6352
23 19 7197
23 20 6565
23 21 5193
23 22 2042
23 24 4654
23 25 1422
23 26 2591
23 27 7248
23 28 6944
23 29 5429
23 30 703
23 31 1291
23 32 5618
23 33 4618
23 34 419
23 35 301
23 36 1805
23 37 6720
23 38 7477
23 39 2496
23 40 4328
23 41 1752
23 42 3217
23 43 6574
23 44 41
23 45 6649
23 46 2424
23 47 1800
23 48 1525
23 49 5210
23 50 3946
23 51 5759
23 52 2109
23 53 3963
23 54 1042
23 55 486
23 56 3268
23 57 5177
23 58 6342
23 59 1925
23 60 3784
23 61 2667
23 62 2218
23 63 6705
23 64 4354
23 65 2484
23 66 7345
23 67 1393
23 68 5274
23 69 3740
23 70 4455
24 1 4490
24 2 6768
24 3 6338
24 4 960
24 5 4002
24 6 2607
24 7 1613
24 8 6386
24 9 828
24 10 7352
24 11 6486
24 12 2743
24 13 2201
24 14 2691
24 15 4929
24 16 3837
24 17 3089
24 18 4640
24 19 1248
24 20 5097
24 21 2339
24 22 7352
24 23 7189
24 25 3375
24 26 6837
24 27 4778
24 28 3093
24 29 7081
24 30 3761
24 31 1526
24 32 44
24 33 629
24 34 4378
24 35 5953
24 36 4406
24 37 2395
24 38 4859
24 39 2021
24 40 2104
24 41 4652
24 42 7013
24 43 245
24 44 365
24 45 1528
24 46 3992
24 47 3700
24 48 1611
24 49 1356
24 50 801
24 51 2567
24 52 4810
24 53 2843
24 54 7132
24 55 679
24 56 3115
24 57 4841
24 58 2820
24 59 587
24 60 3383
24 61 6989
24 62 2553
24 63 6217
24 64 5678
24 65 3636
24 66 5883
24 67 5744
24 68 872
24 69 4055
24 70 3767
25 1 4284
25 2 3360
25 3 1155
25 4 4911
25 5 192
25 6 3329
25 7 2343
25 8 7102
25 9 2271
25 10 2485
25 11 4584
25 12 2702
25 13 476
25 14 1318
25 15 671
25 16 6121
25 17 7269
25 18 2515
25 19 4729
25 20 6442
25 21 3538
25 22 4719
25 23 6251
25 24 6020
25 26 109
25 27 1318
25 28 2718
25 29 2981
25 30 504
25 31 913
25 32 6709
25 33 1959
25 34 5641
25 35 3515
25 36 1663
25 37 2314
25 38 2716
25 39 1483
25 40 6248
25 41 2075
25 42 5405
25 43 1018
25 44 3413
25 45 5019
25 46 920
25 47 6218
25 48 1389
25 49 3465
25 50 5597
25 51 1400
25 52 4020
25 53 6342
25 54 3602
25 55 3866
25 56 2679
25 57 5386
25 58 1214
25 59 6445
25 60 1812
25 61 5512
25 62 4186
25 63 1798
25 64 6114
25 65 1769
25 66 6038
25 67 6505
25 68 4290
25 69 3265
25 70 5538
26 1 5337
26 2 6806
26 3 7165
26 4 4152
26 5 3693
26 6 4098
26 7 4842
26 8 3273
26 9 1280
26 10 5460
26 11 4904
26 12 5373
26 13 6558
26 14 6647
26 15 5359
26 16 4940
26 17 5636
26 18 4996
26 19 7179
26 20 2326
26 21 13
26 22 5643
26 23 2175
26 24 6253
26 25 1469
26 27 2812
26 28 4629
26 29 6926
26 30 3719
26 31 1440
26 32 4402
26 33 562
26 34 1888
26 35 3148
26 36 6691
26 37 6265
26 38 5121
26 39 3500
26 40 5025
26 41 6510
26 42 404
26 43 2475
26 44 6119
26 45 1840
26 46 5350
26 47 6782
26 48 1298
26 49 6964
26 50 4552
26 51 1792
26 52 2070
26 53 5935
26 54 4823
26 55 5354
26 56 5242
26 57 5218
26 58 3726
26 59 5042
26 60 1739
26 61 5115
26 62 5717
26 63 4734
26 64 7325
26 65 6606
26 66 4507
26 67 5487
26 68 1074
26 69 3526
26 70 4492
27 1 6495
27 2 4418
27 3 6245
27 4 6016
27 5 6192
27 6 6092
27 7 4190
27 8 499
27 9 4426
27 10 6801
27 11 4956
27 12 3676
27 13 2106
27 14 2644
27 15 2435
27 16 3937
27 17 5562
27 18 5191
27 19 6261
27 20 3547
27 21 6405
27 22 177
27 23 6706
27 24 1887
27 25 5736
27 26 3015
27 28 5070
27 29 3818
27 30 7210
27 31 4867
27 32 3972
27 33 6745
27 34 5529
27 35 2135
27 36 2759
27 37 6478
27 38 2733
27 39 1533
27 40 6246
27 41 2467
27 42 446
27 43 1150
27 44 7467
27 45 3719
27 46 7202
27 47 4566
27 48 500
27 49 6275
27 50 273
27 51 2550
27 52 6385
27 53 7487
27 54 2165
27 55 7428
27 56 6934
27 57 4544
27 58 6770
27 59 3632
27 60 3169
27 61 1937
27 62 3892
27 63 2522
27 64 2111
27 65 2955
27 66 7206
27 67 4817
27 68 3911
27 69 2496
27 70 402
28 1 6395
28 2 2128
28 3 3488
28 4 4795
28 5 3519
28 6 3810
28 7 4544
28 8 7500
28 9 6329
28 10 2898
28 11 45
28 12 1745
28 13 5332
28 14 3548
28 15 6017
28 16 5082
28 17 7048
28 18 4280
28 19 2379
28 20 472
28 21 3236
28 22 2185
28 23 1979
28 24 5206
28 25 6420
28 26 6541
28 27 4711
28 29 3005
28 30 4178
28 31 908
28 32 836
28 33 3309
28 34 1182
28 35 4801
28 36 4067
28 37 5634
28 38 4002
28 39 4
28 40 7286
28 41 188
28 42 81
28 43 751
28 44 3303
28 45 5805
28 46 7428
28 47 111
28 48 3163
28 49 2328
28 50 4916
28 51 2340
28 52 1272
28 53 6452
28 54 3775
28 55 2996
28 56 1324
28 57 7144
28 58 1139
28 59 697
28 60 2535
28 61 3669
28 62 672
28 63 7339
28 64 5113
28 65 3054
28 66 2721
28 67 6018
28 68 4592
28 69 767
28 70 1127
29 1 5318
29 2 2430
29 3 2545
29 4 976
29 5 2406
29 6 23
29 7 5677
29 8 1274
29 9 4892
29 10 505
29 11 1189
29 12 114
29 13 4833
29 14 1926
29 15 6717
29 16 6492
29 17 5172
29 18 6964
29 19 3286
29 20 6686
29 21 2869
29 22 897
29 23 5446
29 24 129
29 25 6211
29 26 6571
29 27 2228
29 28 5789
29 30 4587
29 31 5150
29 32 5730
29 33 4269
29 34 3060
29 35 2169
29 36 3180
29 37 944
29 38 7119
29 39 7319
29 40 5587
29 41 2707
29 42 5947
29 43 2348
29 44 1852
29 45 5775
29 46 6767
29 47 2647
29 48 5933
29 49 6690
29 50 4395
29 51 7027
29 52 6548
29 53 4911
29 54 4242
29 55 4938
29 56 1357
29 57 1829
29 58 2691
29 59 3433
29 60 1720
29 61 1971
29 62 2735
29 63 4832
29 64 337
29 65 2363
29 66 2390
29 67 2170
29 68 329
29 69 2753
29 70 7247
30 1 5195
30 2 2152
30 3 6900
30 4 193
30 5 3649
30 6 2327
30 7 1297
30 8 1500
30 9 4384
30 10 1768
30 11 3854
30 12 1813
30 13 3707
30 14 6848
30 15 6568
30 16 4676
30 17 4592
30 18 1284
30 19 176
30 20 1962
30 21 2621
30 22 5490
30 23 1208
30 24 2261
30 25 2241
30 26 6003
30 27 5889
30 28 3268
30 29 3324
30 31 5067
30 32 1653
30 33 5542
30 34 3599
30 35 4043
30 36 2079
30 37 2723
30 38 4570
30 39 5812
30 40 364
30 41 7285
30 42 998
30 43 4353
30 44 2323
30 45 6031
30 46 6324
30 47 2991
30 48 7017
30 49 4306
30 50 2612
30 51 4861
30 52 5526
30 53 2167
30 54 3968
30 55 7400
30 56 4239
30 57 3581
30 58 521
30 59 4512
30 60 2507
30 61 3098
30 62 259
30 63 393
30 64 547
30 65 27
30 66 6044
30 67 651
30 68 6595
30 69 4187
30 70 5781
31 1 5129
31 2 29
31 3 2097
31 4 4792
31 5 6762
31 6 5199
31 7 4660
31 8 506
31 9 2533
31 10 5533
31 11 2430
31 12 1806
31 13 501
31 14 4711
31 15 5841
31 16 4396
31 17 4329
31 18 2192
31 19 5743
31 20 4593
31 21 5850
31 22 6060
31 23 4747
31 24 1236
31 25 1489
31 26 2052
31 27 1226
31 28 2856
31 29 4180
31 30 902
31 32 6233
31 33 5576
31 34 4689
31 35 2781
31 36 6663
31 37 1251
31 38 5771
31 39 5688
31 40 5557
31 41 5911
31 42 2461
31 43 4215
31 44 1415
31 45 4606
31 46 6755
31 47 5249
31 48 3020
31 49 2716
31 50 2945
31 51 3634
31 52 7242
31 53 721
31 54 7357
31 55 4452
31 56 4876
31 57 5307
31 58 3638
31 59 5172
31 60 2754
31 61 2675
31 62 2096
31 63 4596
31 64 6477
31 65 219
31 66 5264
31 67 4740
31 68 1198
31 69 2662
31 70 599
32 1 6869
32 2 5033
32 3 4793
32 4 7307
32 5 2336
32 6 7303
32 7 3683
32 8 7422
32 9 2412
32 10 3079
32 11 198
32 12 5207
32 13 296
32 14 2918
32 15 1325
32 16 4848
32 17 5737
32 18 5182
32 19 3503
32 20 4689
32 21 2333
32 22 7085
32 23 1066
32 24 334
32 25 2068
32 26 4148
32 27 480
32 28 4038
32 29 3647
32 30 6024
32 31 5763
32 33 4439
32 34 5280
32 35 5482
32 36 5392
32 37 7045
32 38 7278
32 39 4085
32 40 5895
32 41 5044
32 42 2361
32 43 129
32 44 3943
32 45 3285
32 46 3814
32 47 5682
32 48 6745
32 49 5170
32 50 1693
32 51 407
32 52 1010
32 53 2230
32 54 5057
32 55 1276
32 56 7334
32 57 2930
32 58 5326
32 59 609
32 60 5202
32 61 3759
32 62 180
32 63 5555
32 64 4755
32 65 1734
32 66 2442
32 67 5518
32 68 2197
32 69 6191
32 70 5783
33 1 6577
33 2 2767
33 3 497
33 4 7470
33 5 1075
33 6 2393
33 7 836
33 8 6136
33 9 686
33 10 3645
33 11 6775
33 12 5456
33 13 3254
33 14 5392
33 15 3939
33 16 1373
33 17 6500
33 18 6933
33 19 1706
33 20 3540
33 21 4465
33 22 1034
33 23 1298
33 24 5412
33 25 5484
33 26 4555
33 27 154
33 28 5929
33 29 1159
33 30 1165
33 31 4147
33 32 1987
33 34 5437
33 35 6257
33 36 6025
33 37 244
33 38 5065
33 39 7364
33 40 2351
33 41 1164
33 42 5988
33 43 990
33 44 2140
33 45 7360
33 46 5407
33 47 1909
33 48 4293
33 49 6079
33 50 3802
33 51 6746
33 52 5204
33 53 923
33 54 5656
33 55 3435
33 56 4436
33 57 6445
33 58 2379
33 59 6838
33 60 1759
33 61 125
33 62 7161
33 63 6797
33 64 7295
33 65 6262
33 66 4418
33 67 1182
33 68 5167
33 69 3501
33 70 2900
34 1 7030
34 2 879
34 3 7499
34 4 3048
34 5 4946
34 6 3729
34 7 7497
34 8 4017
34 9 1211
34 10 2219
34 11 6460
34 12 6064
34 13 175
34 14 6151
34 15 1240
34 16 7453
34 17 7231
34 18 721
34 19 368
34 20 2627
34 21 496
34 22 1446
34 23 5101
34 24 7493
34 25 5345
34 26 203
34 27 5540
34 28 1830
34 29 2396
34 30 2531
34 31 71
34 32 3409
34 33 1764
34 35 3518
34 36 5071
34 37 6544
34 38 78
34 39 4545
34 40 7276
34 41 3025
34 42 1442
34 43 6912
34 44 4663
34 45 6380
34 46 2250
34 47 7128
34 48 6504
34 49 5342
34 50 3954
34 51 3433
34 52 2194
34 53 6977
34 54 6138
34 55 2721
34 56 84
34 57 3239
34 58 382
34 59 1750
34 60 6773
34 61 7358
34 62 1117
34 63 1705
34 64 5084
34 65 3102
34 66 1347
34 67 1563
34 68 7001
34 69 1807
34 70 1753
35 1 5643
35 2 7222
35 3 3066
35 4 335
35 5 5776
35 6 3543
35 7 4834
35 8 4939
35 9 2502
35 10 5127
35 11 1483
35 12 2289
35 13 4219
35 14 4505
35 15 402
35 16 2597
35 17 6892
35 18 6278
35 19 5578
35 20 3065
35 21 1887
35 22 4848
35 23 6060
35 24 2152
35 25 790
35 26 90
35 27 2665
35 28 6870
35 29 3383
35 30 4036
35 31 1062
35 32 658
35 33 2532
35 34 5610
35 36 5346
35 37 3769
35 38 4480
35 39 6013
35 40 503
35 41 4317
35 42 7039
35 43 2818
35 44 3603
35 45 5781
35 46 6385
35 47 7462
35 48 3595
35 49 4022
35 50 3021
35 51 1611
35 52 6145
35 53 1167
35 54 7303
35 55 4600
35 56 4449
35 57 855
35 58 2087
35 59 4360
35 60 6428
35 61 105
35 62 2312
35 63 1428
35 64 5129
35 65 6302
35 66 5124
35 67 2035
35 68 2136
35 69 133
35 70 7460
36 1 178
36 2 6537
36 3 1437
36 4 1821
36 5 2402
36 6 1687
36 7 4468
36 8 4209
36 9 3674
36 10 675
36 11 411
36 12 1617
36 13 5403
36 14 658
36 15 1678
36 16 4191
36 17 6546
36 18 2507
36 19 7370
36 20 6087
36 21 5177
36 22 418
36 23 1442
36 24 6012
36 25 4259
36 26 2112
36 27 532
36 28 2735
36 29 3120
36 30 3362
36 31 1827
36 32 5665
36 33 4904
36 34 1679
36 35 2159
36 37 5569
36 38 3787
36 39 1176
36 40 7074
36 41 7454
36 42 1379
36 43 6871
36 44 2158
36 45 1659
36 46 1925
36 47 7477
36 48 7076
36 49 1414
36 50 6059
36 51 7274
36 52 3197
36 53 3048
36 54 6305
36 55 7417
36 56 1613
36 57 4252
36 58 5847
36 59 3263
36 60 2249
36 61 5871
36 62 6279
36 63 1630
36 64 2791
36 65 4874
36 66 7260
36 67 7065
36 68 156
36 69 7114
36 70 2703
37 1 6678
37 2 5408
37 3 2772
37 4 5272
37 5 7142
37 6 2186
37 7 4356
37 8 6729
37 9 164
37 10 3659
37 11 6174
37 12 4831
37 13 5077
37 14 3200
37 15 7044
37 16 5659
37 17 1392
37 18 5511
37 19 5527
37 20 6759
37 21 3648
37 22 6857
37 23 6016
37 24 5480
37 25 3535
37 26 6562
37 27 2968
37 28 5115
37 29 434
37 30 6584
37 31 462
37 32 4463
37 33 1778
37 34 1405
37 35 905
37 36 2149
37 38 2379
37 39 6054
37 40 6353
37 41 826
37 42 4390
37 43 6050
37 44 5790
37 45 2515
37 46 2415
37 47 5526
37 48 1273
37 49 4862
37 50 2386
37 51 4282
37 52 5445
37 53 3153
37 54 4198
37 55 3504
37 56 5556
37 57 2889
37 58 5634
37 59 6789
37 60 5631
37 61 4411
37 62 6234
37 63 899
37 64 1021
37 65 2400
37 66 3216
37 67 1069
37 68 4833
37 69 5673
37 70 984
38 1 275
38 2 5972
38 3 3155
38 4 4275
38 5 1769
38 6 1837
38 7 5249
38 8 2725
38 9 6670
38 10 5738
38 11 1094
38 12 5339
38 13 1952
38 14 5826
38 15 3106
38 16 427
38 17 6820
38 18 3974
38 19 3405
38 20 7039
38 21 3414
38 22 901
38 23 6455
38 24 901
38 25 4610
38 26 6352
38 27 2303
38 28 5650
38 29 4478
38 30 5657
38 31 5924
38 32 5268
38 33 4271
38 34 3337
38 35 4105
38 36 178
38 37 5093
38 39 1749
38 40 6814
38 41 7118
38 42 4842
38 43 263
38 44 3511
38 45 4077
38 46 1734
38 47 2802
38 48 2030
38 49 4913
38 50 2012
38 51 2141
38 52 1026
38 53 3839
38 54 152
38 55 3663
38 56 7303
38 57 4784
38 58 3687
38 59 6481
38 60 4544
38 61 5297
38 62 5249
38 63 6522
38 64 2762
38 65 2087
38 66 6555
38 67 4820
38 68 5262
38 69 2746
38 70 3634
39 1 4852
39 2 2540
39 3 4595
39 4 2835
39 5 4404
39 6 5443
39 7 3524
39 8 985
39 9 5109
39 10 3077
39 11 266
39 12 2631
39 13 3038
39 14 7012
39 15 4654
39 16 627
39 17 2560
39 18 152
39 19 4998
39 20 6674
39 21 5781
39 22 4469
39 23 2544
39 24 2643
39 25 3363
39 26 3672
39 27 4805
39 28 5748
39 29 728
39 30 1361
39 31 4391
39 32 7249
39 33 152
39 34 386
39 35 4342
39 36 3073
39 37 1074
39 38 5041
39 40 3539
39 41 7241
39 42 2059
39 43 1191
39 44 2569
39 45 7042
39 46 6371
39 47 4141
39 48 1241
39 49 4981
39 50 1550
39 51 5099
39 52 6921
39 53 681
39 54 1291
39 55 2631
39 56 3339
39 57 6545
39 58 2371
39 59 4404
39 60 388
39 61 1024
39 62 7028
39 63 3920
39 64 3581
39 65 5379
39 66 3274
39 67 541
39 68 1416
39 69 1952
39 70 4975
40 1 1070
40 2 7332
40 3 1926
40 4 7005
40 5 5104
40 6 6872
40 7 1325
40 8 2344
40 9 6262
40 10 5722
40 11 1242
40 12 4495
40 13 579
40 14 4055
40 15 7058
40 16 601
40 17 640
40 18 319
40 19 6305
40 20 4334
40 21 5448
40 22 3683
40 23 7172
40 24 2857
40 25 327
40 26 2986
40 27 4153
40 28 1901
40 29 4823
40 30 37
40 31 5082
40 32 2005
40 33 6830
40 34 5282
40 35 3022
40 36 7033
40 37 5174
40 38 1304
40 39 3918
40 41 3986
40 42 6062
40 43 5450
40 44 5086
40 45 7041
40 46 195
40 47 2373
40 48 4920
40 49 2963
40 50 4780
40 51 5141
40 52 3404
40 53 6091
40 54 4649
40 55 780
40 56 4970
40 57 751
40 58 4139
40 59 5215
40 60 4817
40 61 19
40 62 5137
40 63 297
40 64 5429
40 65 2445
40 66 4262
40 67 2098
40 68 3393
40 69 3766
40 70 6472
41 1 5994
41 2 6599
41 3 4623
41 4 6601
41 5 1115
41 6 4334
41 7 5751
41 8 1982
41 9 6643
41 10 1839
41 11 2822
41 12 2666
41 13 6351
41 14 7044
41 15 3564
41 16 7119
41 17 3723
41 18 2462
41 19 1106
41 20 5011
41 21 1173
41 22 6618
41 23 2379
41 24 1156
41 25 5333
41 26 4139
41 27 4379
41 28 1020
41 29 4281
41 30 6956
41 31 5111
41 32 4574
41 33 1137
41 34 1496
41 35 3657
41 36 893
41 37 2354
41 38 1389
41 39 1089
41 40 2717
41 42 468
41 43 2108
41 44 1792
41 45 5535
41 46 3848
41 47 1544
41 48 5561
41 49 4239
41 50 2146
41 51 1259
41 52 325
41 53 4424
41 54 5220
41 55 5369
41 56 6982
41 57 4212
41 58 5186
41 59 1748
41 60 3277
41 61 6381
41 62 5204
41 63 978
41 64 7366
41 65 4198
41 66 2265
41 67 832
41 68 2964
41 69 5759
41 70 5188
42 1 3029
42 2 4943
42 3 4437
42 4 347
42 5 5786
42 6 4905
42 7 4711
42 8 4508
42 9 4964
42 10 6970
42 11 2339
42 12 5768
42 13 7141
42 14 390
42 15 2889
42 16 7124
42 17 6994
42 18 6329
42 19 1897
42 20 2257
42 21 4166
42 22 2014
42 23 7158
42 24 4233
42 25 6112
42 26 5703
42 27 4430
42 28 5631
42 29 1439
42 30 3761
42 31 5936
42 32 5263
42 33 7108
42 34 1002
42 35 1194
42 36 4147
42 37 6080
42 38 4721
42 39 6008
42 40 503
42 41 162
42 43 3017
42 44 5582
42 45 5075
42 46 4457
42 47 3677
42 48 6575
42 49 6433
42 50 6254
42 51 25
42 52 692
42 53 7109
42 54 468
42 55 2694
42 56 7099
42 57 2381
42 58 3260
42 59 3901
42 60 6292
42 61 3977
42 62 4643
42 63 4594
42 64 6543
42 65 6103
42 66 4486
42 67 2616
42 68 1347
42 69 7108
42 70 3578
43 1 1406
43 2 3944
43 3 3177
43 4 2319
43 5 6172
43 6 5566
43 7 4714
43 8 2080
43 9 1793
43 10 6122
43 11 2517
43 12 5588
43 13 1822
43 14 3788
43 15 2850
43 16 7483
43 17 2175
43 18 953
43 19 3056
43 20 2387
43 21 3729
43 22 170
43 23 3794
43 24 1961
43 25 2114
43 26 2393
43 27 4614
43 28 1380
43 29 6059
43 30 3226
43 31 2112
43 32 5129
43 33 3625
43 34 7375
43 35 3384
43 36 6262
43 37 6493
43 38 6264
43 39 6625
43 40 4126
43 41 3019
43 42 39
43 44 4679
43 45 1857
43 46 4629
43 47 7207
43 48 3776
43 49 5644
43 50 1057
43 51 5022
43 52 2976
43 53 5002
43 54 4830
43 55 2943
43 56 3475
43 57 4262
43 58 2062
43 59 1550
43 60 3637
43 61 3423
43 62 4689
43 63 252
43 64 6093
43 65 5615
43 66 5850
43 67 4109
43 68 572
43 69 1841
43 70 432
44 1 2831
44 2 4157
44 3 1412
44 4 5238
44 5 1562
44 6 4093
44 7 5513
44 8 1786
44 9 7247
44 10 2936
44 11 6729
44 12 4710
44 13 5391
44 14 5128
44 15 3647
44 16 5851
44 17 4992
44 18 2118
44 19 5665
44 20 6105
44 21 3922
44 22 6874
44 23 6928
44 24 7181
44 25 3967
44 26 3218
44 27 4071
44 28 751
44 29 2734
44 30 7214
44 31 6384
44 32 4798
44 33 7275
44 34 6884
44 35 3744
44 36 6969
44 37 7168
44 38 6777
44 39 1882
44 40 4327
44 41 3132
44 42 2046
44 43 4993
44 45 5240
44 46 2556
44 47 4065
44 48 4172
44 49 175
44 50 6846
44 51 2560
44 52 3113
44 53 2390
44 54 6675
44 55 3526
44 56 5031
44 57 3234
44 58 7165
44 59 2580
44 60 6843
44 61 4423
44 62 422
44 63 291
44 64 997
44 65 2023
44 66 5184
44 67 833
44 68 1946
44 69 341
44 70 6130
45 1 1989
45 2 2628
45 3 1193
45 4 1765
45 5 27
45 6 6277
45 7 6737
45 8 5383
45 9 6526
45 10 3784
45 11 5893
45 12 5444
45 13 7004
45 14 7067
45 15 1258
45 16 6527
45 17 2181
45 18 5118
45 19 4325
45 20 117
45 21 3524
45 22 1257
45 23 476
45 24 4806
45 25 2475
45 26 7336
45 27 2759
45 28 3313
45 29 4570
45 30 1790
45 31 1822
45 32 4936
45 33 4913
45 34 6398
45 35 5801
45 36 4789
45 37 6237
45 38 7076
45 39 2229
45 40 4043
45 41 2775
45 42 3373
45 43 7280
45 44 4212
45 46 895
45 47 4582
45 48 5119
45 49 6695
45 50 5928
45 51 3391
45 52 3094
45 53 2082
45 54 2106
45 55 249
45 56 1892
45 57 2789
45 58 5077
45 59 377
45 60 1919
45 61 6338
45 62 1547
45 63 1470
45 64 2671
45 65 4494
45 66 523
45 67 3583
45 68 6817
45 69 4850
45 70 923
46 1 1810
46 2 2654
46 3 5828
46 4 2062
46 5 7188
46 6 146
46 7 7388
46 8 3254
46 9 1948
46 10 3483
46 11 313
46 12 5116
46 13 3170
46 14 2488
46 15 6954
46 16 5185
46 17 1678
46 18 1024
46 19 3323
46 20 983
46 21 43
46 22 2292
46 23 1481
46 24 7281
46 25 5885
46 26 1845
46 27 7021
46 28 7011
46 29 4512
46 30 5943
46 31 1142
46 32 6995
46 33 869
46 34 2367
46 35 7367
46 36 6458
46 37 2622
46 38 7197
46 39 539
46 40 2100
46 41 6907
46 42 682
46 43 2043
46 44 3175
46 45 1353
46 47 6580
46 48 6698
46 49 448
46 50 3388
46 51 536
46 52 638
46 53 6542
46 54 4330
46 55 4228
46 56 5740
46 57 422
46 58 1266
46 59 2219
46 60 4712
46 61 5759
46 62 7020
46 63 5130
46 64 1885
46 65 4127
46 66 4841
46 67 4212
46 68 4524
46 69 130
46 70 924
47 1 3973
47 2 6799
47 3 7277
47 4 2486
47 5 5704
47 6 7319
47 7 4677
47 8 3422
47 9 2809
47 10 4079
47 11 1833
47 12 3036
47 13 4662
47 14 796
47 15 3654
47 16 2683
47 17 2965
47 18 4459
47 19 5853
47 20 792
47 21 5525
47 22 3496
47 23 1039
47 24 7198
47 25 4820
47 26 6163
47 27 3806
47 28 2757
47 29 4074
47 30 6585
47 31 5219
47 32 6680
47 33 4732
47 34 2093
47 35 5944
47 36 5767
47 37 1658
47 38 3476
47 39 4233
47 40 2698
47 41 3724
47 42 3968
47 43 641
47 44 6353
47 45 4375
47 46 786
47 48 6315
47 49 1387
47 50 3417
47 51 1156
47 52 6861
47 53 5905
47 54 482
47 55 6317
47 56 5486
47 57 5813
47 58 6756
47 59 2607
47 60 39
47 61 5209
47 62 777
47 63 2803
47 64 580
47 65 3392
47 66 783
47 67 3155
47 68 794
47 69 7145
47 70 2469
48 1 3966
48 2 925
48 3 776
48 4 6249
48 5 6792
48 6 3316
48 7 3580
48 8 303
48 9 5307
48 10 6166
48 11 3664
48 12 867
48 13 6721
48 14 4497
48 15 2657
48 16 4578
48 17 5694
48 18 5992
48 19 7037
48 20 2357
48 21 1223
48 22 2289
48 23 1054
48 24 1060
48 25 3195
48 26 7230
48 27 2943
48 28 3962
48 29 2053
48 30 480
48 31 2584
48 32 4834
48 33 5343
48 34 1366
48 35 2615
48 36 6042
48 37 6538
48 38 2972
48 39 5242
48 40 2423
48 41 3331
48 42 2579
48 43 3098
48 44 6660
48 45 197
48 46 6078
48 47 3481
48 49 7356
48 50 6328
48 51 6103
48 52 3274
48 53 690
48 54 3143
48 55 1424
48 56 3153
48 57 5464
48 58 5585
48 59 3303
48 60 750
48 61 5053
48 62 1007
48 63 5281
48 64 3758
48 65 6110
48 66 6723
48 67 722
48 68 807
48 69 3027
48 70 2503
49 1 3012
49 2 4597
49 3 1851
49 4 4633
49 5 2592
49 6 2502
49 7 2539
49 8 994
49 9 4762
49 10 859
49 11 3780
49 12 2940
49 13 248
49 14 610
49 15 2857
49 16 1318
49 17 2193
49 18 2976
49 19 7111
49 20 5450
49 21 1348
49 22 6501
49 23 6923
49 24 4662
49 25 235
49 26 6338
49 27 6146
49 28 2452
49 29 5652
49 30 421
49 31 2383
49 32 4662
49 33 5089
49 34 4674
49 35 3140
49 36 6822
49 37 5184
49 38 2245
49 39 2355
49 40 6348
49 41 1344
49 42 1919
49 43 5940
49 44 1793
49 45 4820
49 46 7407
49 47 5673
49 48 3323
49 50 6652
49 51 1188
49 52 5852
49 53 2634
49 54 3246
49 55 3845
49 56 5341
49 57 3129
49 58 3261
49 59 1529
49 60 2080
49 61 5760
49 62 478
49 63 4182
49 64 4842
49 65 2130
49 66 3980
49 67 6569
49 68 4135
49 69 1962
49 70 3495
50 1 7105
50 2 7397
50 3 389
50 4 2687
50 5 1651
50 6 2280
50 7 3189
50 8 5238
50 9 5479
50 10 2095
50 11 84
50 12 5211
50 13 6583
50 14 2681
50 15 7146
50 16 739
50 17 904
50 18 3177
50 19 1851
50 20 6205
50 21 2211
50 22 2141
50 23 3690
50 24 6505
50 25 75
50 26 4916
50 27 2679
50 28 5601
50 29 4611
50 30 1482
50 31 2887
50 32 637
50 33 4025
50 34 5917
50 35 3046
50 36 2198
50 37 7036
50 38 3063
50 39 3979
50 40 4361
50 41 5550
50 42 4555
50 43 4484
50 44 6358
50 45 7409
50 46 5128
50 47 5005
50 48 2146
50 49 3547
50 51 1844
50 52 3070
50 53 6346
50 54 45
50 55 2496
50 56 5878
50 57 2730
50 58 705
50 59 5277
50 60 3596
50 61 4150
50 62 1197
50 63 2450
50 64 2472
50 65 3459
50 66 4037
50 67 3362
50 68 156
50 69 6466
50 70 2994
51 1 3988
51 2 2629
51 3 4182
51 4 1712
51 5 5892
51 6 1246
51 7 1355
51 8 2797
51 9 3794
51 10 1258
51 11 1570
51 12 1400
51 13 2849
51 14 1375
51 15 876
51 16 1101
51 17 706
51 18 7369
51 19 5330
51 20 5865
51 21 3695
51 22 2447
51 23 5862
51 24 1959
51 25 7352
51 26 1905
51 27 743
51 28 1042
51 29 5935
51 30 1026
51 31 838
51 32 6194
51 33 6679
51 34 5926
51 35 2873
51 36 718
51 37 3960
51 38 1883
51 39 4872
51 40 4528
51 41 3432
51 42 4520
51 43 6026
51 44 3586
51 45 5484
51 46 1085
51 47 3016
51 48 2885
51 49 2518
51 50 324
51 52 3653
51 53 2073
51 54 4570
51 55 461
51 56 6396
51 57 6970
51 58 2898
51 59 7369
51 60 6980
51 61 2743
51 62 4093
51 63 2214
51 64 5168
51 65 7239
51 66 3953
51 67 951
51 68 3547
51 69 3718
51 70 3336
52 1 1389
52 2 1473
52 3 21
52 4 6863
52 5 2443
52 6 5367
52 7 7494
52 8 3195
52 9 2475
52 10 6476
52 11 7079
52 12 5900
52 13 5546
52 14 7045
52 15 3007
52 16 5667
52 17 2466
52 18 2936
52 19 1040
52 20 1113
52 21 1946
52 22 2158
52 23 2844
52 24 4143
52 25 5949
52 26 6892
52 27 3313
52 28 444
52 29 7311
52 30 2668
52 31 2638
52 32 1082
52 33 2771
52 34 6367
52 35 5938
52 36 3154
52 37 3958
52 38 3479
52 39 6071
52 40 1095
52 41 2544
52 42 5211
52 43 1478
52 44 2010
52 45 6208
52 46 3737
52 47 417
52 48 2130
52 49 5215
52 50 6459
52 51 4824
52 53 5268
52 54 7494
52 55 2639
52 56 646
52 57 2353
52 58 4584
52 59 7120
52 60 6120
52 61 6164
52 62 7135
52 63 7025
52 64 2088
52 65 3067
52 66 2136
52 67 4739
52 68 424
52 69 488
52 70 500
53 1 5742
53 2 3544
53 3 7407
53 4 2507
53 5 3193
53 6 6538
53 7 155
53 8 1354
53 9 489
53 10 2072
53 11 2266
53 12 6664
53 13 7226
53 14 2922
53 15 2619
53 16 3311
53 17 2236
53 18 919
53 19 1881
53 20 5331
53 21 3213
53 22 5324
53 23 416
53 24 5724
53 25 7327
53 26 7018
53 27 5077
53 28 204
53 29 1674
53 30 145
53 31 1644
53 32 5841
53 33 1668
53 34 293
53 35 7480
53 36 4494
53 37 4332
53 38 1160
53 39 153
53 40 804
53 41 4681
53 42 7399
53 43 4146
53 44 209
53 45 3412
53 46 5648
53 47 6031
53 48 5352
53 49 4885
53 50 1179
53 51 5982
53 52 7204
53 54 5671
53 55 5322
53 56 590
53 57 6636
53 58 4603
53 59 3726
53 60 1053
53 61 5459
53 62 1964
53 63 6049
53 64 7267
53 65 7460
53 66 7128
53 67 3047
53 68 4355
53 69 6054
53 70 4616
54 1 4804
54 2 157
54 3 6864
54 4 7100
54 5 6088
54 6 3986
54 7 2085
54 8 3636
54 9 1549
54 10 7220
54 11 2344
54 12 7477
54 13 3280
54 14 4570
54 15 2758
54 16 4123
54 17 1080
54 18 239
54 19 7347
54 20 6311
54 21 3045
54 22 6620
54 23 781
54 24 6725
54 25 1192
54 26 7031
54 27 3284
54 28 1655
54 29 6656
54 30 2529
54 31 5350
54 32 4112
54 33 3924
54 34 5524
54 35 1940
54 36 439
54 37 5870
54 38 5852
54 39 7482
54 40 2894
54 41 4374
54 42 6203
54 43 150
54 44 6476
54 45 7255
54 46 7262
54 47 5128
54 48 3478
54 49 912
54 50 3530
54 51 5039
54 52 975
54 53 4907
54 55 6315
54 56 7424
54 57 6951
54 58 690
54 59 5230
54 60 6945
54 61 948
54 62 442
54 63 7081
54 64 5681
54 65 2599
54 66 6102
54 67 510
54 68 4739
54 69 5251
54 70 641
55 1 5232
55 2 3743
55 3 5182
55 4 3369
55 5 5671
55 6 1542
55 7 3814
55 8 6849
55 9 871
55 10 3227
55 11 7229
55 12 2788
55 13 3698
55 14 778
55 15 2783
55 16 520
55 17 5622
55 18 2530
55 19 2489
55 20 7105
55 21 6647
55 22 6717
55 23 889
55 24 6492
55 25 6660
55 26 4435
55 27 3639
55 28 4108
55 29 5223
55 30 5517
55 31 87
55 32 6356
55 33 5511
55 34 7147
55 35 4793
55 36 5931
55 37 5477
55 38 2858
55 39 1800
55 40 5343
55 41 3248
55 42 1784
55 43 6799
55 44 7456
55 45 6118
55 46 6474
55 47 7342
55 48 5488
55 49 7447
55 50 5751
55 51 1196
55 52 5223
55 53 4588
55 54 586
55 56 1840
55 57 7372
55 58 755
55 59 6875
55 60 6889
55 61 6151
55 62 6807
55 63 4899
55 64 2108
55 65 4937
55 66 2282
55 67 4501
55 68 4026
55 69 2476
55 70 1625
56 1 4483
56 2 484
56 3 3415
56 4 6145
56 5 5517
56 6 6442
56 7 6040
56 8 6487
56 9 2377
56 10 1343
56 11 4049
56 12 7099
56 13 1100
56 14 3519
56 15 6789
56 16 4744
56 17 7143
56 18 1024
56 19 6253
56 20 502
56 21 3208
56 22 4457
56 23 5133
56 24 5448
56 25 6941
56 26 2621
56 27 7302
56 28 6481
56 29 556
56 30 5687
56 31 6513
56 32 372
56 33 5210
56 34 2424
56 35 2194
56 36 6671
56 37 2111
56 38 4083
56 39 6291
56 40 2815
56 41 4565
56 42 129
56 43 925
56 44 6206
56 45 6477
56 46 4772
56 47 4791
56 48 276
56 49 6136
56 50 5276
56 51 4066
56 52 7213
56 53 3451
56 54 6078
56 55 5592
56 57 6354
56 58 6303
56 59 557
56 60 5492
56 61 4978
56 62 1064
56 63 3542
56 64 5709
56 65 3012
56 66 652
56 67 5930
56 68 1825
56 69 5174
56 70 4133
57 1 5121
57 2 1744
57 3 4815
57 4 1278
57 5 3108
57 6 6290
57 7 6893
57 8 1691
57 9 5393
57 10 1298
57 11 6784
57 12 5359
57 13 1635
57 14 4159
57 15 2855
57 16 7428
57 17 2261
57 18 6184
57 19 7345
57 20 1499
57 21 7455
57 22 7457
57 23 2936
57 24 2144
57 25 5439
57 26 5056
57 27 7458
57 28 6044
57 29 652
57 30 4134
57 31 3882
57 32 6579
57 33 5470
57 34 2679
57 35 2083
57 36 4564
57 37 2466
57 38 185
57 39 5248
57 40 6437
57 41 1015
57 42 5311
57 43 2913
57 44 4495
57 45 949
57 46 824
57 47 1474
57 48 7047
57 49 5002
57 50 2675
57 51 463
57 52 5479
57 53 1603
57 54 2857
57 55 1488
57 56 120
57 58 2174
57 59 3879
57 60 3787
57 61 1583
57 62 5258
57 63 6177
57 64 2529
57 65 2689
57 66 1050
57 67 859
57 68 4202
57 69 5971
57 70 172
58 1 648
58 2 3522
58 3 6051
58 4 6315
58 5 2176
58 6 101
58 7 3648
58 8 3461
58 9 1609
58 10 1647
58 11 3742
58 12 1279
58 13 3454
58 14 4867
58 15 6726
58 16 1130
58 17 2116
58 18 1476
58 19 5096
58 20 1214
58 21 1212
58 22 1487
58 23 1495
58 24 2632
58 25 7057
58 26 6993
58 27 2595
58 28 1457
58 29 6155
58 30 616
58 31 2224
58 32 2801
58 33 4349
58 34 4285
58 35 2116
58 36 5289
58 37 5615
58 38 1302
58 39 6643
58 40 1964
58 41 6318
58 42 6490
58 43 6362
58 44 4663
58 45 2514
58 46 4687
58 47 7035
58 48 2252
58 49 853
58 50 4168
58 51 5657
58 52 6627
58 53 4278
58 54 6076
58 55 3262
58 56 5315
58 57 5918
58 59 568
58 60 3141
58 61 4195
58 62 2128
58 63 3716
58 64 6384
58 65 2856
58 66 3235
58 67 7135
58 68 4247
58 69 7019
58 70 2849
59 1 2420
59 2 6982
59 3 1961
59 4 5781
59 5 3850
59 6 5723
59 7 5285
59 8 3902
59 9 554
59 10 4530
59 11 5872
59 12 1866
59 13 4227
59 14 6113
59 15 812
59 16 6952
59 17 975
59 18 4127
59 19 7017
59 20 3482
59 21 6466
59 22 5120
59 23 6201
59 24 50
59 25 2433
59 26 4669
59 27 3059
59 28 6176
59 29 4851
59 30 263
59 31 7346
59 32 5478
59 33 6448
59 34 2324
59 35 6710
59 36 2474
59 37 5691
59 38 6339
59 39 5267
59 40 3016
59 41 3235
59 42 3690
59 43 472
59 44 2094
59 45 6643
59 46 2870
59 47 7431
59 48 761
59 49 7200
59 50 396
59 51 5443
59 52 3682
59 53 345
59 54 6488
59 55 6229
59 56 6174
59 57 3940
59 58 2366
59 60 2044
59 61 3027
59 62 2955
59 63 1420
59 64 7393
59 65 3801
59 66 6372
59 67 6333
59 68 1803
59 69 7200
59 70 3707
60 1 4372
60 2 272
60 3 5174
60 4 570
60 5 1826
60 6 3265
60 7 816
60 8 5904
60 9 4235
60 10 4992
60 11 3004
60 12 375
60 13 4087
60 14 7423
60 15 5743
60 16 3006
60 17 4292
60 18 5426
60 19 7099
60 20 6927
60 21 3434
60 22 3219
60 23 3435
60 24 5743
60 25 3802
60 26 4814
60 27 1889
60 28 4272
60 29 4574
60 30 2246
60 31 3449
60 32 4849
60 33 4718
60 34 6027
60 35 347
60 36 5157
60 37 5886
60 38 4962
60 39 68
60 40 4930
60 41 3265
60 42 6344
60 43 6361
60 44 3402
60 45 65
60 46 2760
60 47 3837
60 48 6444
60 49 2203
60 50 6012
60 51 2642
60 52 2170
60 53 3119
60 54 3023
60 55 1870
60 56 921
60 57 5458
60 58 3865
60 59 673
60 61 1899
60 62 334
60 63 7494
60 64 2252
60 65 473
60 66 5147
60 67 4624
60 68 5384
60 69 6644
60 70 1463
61 1 6500
61 2 5291
61 3 5117
61 4 6297
61 5 4611
61 6 6294
61 7 1616
61 8 379
61 9 2932
61 10 905
61 11 4127
61 12 6180
61 13 5688
61 14 1941
61 15 6108
61 16 4765
61 17 3316
61 18 1516
61 19 3317
61 20 4589
61 21 7465
61 22 7395
61 23 5630
61 24 101
61 25 1696
61 26 7490
61 27 7495
61 28 2021
61 29 3355
61 30 5206
61 31 6992
61 32 388
61 33 3240
61 34 6986
61 35 7442
61 36 5655
61 37 7196
61 38 558
61 39 1777
61 40 5692
61 41 3107
61 42 4396
61 43 2493
61 44 4601
61 45 6064
61 46 410
61 47 1129
61 48 5808
61 49 2521
61 50 4262
61 51 3531
61 52 3150
61 53 3619
61 54 1228
61 55 2925
61 56 5533
61 57 2014
61 58 7007
61 59 4160
61 60 6980
61 62 1828
61 63 7470
61 64 7184
61 65 3117
61 66 6281
61 67 6528
61 68 5791
61 69 5356
61 70 857
62 1 6097
62 2 1850
62 3 6257
62 4 5218
62 5 3377
62 6 4293
62 7 7262
62 8 2783
62 9 3567
62 10 6213
62 11 2987
62 12 1702
62 13 6430
62 14 5930
62 15 2368
62 16 1855
62 17 3983
62 18 6139
62 19 1769
62 20 6151
62 21 626
62 22 5994
62 23 6401
62 24 1937
62 25 5475
62 26 6253
62 27 3874
62 28 3185
62 29 7259
62 30 5194
62 31 6877
62 32 396
62 33 1212
62 34 6940
62 35 7238
62 36 4891
62 37 5089
62 38 2229
62 39 6468
62 40 4932
62 41 5513
62 42 1975
62 43 3024
62 44 6541
62 45 3245
62 46 4099
62 47 6067
62 48 2309
62 49 6462
62 50 1593
62 51 1848
62 52 2566
62 53 3707
62 54 3327
62 55 5332
62 56 1971
62 57 5882
62 58 2664
62 59 7139
62 60 5606
62 61 3821
62 63 7015
62 64 1150
62 65 6041
62 66 2895
62 67 1341
62 68 7022
62 69 4876
62 70 4281
63 1 1544
63 2 172
63 3 2119
63 4 813
63 5 6307
63 6 280
63 7 2038
63 8 4232
63 9 6700
63 10 3760
63 11 7201
63 12 4193
63 13 3786
63 14 819
63 15 1293
63 16 6966
63 17 1486
63 18 847
63 19 2146
63 20 1840
63 21 7311
63 22 4694
63 23 154
63 24 6521
63 25 2144
63 26 3975
63 27 2422
63 28 376
63 29 7356
63 30 7224
63 31 1309
63 32 6176
63 33 2587
63 34 160
63 35 3745
63 36 4234
63 37 388
63 38 7062
63 39 757
63 40 712
63 41 2564
63 42 2063
63 43 3805
63 44 5976
63 45 1635
63 46 4348
63 47 3564
63 48 911
63 49 4685
63 50 5207
63 51 4588
63 52 5169
63 53 5690
63 54 663
63 55 6683
63 56 2920
63 57 2531
63 58 1125
63 59 3161
63 60 6499
63 61 2434
63 62 2818
63 64 4748
63 65 6288
63 66 5018
63 67 4449
63 68 114
63 69 4279
63 70 6548
64 1 7443
64 2 7179
64 3 3462
64 4 7107
64 5 967
64 6 5919
64 7 4532
64 8 3567
64 9 2057
64 10 5144
64 11 3970
64 12 1632
64 13 1192
64 14 4253
64 15 3465
64 16 7234
64 17 2265
64 18 5533
64 19 2493
64 20 3851
64 21 2075
64 22 3423
64 23 2161
64 24 1001
64 25 628
64 26 311
64 27 2971
64 28 488
64 29 3821
64 30 5350
64 31 3261
64 32 2181
64 33 477
64 34 991
64 35 3590
64 36 4598
64 37 6604
64 38 834
64 39 3238
64 40 3748
64 41 2496
64 42 6284
64 43 2588
64 44 1340
64 45 1849
64 46 5517
64 47 4
64 48 939
64 49 3010
64 50 3409
64 51 5788
64 52 534
64 53 2402
64 54 7136
64 55 1576
64 56 32
64 57 4509
64 58 943
64 59 6159
64 60 6914
64 61 2832
64 62 2264
64 63 2193
64 65 568
64 66 3676
64 67 1426
64 68 3502
64 69 2898
64 70 6029
65 1 3099
65 2 6398
65 3 3310
65 4 5414
65 5 5600
65 6 308
65 7 198
65 8 673
65 9 4599
65 10 3484
65 11 7358
65 12 2183
65 13 5133
65 14 5157
65 15 1328
65 16 38
65 17 5731
65 18 6137
65 19 4318
65 20 4718
65 21 1229
65 22 3911
65 23 5924
65 24 2039
65 25 7359
65 26 3507
65 27 3734
65 28 4536
65 29 1715
65 30 6783
65 31 3700
65 32 6493
65 33 1757
65 34 683
65 35 2084
65 36 6475
65 37 249
65 38 157
65 39 7129
65 40 5949
65 41 1108
65 42 5154
65 43 6802
65 44 6609
65 45 5344
65 46 2415
65 47 1593
65 48 6688
65 49 1885
65 50 7132
65 51 1777
65 52 4632
65 53 5845
65 54 7039
65 55 4068
65 56 4389
65 57 936
65 58 3825
65 59 1881
65 60 3
65 61 7225
65 62 1113
65 63 5511
65 64 3238
65 66 1772
65 67 2652
65 68 6248
65 69 2588
65 70 4479
66 1 1978
66 2 2744
66 3 4809
66 4 2051
66 5 3252
66 6 5361
66 7 6765
66 8 914
66 9 1239
66 10 630
66 11 6217
66 12 4662
66 13 4288
66 14 3049
66 15 2879
66 16 1421
66 17 4966
66 18 4963
66 19 2810
66 20 6906
66 21 7414
66 22 3633
66 23 2705
66 24 5793
66 25 7038
66 26 1048
66 27 7333
66 28 3416
66 29 3556
66 30 805
66 31 3293
66 32 6250
66 33 5362
66 34 2858
66 35 266
66 36 6340
66 37 451
66 38 4403
66 39 3239
66 40 1045
66 41 5449
66 42 6514
66 43 6271
66 44 465
66 45 5722
66 46 5665
66 47 5336
66 48 4265
66 49 1234
66 50 6312
66 51 3666
66 52 4499
66 53 7090
66 54 409
66 55 4524
66 56 4772
66 57 4093
66 58 5067
66 59 2355
66 60 5562
66 61 7326
66 62 2714
66 63 7314
66 64 4481
66 65 487
66 67 2228
66 68 5659
66 69 3277
66 70 809
67 1 3571
67 2 4974
67 3 6072
67 4 6106
67 5 3616
67 6 5328
67 7 1871
67 8 5718
67 9 6962
67 10 3271
67 11 1252
67 12 4592
67 13 1581
67 14 3489
67 15 157
67 16 3535
67 17 758
67 18 2172
67 19 2677
67 20 3698
67 21 7366
67 22 2192
67 23 2672
67 24 4350
67 25 4219
67 26 3932
67 27 4245
67 28 7197
67 29 1544
67 30 1022
67 31 1723
67 32 2453
67 33 1948
67 34 429
67 35 2119
67 36 2293
67 37 2580
67 38 1921
67 39 4087
67 40 1906
67 41 5553
67 42 2347
67 43 61
67 44 328
67 45 2558
67 46 1939
67 47 6003
67 48 2812
67 49 3792
67 50 5313
67 51 1608
67 52 455
67 53 3898
67 54 20
67 55 2239
67 56 5678
67 57 2437
67 58 5999
67 59 131
67 60 4614
67 61 315
67 62 1100
67 63 4973
67 64 5917
67 65 1600
67 66 814
67 68 3706
67 69 1684
67 70 5072
68 1 5739
68 2 2319
68 3 6355
68 4 2387
68 5 5388
68 6 4951
68 7 1590
68 8 2388
68 9 3873
68 10 4400
68 11 4384
68 12 6828
68 13 5725
68 14 4156
68 15 4118
68 16 3169
68 17 444
68 18 7334
68 19 5266
68 20 5918
68 21 1995
68 22 2470
68 23 2098
68 24 3513
68 25 1844
68 26 5692
68 27 531
68 28 6016
68 29 1061
68 30 3071
68 31 3588
68 32 6506
68 33 3906
68 34 6825
68 35 3203
68 36 7372
68 37 6074
68 38 1805
68 39 6398
68 40 5816
68 41 2717
68 42 5017
68 43 1765
68 44 750
68 45 6083
68 46 2197
68 47 1092
68 48 3731
68 49 4991
68 50 4937
68 51 1943
68 52 1567
68 53 2729
68 54 1281
68 55 1657
68 56 3367
68 57 4324
68 58 4810
68 59 3585
68 60 7098
68 61 1870
68 62 3105
68 63 7195
68 64 1734
68 65 1866
68 66 181
68 67 2421
68 69 206
68 70 5055
69 1 229
69 2 1634
69 3 6746
69 4 4873
69 5 6203
69 6 7321
69 7 1897
69 8 6239
69 9 4814
69 10 3438
69 11 598
69 12 3077
69 13 3818
69 14 6572
69 15 722
69 16 1896
69 17 6636
69 18 7248
69 19 7355
69 20 7281
69 21 3354
69 22 851
69 23 4559
69 24 6860
69 25 493
69 26 2968
69 27 5560
69 28 1797
69 29 2629
69 30 1987
69 31 1660
69 32 971
69 33 6344
69 34 6117
69 35 688
69 36 2423
69 37 415
69 38 7453
69 39 6997
69 40 2600
69 41 4546
69 42 3465
69 43 3774
69 44 3321
69 45 4012
69 46 2182
69 47 7357
69 48 5994
69 49 4124
69 50 6336
69 51 962
69 52 6498
69 53 1685
69 54 177
69 55 4766
69 56 3668
69 57 3013
69 58 127
69 59 1855
69 60 1374
69 61 2217
69 62 7435
69 63 2991
69 64 1012
69 65 3926
69 66 6817
69 67 1371
69 68 2692
69 70 2084
70 1 4398
70 2 706
70 3 6391
70 4 5387
70 5 6686
70 6 1798
70 7 5835
70 8 3413
70 9 3679
70 10 5754
70 11 6314
70 12 7100
70 13 6481
70 14 4117
70 15 7016
70 16 6028
70 17 1831
70 18 529
70 19 1407
70 20 4795
70 21 3359
70 22 1486
70 23 2655
70 24 2559
70 25 3808
70 26 3768
70 27 252
70 28 4625
70 29 4134
70 30 6030
70 31 3636
70 32 3630
70 33 3088
70 34 418
70 35 1337
70 36 3988
70 37 1804
70 38 2050
70 39 191
70 40 3512
70 41 680
70 42 7110
70 43 4214
70 44 6093
70 45 2575
70 46 2304
70 47 4784
70 48 7220
70 49 5961
70 50 5516
70 51 4045
70 52 4472
70 53 3554
70 54 6759
70 55 6321
70 56 3790
70 57 907
70 58 1423
70 59 5088
70 60 3852
70 61 1788
70 62 1530
70 63 7312
70 64 6906
70 65 5007
70 66 6351
70 67 6131
70 68 1999
70 69 6697
