70 4830
1 2 4492
1 3 6403
1 4 6166
1 5 6337
1 6 5042
1 7 4656
1 8 387
1 9 4830
1 10 5300
1 11 2653
1 12 4449
1 13 5070
1 14 2415
1 15 5455
1 16 5206
1 17 535
1 18 3837
1 19 492
1 20 4789
1 21 1308
1 22 2842
1 23 5257
1 24 4167
1 25 2256
1 26 1273
1 27 4753
1 28 4892
1 29 2241
1 30 3074
1 31 2443
1 32 718
1 33 833
1 34 1571
1 35 338
1 36 1331
1 37 6485
1 38 5092
1 39 7252
1 40 7442
1 41 5206
1 42 3747
1 43 5096
1 44 1862
1 45 880
1 46 6473
1 47 5863
1 48 6290
1 49 131
1 50 1156
1 51 522
1 52 1466
1 53 2515
1 54 2634
1 55 7069
1 56 2879
1 57 5255
1 58 5628
1 59 1326
1 60 4507
1 61 90
1 62 4457
1 63 206
1 64 4989
1 65 51
1 66 2039
1 67 6584
1 68 7185
1 69 896
1 70 5906
2 1 1891
2 3 626
2 4 5233
2 5 2452
2 6 22
2 7 5807
2 8 1422
2 9 624
2 10 1353
2 11 1169
2 12 3281
2 13 6982
2 14 2159
2 15 7299
2 16 2703
2 17 6370
2 18 3731
2 19 886
2 20 3619
2 21 1475
2 22 3654
2 23 806
2 24 2172
2 25 1782
2 26 1478
2 27 6706
2 28 6701
2 29 4233
2 30 6884
2 31 3644
2 32 5787
2 33 7108
2 34 4217
2 35 5911
2 36 5971
2 37 5946
2 38 3560
2 39 5697
2 40 171
2 41 5352
2 42 5664
2 43 5677
2 44 3091
2 45 5478
2 46 7017
2 47 3369
2 48 468
2 49 2312
2 50 4845
2 51 5742
2 52 4462
2 53 5787
2 54 2958
2 55 3225
2 56 3662
2 57 7282
2 58 2816
2 59 7340
2 60 3593
2 61 1072
2 62 1554
2 63 6275
2 64 2734
2 65 1753
2 66 6706
2 67 452
2 68 4798
2 69 123
2 70 1312
3 1 5226
3 2 2319
3 4 6254
3 5 5615
3 6 2366
3 7 2045
3 8 106
3 9 946
3 10 5808
3 11 3021
3 12 876
3 13 7468
3 14 3125
3 15 4261
3 16 5364
3 17 4902
3 18 6411
3 19 633
3 20 4466
3 21 6107
3 22 3604
3 23 3622
3 24 4921
3 25 2878
3 26 5617
3 27 1507
3 28 1414
3 29 1616
3 30 4339
3 31 7453
3 32 4219
3 33 927
3 34 4230
3 35 3422
3 36 5943
3 37 1351
3 38 899
3 39 6760
3 40 6188
3 41 5133
3 42 1209
3 43 180
3 44 2563
3 45 2403
3 46 1357
3 47 4203
3 48 3348
3 49 5182
3 50 4516
3 51 6013
3 52 920
3 53 897
3 54 3720
3 55 4418
3 56 6347
3 57 5811
3 58 3636
3 59 6366
3 60 1497
3 61 2355
3 62 3461
3 63 4001
3 64 5185
3 65 5985
3 66 3677
3 67 5044
3 68 1691
3 69 3650
3 70 2989
4 1 3969
4 2 5691
4 3 5044
4 5 1180
4 6 2180
4 7 5247
4 8 2489
4 9 1151
4 10 5434
4 11 6090
4 12 2997
4 13 651
4 14 1208
4 15 4516
4 16 4374
4 17 5067
4 18 834
4 19 64
4 20 3533
4 21 2480
4 22 3707
4 23 2916
4 24 4483
4 25 1398
4 26 6645
4 27 790
4 28 3501
4 29 6661
4 30 3241
4 31 3128
4 32 6073
4 33 5698
4 34 6155
4 35 1290
4 36 944
4 37 7416
4 38 7206
4 39 3711
4 40 143
4 41 6615
4 42 8
4 43 5478
4 44 2961
4 45 4534
4 46 2903
4 47 1947
4 48 1210
4 49 1246
4 50 6856
4 51 4738
4 52 7495
4 53 5775
4 54 2832
4 55 3678
4 56 1043
4 57 822
4 58 5121
4 59 2782
4 60 2820
4 61 5712
4 62 4264
4 63 1529
4 64 6518
4 65 6863
4 66 4858
4 67 4384
4 68 4830
4 69 5377
4 70 3300
5 1 2588
5 2 873
5 3 4715
5 4 5472
5 6 1534
5 7 4841
5 8 5806
5 9 1599
5 10 265
5 11 4678
5 12 1758
5 13 6474
5 14 2294
5 15 6896
5 16 6654
5 17 2700
5 18 75
5 19 4898
5 20 6648
5 21 552
5 22 2945
5 23 6472
5 24 5940
5 25 4327
5 26 1732
5 27 2879
5 28 81
5 29 2851
5 30 4721
5 31 6602
5 32 5390
5 33 4261
5 34 3956
5 35 2235
5 36 4360
5 37 7339
5 38 2097
5 39 3255
5 40 6559
5 41 1074
5 42 4561
5 43 2982
5 44 2623
5 45 6572
5 46 222
5 47 3229
5 48 3251
5 49 5823
5 50 2532
5 51 2233
5 52 912
5 53 1149
5 54 2869
5 55 5265
5 56 35
5 57 1086
5 58 2417
5 59 823
5 60 2844
5 61 2302
5 62 912
5 63 6424
5 64 2181
5 65 463
5 66 941
5 67 283
5 68 594
5 69 4273
5 70 7068
6 1 2503
6 2 1544
6 3 7477
6 4 7427
6 5 7073
6 7 6360
6 8 3717
6 9 1030
6 10 6982
6 11 1753
6 12 2265
6 13 5743
6 14 4058
6 15 291
6 16 2024
6 17 4400
6 18 4860
6 19 926
6 20 4489
6 21 3769
6 22 3819
6 23 1419
6 24 4680
6 25 2342
6 26 1318
6 27 5920
6 28 3226
6 29 4965
6 30 6783
6 31 3771
6 32 4488
6 33 4572
6 34 7056
6 35 1261
6 36 2049
6 37 3
6 38 2585
6 39 684
6 40 5059
6 41 5560
6 42 4515
6 43 82
6 44 4491
6 45 5650
6 46 5679
6 47 4861
6 48 4805
6 49 1456
6 50 6250
6 51 3701
6 52 2758
6 53 5997
6 54 1161
6 55 1319
6 56 6197
6 57 6542
6 58 698
6 59 5933
6 60 1665
6 61 3787
6 62 3909
6 63 5316
6 64 4068
6 65 4617
6 66 17
6 67 1283
6 68 633
6 69 6387
6 70 1979
7 1 3843
7 2 4407
7 3 2285
7 4 3996
7 5 5447
7 6 4628
7 8 5520
7 9 115
7 10 352
7 11 6533
7 12 2404
7 13 4324
7 14 6044
7 15 4981
7 16 4737
7 17 6937
7 18 5872
7 19 2380
7 20 6151
7 21 3326
7 22 5439
7 23 7397
7 24 3108
7 25 2753
7 26 4005
7 27 4744
7 28 1793
7 29 4652
7 30 3849
7 31 138
7 32 5572
7 33 1215
7 34 687
7 35 5732
7 36 2564
7 37 7371
7 38 5691
7 39 5551
7 40 1875
7 41 1428
7 42 1649
7 43 4846
7 44 7288
7 45 2922
7 46 3533
7 47 3815
7 48 5446
7 49 776
7 50 6682
7 51 7451
7 52 1648
7 53 3556
7 54 1674
7 55 571
7 56 3054
7 57 6368
7 58 4071
7 59 4316
7 60 759
7 61 804
7 62 4375
7 63 1759
7 64 1781
7 65 5661
7 66 4517
7 67 3390
7 68 6525
7 69 2779
7 70 1621
8 1 5537
8 2 5954
8 3 3086
8 4 5263
8 5 3314
8 6 2518
8 7 2703
8 9 6599
8 10 1038
8 11 1834
8 12 2107
8 13 1067
8 14 6481
8 15 3584
8 16 3250
8 17 3329
8 18 6283
8 19 7371
8 20 6066
8 21 41
8 22 6175
8 23 5806
8 24 7399
8 25 1122
8 26 3766
8 27 4222
8 28 6503
8 29 5939
8 30 3933
8 31 2467
8 32 6247
8 33 3320
8 34 334
8 35 6034
8 36 1733
8 37 4094
8 38 1123
8 39 3773
8 40 5787
8 41 5407
8 42 1960
8 43 348
8 44 2803
8 45 335
8 46 2674
8 47 2581
8 48 6775
8 49 7443
8 50 4801
8 51 1941
8 52 3623
8 53 2345
8 54 2582
8 55 3262
8 56 2000
8 57 259
8 58 2876
8 59 2341
8 60 7048
8 61 1723
8 62 2174
8 63 3330
8 64 3009
8 65 2533
8 66 290
8 67 1374
8 68 4326
8 69 1530
8 70 2941
9 1 2740
9 2 5693
9 3 6432
9 4 2302
9 5 6419
9 6 4026
9 7 2671
9 8 1582
9 10 1778
9 11 3601
9 12 3768
9 13 3457
9 14 3728
9 15 5909
9 16 7110
9 17 2770
9 18 2176
9 19 512
9 20 4958
9 21 1517
9 22 5290
9 23 548
9 24 2305
9 25 4228
9 26 7326
9 27 3283
9 28 6596
9 29 4194
9 30 54
9 31 37
9 32 3803
9 33 869
9 34 686
9 35 7175
9 36 4800
9 37 5613
9 38 2337
9 39 5571
9 40 6300
9 41 728
9 42 4108
9 43 2542
9 44 4374
9 45 5643
9 46 6923
9 47 6366
9 48 6919
9 49 6937
9 50 6383
9 51 6706
9 52 2330
9 53 1987
9 54 124
9 55 3118
9 56 814
9 57 4442
9 58 2247
9 59 3063
9 60 6405
9 61 4145
9 62 3128
9 63 4401
9 64 5199
9 65 834
9 66 3054
9 67 440
9 68 5684
9 69 5077
9 70 3019
10 1 5363
10 2 2049
10 3 6079
10 4 3845
10 5 4605
10 6 3845
10 7 6285
10 8 251
10 9 1062
10 11 6668
10 12 2953
10 13 747
10 14 695
10 15 470
10 16 5387
10 17 6021
10 18 4145
10 19 1107
10 20 1959
10 21 7467
10 22 4518
10 23 1137
10 24 6902
10 25 1930
10 26 1794
10 27 3702
10 28 2309
10 29 5640
10 30 2883
10 31 4810
10 32 2045
10 33 4289
10 34 5138
10 35 7101
10 36 4025
10 37 1941
10 38 4162
10 39 4077
10 40 4288
10 41 5552
10 42 5317
10 43 5868
10 44 355
10 45 520
10 46 5168
10 47 1466
10 48 3033
10 49 4184
10 50 6743
10 51 7209
10 52 2966
10 53 5658
10 54 2376
10 55 6357
10 56 6235
10 57 6596
10 58 6065
10 59 4860
10 60 6793
10 61 6252
10 62 5132
10 63 2930
10 64 6845
10 65 3221
10 66 1131
10 67 997
10 68 4787
10 69 6974
10 70 4191
11 1 7108
11 2 1702
11 3 2816
11 4 2453
11 5 5637
11 6 1150
11 7 2306
11 8 3499
11 9 1628
11 10 6504
11 12 5674
11 13 7156
11 14 1620
11 15 4650
11 16 1492
11 17 5801
11 18 5343
11 19 5560
11 20 2557
11 21 2355
11 22 1642
11 23 7415
11 24 6809
11 25 6172
11 26 4237
11 27 5121
11 28 2226
11 29 4785
11 30 3521
11 31 2957
11 32 3654
11 33 3221
11 34 6045
11 35 2492
11 36 706
11 37 3249
11 38 1168
11 39 1475
11 40 1946
11 41 317
11 42 1085
11 43 3483
11 44 4191
11 45 1465
11 46 1860
11 47 6284
11 48 3520
11 49 4412
11 50 3482
11 51 4577
11 52 4128
11 53 628
11 54 1497
11 55 152
11 56 5313
11 57 1174
11 58 1044
11 59 190
11 60 2882
11 61 1978
11 62 4832
11 63 740
11 64 1287
11 65 2233
11 66 728
11 67 4137
11 68 3542
11 69 1440
11 70 1374
12 1 3464
12 2 662
12 3 1687
12 4 1393
12 5 893
12 6 2576
12 7 6439
12 8 2215
12 9 7040
12 10 2317
12 11 1834
12 13 1319
12 14 201
12 15 4680
12 16 3320
12 17 1339
12 18 849
12 19 5956
12 20 4622
12 21 7200
12 22 3931
12 23 422
12 24 4082
12 25 450
12 26 2542
12 27 7109
12 28 125
12 29 6825
12 30 1814
12 31 2336
12 32 4987
12 33 187
12 34 5194
12 35 7370
12 36 4914
12 37 4480
12 38 4708
12 39 406
12 40 3336
12 41 6912
12 42 6101
12 43 1086
12 44 2842
12 45 2033
12 46 4537
12 47 4477
12 48 6153
12 49 5327
12 50 3645
12 51 7414
12 52 7141
12 53 3830
12 54 2306
12 55 910
12 56 3662
12 57 3973
12 58 1056
12 59 4957
12 60 4721
12 61 3957
12 62 5813
12 63 2818
12 64 5619
12 65 1949
12 66 6048
12 67 6076
12 68 5341
12 69 4869
12 70 399
13 1 5361
13 2 3235
13 3 4996
13 4 1185
13 5 4988
13 6 6876
13 7 3320
13 8 4281
13 9 7364
13 10 3406
13 11 6213
13 12 3935
13 14 2525
13 15 5796
13 16 582
13 17 7206
13 18 3903
13 19 4064
13 20 5691
13 21 3709
13 22 2490
13 23 6682
13 24 3978
13 25 6808
13 26 4690
13 27 2051
13 28 6731
13 29 7289
13 30 6954
13 31 6943
13 32 4917
13 33 5136
13 34 2065
13 35 5687
13 36 3413
13 37 6462
13 38 4832
13 39 3012
13 40 6998
13 41 6603
13 42 1203
13 43 3640
13 44 6725
13 45 4305
13 46 5994
13 47 6737
13 48 715
13 49 4925
13 50 5434
13 51 4781
13 52 3687
13 53 5047
13 54 4108
13 55 1938
13 56 3607
13 57 231
13 58 2754
13 59 6809
13 60 1194
13 61 772
13 62 3157
13 63 2822
13 64 2372
13 65 2195
13 66 5918
13 67 6949
13 68 6505
13 69 709
13 70 3795
14 1 3935
14 2 5363
14 3 5643
14 4 397
14 5 115
14 6 6974
14 7 2680
14 8 4626
14 9 6854
14 10 685
14 11 7256
14 12 5543
14 13 3375
14 15 7499
14 16 5625
14 17 4959
14 18 4874
14 19 1772
14 20 3249
14 21 7070
14 22 2223
14 23 1767
14 24 5930
14 25 2683
14 26 4838
14 27 5670
14 28 2014
14 29 437
14 30 6870
14 31 3595
14 32 1305
14 33 2841
14 34 5943
14 35 7464
14 36 6775
14 37 4576
14 38 4874
14 39 2773
14 40 4698
14 41 6582
14 42 2741
14 43 226
14 44 2735
14 45 2115
14 46 1551
14 47 3931
14 48 4372
14 49 3619
14 50 7212
14 51 6198
14 52 7022
14 53 4575
14 54 3507
14 55 48
14 56 4080
14 57 2762
14 58 7447
14 59 246
14 60 7140
14 61 1234
14 62 5595
14 63 3205
14 64 478
14 65 2515
14 66 6750
14 67 5297
14 68 2397
14 69 5290
14 70 2216
15 1 7066
15 2 2943
15 3 1220
15 4 6145
15 5 1334
15 6 6697
15 7 1158
15 8 5235
15 9 5568
15 10 6368
15 11 7374
15 12 7188
15 13 1302
15 14 1682
15 16 2872
15 17 5207
15 18 3094
15 19 7442
15 20 3905
15 21 1098
15 22 2040
15 23 2433
15 24 6654
15 25 6866
15 26 2214
15 27 7244
15 28 3949
15 29 3039
15 30 3833
15 31 2348
15 32 212
15 33 5580
15 34 516
15 35 3983
15 36 6458
15 37 7100
15 38 4725
15 39 2714
15 40 2296
15 41 2604
15 42 4040
15 43 5930
15 44 4240
15 45 171
15 46 2252
15 47 2940
15 48 634
15 49 5774
15 50 6854
15 51 4045
15 52 6390
15 53 3415
15 54 1484
15 55 5518
15 56 3587
15 57 1932
15 58 6744
15 59 4067
15 60 6098
15 61 2650
15 62 215
15 63 3006
15 64 1117
15 65 6828
15 66 1427
15 67 272
15 68 3411
15 69 2832
15 70 2187
16 1 432
16 2 6539
16 3 2457
16 4 2199
16 5 3871
16 6 4476
16 7 2923
16 8 847
16 9 3197
16 10 2789
16 11 5644
16 12 2251
16 13 7477
16 14 3030
16 15 1562
16 17 5282
16 18 1592
16 19 4070
16 20 5644
16 21 1223
16 22 5599
16 23 975
16 24 5345
16 25 3407
16 26 1377
16 27 4150
16 28 2991
16 29 7228
16 30 4100
16 31 15
16 32 2257
16 33 1482
16 34 6882
16 35 2962
16 36 5350
16 37 1448
16 38 5992
16 39 1239
16 40 424
16 41 6931
16 42 5762
16 43 2269
16 44 1858
16 45 6514
16 46 2177
16 47 1062
16 48 2231
16 49 3056
16 50 4531
16 51 6414
16 52 2863
16 53 542
16 54 4824
16 55 3992
16 56 5491
16 57 2763
16 58 705
16 59 6409
16 60 4826
16 61 1679
16 62 3557
16 63 92
16 64 425
16 65 4069
16 66 6030
16 67 5504
16 68 5479
16 69 4451
16 70 6801
17 1 595
17 2 5007
17 3 5474
17 4 4395
17 5 190
17 6 6572
17 7 4795
17 8 4915
17 9 754
17 10 6753
17 11 25
17 12 2985
17 13 6127
17 14 4027
17 15 7496
17 16 3325
17 18 5190
17 19 4276
17 20 1372
17 21 2561
17 22 6305
17 23 5499
17 24 7428
17 25 1868
17 26 4619
17 27 6054
17 28 129
17 29 4770
17 30 4217
17 31 2782
17 32 940
17 33 6193
17 34 7446
17 35 5121
17 36 5909
17 37 6138
17 38 2591
17 39 2670
17 40 4709
17 41 2725
17 42 2131
17 43 1210
17 44 3474
17 45 1406
17 46 4666
17 47 2872
17 48 5758
17 49 2041
17 50 3485
17 51 3366
17 52 1879
17 53 2991
17 54 1067
17 55 6415
17 56 106
17 57 5255
17 58 2375
17 59 868
17 60 227
17 61 2076
17 62 594
17 63 3612
17 64 2921
17 65 1415
17 66 1459
17 67 1438
17 68 3780
17 69 1445
17 70 4301
18 1 1866
18 2 2793
18 3 5879
18 4 5502
18 5 2003
18 6 5909
18 7 5919
18 8 2475
18 9 1340
18 10 2193
18 11 3284
18 12 3751
18 13 7380
18 14 4419
18 15 2666
18 16 700
18 17 3466
18 19 1964
18 20 4523
18 21 264
18 22 6382
18 23 784
18 24 4038
18 25 3774
18 26 3964
18 27 766
18 28 5783
18 29 2528
18 30 5314
18 31 4220
18 32 6768
18 33 4388
18 34 6080
18 35 1606
18 36 4576
18 37 4377
18 38 3238
18 39 1661
18 40 5171
18 41 601
18 42 6869
18 43 181
18 44 91
18 45 3822
18 46 1768
18 47 1647
18 48 1061
18 49 4626
18 50 5996
18 51 5359
18 52 795
18 53 3520
18 54 6064
18 55 3476
18 56 5031
18 57 4569
18 58 3740
18 59 897
18 60 1832
18 61 4626
18 62 5875
18 63 3798
18 64 3011
18 65 2593
18 66 5008
18 67 6320
18 68 6310
18 69 1194
18 70 1633
19 1 5435
19 2 5278
19 3 2847
19 4 5319
19 5 5618
19 6 5902
19 7 1657
19 8 4183
19 9 527
19 10 6564
19 11 3368
19 12 4219
19 13 3128
19 14 2710
19 15 5901
19 16 6461
19 17 3072
19 18 141
19 20 2788
19 21 15
19 22 3069
19 23 7006
19 24 4296
19 25 5976
19 26 3119
19 27 600
19 28 6123
19 29 4468
19 30 3101
19 31 3686
19 32 2349
19 33 5919
19 34 2805
19 35 1722
19 36 5251
19 37 1535
19 38 4299
19 39 5228
19 40 7138
19 41 2388
19 42 2169
19 43 3721
19 44 5861
19 45 5580
19 46 1105
19 47 6963
19 48 6172
19 49 7428
19 50 4093
19 51 808
19 52 1891
19 53 6717
19 54 1152
19 55 2201
19 56 4109
19 57 4159
19 58 6165
19 59 3903
19 60 2686
19 61 7418
19 62 5898
19 63 3797
19 64 4446
19 65 155
19 66 1102
19 67 390
19 68 4536
19 69 4606
19 70 2591
20 1 5398
20 2 6363
20 3 2457
20 4 2191
20 5 4358
20 6 4388
20 7 2725
20 8 121
20 9 5463
20 10 6829
20 11 4043
20 12 6869
20 13 5070
20 14 742
20 15 5611
20 16 4486
20 17 4562
20 18 1409
20 19 900
20 21 3151
20 22 7157
20 23 6024
20 24 3946
20 25 2720
20 26 820
20 27 797
20 28 2578
20 29 5799
20 30 7123
20 31 2557
20 32 6675
20 33 7435
20 34 4393
20 35 2668
20 36 3804
20 37 2179
20 38 3297
20 39 4191
20 40 4623
20 41 572
20 42 1555
20 43 2170
20 44 3897
20 45 6472
20 46 2963
20 47 1341
20 48 4769
20 49 5126
20 50 6141
20 51 6849
20 52 7056
20 53 4521
20 54 2737
20 55 2913
20 56 2195
20 57 2641
20 58 4205
20 59 2114
20 60 3882
20 61 3359
20 62 3409
20 63 1499
20 64 4361
20 65 5554
20 66 5523
20 67 7435
20 68 3186
20 69 1411
20 70 5324
21 1 1725
21 2 6045
21 3 222
21 4 4483
21 5 324
21 6 216
21 7 110
21 8 4291
21 9 1800
21 10 3645
21 11 4465
21 12 175
21 13 1693
21 14 2621
21 15 995
21 16 3367
21 17 6179
21 18 3286
21 19 7278
21 20 2332
21 22 2796
21 23 5790
21 24 3207
21 25 3356
21 26 1908
21 27 268
21 28 3796
21 29 3265
21 30 6573
21 31 2005
21 32 419
21 33 3444
21 34 5876
21 35 1786
21 36 6297
21 37 5241
21 38 4296
21 39 5027
21 40 878
21 41 6223
21 42 534
21 43 6497
21 44 5973
21 45 6993
21 46 5632
21 47 187
21 48 2956
21 49 1921
21 50 7160
21 51 616
21 52 2704
21 53 1801
21 54 327
21 55 2526
21 56 2539
21 57 955
21 58 7493
21 59 2472
21 60 1454
21 61 5534
21 62 4366
21 63 2087
21 64 1014
21 65 3961
21 66 2443
21 67 2847
21 68 570
21 69 1446
21 70 1042
22 1 7009
22 2 3394
22 3 685
22 4 4030
22 5 7182
22 6 592
22 7 4082
22 8 1241
22 9 6363
22 10 2433
22 11 6937
22 12 2881
22 13 5438
22 14 3022
22 15 6581
22 16 3857
22 17 3943
22 18 2942
22 19 7313
22 20 2477
22 21 2078
22 23 1785
22 24 1666
22 25 7473
22 26 860
22 27 7217
22 28 6500
22 29 1573
22 30 5691
22 31 4938
22 32 6292
22 33 1360
22 34 3196
22 35 1710
22 36 3284
22 37 6431
22 38 5459
22 39 1369
22 40 1728
22 41 6859
22 42 2870
22 43 6168
22 44 6759
22 45 4515
22 46 7263
22 47 3086
22 48 7379
22 49 5064
22 50 2599
22 51 989
22 52 6087
22 53 5144
22 54 4908
22 55 2225
22 56 4993
22 57 1874
22 58 3769
22 59 2539
22 60 5110
22 61 5085
22 62 3499
22 63 4304
22 64 4349
22 65 7038
22 66 7451
22 67 1425
22 68 3761
22 69 2519
22 70 6139
23 1 6762
23 2 1553
23 3 2517
23 4 5460
23 5 1310
23 6 5585
23 7 3952
23 8 5694
23 9 47
23 10 4607
23 11 3355
23 12 4722
23 13 1856
23 14 4459
23 15 6927
23 16 6917
23 17 2921
23 18 5392
23 19 6441
23 20 2081
23 21 548
23 22 644
23 24 6260
23 25 6071
23 26 2768
23 27 386
23 28 3562
23 29 6124
23 30 5316
23 31 3020
23 32 7056
23 33 212
23 34 6488
23 35 5011
23 36 2215
23 37 7493
23 38 6127
23 39 2116
23 40 3067
23 41 6891
23 42 1973
23 43 6692
23 44 2975
23 45 1399
23 46 6686
23 47 6638
23 48 3485
23 49 1147
23 50 3338
23 51 158
23 52 7112
23 53 2239
23 54 3519
23 55 6920
23 56 4031
23 57 3521
23 58 868
23 59 2208
23 60 4854
23 61 2424
23 62 1034
23 63 4914
23 64 6398
23 65 7354
23 66 671
23 67 3647
23 68 739
23 69 6956
23 70 156
24 1 5542
24 2 5284
24 3 2386
24 4 5185
24 5 6509
24 6 4431
24 7 4454
24 8 3819
24 9 7269
24 10 7305
24 11 6188
24 12 338
24 13 5266
24 14 1935
24 15 5253
24 16 5694
24 17 561
24 18 6915
24 19 602
24 20 246
24 21 607
24 22 517
24 23 5263
24 25 1508
24 26 897
24 27 3638
24 28 3663
24 29 3720
24 30 235
24 31 5963
24 32 1050
24 33 700
24 34 2239
24 35 7124
24 36 6469
24 37 1107
24 38 4270
24 39 1385
24 40 6303
24 41 2526
24 42 1147
24 43 4938
24 44 271
24 45 247
24 46 7209
24 47 611
24 48 4398
24 49 3409
24 50 7144
24 51 159
24 52 1650
24 53 7148
24 54 6254
24 55 4536
24 56 1345
24 57 5528
24 58 3627
24 59 5106
24 60 3996
24 61 3322
24 62 6601
24 63 6147
24 64 6272
24 65 1390
24 66 6692
24 67 5161
24 68 2885
24 69 6387
24 70 5230
25 1 686
25 2 6858
25 3 6531
25 4 2572
25 5 3613
25 6 5205
25 7 112
25 8 6728
25 9 5697
25 10 2976
25 11 7129
25 12 6282
25 13 1545
25 14 3672
25 15 3751
25 16 3312
25 17 426
25 18 3901
25 19 2044
25 20 7081
25 21 2644
25 22 6379
25 23 3008
25 24 7181
25 26 3830
25 27 1357
25 28 1351
25 29 7262
25 30 3344
25 31 6975
25 32 6262
25 33 2234
25 34 1335
25 35 6841
25 36 4797
25 37 6172
25 38 5500
25 39 2159
25 40 1245
25 41 4893
25 42 1533
25 43 5894
25 44 65
25 45 2187
25 46 2661
25 47 871
25 48 4628
25 49 4017
25 50 3154
25 51 5614
25 52 3617
25 53 1027
25 54 6613
25 55 2659
25 56 2995
25 57 3492
25 58 5333
25 59 3485
25 60 7177
25 61 5857
25 62 5337
25 63 4684
25 64 2801
25 65 5510
25 66 3859
25 67 6019
25 68 3113
25 69 4935
25 70 4353
26 1 499
26 2 2148
26 3 2606
26 4 342
26 5 1628
26 6 3178
26 7 3228
26 8 3472
26 9 4652
26 10 5111
26 11 7002
26 12 2340
26 13 3250
26 14 5521
26 15 5212
26 16 4599
26 17 249
26 18 2508
26 19 4131
26 20 4559
26 21 7458
26 22 6598
26 23 1625
26 24 5619
26 25 3866
26 27 6679
26 28 4382
26 29 6142
26 30 1605
26 31 4179
26 32 7319
26 33 6169
26 34 2561
26 35 2253
26 36 5756
26 37 6501
26 38 11
26 39 4735
26 40 203
26 41 7225
26 42 4077
26 43 6229
26 44 2658
26 45 1462
26 46 4718
26 47 7100
26 48 2083
26 49 3188
26 50 1629
26 51 2954
26 52 4699
26 53 3397
26 54 1085
26 55 6570
26 56 636
26 57 454
26 58 6871
26 59 3908
26 60 2533
26 61 5524
26 62 5859
26 63 5105
26 64 3320
26 65 2449
26 66 4483
26 67 4869
26 68 2369
26 69 1192
26 70 4377
27 1 2901
27 2 7318
27 3 4778
27 4 6265
27 5 2392
27 6 4857
27 7 179
27 8 3115
27 9 7352
27 10 544
27 11 7424
27 12 6888
27 13 809
27 14 471
27 15 5648
27 16 6931
27 17 154
27 18 2304
27 19 4295
27 20 561
27 21 6505
27 22 1653
27 23 381
27 24 7136
27 25 2224
27 26 1421
27 28 6334
27 29 2014
27 30 4918
27 31 1658
27 32 3999
27 33 468
27 34 5258
27 35 7487
27 36 2331
27 37 212
27 38 3250
27 39 1398
27 40 3577
27 41 2
27 42 1153
27 43 1787
27 44 671
27 45 1766
27 46 6717
27 47 5226
27 48 2437
27 49 2517
27 50 2642
27 51 7371
27 52 6361
27 53 3818
27 54 6793
27 55 794
27 56 4172
27 57 2636
27 58 1164
27 59 911
27 60 1419
27 61 9
27 62 3120
27 63 5609
27 64 2088
27 65 2957
27 66 1494
27 67 2583
27 68 6219
27 69 1427
27 70 2675
28 1 4634
28 2 784
28 3 3522
28 4 1563
28 5 3689
28 6 4101
28 7 2735
28 8 7092
28 9 6816
28 10 5358
28 11 4672
28 12 6986
28 13 7215
28 14 5358
28 15 1391
28 16 7112
28 17 2761
28 18 3437
28 19 6949
28 20 5217
28 21 5454
28 22 7295
28 23 1113
28 24 1677
28 25 5562
28 26 4240
28 27 6106
28 29 6485
28 30 2587
28 31 6894
28 32 7185
28 33 6032
28 34 4111
28 35 2553
28 36 4432
28 37 902
28 38 4401
28 39 2626
28 40 5538
28 41 269
28 42 6889
28 43 4599
28 44 4201
28 45 5154
28 46 6151
28 47 4344
28 48 4156
28 49 3563
28 50 3634
28 51 5091
28 52 933
28 53 854
28 54 2559
28 55 2405
28 56 2278
28 57 4499
28 58 2303
28 59 4762
28 60 3499
28 61 96
28 62 2854
28 63 2537
28 64 3690
28 65 5600
28 66 1571
28 67 4661
28 68 270
28 69 6592
28 70 6443
29 1 4370
29 2 5584
29 3 132
29 4 4862
29 5 1225
29 6 98
29 7 3799
29 8 3739
29 9 7117
29 10 5631
29 11 3455
29 12 6585
29 13 220
29 14 261
29 15 1698
29 16 2522
29 17 1163
29 18 6773
29 19 3175
29 20 1776
29 21 193
29 22 6826
29 23 7018
29 24 5339
29 25 1889
29 26 2577
29 27 168
29 28 3483
29 30 3503
29 31 2094
29 32 5864
29 33 4899
29 34 194
29 35 5147
29 36 1949
29 37 2423
29 38 7389
29 39 6726
29 40 2122
29 41 6950
29 42 2006
29 43 3495
29 44 7231
29 45 6115
29 46 4444
29 47 5193
29 48 3723
29 49 5773
29 50 5715
29 51 7455
29 52 2630
29 53 983
29 54 4435
29 55 978
29 56 5323
29 57 6607
29 58 7420
29 59 6809
29 60 1635
29 61 3298
29 62 2637
29 63 1730
29 64 6931
29 65 6050
29 66 2397
29 67 5492
29 68 2105
29 69 2400
29 70 3007
30 1 622
30 2 2176
30 3 2509
30 4 6977
30 5 2931
30 6 6909
30 7 3667
30 8 4944
30 9 2152
30 10 2375
30 11 7094
30 12 2048
30 13 5102
30 14 6155
30 15 1115
30 16 4853
30 17 3524
30 18 2782
30 19 5738
30 20 75
30 21 7365
30 22 6795
30 23 7092
30 24 5831
30 25 3443
30 26 4265
30 27 2175
30 28 448
30 29 5540
30 31 3355
30 32 161
30 33 1001
30 34 4550
30 35 998
30 36 5689
30 37 360
30 38 6610
30 39 4917
30 40 1539
30 41 6871
30 42 1377
30 43 896
30 44 5067
30 45 3940
30 46 3930
30 47 2923
30 48 4341
30 49 2410
30 50 6158
30 51 552
30 52 7014
30 53 2636
30 54 5216
30 55 2339
30 56 1712
30 57 6716
30 58 5700
30 59 4254
30 60 310
30 61 6270
30 62 6882
30 63 1152
30 64 3971
30 65 7064
30 66 3047
30 67 2019
30 68 6821
30 69 3904
30 70 4362
31 1 2695
31 2 989
31 3 6198
31 4 6677
31 5 3678
31 6 820
31 7 7035
31 8 2810
31 9 5875
31 10 2358
31 11 5284
31 12 1285
31 13 1224
31 14 4571
31 15 2466
31 16 2406
31 17 3201
31 18 3837
31 19 235
31 20 7291
31 21 7154
31 22 515
31 23 3989
31 24 6043
31 25 7210
31 26 1573
31 27 3248
31 28 5373
31 29 3271
31 30 4619
31 32 6826
31 33 1117
31 34 1785
31 35 4228
31 36 3089
31 37 3640
31 38 2415
31 39 2572
31 40 3508
31 41 6558
31 42 4553
31 43 5070
31 44 5978
31 45 4672
31 46 2176
31 47 1796
31 48 6007
31 49 741
31 50 3902
31 51 4537
31 52 4521
31 53 6262
31 54 1621
31 55 5161
31 56 3528
31 57 4631
31 58 4875
31 59 7488
31 60 6696
31 61 7278
31 62 905
31 63 7197
31 64 1520
31 65 4905
31 66 2996
31 67 1715
31 68 4671
31 69 7141
31 70 1273
32 1 6445
32 2 1099
32 3 4745
32 4 2646
32 5 160
32 6 5670
32 7 4652
32 8 1187
32 9 2344
32 10 3965
32 11 4160
32 12 620
32 13 2343
32 14 5710
32 15 7095
32 16 5332
32 17 2270
32 18 1197
32 19 7424
32 20 1170
32 21 3516
32 22 5020
32 23 4534
32 24 2390
32 25 1857
32 26 1363
32 27 3639
32 28 7070
32 29 808
32 30 3337
32 31 3969
32 33 2274
32 34 2094
32 35 1132
32 36 4018
32 37 5553
32 38 4413
32 39 1401
32 40 3461
32 41 4190
32 42 6112
32 43 7449
32 44 1585
32 45 787
32 46 7380
32 47 2589
32 48 4671
32 49 908
32 50 5632
32 51 5886
32 52 1891
32 53 7344
32 54 989
32 55 3207
32 56 902
32 57 1127
32 58 4186
32 59 7276
32 60 5444
32 61 1438
32 62 3423
32 63 6359
32 64 7405
32 65 5780
32 66 6506
32 67 6332
32 68 3363
32 69 2827
32 70 6019
33 1 6235
33 2 4043
33 3 120
33 4 3119
33 5 3367
33 6 5130
33 7 4883
33 8 3840
33 9 5647
33 10 1004
33 11 5566
33 12 4679
33 13 3535
33 14 3203
33 15 2111
33 16 7198
33 17 2916
33 18 3600
33 19 2041
33 20 740
33 21 1059
33 22 2774
33 23 4453
33 24 2534
33 25 1297
33 26 6312
33 27 5900
33 28 7388
33 29 6470
33 30 2215
33 31 607
33 32 4541
33 34 3556
33 35 3811
33 36 4147
33 37 3532
33 38 4395
33 39 2757
33 40 1676
33 41 551
33 42 3856
33 43 5387
33 44 719
33 45 2680
33 46 7493
33 47 3717
33 48 3870
33 49 4031
33 50 3175
33 51 7120
33 52 2159
33 53 6371
33 54 261
33 55 7135
33 56 3091
33 57 5693
33 58 3768
33 59 3811
33 60 1497
33 61 5670
33 62 1153
33 63 4284
33 64 5139
33 65 6006
33 66 25
33 67 6491
33 68 3682
33 69 801
33 70 5844
34 1 1419
34 2 4361
34 3 1376
34 4 3425
34 5 2687
34 6 2909
34 7 3721
34 8 2680
34 9 7180
34 10 7375
34 11 6425
34 12 4362
34 13 845
34 14 2194
34 15 1611
34 16 3660
34 17 541
34 18 7258
34 19 5889
34 20 7089
34 21 6265
34 22 7340
34 23 3190
34 24 2862
34 25 2263
34 26 2724
34 27 4931
34 28 2557
34 29 6373
34 30 4548
34 31 941
34 32 3354
34 33 3998
34 35 765
34 36 2380
34 37 6161
34 38 6315
34 39 7399
34 40 2572
34 41 2368
34 42 3133
34 43 3517
34 44 3930
34 45 1469
34 46 5299
34 47 5181
34 48 4364
34 49 5525
34 50 3133
34 51 5584
34 52 4345
34 53 3807
34 54 878
34 55 2768
34 56 579
34 57 7240
34 58 6136
34 59 3029
34 60 980
34 61 3378
34 62 4511
34 63 3019
34 64 585
34 65 2682
34 66 3605
34 67 4784
34 68 6250
34 69 6286
34 70 5391
35 1 1642
35 2 1617
35 3 4351
35 4 1955
35 5 4828
35 6 243
35 7 7469
35 8 4256
35 9 1516
35 10 3042
35 11 481
35 12 7304
35 13 608
35 14 5460
35 15 3778
35 16 1364
35 17 4146
35 18 2015
35 19 4378
35 20 6303
35 21 1608
35 22 6883
35 23 705
35 24 4085
35 25 6004
35 26 2119
35 27 1267
35 28 2348
35 29 4765
35 30 1387
35 31 8
35 32 555
35 33 4143
35 34 6312
35 36 5566
35 37 6279
35 38 3442
35 39 194
35 40 4889
35 41 4036
35 42 2177
35 43 5506
35 44 4221
35 45 5330
35 46 3905
35 47 5210
35 48 7400
35 49 5619
35 50 6948
35 51 5395
35 52 4617
35 53 4629
35 54 960
35 55 7439
35 56 4304
35 57 2685
35 58 7086
35 59 4317
35 60 2839
35 61 2752
35 62 4705
35 63 5203
35 64 6466
35 65 1744
35 66 5394
35 67 1639
35 68 6986
35 69 4366
35 70 263
36 1 2137
36 2 6963
36 3 3818
36 4 4145
36 5 836
36 6 2119
36 7 5023
36 8 5128
36 9 5129
36 10 2412
36 11 1288
36 12 2906
36 13 4
36 14 2236
36 15 3277
36 16 5227
36 17 6928
36 18 1958
36 19 7240
36 20 1234
36 21 5782
36 22 6861
36 23 4114
36 24 2774
36 25 4161
36 26 3483
36 27 7287
36 28 2861
36 29 579
36 30 2148
36 31 4449
36 32 2891
36 33 661
36 34 3562
36 35 3944
36 37 275
36 38 5629
36 39 5202
36 40 903
36 41 7175
36 42 6584
36 43 5783
36 44 2570
36 45 3434
36 46 7422
36 47 1279
36 48 1098
36 49 6549
36 50 2100
36 51 6266
36 52 6120
36 53 3740
36 54 6873
36 55 7455
36 56 2028
36 57 108
36 58 5052
36 59 6344
36 60 5986
36 61 3354
36 62 1007
36 63 2123
36 64 5326
36 65 1323
36 66 4117
36 67 3052
36 68 6143
36 69 4588
36 70 2024
37 1 2360
37 2 469
37 3 3737
37 4 3459
37 5 5243
37 6 68
37 7 5581
37 8 3331
37 9 3420
37 10 7414
37 11 3533
37 12 2982
37 13 6247
37 14 2724
37 15 4202
37 16 4299
37 17 990
37 18 4624
37 19 4372
37 20 3834
37 21 5433
37 22 1322
37 23 4546
37 24 1702
37 25 5470
37 26 1848
37 27 1013
37 28 1531
37 29 5377
37 30 1205
37 31 2753
37 32 3594
37 33 6820
37 34 2046
37 35 5776
37 36 7318
37 38 479
37 39 3075
37 40 2033
37 41 3303
37 42 1531
37 43 3175
37 44 1835
37 45 3750
37 46 4537
37 47 679
37 48 1148
37 49 2796
37 50 4851
37 51 28
37 52 2370
37 53 6806
37 54 7172
37 55 5171
37 56 4895
37 57 3017
37 58 2924
37 59 5432
37 60 2070
37 61 5288
37 62 5880
37 63 3600
37 64 2044
37 65 6765
37 66 3856
37 67 2957
37 68 6298
37 69 185
37 70 6735
38 1 2586
38 2 661
38 3 1410
38 4 2227
38 5 614
38 6 4120
38 7 3546
38 8 1573
38 9 1552
38 10 128
38 11 5463
38 12 1371
38 13 6991
38 14 3876
38 15 368
38 16 4
38 17 433
38 18 607
38 19 6835
38 20 1573
38 21 2069
38 22 6761
38 23 1974
38 24 3643
38 25 4763
38 26 5348
38 27 4977
38 28 124
38 29 5814
38 30 1470
38 31 3017
38 32 1846
38 33 5547
38 34 4412
38 35 3073
38 36 3710
38 37 1215
38 39 2241
38 40 268
38 41 2637
38 42 2806
38 43 1925
38 44 3587
38 45 5703
38 46 27
38 47 6329
38 48 7495
38 49 5190
38 50 1295
38 51 3728
38 52 7238
38 53 3085
38 54 4125
38 55 6568
38 56 7029
38 57 779
38 58 5156
38 59 2236
38 60 569
38 61 2702
38 62 3084
38 63 4183
38 64 1920
38 65 2899
38 66 3764
38 67 3903
38 68 5238
38 69 4694
38 70 2273
39 1 6902
39 2 7015
39 3 6906
39 4 3355
39 5 3270
39 6 2591
39 7 5789
39 8 2891
39 9 4216
39 10 5306
39 11 2830
39 12 5917
39 13 6429
39 14 121
39 15 3749
39 16 1241
39 17 3476
39 18 3275
39 19 6801
39 20 1956
39 21 1667
39 22 3154
39 23 884
39 24 1401
39 25 4487
39 26 1845
39 27 4141
39 28 5787
39 29 477
39 30 7311
39 31 7023
39 32 2554
39 33 6512
39 34 6766
39 35 4646
39 36 3790
39 37 3901
39 38 1762
39 40 7017
39 41 395
39 42 3151
39 43 1259
39 44 2238
39 45 5937
39 46 2818
39 47 4615
39 48 5813
39 49 755
39 50 4450
39 51 1171
39 52 3428
39 53 1601
39 54 4023
39 55 2193
39 56 665
39 57 4999
39 58 589
39 59 3735
39 60 2838
39 61 5104
39 62 4092
39 63 5022
39 64 3884
39 65 5337
39 66 6163
39 67 2536
39 68 6887
39 69 1815
39 70 3123
40 1 3926
40 2 4120
40 3 4700
40 4 2862
40 5 634
40 6 1422
40 7 6183
40 8 6030
40 9 232
40 10 1200
40 11 483
40 12 947
40 13 7340
40 14 7448
40 15 4897
40 16 3979
40 17 1143
40 18 253
40 19 3287
40 20 289
40 21 2063
40 22 5941
40 23 4681
40 24 1248
40 25 2462
40 26 423
40 27 2933
40 28 1920
40 29 2508
40 30 3584
40 31 5888
40 32 783
40 33 4190
40 34 3347
40 35 5309
40 36 1479
40 37 1295
40 38 2083
40 39 85
40 41 3428
40 42 4246
40 43 4214
40 44 410
40 45 3783
40 46 1112
40 47 3873
40 48 5372
40 49 6022
40 50 4740
40 51 2107
40 52 5522
40 53 5651
40 54 1688
40 55 851
40 56 5920
40 57 6387
40 58 7287
40 59 3370
40 60 484
40 61 41
40 62 1354
40 63 6364
40 64 2427
40 65 262
40 66 5984
40 67 1880
40 68 6639
40 69 5709
40 70 1787
41 1 6399
41 2 3765
41 3 277
41 4 1273
41 5 6475
41 6 3919
41 7 3554
41 8 1768
41 9 2642
41 10 493
41 11 2242
41 12 3172
41 13 7269
41 14 3047
41 15 5118
41 16 1082
41 17 2626
41 18 7464
41 19 2639
41 20 519
41 21 6810
41 22 1240
41 23 4725
41 24 3396
41 25 5396
41 26 7495
41 27 7498
41 28 3354
41 29 2187
41 30 4692
41 31 2982
41 32 6309
41 33 3781
41 34 5870
41 35 6925
41 36 7092
41 37 7039
41 38 4072
41 39 6740
41 40 4162
41 42 1376
41 43 7339
41 44 722
41 45 4297
41 46 6460
41 47 5810
41 48 2234
41 49 1967
41 50 1928
41 51 692
41 52 282
41 53 3284
41 54 3898
41 55 1251
41 56 5594
41 57 927
41 58 7388
41 59 5902
41 60 6221
41 61 3761
41 62 1736
41 63 6343
41 64 4368
41 65 3459
41 66 7026
41 67 1303
41 68 150
41 69 2261
41 70 6055
42 1 6834
42 2 182
42 3 2717
42 4 2627
42 5 7003
42 6 5125
42 7 3030
42 8 4769
42 9 2292
42 10 6990
42 11 576
42 12 1978
42 13 3496
42 14 2847
42 15 5029
42 16 2678
42 17 6861
42 18 2464
42 19 7361
42 20 655
42 21 6803
42 22 231
42 23 6986
42 24 2262
42 25 4505
42 26 1076
42 27 2518
42 28 2179
42 29 3176
42 30 6609
42 31 7445
42 32 5022
42 33 7233
42 34 3699
42 35 6262
42 36 4367
42 37 165
42 38 692
42 39 3940
42 40 5360
42 41 4373
42 43 2223
42 44 1924
42 45 4682
42 46 922
42 47 4294
42 48 7432
42 49 5792
42 50 4845
42 51 172
42 52 3293
42 53 2483
42 54 4813
42 55 3732
42 56 3057
42 57 2531
42 58 2550
42 59 5500
42 60 4937
42 61 2140
42 62 3324
42 63 4210
42 64 1327
42 65 366
42 66 1406
42 67 12
42 68 4272
42 69 4218
42 70 3853
43 1 3140
43 2 4833
43 3 7275
43 4 2304
43 5 1880
43 6 6804
43 7 2920
43 8 57
43 9 984
43 10 6021
43 11 1771
43 12 6854
43 13 4811
43 14 2232
43 15 4569
43 16 3408
43 17 5131
43 18 1025
43 19 4822
43 20 1682
43 21 3231
43 22 3925
43 23 987
43 24 6218
43 25 4002
43 26 5034
43 27 1173
43 28 737
43 29 3242
43 30 4448
43 31 5559
43 32 5982
43 33 1534
43 34 4710
43 35 4996
43 36 3728
43 37 143
43 38 7077
43 39 6782
43 40 2794
43 41 6671
43 42 6725
43 44 6757
43 45 6969
43 46 2575
43 47 7209
43 48 3783
43 49 285
43 50 1627
43 51 1400
43 52 136
43 53 5467
43 54 4558
43 55 4024
43 56 4941
43 57 3469
43 58 2457
43 59 3948
43 60 5680
43 61 1762
43 62 6563
43 63 4047
43 64 6392
43 65 5776
43 66 4586
43 67 5729
43 68 6809
43 69 1053
43 70 3952
44 1 2711
44 2 6853
44 3 5186
44 4 3110
44 5 567
44 6 2
44 7 5093
44 8 7034
44 9 584
44 10 1996
44 11 787
44 12 5331
44 13 4286
44 14 1331
44 15 5917
44 16 7475
44 17 6968
44 18 6665
44 19 6872
44 20 4740
44 21 1738
44 22 5962
44 23 4475
44 24 3214
44 25 2154
44 26 4067
44 27 1980
44 28 5061
44 29 6667
44 30 4361
44 31 2381
44 32 6619
44 33 6571
44 34 3807
44 35 7198
44 36 1822
44 37 1960
44 38 5261
44 39 7022
44 40 2871
44 41 4485
44 42 2142
44 43 3371
44 45 4988
44 46 1747
44 47 6602
44 48 549
44 49 3990
44 50 5093
44 51 4733
44 52 7464
44 53 6300
44 54 2458
44 55 188
44 56 683
44 57 2080
44 58 7168
44 59 3385
44 60 1955
44 61 4143
44 62 5026
44 63 4868
44 64 854
44 65 3098
44 66 2574
44 67 3628
44 68 2146
44 69 2294
44 70 5260
45 1 4232
45 2 4851
45 3 328
45 4 5179
45 5 5270
45 6 7333
45 7 438
45 8 1007
45 9 1426
45 10 2688
45 11 1317
45 12 6151
45 13 133
45 14 4722
45 15 5056
45 16 3389
45 17 4870
45 18 5739
45 19 7091
45 20 6858
45 21 4374
45 22 4920
45 23 1570
45 24 4987
45 25 285
45 26 5865
45 27 1595
45 28 4816
45 29 2581
45 30 5278
45 31 6981
45 32 7387
45 33 6727
45 34 7258
45 35 3741
45 36 2418
45 37 5720
45 38 1957
45 39 1928
45 40 85
45 41 1034
45 42 5580
45 43 6947
45 44 3429
45 46 4610
45 47 2844
45 48 3351
45 49 2990
45 50 1520
45 51 3580
45 52 2795
45 53 484
45 54 6917
45 55 2212
45 56 2009
45 57 7463
45 58 6005
45 59 4270
45 60 6000
45 61 1023
45 62 3793
45 63 3382
45 64 4272
45 65 350
45 66 6511
45 67 7403
45 68 3136
45 69 2499
45 70 5916
46 1 347
46 2 4035
46 3 3043
46 4 5187
46 5 5077
46 6 4433
46 7 3960
46 8 4149
46 9 3386
46 10 6904
46 11 6234
46 12 4150
46 13 3688
46 14 6796
46 15 1068
46 16 937
46 17 2901
46 18 2591
46 19 339
46 20 1223
46 21 1422
46 22 4207
46 23 4699
46 24 6856
46 25 6934
46 26 5427
46 27 159
46 28 1308
46 29 5301
46 30 6421
46 31 1582
46 32 6463
46 33 4512
46 34 2469
46 35 2519
46 36 4093
46 37 4693
46 38 5925
46 39 5991
46 40 4056
46 41 5083
46 42 401
46 43 6552
46 44 2409
46 45 5310
46 47 349
46 48 5450
46 49 70
46 50 1459
46 51 6569
46 52 5390
46 53 506
46 54 4975
46 55 7174
46 56 381
46 57 5058
46 58 2727
46 59 3074
46 60 1982
46 61 3140
46 62 2358
46 63 6907
46 64 3726
46 65 5752
46 66 7137
46 67 2866
46 68 133
46 69 7201
46 70 6443
47 1 3876
47 2 4036
47 3 611
47 4 4527
47 5 6611
47 6 4484
47 7 1799
47 8 3259
47 9 6157
47 10 3202
47 11 6787
47 12 5892
47 13 3558
47 14 2306
47 15 7431
47 16 3284
47 17 4146
47 18 2220
47 19 4070
47 20 2702
47 21 789
47 22 5762
47 23 5900
47 24 4225
47 25 3353
47 26 7198
47 27 3782
47 28 6471
47 29 7161
47 30 7167
47 31 4090
47 32 5225
47 33 4747
47 34 6340
47 35 6121
47 36 4655
47 37 381
47 38 4195
47 39 1707
47 40 5513
47 41 5868
47 42 5460
47 43 425
47 44 5204
47 45 5059
47 46 6387
47 48 2961
47 49 2881
47 50 6848
47 51 2100
47 52 4832
47 53 1062
47 54 4632
47 55 1043
47 56 5111
47 57 1201
47 58 7116
47 59 2857
47 60 1707
47 61 7205
47 62 3627
47 63 6841
47 64 3974
47 65 989
47 66 7473
47 67 3191
47 68 3350
47 69 5902
47 70 4347
48 1 271
48 2 7070
48 3 7343
48 4 2432
48 5 302
48 6 4670
48 7 3582
48 8 6124
48 9 6672
48 10 2403
48 11 4644
48 12 4981
48 13 4502
48 14 6721
48 15 5777
48 16 6972
48 17 1061
48 18 550
48 19 3056
48 20 7421
48 21 7181
48 22 1018
48 23 3504
48 24 2672
48 25 5177
48 26 4695
48 27 3942
48 28 2982
48 29 909
48 30 6504
48 31 4736
48 32 6132
48 33 1408
48 34 2590
48 35 7241
48 36 2229
48 37 6595
48 38 5214
48 39 3217
48 40 4986
48 41 2409
48 42 6017
48 43 2232
48 44 4766
48 45 3680
48 46 1749
48 47 350
48 49 7058
48 50 4661
48 51 4657
48 52 2019
48 53 326
48 54 87
48 55 6121
48 56 1030
48 57 5203
48 58 150
48 59 6484
48 60 1540
48 61 7313
48 62 3906
48 63 6362
48 64 3754
48 65 478
48 66 2344
48 67 7160
48 68 3818
48 69 6711
48 70 6677
49 1 759
49 2 1859
49 3 1627
49 4 3765
49 5 7019
49 6 3200
49 7 1605
49 8 6182
49 9 2395
49 10 3420
49 11 3030
49 12 4095
49 13 5963
49 14 929
49 15 2788
49 16 3628
49 17 2523
49 18 2226
49 19 4474
49 20 299
49 21 2594
49 22 4369
49 23 2534
49 24 1100
49 25 3983
49 26 816
49 27 351
49 28 6372
49 29 756
49 30 1079
49 31 5960
49 32 6029
49 33 4252
49 34 6128
49 35 3400
49 36 5695
49 37 3973
49 38 113
49 39 4539
49 40 3316
49 41 3975
49 42 514
49 43 766
49 44 3369
49 45 5074
49 46 4860
49 47 4320
49 48 5592
49 50 7443
49 51 4068
49 52 6758
49 53 3282
49 54 1373
49 55 2419
49 56 446
49 57 7068
49 58 2890
49 59 2837
49 60 3376
49 61 1358
49 62 3067
49 63 5659
49 64 3253
49 65 2005
49 66 3380
49 67 1821
49 68 151
49 69 6045
49 70 1229
50 1 7104
50 2 6552
50 3 2528
50 4 795
50 5 5375
50 6 4334
50 7 6878
50 8 6742
50 9 5815
50 10 3363
50 11 2566
50 12 5164
50 13 2766
50 14 6976
50 15 7439
50 16 744
50 17 4837
50 18 1492
50 19 3289
50 20 6515
50 21 1854
50 22 1012
50 23 2143
50 24 3738
50 25 4521
50 26 245
50 27 5637
50 28 5699
50 29 3827
50 30 409
50 31 6342
50 32 476
50 33 7140
50 34 4825
50 35 413
50 36 327
50 37 7148
50 38 990
50 39 659
50 40 6208
50 41 5088
50 42 3951
50 43 765
50 44 4683
50 45 6759
50 46 994
50 47 7118
50 48 3964
50 49 6797
50 51 319
50 52 754
50 53 1512
50 54 2173
50 55 7192
50 56 5309
50 57 2097
50 58 2420
50 59 1909
50 60 2871
50 61 3884
50 62 6670
50 63 5287
50 64 2145
50 65 4136
50 66 1607
50 67 6197
50 68 4849
50 69 1475
50 70 6141
51 1 1746
51 2 6787
51 3 4336
51 4 2672
51 5 196
51 6 5166
51 7 3913
51 8 6156
51 9 7200
51 10 535
51 11 6860
51 12 7249
51 13 5673
51 14 5493
51 15 1005
51 16 527
51 17 4286
51 18 1651
51 19 1665
51 20 2589
51 21 6436
51 22 5356
51 23 5743
51 24 3208
51 25 1903
51 26 7088
51 27 2338
51 28 3010
51 29 5230
51 30 2926
51 31 6064
51 32 2554
51 33 173
51 34 176
51 35 6342
51 36 2236
51 37 80
51 38 2727
51 39 3144
51 40 5168
51 41 3731
51 42 965
51 43 2337
51 44 5969
51 45 2427
51 46 1902
51 47 4528
51 48 1130
51 49 3857
51 50 4532
51 52 1119
51 53 4547
51 54 260
51 55 4868
51 56 5093
51 57 5838
51 58 781
51 59 3388
51 60 2447
51 61 6127
51 62 1895
51 63 140
51 64 1997
51 65 2739
51 66 1546
51 67 2795
51 68 4451
51 69 6799
51 70 5228
52 1 3342
52 2 2133
52 3 405
52 4 1051
52 5 5708
52 6 2552
52 7 3266
52 8 350
52 9 6615
52 10 1724
52 11 1650
52 12 2675
52 13 613
52 14 4628
52 15 6380
52 16 5464
52 17 7124
52 18 2335
52 19 3131
52 20 4969
52 21 570
52 22 605
52 23 422
52 24 6630
52 25 6597
52 26 39
52 27 781
52 28 7296
52 29 5659
52 30 2707
52 31 4126
52 32 7165
52 33 2078
52 34 6180
52 35 909
52 36 5174
52 37 364
52 38 5894
52 39 2943
52 40 4907
52 41 6530
52 42 947
52 43 6283
52 44 6125
52 45 5073
52 46 6980
52 47 2559
52 48 7410
52 49 2340
52 50 4219
52 51 2317
52 53 1639
52 54 2779
52 55 196
52 56 2859
52 57 4478
52 58 546
52 59 6681
52 60 4739
52 61 3881
52 62 2484
52 63 5560
52 64 1294
52 65 1932
52 66 3566
52 67 7192
52 68 1217
52 69 384
52 70 1355
53 1 4784
53 2 4304
53 3 493
53 4 494
53 5 5779
53 6 653
53 7 6707
53 8 1063
53 9 6536
53 10 1551
53 11 4446
53 12 6126
53 13 1629
53 14 6388
53 15 266
53 16 5838
53 17 4358
53 18 7291
53 19 3008
53 20 493
53 21 1948
53 22 4941
53 23 4845
53 24 2698
53 25 7413
53 26 1827
53 27 2881
53 28 1259
53 29 3131
53 30 6974
53 31 6196
53 32 5643
53 33 5525
53 34 4483
53 35 2191
53 36 1913
53 37 1903
53 38 1064
53 39 2916
53 40 6086
53 41 4461
53 42 3186
53 43 2088
53 44 4403
53 45 5162
53 46 447
53 47 1171
53 48 4646
53 49 2424
53 50 4938
53 51 7049
53 52 4956
53 54 3574
53 55 2205
53 56 7081
53 57 4808
53 58 981
53 59 4110
53 60 7065
53 61 341
53 62 3262
53 63 3883
53 64 4483
53 65 7387
53 66 212
53 67 2162
53 68 7206
53 69 2348
53 70 4981
54 1 5156
54 2 4736
54 3 2967
54 4 7132
54 5 4909
54 6 5115
54 7 3792
54 8 7487
54 9 2304
54 10 722
54 11 965
54 12 2155
54 13 2569
54 14 5836
54 15 3439
54 16 6739
54 17 6522
54 18 1002
54 19 4142
54 20 572
54 21 876
54 22 2384
54 23 6706
54 24 924
54 25 2864
54 26 931
54 27 4166
54 28 5921
54 29 4757
54 30 6523
54 31 2710
54 32 387
54 33 7388
54 34 3058
54 35 5263
54 36 4634
54 37 4487
54 38 5157
54 39 4492
54 40 2677
54 41 4646
54 42 3532
54 43 3782
54 44 4621
54 45 2065
54 46 6722
54 47 3529
54 48 3381
54 49 2741
54 50 4603
54 51 1568
54 52 532
54 53 5188
54 55 5861
54 56 716
54 57 6791
54 58 1277
54 59 1657
54 60 4312
54 61 2691
54 62 3352
54 63 7354
54 64 1891
54 65 5366
54 66 6636
54 67 784
54 68 119
54 69 3687
54 70 3374
55 1 5363
55 2 4651
55 3 1883
55 4 6700
55 5 5026
55 6 3874
55 7 6697
55 8 279
55 9 3746
55 10 4248
55 11 6618
55 12 854
55 13 799
55 14 5270
55 15 4134
55 16 2950
55 17 129
55 18 5719
55 19 4429
55 20 2521
55 21 3902
55 22 4731
55 23 1618
55 24 2715
55 25 6812
55 26 81
55 27 5748
55 28 3019
55 29 972
55 30 1708
55 31 1247
55 32 7082
55 33 4312
55 34 4179
55 35 1558
55 36 7297
55 37 7402
55 38 1418
55 39 3254
55 40 5087
55 41 657
55 42 6695
55 43 7024
55 44 5784
55 45 3051
55 46 357
55 47 3227
55 48 1192
55 49 5823
55 50 4682
55 51 6578
55 52 3553
55 53 2461
55 54 5391
55 56 1318
55 57 2797
55 58 3871
55 59 6784
55 60 1492
55 61 4565
55 62 175
55 63 2757
55 64 7077
55 65 3490
55 66 4768
55 67 4745
55 68 3016
55 69 5642
55 70 5666
56 1 2753
56 2 3052
56 3 1855
56 4 6091
56 5 1292
56 6 5133
56 7 5867
56 8 7444
56 9 3717
56 10 4313
56 11 5089
56 12 1285
56 13 2613
56 14 4006
56 15 5444
56 16 1162
56 17 2051
56 18 5321
56 19 2202
56 20 6780
56 21 996
56 22 4939
56 23 3468
56 24 7020
56 25 2299
56 26 1795
56 27 2489
56 28 6442
56 29 6980
56 30 6638
56 31 4297
56 32 6109
56 33 2799
56 34 1834
56 35 4560
56 36 2056
56 37 7437
56 38 3685
56 39 6135
56 40 773
56 41 252
56 42 6238
56 43 2413
56 44 5831
56 45 6279
56 46 5455
56 47 1765
56 48 2079
56 49 2360
56 50 6239
56 51 437
56 52 4571
56 53 2224
56 54 3779
56 55 2176
56 57 371
56 58 50
56 59 2724
56 60 1309
56 61 4320
56 62 5456
56 63 670
56 64 7133
56 65 6691
56 66 4875
56 67 4091
56 68 5416
56 69 1214
56 70 7353
57 1 1689
57 2 7068
57 3 738
57 4 4152
57 5 4598
57 6 6861
57 7 5383
57 8 118
57 9 2747
57 10 1912
57 11 4347
57 12 414
57 13 3656
57 14 1618
57 15 7102
57 16 4803
57 17 2737
57 18 4692
57 19 6056
57 20 1184
57 21 68
57 22 1322
57 23 546
57 24 2595
57 25 2140
57 26 1767
57 27 6629
57 28 950
57 29 68
57 30 4144
57 31 2318
57 32 7237
57 33 1034
57 34 6064
57 35 6348
57 36 5084
57 37 650
57 38 4968
57 39 991
57 40 2374
57 41 5549
57 42 7155
57 43 3641
57 44 7417
57 45 7287
57 46 7440
57 47 7374
57 48 5450
57 49 692
57 50 4987
57 51 7342
57 52 5982
57 53 100
57 54 3926
57 55 6783
57 56 355
57 58 3840
57 59 1575
57 60 4374
57 61 921
57 62 7071
57 63 2207
57 64 1410
57 65 2063
57 66 3903
57 67 1956
57 68 860
57 69 3513
57 70 2871
58 1 6807
58 2 6037
58 3 1128
58 4 1653
58 5 5095
58 6 2032
58 7 3494
58 8 3302
58 9 2731
58 10 1896
58 11 2174
58 12 2134
58 13 778
58 14 5336
58 15 2904
58 16 4151
58 17 4943
58 18 10
58 19 7207
58 20 5394
58 21 513
58 22 5140
58 23 1281
58 24 577
58 25 3241
58 26 4399
58 27 6971
58 28 4210
58 29 666
58 30 6204
58 31 549
58 32 2487
58 33 2797
58 34 2794
58 35 6497
58 36 1912
58 37 4136
58 38 4035
58 39 7407
58 40 2064
58 41 1075
58 42 2701
58 43 824
58 44 1984
58 45 6833
58 46 6118
58 47 5510
58 48 1715
58 49 6196
58 50 5329
58 51 5475
58 52 5877
58 53 3493
58 54 3349
58 55 1816
58 56 3249
58 57 4381
58 59 1232
58 60 2483
58 61 3160
58 62 5602
58 63 480
58 64 849
58 65 4163
58 66 5134
58 67 6885
58 68 6300
58 69 6640
58 70 4877
59 1 622
59 2 7421
59 3 16
59 4 6525
59 5 25
59 6 4009
59 7 4491
59 8 965
59 9 1365
59 10 4515
59 11 4195
59 12 6776
59 13 6734
59 14 5399
59 15 37
59 16 4
59 17 712
59 18 5869
59 19 3208
59 20 3970
59 21 289
59 22 2648
59 23 2021
59 24 6392
59 25 4047
59 26 5610
59 27 2250
59 28 1120
59 29 6818
59 30 5360
59 31 5899
59 32 1194
59 33 2137
59 34 1947
59 35 5338
59 36 538
59 37 2012
59 38 2139
59 39 3245
59 40 6529
59 41 6583
59 42 290
59 43 4935
59 44 3394
59 45 1603
59 46 3303
59 47 3802
59 48 5235
59 49 6774
59 50 3723
59 51 3038
59 52 1297
59 53 7452
59 54 5533
59 55 3543
59 56 7081
59 57 612
59 58 6947
59 60 2840
59 61 1603
59 62 2984
59 63 13
59 64 2118
59 65 1309
59 66 3762
59 67 3653
59 68 6122
59 69 5613
59 70 3977
60 1 2189
60 2 7481
60 3 5004
60 4 5767
60 5 111
60 6 816
60 7 2481
60 8 1391
60 9 1865
60 10 7075
60 11 906
60 12 1498
60 13 73
60 14 5896
60 15 5401
60 16 4678
60 17 4945
60 18 6962
60 19 5063
60 20 2288
60 21 5696
60 22 906
60 23 6148
60 24 3684
60 25 4555
60 26 1385
60 27 5596
60 28 1351
60 29 3781
60 30 1737
60 31 5735
60 32 1626
60 33 7175
60 34 6659
60 35 6574
60 36 562
60 37 2982
60 38 5551
60 39 2192
60 40 5039
60 41 563
60 42 4066
60 43 2619
60 44 960
60 45 6579
60 46 792
60 47 5314
60 48 1540
60 49 4227
60 50 2305
60 51 5588
60 52 1767
60 53 6213
60 54 4621
60 55 2281
60 56 6130
60 57 6012
60 58 5125
60 59 6697
60 61 1935
60 62 3491
60 63 431
60 64 1001
60 65 978
60 66 6264
60 67 5846
60 68 1882
60 69 390
60 70 4496
61 1 221
61 2 553
61 3 2956
61 4 7173
61 5 2237
61 6 1386
61 7 3808
61 8 3265
61 9 1910
61 10 3638
61 11 6130
61 12 5052
61 13 7202
61 14 2450
61 15 2662
61 16 4435
61 17 7498
61 18 1363
61 19 2423
61 20 183
61 21 660
61 22 853
61 23 3566
61 24 6045
61 25 6312
61 26 4498
61 27 7391
61 28 2659
61 29 7286
61 30 3988
61 31 5108
61 32 4506
61 33 2272
61 34 5083
61 35 6714
61 36 6658
61 37 6125
61 38 5778
61 39 542
61 40 2188
61 41 5299
61 42 2305
61 43 2754
61 44 6697
61 45 5140
61 46 4230
61 47 733
61 48 1598
61 49 667
61 50 6461
61 51 3360
61 52 586
61 53 7459
61 54 2680
61 55 25
61 56 3490
61 57 4100
61 58 4027
61 59 4500
61 60 641
61 62 5109
61 63 3968
61 64 2083
61 65 3917
61 66 4308
61 67 2901
61 68 6872
61 69 264
61 70 3446
62 1 1493
62 2 784
62 3 3188
62 4 3666
62 5 7031
62 6 4339
62 7 5677
62 8 2402
62 9 1106
62 10 213
62 11 4660
62 12 1690
62 13 539
62 14 7418
62 15 3441
62 16 2306
62 17 2162
62 18 5124
62 19 7264
62 20 390
62 21 2165
62 22 5264
62 23 220
62 24 1602
62 25 1515
62 26 3005
62 27 4307
62 28 4659
62 29 610
62 30 4907
62 31 961
62 32 4492
62 33 4863
62 34 2882
62 35 4926
62 36 1626
62 37 469
62 38 1720
62 39 4547
62 40 4474
62 41 1691
62 42 5406
62 43 2418
62 44 2412
62 45 61
62 46 679
62 47 1089
62 48 765
62 49 3433
62 50 1310
62 51 3639
62 52 925
62 53 1332
62 54 1329
62 55 6546
62 56 1488
62 57 4460
62 58 4340
62 59 7409
62 60 4378
62 61 3703
62 63 2860
62 64 3788
62 65 974
62 66 6506
62 67 3329
62 68 2899
62 69 3545
62 70 1356
63 1 4028
63 2 814
63 3 995
63 4 1822
63 5 5377
63 6 5333
63 7 1994
63 8 395
63 9 2023
63 10 1976
63 11 6245
63 12 2637
63 13 7262
63 14 3610
63 15 6094
63 16 7210
63 17 7267
63 18 1639
63 19 2383
63 20 197
63 21 4242
63 22 6237
63 23 2798
63 24 1550
63 25 7005
63 26 3895
63 27 574
63 28 6591
63 29 2480
63 30 6583
63 31 2117
63 32 4091
63 33 4825
63 34 1103
63 35 4498
63 36 5142
63 37 1559
63 38 6857
63 39 1307
63 40 6562
63 41 1174
63 42 1987
63 43 2632
63 44 3487
63 45 676
63 46 5972
63 47 5467
63 48 4680
63 49 653
63 50 4652
63 51 4505
63 52 1608
63 53 3939
63 54 2782
63 55 3072
63 56 3722
63 57 615
63 58 4092
63 59 2763
63 60 3214
63 61 2082
63 62 4176
63 64 6084
63 65 312
63 66 748
63 67 134
63 68 3663
63 69 7374
63 70 291
64 1 2012
64 2 5516
64 3 3042
64 4 6883
64 5 3792
64 6 5583
64 7 4808
64 8 4441
64 9 4712
64 10 53
64 11 1217
64 12 4843
64 13 2827
64 14 6090
64 15 7099
64 16 3875
64 17 5102
64 18 7250
64 19 6675
64 20 3047
64 21 3404
64 22 280
64 23 2167
64 24 3333
64 25 1364
64 26 248
64 27 1748
64 28 1103
64 29 5627
64 30 5022
64 31 3170
64 32 2958
64 33 2961
64 34 2011
64 35 6375
64 36 4255
64 37 6470
64 38 3526
64 39 5116
64 40 1115
64 41 1517
64 42 7435
64 43 3534
64 44 6160
64 45 5138
64 46 3505
64 47 2169
64 48 2279
64 49 2553
64 50 83
64 51 1636
64 52 4716
64 53 1807
64 54 2661
64 55 3019
64 56 1875
64 57 6345
64 58 5974
64 59 3252
64 60 1331
64 61 2766
64 62 4092
64 63 604
64 65 2181
64 66 2440
64 67 1417
64 68 2371
64 69 1142
64 70 4873
65 1 3547
65 2 27
65 3 330
65 4 1949
65 5 219
65 6 728
65 7 2235
65 8 894
65 9 6971
65 10 1405
65 11 2985
65 12 4718
65 13 6843
65 14 6438
65 15 452
65 16 4985
65 17 1034
65 18 5402
65 19 3486
65 20 4456
65 21 4648
65 22 412
65 23 1569
65 24 1836
65 25 4183
65 26 4592
65 27 5913
65 28 2331
65 29 1860
65 30 372
65 31 2866
65 32 4002
65 33 3689
65 34 5637
65 35 3506
65 36 5894
65 37 1206
65 38 29
65 39 7256
65 40 6793
65 41 6425
65 42 3020
65 43 7012
65 44 3352
65 45 5946
65 46 4435
65 47 7203
65 48 4998
65 49 7046
65 50 381
65 51 4480
65 52 3978
65 53 4714
65 54 5772
65 55 4860
65 56 4694
65 57 2519
65 58 6432
65 59 3997
65 60 1456
65 61 2998
65 62 130
65 63 4281
65 64 7185
65 66 4940
65 67 286
65 68 5233
65 69 4961
65 70 6786
66 1 4002
66 2 4475
66 3 4825
66 4 460
66 5 6287
66 6 1590
66 7 6886
66 8 2234
66 9 2664
66 10 2900
66 11 5402
66 12 3139
66 13 3816
66 14 4931
66 15 6630
66 16 1119
66 17 4883
66 18 7495
66 19 1031
66 20 1080
66 21 7435
66 22 1772
66 23 255
66 24 1802
66 25 4845
66 26 920
66 27 1526
66 28 1607
66 29 3878
66 30 4263
66 31 3531
66 32 1983
66 33 4583
66 34 5786
66 35 7039
66 36 5341
66 37 2139
66 38 1268
66 39 2428
66 40 6945
66 41 6856
66 42 3130
66 43 4214
66 44 1394
66 45 2060
66 46 5783
66 47 1909
66 48 6087
66 49 4435
66 50 2565
66 51 824
66 52 4291
66 53 1774
66 54 7119
66 55 1574
66 56 3825
66 57 3407
66 58 4481
66 59 3349
66 60 7301
66 61 6033
66 62 2929
66 63 1702
66 64 1273
66 65 4745
66 67 7087
66 68 1102
66 69 5512
66 70 5179
67 1 239
67 2 2652
67 3 4012
67 4 6366
67 5 3948
67 6 6654
67 7 3664
67 8 7328
67 9 4735
67 10 5995
67 11 2730
67 12 1024
67 13 6458
67 14 4590
67 15 2569
67 16 1549
67 17 4542
67 18 971
67 19 6327
67 20 2865
67 21 1046
67 22 6995
67 23 765
67 24 5774
67 25 6147
67 26 1984
67 27 552
67 28 4806
67 29 6761
67 30 5944
67 31 5845
67 32 706
67 33 911
67 34 2891
67 35 2142
67 36 5983
67 37 6548
67 38 6684
67 39 1576
67 40 3510
67 41 6625
67 42 598
67 43 6137
67 44 977
67 45 7003
67 46 2651
67 47 300
67 48 2312
67 49 2712
67 50 7215
67 51 3265
67 52 555
67 53 4303
67 54 2159
67 55 3105
67 56 3572
67 57 4435
67 58 6244
67 59 5034
67 60 7321
67 61 5355
67 62 555
67 63 1669
67 64 2600
67 65 308
67 66 6427
67 68 4201
67 69 3078
67 70 6918
68 1 2785
68 2 867
68 3 849
68 4 4879
68 5 3182
68 6 1727
68 7 2614
68 8 7381
68 9 5650
68 10 4739
68 11 7188
68 12 1511
68 13 6330
68 14 2236
68 15 1174
68 16 1681
68 17 3013
68 18 2953
68 19 5425
68 20 2183
68 21 3100
68 22 851
68 23 5111
68 24 2184
68 25 246
68 26 3560
68 27 540
68 28 1437
68 29 5998
68 30 6664
68 31 4423
68 32 869
68 33 3372
68 34 5748
68 35 7130
68 36 2020
68 37 226
68 38 666
68 39 6861
68 40 2473
68 41 2387
68 42 445
68 43 3490
68 44 3869
68 45 3526
68 46 5956
68 47 3199
68 48 3019
68 49 4660
68 50 3860
68 51 3844
68 52 4998
68 53 6539
68 54 28
68 55 3178
68 56 3543
68 57 4725
68 58 7199
68 59 5783
68 60 513
68 61 4422
68 62 4428
68 63 2564
68 64 1227
68 65 2814
68 66 7408
68 67 3138
68 69 6714
68 70 171
69 1 2689
69 2 2183
69 3 3631
69 4 2629
69 5 5881
69 6 5838
69 7 1746
69 8 5633
69 9 1932
69 10 2277
69 11 5017
69 12 1931
69 13 2599
69 14 195
69 15 1901
69 16 3656
69 17 1079
69 18 2995
69 19 6703
69 20 3321
69 21 2084
69 22 3214
69 23 3626
69 24 4517
69 25 1555
69 26 2653
69 27 952
69 28 258
69 29 7438
69 30 4063
69 31 2574
69 32 78
69 33 140
69 34 1209
69 35 4647
69 36 2952
69 37 4996
69 38 1388
69 39 4449
69 40 3349
69 41 6902
69 42 2137
69 43 693
69 44 70
69 45 2935
69 46 4657
69 47 5820
69 48 1544
69 49 2916
69 50 5806
69 51 2110
69 52 5835
69 53 7439
69 54 5898
69 55 923
69 56 875
69 57 5331
69 58 1727
69 59 5546
69 60 1503
69 61 189
69 62 1264
69 63 6335
69 64 5871
69 65 2119
69 66 6446
69 67 4862
69 68 7438
69 70 5838
70 1 2615
70 2 3784
70 3 5836
70 4 5504
70 5 2933
70 6 7007
70 7 195
70 8 3492
70 9 25
70 10 4058
70 11 2783
70 12 2101
70 13 3006
70 14 140
70 15 6609
70 16 1397
70 17 2111
70 18 4484
70 19 7304
70 20 7371
70 21 7421
70 22 2999
70 23 2092
70 24 5038
70 25 3823
70 26 97
70 27 1980
70 28 6551
70 29 3962
70 30 5202
70 31 715
70 32 5773
70 33 5940
70 34 2308
70 35 2720
70 36 4449
70 37 3448
70 38 4483
70 39 7277
70 40 5074
70 41 604
70 42 1899
70 43 3732
70 44 198
70 45 5676
70 46 3982
70 47 528
70 48 2402
70 49 2963
70 50 5983
70 51 4725
70 52 972
70 53 3434
70 54 3585
70 55 3748
70 56 3667
70 57 6750
70 58 4755
70 59 6590
70 60 4175
70 61 7095
70 62 1404
70 63 58
70 64 696
70 65 2834
70 66 2521
70 67 6887
70 68 4689
70 69 2052
