70 4830
1 2 6240
1 3 1647
1 4 5350
1 5 2497
1 6 6397
1 7 7426
1 8 2640
1 9 3723
1 10 5337
1 11 1805
1 12 7056
1 13 4407
1 14 986
1 15 5677
1 16 1163
1 17 996
1 18 5101
1 19 5297
1 20 6925
1 21 3694
1 22 7483
1 23 7122
1 24 2073
1 25 3835
1 26 5471
1 27 6530
1 28 4291
1 29 6500
1 30 2218
1 31 608
1 32 450
1 33 5710
1 34 1714
1 35 7321
1 36 3168
1 37 3519
1 38 3176
1 39 6423
1 40 5628
1 41 4364
1 42 733
1 43 39
1 44 6390
1 45 3520
1 46 831
1 47 6557
1 48 7371
1 49 535
1 50 4113
1 51 7034
1 52 5304
1 53 3353
1 54 69
1 55 4701
1 56 3734
1 57 6565
1 58 5353
1 59 3330
1 60 6019
1 61 3474
1 62 4803
1 63 6693
1 64 7112
1 65 7116
1 66 1224
1 67 5171
1 68 2204
1 69 6961
1 70 2579
2 1 6352
2 3 24
2 4 7230
2 5 3207
2 6 5422
2 7 1933
2 8 1225
2 9 3647
2 10 156
2 11 6974
2 12 5822
2 13 2245
2 14 6374
2 15 1267
2 16 3660
2 17 4126
2 18 3884
2 19 76
2 20 6842
2 21 4108
2 22 4930
2 23 1291
2 24 5109
2 25 3325
2 26 4644
2 27 7189
2 28 3039
2 29 360
2 30 5541
2 31 4675
2 32 5560
2 33 266
2 34 5588
2 35 138
2 36 3088
2 37 5686
2 38 1491
2 39 6695
2 40 2417
2 41 6204
2 42 2422
2 43 3410
2 44 3568
2 45 4259
2 46 3542
2 47 3031
2 48 7068
2 49 2046
2 50 5741
2 51 2821
2 52 5548
2 53 6241
2 54 2118
2 55 5509
2 56 5082
2 57 186
2 58 2395
2 59 3103
2 60 3198
2 61 3404
2 62 6214
2 63 6323
2 64 6439
2 65 7279
2 66 4082
2 67 3103
2 68 5309
2 69 4940
2 70 3822
3 1 5305
3 2 3004
3 4 4646
3 5 4204
3 6 7420
3 7 4588
3 8 3377
3 9 4187
3 10 146
3 11 5390
3 12 4771
3 13 2428
3 14 7286
3 15 665
3 16 6097
3 17 923
3 18 5201
3 19 2973
3 20 3343
3 21 2367
3 22 3730
3 23 4803
3 24 1144
3 25 4056
3 26 5888
3 27 7397
3 28 6445
3 29 4188
3 30 2279
3 31 3689
3 32 717
3 33 6144
3 34 1299
3 35 3422
3 36 1281
3 37 1607
3 38 2320
3 39 468
3 40 6052
3 41 6387
3 42 2086
3 43 5116
3 44 3900
3 45 631
3 46 6830
3 47 643
3 48 2961
3 49 2558
3 50 685
3 51 1123
3 52 7250
3 53 6205
3 54 2155
3 55 5969
3 56 5737
3 57 288
3 58 392
3 59 5176
3 60 6259
3 61 5111
3 62 1113
3 63 1359
3 64 5760
3 65 1222
3 66 4383
3 67 428
3 68 4650
3 69 6381
3 70 6905
4 1 2612
4 2 2559
4 3 5628
4 5 72
4 6 2592
4 7 440
4 8 6842
4 9 7218
4 10 5595
4 11 3377
4 12 2986
4 13 3435
4 14 733
4 15 4152
4 16 4472
4 17 6170
4 18 7067
4 19 2942
4 20 1364
4 21 4320
4 22 3162
4 23 6722
4 24 3622
4 25 5494
4 26 5739
4 27 3008
4 28 4186
4 29 97
4 30 2057
4 31 7217
4 32 6960
4 33 4692
4 34 1111
4 35 3810
4 36 2113
4 37 6100
4 38 1170
4 39 1108
4 40 2109
4 41 4139
4 42 5440
4 43 2028
4 44 109
4 45 915
4 46 998
4 47 2152
4 48 4013
4 49 3695
4 50 4370
4 51 3643
4 52 79
4 53 4186
4 54 1191
4 55 5707
4 56 3799
4 57 5568
4 58 1601
4 59 6651
4 60 3869
4 61 1364
4 62 348
4 63 7301
4 64 208
4 65 7252
4 66 6763
4 67 5150
4 68 3536
4 69 3327
4 70 7186
5 1 4183
5 2 6938
5 3 2313
5 4 4658
5 6 1400
5 7 5296
5 8 4597
5 9 6035
5 10 7123
5 11 6955
5 12 1672
5 13 3604
5 14 7373
5 15 4833
5 16 1643
5 17 6527
5 18 6065
5 19 1412
5 20 688
5 21 702
5 22 5254
5 23 215
5 24 4600
5 25 6397
5 26 5147
5 27 1181
5 28 542
5 29 4142
5 30 2561
5 31 969
5 32 6059
5 33 1521
5 34 1586
5 35 5252
5 36 4870
5 37 1704
5 38 1393
5 39 4903
5 40 7402
5 41 2591
5 42 4532
5 43 6767
5 44 1459
5 45 2867
5 46 5374
5 47 5995
5 48 5909
5 49 1893
5 50 4986
5 51 4966
5 52 2670
5 53 5688
5 54 1603
5 55 2693
5 56 5249
5 57 5076
5 58 5309
5 59 2040
5 60 6934
5 61 3344
5 62 2126
5 63 4295
5 64 4263
5 65 5432
5 66 5917
5 67 4026
5 68 5328
5 69 5534
5 70 3568
6 1 7250
6 2 2908
6 3 1579
6 4 5274
6 5 2402
6 7 5288
6 8 88
6 9 3208
6 10 2678
6 11 2298
6 12 5984
6 13 2956
6 14 690
6 15 4500
6 16 6979
6 17 5388
6 18 1372
6 19 6250
6 20 2411
6 21 1522
6 22 7179
6 23 7185
6 24 1225
6 25 3206
6 26 3445
6 27 5053
6 28 3479
6 29 5088
6 30 1164
6 31 1585
6 32 6055
6 33 6416
6 34 2524
6 35 3739
6 36 1200
6 37 682
6 38 6760
6 39 3782
6 40 2947
6 41 5991
6 42 3885
6 43 2430
6 44 1089
6 45 2331
6 46 1342
6 47 1625
6 48 746
6 49 3240
6 50 4126
6 51 467
6 52 4029
6 53 6628
6 54 612
6 55 7291
6 56 3353
6 57 111
6 58 731
6 59 3630
6 60 5359
6 61 103
6 62 6250
6 63 1693
6 64 5820
6 65 4155
6 66 1443
6 67 6643
6 68 6278
6 69 2458
6 70 2867
7 1 6446
7 2 156
7 3 3634
7 4 6340
7 5 3543
7 6 1518
7 8 2478
7 9 2949
7 10 2220
7 11 4839
7 12 5302
7 13 418
7 14 7163
7 15 1593
7 16 3290
7 17 736
7 18 1262
7 19 1718
7 20 3934
7 21 4482
7 22 137
7 23 5336
7 24 4699
7 25 4052
7 26 3115
7 27 7366
7 28 6066
7 29 798
7 30 1323
7 31 4793
7 32 5641
7 33 4317
7 34 5743
7 35 4802
7 36 4834
7 37 6750
7 38 4238
7 39 5708
7 40 5387
7 41 1783
7 42 1136
7 43 3638
7 44 1501
7 45 5435
7 46 3427
7 47 2791
7 48 2061
7 49 3811
7 50 5875
7 51 1356
7 52 6634
7 53 1389
7 54 6416
7 55 4433
7 56 5882
7 57 3152
7 58 1706
7 59 4535
7 60 4352
7 61 1384
7 62 7295
7 63 1445
7 64 548
7 65 4852
7 66 4634
7 67 3377
7 68 5626
7 69 5469
7 70 497
8 1 2261
8 2 2454
8 3 2865
8 4 1247
8 5 623
8 6 4888
8 7 1562
8 9 5483
8 10 3103
8 11 1443
8 12 2843
8 13 2917
8 14 932
8 15 5875
8 16 1390
8 17 2648
8 18 1109
8 19 2806
8 20 2778
8 21 1260
8 22 7069
8 23 1744
8 24 2482
8 25 5493
8 26 7129
8 27 4729
8 28 4887
8 29 6184
8 30 1354
8 31 980
8 32 1303
8 33 3332
8 34 5286
8 35 6262
8 36 7497
8 37 6181
8 38 4575
8 39 2659
8 40 2945
8 41 2774
8 42 6250
8 43 1982
8 44 1537
8 45 3789
8 46 1779
8 47 860
8 48 6650
8 49 5180
8 50 2013
8 51 479
8 52 6319
8 53 5347
8 54 5208
8 55 1367
8 56 2157
8 57 5752
8 58 1663
8 59 1575
8 60 2962
8 61 1919
8 62 4032
8 63 2724
8 64 4468
8 65 697
8 66 2005
8 67 5080
8 68 3091
8 69 2846
8 70 5568
9 1 950
9 2 300
9 3 5684
9 4 4572
9 5 2725
9 6 3821
9 7 5895
9 8 3001
9 10 530
9 11 3826
9 12 1900
9 13 5506
9 14 6649
9 15 3767
9 16 3859
9 17 88
9 18 7371
9 19 2676
9 20 3780
9 21 3846
9 22 4046
9 23 4722
9 24 4265
9 25 487
9 26 5061
9 27 417
9 28 2717
9 29 3560
9 30 2500
9 31 7149
9 32 1635
9 33 6544
9 34 6068
9 35 2994
9 36 6540
9 37 1709
9 38 3900
9 39 4070
9 40 1670
9 41 3795
9 42 6231
9 43 407
9 44 1927
9 45 3004
9 46 5018
9 47 1547
9 48 3138
9 49 7273
9 50 401
9 51 1939
9 52 602
9 53 5126
9 54 3674
9 55 5173
9 56 2819
9 57 645
9 58 3076
9 59 2546
9 60 3809
9 61 6598
9 62 6722
9 63 3675
9 64 2253
9 65 4214
9 66 484
9 67 3227
9 68 4609
9 69 4939
9 70 2501
10 1 3673
10 2 4995
10 3 854
10 4 6728
10 5 3495
10 6 7307
10 7 95
10 8 3429
10 9 6498
10 11 927
10 12 5921
10 13 4689
10 14 4032
10 15 4541
10 16 4635
10 17 623
10 18 6871
10 19 2338
10 20 2128
10 21 2496
10 22 3804
10 23 7436
10 24 2222
10 25 6384
10 26 6159
10 27 6298
10 28 7194
10 29 6614
10 30 6147
10 31 863
10 32 3211
10 33 5554
10 34 5776
10 35 3946
10 36 6365
10 37 311
10 38 3132
10 39 7381
10 40 3943
10 41 616
10 42 3016
10 43 62
10 44 3537
10 45 207
10 46 4964
10 47 3614
10 48 1831
10 49 5292
10 50 6460
10 51 628
10 52 2635
10 53 6707
10 54 3661
10 55 4862
10 56 2875
10 57 7370
10 58 4058
10 59 1283
10 60 4518
10 61 3459
10 62 3081
10 63 1351
10 64 6715
10 65 4008
10 66 6312
10 67 2
10 68 6240
10 69 5766
10 70 6973
11 1 4936
11 2 2109
11 3 6940
11 4 5900
11 5 7298
11 6 3569
11 7 2929
11 8 4350
11 9 278
11 10 4211
11 12 1241
11 13 5932
11 14 7318
11 15 3969
11 16 997
11 17 6356
11 18 5600
11 19 6548
11 20 6993
11 21 244
11 22 904
11 23 970
11 24 1309
11 25 1276
11 26 638
11 27 2263
11 28 6200
11 29 653
11 30 2032
11 31 826
11 32 3002
11 33 5013
11 34 6597
11 35 5857
11 36 5323
11 37 1402
11 38 2538
11 39 7043
11 40 290
11 41 5440
11 42 7415
11 43 732
11 44 7282
11 45 4519
11 46 7214
11 47 1476
11 48 6361
11 49 5143
11 50 3879
11 51 2662
11 52 5577
11 53 3811
11 54 6910
11 55 3249
11 56 4480
11 57 1816
11 58 5890
11 59 5369
11 60 4332
11 61 5676
11 62 4801
11 63 3065
11 64 5903
11 65 4420
11 66 4178
11 67 3023
11 68 173
11 69 1530
11 70 5661
12 1 4695
12 2 5624
12 3 7486
12 4 6862
12 5 7356
12 6 5578
12 7 758
12 8 664
12 9 1818
12 10 4982
12 11 2401
12 13 657
12 14 6962
12 15 2994
12 16 6478
12 17 2714
12 18 6279
12 19 1174
12 20 7217
12 21 6
12 22 5542
12 23 3310
12 24 1866
12 25 7320
12 26 5541
12 27 411
12 28 2871
12 29 6117
12 30 4826
12 31 5427
12 32 5869
12 33 4661
12 34 630
12 35 2528
12 36 4493
12 37 5585
12 38 4764
12 39 5519
12 40 853
12 41 1041
12 42 4276
12 43 2432
12 44 7030
12 45 2496
12 46 7148
12 47 5856
12 48 3021
12 49 6444
12 50 4230
12 51 227
12 52 1243
12 53 1562
12 54 1417
12 55 3449
12 56 6090
12 57 7408
12 58 6793
12 59 6765
12 60 2918
12 61 244
12 62 6477
12 63 5049
12 64 4873
12 65 4541
12 66 3718
12 67 5561
12 68 5647
12 69 6064
12 70 2770
13 1 2583
13 2 4340
13 3 1387
13 4 2038
13 5 213
13 6 3704
13 7 2387
13 8 6525
13 9 1626
13 10 7194
13 11 2218
13 12 1230
13 14 6447
13 15 2361
13 16 5614
13 17 3754
13 18 6414
13 19 5816
13 20 2824
13 21 4039
13 22 6699
13 23 7181
13 24 4155
13 25 2123
13 26 3298
13 27 5791
13 28 1974
13 29 69
13 30 1110
13 31 2051
13 32 656
13 33 3825
13 34 249
13 35 4204
13 36 7229
13 37 4405
13 38 4795
13 39 296
13 40 1290
13 41 6919
13 42 3890
13 43 6657
13 44 5289
13 45 6755
13 46 2129
13 47 6125
13 48 4133
13 49 6172
13 50 1338
13 51 621
13 52 2513
13 53 1891
13 54 6002
13 55 4317
13 56 4256
13 57 6612
13 58 2232
13 59 1375
13 60 4669
13 61 4037
13 62 6227
13 63 2418
13 64 97
13 65 6960
13 66 3405
13 67 4905
13 68 7020
13 69 822
13 70 7014
14 1 6206
14 2 620
14 3 198
14 4 336
14 5 5880
14 6 7165
14 7 4988
14 8 4092
14 9 5038
14 10 1388
14 11 4699
14 12 3127
14 13 3306
14 15 1409
14 16 4110
14 17 770
14 18 2022
14 19 6472
14 20 5267
14 21 5504
14 22 241
14 23 5691
14 24 5704
14 25 2575
14 26 5279
14 27 3748
14 28 5057
14 29 3505
14 30 4876
14 31 5981
14 32 6245
14 33 6196
14 34 848
14 35 2459
14 36 2977
14 37 3246
14 38 6293
14 39 5244
14 40 4680
14 41 4617
14 42 2839
14 43 1479
14 44 7280
14 45 3705
14 46 5127
14 47 862
14 48 6905
14 49 2122
14 50 3212
14 51 2214
14 52 6122
14 53 287
14 54 2490
14 55 6626
14 56 5645
14 57 2696
14 58 2931
14 59 4131
14 60 3609
14 61 5037
14 62 4281
14 63 3485
14 64 1186
14 65 1693
14 66 3091
14 67 4555
14 68 3921
14 69 94
14 70 4137
15 1 7031
15 2 5302
15 3 717
15 4 7017
15 5 6825
15 6 1195
15 7 6958
15 8 4095
15 9 662
15 10 6554
15 11 1830
15 12 4190
15 13 7144
15 14 2492
15 16 7222
15 17 539
15 18 5598
15 19 5988
15 20 137
15 21 1864
15 22 3876
15 23 625
15 24 3501
15 25 3830
15 26 1308
15 27 5747
15 28 1481
15 29 6160
15 30 1333
15 31 3968
15 32 455
15 33 12
15 34 1664
15 35 1687
15 36 726
15 37 138
15 38 1097
15 39 1938
15 40 2355
15 41 1962
15 42 4053
15 43 4040
15 44 1689
15 45 4389
15 46 4323
15 47 2175
15 48 792
15 49 2590
15 50 3491
15 51 1366
15 52 1433
15 53 1798
15 54 6759
15 55 3099
15 56 5151
15 57 6658
15 58 2118
15 59 4359
15 60 7483
15 61 4835
15 62 5348
15 63 2946
15 64 386
15 65 2217
15 66 4973
15 67 1148
15 68 3351
15 69 3557
15 70 1893
16 1 4427
16 2 6502
16 3 1278
16 4 6795
16 5 758
16 6 2558
16 7 546
16 8 70
16 9 4066
16 10 926
16 11 708
16 12 4270
16 13 610
16 14 6251
16 15 3509
16 17 7243
16 18 1464
16 19 347
16 20 4259
16 21 4138
16 22 1510
16 23 3866
16 24 2015
16 25 1944
16 26 5537
16 27 5806
16 28 2450
16 29 1546
16 30 5803
16 31 3971
16 32 3164
16 33 3880
16 34 6402
16 35 868
16 36 4019
16 37 6714
16 38 5157
16 39 5331
16 40 5496
16 41 2488
16 42 2546
16 43 5920
16 44 5856
16 45 3490
16 46 4432
16 47 7008
16 48 2233
16 49 5520
16 50 6534
16 51 2916
16 52 4679
16 53 5762
16 54 4384
16 55 6856
16 56 5406
16 57 2735
16 58 5962
16 59 3500
16 60 956
16 61 4578
16 62 1160
16 63 943
16 64 3761
16 65 4237
16 66 2620
16 67 1227
16 68 6745
16 69 758
16 70 4065
17 1 2576
17 2 3366
17 3 6034
17 4 4285
17 5 5649
17 6 1840
17 7 1622
17 8 6088
17 9 5901
17 10 4316
17 11 3292
17 12 2130
17 13 3115
17 14 3002
17 15 4356
17 16 7251
17 18 2193
17 19 2702
17 20 6921
17 21 628
17 22 895
17 23 7082
17 24 111
17 25 676
17 26 4502
17 27 1610
17 28 5348
17 29 6778
17 30 3247
17 31 2467
17 32 1229
17 33 7360
17 34 3866
17 35 6465
17 36 1857
17 37 1745
17 38 2076
17 39 6855
17 40 3056
17 41 971
17 42 5916
17 43 1869
17 44 5119
17 45 2961
17 46 4836
17 47 6215
17 48 393
17 49 609
17 50 6565
17 51 3460
17 52 6677
17 53 1839
17 54 2075
17 55 4525
17 56 6468
17 57 5132
17 58 1200
17 59 3839
17 60 2430
17 61 651
17 62 5163
17 63 170
17 64 1862
17 65 6336
17 66 5226
17 67 3267
17 68 1776
17 69 3187
17 70 6856
18 1 4909
18 2 5729
18 3 5990
18 4 5660
18 5 5568
18 6 7115
18 7 5767
18 8 4172
18 9 6239
18 10 6737
18 11 6447
18 12 5635
18 13 1798
18 14 1268
18 15 4841
18 16 2608
18 17 1498
18 19 6809
18 20 2931
18 21 2697
18 22 625
18 23 3378
18 24 936
18 25 4058
18 26 1175
18 27 2885
18 28 5954
18 29 4485
18 30 1185
18 31 4736
18 32 2461
18 33 4852
18 34 5784
18 35 408
18 36 6729
18 37 5589
18 38 111
18 39 5719
18 40 4728
18 41 709
18 42 1888
18 43 594
18 44 6660
18 45 5037
18 46 520
18 47 7374
18 48 6943
18 49 6957
18 50 1532
18 51 4565
18 52 3131
18 53 7323
18 54 1821
18 55 3355
18 56 5591
18 57 7012
18 58 3664
18 59 3365
18 60 211
18 61 3142
18 62 4911
18 63 6993
18 64 5028
18 65 5617
18 66 3318
18 67 4105
18 68 5350
18 69 4312
18 70 4662
19 1 1721
19 2 1732
19 3 4634
19 4 3231
19 5 583
19 6 6402
19 7 7382
19 8 3912
19 9 483
19 10 2438
19 11 1979
19 12 1543
19 13 2931
19 14 6992
19 15 5928
19 16 5853
19 17 2494
19 18 1051
19 20 808
19 21 3004
19 22 1959
19 23 4618
19 24 7270
19 25 1086
19 26 6439
19 27 5963
19 28 7472
19 29 5331
19 30 4104
19 31 6327
19 32 193
19 33 7036
19 34 3095
19 35 2477
19 36 5921
19 37 5378
19 38 6386
19 39 2202
19 40 2137
19 41 5734
19 42 4241
19 43 2444
19 44 5099
19 45 4872
19 46 3091
19 47 2605
19 48 472
19 49 1406
19 50 4308
19 51 2889
19 52 1893
19 53 4521
19 54 1149
19 55 7118
19 56 6101
19 57 492
19 58 4064
19 59 4094
19 60 4003
19 61 1802
19 62 1083
19 63 5938
19 64 4547
19 65 3250
19 66 6572
19 67 3680
19 68 3626
19 69 4380
19 70 4449
20 1 4818
20 2 3472
20 3 4059
20 4 1094
20 5 844
20 6 2759
20 7 549
20 8 2244
20 9 1014
20 10 1758
20 11 6738
20 12 3994
20 13 5838
20 14 4905
20 15 6165
20 16 2616
20 17 7376
20 18 2490
20 19 1798
20 21 2132
20 22 905
20 23 2572
20 24 3251
20 25 4124
20 26 6845
20 27 1434
20 28 1756
20 29 5014
20 30 1047
20 31 5847
20 32 5442
20 33 2456
20 34 6673
20 35 2882
20 36 6006
20 37 4044
20 38 4610
20 39 7117
20 40 3750
20 41 4560
20 42 5076
20 43 4152
20 44 5476
20 45 4712
20 46 1557
20 47 2178
20 48 1265
20 49 2091
20 50 2943
20 51 6820
20 52 2890
20 53 1021
20 54 4782
20 55 5569
20 56 1487
20 57 1978
20 58 7468
20 59 2952
20 60 5362
20 61 6653
20 62 410
20 63 950
20 64 1723
20 65 5036
20 66 3286
20 67 6144
20 68 3381
20 69 2730
20 70 318
21 1 4773
21 2 1465
21 3 5480
21 4 3787
21 5 2091
21 6 5715
21 7 5499
21 8 2671
21 9 5645
21 10 2546
21 11 5056
21 12 5299
21 13 3230
21 14 5707
21 15 1784
21 16 7291
21 17 1054
21 18 4200
21 19 5710
21 20 2132
21 22 1164
21 23 1224
21 24 1842
21 25 5133
21 26 1057
21 27 1299
21 28 5286
21 29 5425
21 30 4440
21 31 4676
21 32 687
21 33 3015
21 34 2819
21 35 6093
21 36 5304
21 37 294
21 38 5473
21 39 6979
21 40 6718
21 41 2325
21 42 2724
21 43 7333
21 44 4110
21 45 7367
21 46 5871
21 47 3990
21 48 5530
21 49 5196
21 50 6653
21 51 2909
21 52 258
21 53 1767
21 54 4858
21 55 849
21 56 5406
21 57 6182
21 58 6458
21 59 845
21 60 5283
21 61 2551
21 62 254
21 63 3252
21 64 866
21 65 6781
21 66 942
21 67 5383
21 68 6077
21 69 6348
21 70 4674
22 1 722
22 2 4020
22 3 4137
22 4 732
22 5 1498
22 6 5036
22 7 6059
22 8 6083
22 9 539
22 10 3703
22 11 1786
22 12 7124
22 13 784
22 14 6374
22 15 3458
22 16 6820
22 17 2458
22 18 7008
22 19 5078
22 20 1952
22 21 4840
22 23 5769
22 24 3069
22 25 3523
22 26 4112
22 27 2275
22 28 6279
22 29 5558
22 30 2750
22 31 6520
22 32 2300
22 33 4374
22 34 5845
22 35 2756
22 36 3401
22 37 5755
22 38 1049
22 39 3708
22 40 2961
22 41 4207
22 42 7484
22 43 6951
22 44 3678
22 45 23
22 46 6963
22 47 3362
22 48 4885
22 49 5118
22 50 3853
22 51 3912
22 52 5594
22 53 2403
22 54 6716
22 55 4909
22 56 1973
22 57 273
22 58 4580
22 59 7125
22 60 2638
22 61 3200
22 62 4089
22 63 3756
22 64 7129
22 65 137
22 66 5930
22 67 7132
22 68 137
22 69 7024
22 70 4914
23 1 4222
23 2 5115
23 3 6758
23 4 6068
23 5 6103
23 6 4734
23 7 1072
23 8 5779
23 9 2208
23 10 2325
23 11 7078
23 12 4639
23 13 5764
23 14 1643
23 15 4507
23 16 2094
23 17 7023
23 18 6248
23 19 5317
23 20 647
23 21 987
23 22 5978
23 24 13
23 25 6781
23 26 4091
23 27 1876
23 28 2456
23 29 5914
23 30 2555
23 31 2244
23 32 2921
23 33 7316
23 34 2447
23 35 3174
23 36 3628
23 37 4250
23 38 2315
23 39 5257
23 40 3855
23 41 4654
23 42 4651
23 43 1686
23 44 2428
23 45 2003
23 46 4074
23 47 1965
23 48 216
23 49 1609
23 50 2528
23 51 2856
23 52 3577
23 53 1214
23 54 2235
23 55 5970
23 56 6377
23 57 5088
23 58 5261
23 59 5585
23 60 2396
23 61 7107
23 62 354
23 63 5238
23 64 5214
23 65 3258
23 66 6988
23 67 528
23 68 2535
23 69 570
23 70 3072
24 1 5296
24 2 734
24 3 606
24 4 3865
24 5 947
24 6 3560
24 7 5836
24 8 4733
24 9 1939
24 10 1382
24 11 6967
24 12 6031
24 13 6276
24 14 6923
24 15 7350
24 16 7381
24 17 3570
24 18 6084
24 19 2660
24 20 5792
24 21 1436
24 22 7352
24 23 6597
24 25 1283
24 26 7122
24 27 6130
24 28 3750
24 29 5194
24 30 6258
24 31 733
24 32 173
24 33 787
24 34 3775
24 35 4092
24 36 1681
24 37 5034
24 38 410
24 39 312
24 40 2301
24 41 3947
24 42 6437
24 43 1941
24 44 3247
24 45 1954
24 46 5284
24 47 1464
24 48 5771
24 49 1468
24 50 4200
24 51 2288
24 52 6408
24 53 1235
24 54 80
24 55 4260
24 56 1131
24 57 5404
24 58 462
24 59 5511
24 60 233
24 61 3751
24 62 526
24 63 4094
24 64 2809
24 65 1440
24 66 6933
24 67 5170
24 68 1122
24 69 4443
24 70 5656
25 1 4544
25 2 2691
25 3 4018
25 4 7058
25 5 3567
25 6 5518
25 7 1191
25 8 6908
25 9 7433
25 10 1167
25 11 5800
25 12 5579
25 13 4407
25 14 7167
25 15 4681
25 16 7081
25 17 2969
25 18 2182
25 19 3511
25 20 4005
25 21 3071
25 22 6342
25 23 5648
25 24 590
25 26 4313
25 27 3338
25 28 5372
25 29 4988
25 30 5927
25 31 2369
25 32 5649
25 33 1864
25 34 1254
25 35 3038
25 36 7170
25 37 4125
25 38 3607
25 39 1121
25 40 2990
25 41 3853
25 42 7047
25 43 7168
25 44 6615
25 45 4325
25 46 1716
25 47 1911
25 48 7227
25 49 4889
25 50 1630
25 51 3287
25 52 3241
25 53 3206
25 54 1637
25 55 6346
25 56 5316
25 57 2033
25 58 3967
25 59 1311
25 60 2752
25 61 522
25 62 1840
25 63 4276
25 64 2237
25 65 2377
25 66 4714
25 67 2050
25 68 5481
25 69 3529
25 70 3079
26 1 6473
26 2 2400
26 3 7139
26 4 7169
26 5 5960
26 6 6149
26 7 4923
26 8 3210
26 9 487
26 10 1744
26 11 6921
26 12 1586
26 13 1031
26 14 3
26 15 3369
26 16 1934
26 17 3569
26 18 6560
26 19 1751
26 20 1632
26 21 6666
26 22 3920
26 23 1320
26 24 4975
26 25 790
26 27 5474
26 28 2711
26 29 750
26 30 3442
26 31 232
26 32 5216
26 33 1573
26 34 6554
26 35 3895
26 36 3208
26 37 2214
26 38 4442
26 39 1166
26 40 7175
26 41 737
26 42 4127
26 43 1468
26 44 407
26 45 5386
26 46 421
26 47 2648
26 48 2204
26 49 4725
26 50 3496
26 51 3343
26 52 2871
26 53 2885
26 54 2131
26 55 4473
26 56 2678
26 57 2568
26 58 1158
26 59 3939
26 60 430
26 61 6664
26 62 5990
26 63 5180
26 64 700
26 65 3012
26 66 408
26 67 4320
26 68 4969
26 69 3723
26 70 3698
27 1 1825
27 2 7239
27 3 3657
27 4 5435
27 5 3207
27 6 7469
27 7 1275
27 8 4682
27 9 5017
27 10 3542
27 11 2366
27 12 784
27 13 232
27 14 2692
27 15 4439
27 16 3135
27 17 4416
27 18 2034
27 19 1467
27 20 4703
27 21 1452
27 22 7115
27 23 5587
27 24 1915
27 25 1988
27 26 3902
27 28 2992
27 29 3136
27 30 6451
27 31 6990
27 32 4500
27 33 3651
27 34 6321
27 35 6167
27 36 1422
27 37 350
27 38 2988
27 39 4300
27 40 3447
27 41 5221
27 42 856
27 43 1206
27 44 5858
27 45 2171
27 46 6477
27 47 2073
27 48 854
27 49 5162
27 50 1498
27 51 330
27 52 413
27 53 3995
27 54 5625
27 55 2979
27 56 6669
27 57 1293
27 58 5343
27 59 3844
27 60 1521
27 61 684
27 62 1482
27 63 1037
27 64 4822
27 65 5981
27 66 7334
27 67 1357
27 68 3264
27 69 6410
27 70 2218
28 1 3498
28 2 5407
28 3 6374
28 4 5413
28 5 3580
28 6 2790
28 7 5377
28 8 5841
28 9 6215
28 10 1863
28 11 5651
28 12 4059
28 13 2639
28 14 1238
28 15 4961
28 16 5862
28 17 3350
28 18 707
28 19 381
28 20 5632
28 21 4751
28 22 6713
28 23 7008
28 24 1619
28 25 5266
28 26 138
28 27 7134
28 29 640
28 30 4602
28 31 5133
28 32 7037
28 33 4440
28 34 3594
28 35 7430
28 36 2392
28 37 1224
28 38 974
28 39 1649
28 40 1775
28 41 5530
28 42 5975
28 43 6882
28 44 6212
28 45 6361
28 46 2617
28 47 3178
28 48 3133
28 49 1082
28 50 5769
28 51 3931
28 52 4823
28 53 5914
28 54 6207
28 55 1744
28 56 7374
28 57 4972
28 58 2785
28 59 2493
28 60 2847
28 61 4190
28 62 7051
28 63 3265
28 64 5412
28 65 3118
28 66 1619
28 67 4142
28 68 2284
28 69 977
28 70 4990
29 1 4502
29 2 4447
29 3 7064
29 4 2147
29 5 7253
29 6 618
29 7 1360
29 8 3431
29 9 1652
29 10 6835
29 11 5610
29 12 6511
29 13 5138
29 14 4811
29 15 1713
29 16 667
29 17 1677
29 18 2817
29 19 3219
29 20 309
29 21 714
29 22 3015
29 23 2671
29 24 2014
29 25 4676
29 26 3058
29 27 498
29 28 4375
29 30 2712
29 31 1912
29 32 158
29 33 617
29 34 6634
29 35 6228
29 36 2732
29 37 747
29 38 2428
29 39 1301
29 40 6824
29 41 3616
29 42 7325
29 43 137
29 44 55
29 45 886
29 46 4164
29 47 2458
29 48 1094
29 49 1136
29 50 29
29 51 814
29 52 5723
29 53 4743
29 54 1162
29 55 1973
29 56 4372
29 57 7292
29 58 4726
29 59 6115
29 60 2859
29 61 6068
29 62 6318
29 63 2041
29 64 836
29 65 5447
29 66 5396
29 67 508
29 68 4725
29 69 3952
29 70 2636
30 1 4839
30 2 1361
30 3 3817
30 4 6701
30 5 3809
30 6 1247
30 7 1815
30 8 2853
30 9 4423
30 10 1179
30 11 3796
30 12 2663
30 13 672
30 14 7311
30 15 4551
30 16 4058
30 17 7060
30 18 217
30 19 7006
30 20 2199
30 21 5831
30 22 387
30 23 1198
30 24 2467
30 25 1450
30 26 1882
30 27 5962
30 28 1963
30 29 6316
30 31 770
30 32 4028
30 33 2865
30 34 4612
30 35 668
30 36 634
30 37 3319
30 38 3319
30 39 2583
30 40 6170
30 41 2279
30 42 500
30 43 258
30 44 3070
30 45 4780
30 46 6619
30 47 847
30 48 3620
30 49 1429
30 50 3794
30 51 5183
30 52 1245
30 53 4407
30 54 6097
30 55 3100
30 56 6227
30 57 6432
30 58 6994
30 59 3443
30 60 730
30 61 2409
30 62 2306
30 63 821
30 64 4349
30 65 5761
30 66 1184
30 67 3354
30 68 549
30 69 1030
30 70 4967
31 1 680
31 2 3895
31 3 5049
31 4 5171
31 5 3023
31 6 3698
31 7 4675
31 8 4404
31 9 2835
31 10 7044
31 11 5170
31 12 1280
31 13 39
31 14 4521
31 15 2673
31 16 6449
31 17 5851
31 18 491
31 19 4828
31 20 3810
31 21 5994
31 22 4498
31 23 819
31 24 1476
31 25 6166
31 26 3603
31 27 1919
31 28 6428
31 29 4319
31 30 6307
31 32 2784
31 33 7314
31 34 1692
31 35 691
31 36 102
31 37 3107
31 38 6996
31 39 5984
31 40 3025
31 41 5096
31 42 5032
31 43 7276
31 44 2985
31 45 5983
31 46 5576
31 47 964
31 48 6149
31 49 1874
31 50 5171
31 51 1893
31 52 4727
31 53 1710
31 54 1976
31 55 5649
31 56 2083
31 57 158
31 58 2417
31 59 5816
31 60 2512
31 61 3637
31 62 1410
31 63 2232
31 64 6483
31 65 3436
31 66 6887
31 67 6369
31 68 2479
31 69 5015
31 70 5116
32 1 1281
32 2 1169
32 3 2281
32 4 3681
32 5 6246
32 6 834
32 7 515
32 8 4700
32 9 2079
32 10 3935
32 11 3691
32 12 163
32 13 3808
32 14 3437
32 15 5989
32 16 2137
32 17 5374
32 18 1516
32 19 2209
32 20 3775
32 21 6524
32 22 6931
32 23 6629
32 24 1672
32 25 2116
32 26 6508
32 27 3837
32 28 2576
32 29 5865
32 30 5214
32 31 6090
32 33 1805
32 34 3719
32 35 1118
32 36 4789
32 37 7282
32 38 7326
32 39 2381
32 40 259
32 41 1273
32 42 5013
32 43 5786
32 44 7206
32 45 5510
32 46 481
32 47 1422
32 48 5515
32 49 187
32 50 557
32 51 1404
32 52 3674
32 53 1738
32 54 5840
32 55 2895
32 56 6724
32 57 1313
32 58 1633
32 59 3416
32 60 5360
32 61 1893
32 62 2663
32 63 6492
32 64 4324
32 65 6646
32 66 1504
32 67 2006
32 68 1581
32 69 3968
32 70 7355
33 1 1935
33 2 7361
33 3 1191
33 4 2917
33 5 6440
33 6 4696
33 7 1208
33 8 169
33 9 709
33 10 4616
33 11 4128
33 12 3795
33 13 914
33 14 3615
33 15 2414
33 16 2491
33 17 4310
33 18 4344
33 19 3269
33 20 5905
33 21 3337
33 22 6482
33 23 3721
33 24 3655
33 25 347
33 26 6949
33 27 483
33 28 1981
33 29 2550
33 30 3125
33 31 1419
33 32 7289
33 34 3558
33 35 3190
33 36 998
33 37 2904
33 38 6998
33 39 3544
33 40 67
33 41 6646
33 42 6363
33 43 7350
33 44 3188
33 45 5001
33 46 6973
33 47 7040
33 48 381
33 49 3175
33 50 517
33 51 1624
33 52 1722
33 53 2279
33 54 3361
33 55 5394
33 56 1328
33 57 4730
33 58 7268
33 59 7433
33 60 1376
33 61 3971
33 62 3515
33 63 2813
33 64 2514
33 65 6021
33 66 3728
33 67 3720
33 68 4113
33 69 5690
33 70 3615
34 1 5558
34 2 1007
34 3 6145
34 4 7302
34 5 2788
34 6 2533
34 7 1273
34 8 2883
34 9 4055
34 10 2961
34 11 6103
34 12 352
34 13 5143
34 14 2277
34 15 6547
34 16 519
34 17 719
34 18 6561
34 19 3763
34 20 2613
34 21 5056
34 22 733
34 23 4645
34 24 6094
34 25 2152
34 26 2809
34 27 2383
34 28 7459
34 29 2574
34 30 3269
34 31 5027
34 32 6978
34 33 2817
34 35 958
34 36 7213
34 37 7006
34 38 31
34 39 2160
34 40 4104
34 41 2854
34 42 1472
34 43 1753
34 44 7353
34 45 6701
34 46 2019
34 47 4203
34 48 6487
34 49 483
34 50 719
34 51 533
34 52 358
34 53 4273
34 54 7065
34 55 5716
34 56 3628
34 57 1244
34 58 5417
34 59 1072
34 60 3742
34 61 4840
34 62 2745
34 63 4309
34 64 7057
34 65 3056
34 66 5387
34 67 5896
34 68 5085
34 69 6040
34 70 1120
35 1 5532
35 2 1117
35 3 7261
35 4 348
35 5 1472
35 6 5049
35 7 282
35 8 4455
35 9 5505
35 10 1658
35 11 5262
35 12 2705
35 13 324
35 14 3139
35 15 6107
35 16 4697
35 17 4310
35 18 122
35 19 2489
35 20 7186
35 21 5637
35 22 5421
35 23 3622
35 24 6312
35 25 2567
35 26 4510
35 27 2835
35 28 1292
35 29 4612
35 30 5584
35 31 6600
35 32 523
35 33 2562
35 34 3982
35 36 7195
35 37 5688
35 38 5968
35 39 5476
35 40 2510
35 41 778
35 42 6100
35 43 2296
35 44 1142
35 45 3370
35 46 3980
35 47 285
35 48 7488
35 49 4672
35 50 6122
35 51 1370
35 52 6056
35 53 5124
35 54 6834
35 55 6197
35 56 6911
35 57 5417
35 58 4326
35 59 2563
35 60 3941
35 61 2586
35 62 6982
35 63 2107
35 64 1722
35 65 3368
35 66 2171
35 67 4674
35 68 1699
35 69 6639
35 70 825
36 1 5677
36 2 7093
36 3 1021
36 4 644
36 5 105
36 6 1498
36 7 3729
36 8 2941
36 9 2364
36 10 7341
36 11 2704
36 12 1552
36 13 7197
36 14 7398
36 15 4712
36 16 5542
36 17 3910
36 18 602
36 19 4927
36 20 4392
36 21 4788
36 22 40
36 23 1237
36 24 2123
36 25 7286
36 26 4102
36 27 7235
36 28 1491
36 29 4640
36 30 3885
36 31 6667
36 32 5685
36 33 3098
36 34 970
36 35 2051
36 37 508
36 38 4062
36 39 1406
36 40 1932
36 41 4509
36 42 4358
36 43 6488
36 44 6621
36 45 6117
36 46 2279
36 47 2338
36 48 1582
36 49 7099
36 50 1513
36 51 3647
36 52 4134
36 53 1813
36 54 2686
36 55 3355
36 56 4549
36 57 876
36 58 3663
36 59 5915
36 60 6366
36 61 1972
36 62 6512
36 63 7422
36 64 741
36 65 6909
36 66 5845
36 67 305
36 68 6465
36 69 4818
36 70 2337
37 1 1079
37 2 3200
37 3 1080
37 4 2692
37 5 2057
37 6 1132
37 7 3090
37 8 4756
37 9 1182
37 10 5295
37 11 5155
37 12 4016
37 13 1124
37 14 5694
37 15 6737
37 16 3501
37 17 3085
37 18 1940
37 19 6045
37 20 696
37 21 1930
37 22 4447
37 23 549
37 24 1586
37 25 1144
37 26 5122
37 27 4223
37 28 1299
37 29 3579
37 30 1269
37 31 1432
37 32 685
37 33 5122
37 34 5293
37 35 4467
37 36 2715
37 38 1270
37 39 6104
37 40 1677
37 41 502
37 42 5627
37 43 6098
37 44 7230
37 45 3251
37 46 39
37 47 88
37 48 5453
37 49 627
37 50 4415
37 51 738
37 52 1843
37 53 544
37 54 6141
37 55 3023
37 56 6020
37 57 267
37 58 4286
37 59 674
37 60 5518
37 61 1895
37 62 4333
37 63 6522
37 64 4706
37 65 7138
37 66 6800
37 67 1586
37 68 1777
37 69 5396
37 70 6779
38 1 2539
38 2 4753
38 3 3139
38 4 6776
38 5 5261
38 6 2456
38 7 6918
38 8 4243
38 9 1600
38 10 3765
38 11 3839
38 12 7171
38 13 7155
38 14 2634
38 15 5863
38 16 6560
38 17 1806
38 18 4530
38 19 6717
38 20 1906
38 21 791
38 22 1678
38 23 4221
38 24 4912
38 25 206
38 26 6676
38 27 3738
38 28 1244
38 29 2757
38 30 2042
38 31 3163
38 32 7242
38 33 1992
38 34 3326
38 35 1303
38 36 1401
38 37 5951
38 39 177
38 40 4510
38 41 713
38 42 4554
38 43 1616
38 44 56
38 45 2425
38 46 4910
38 47 2407
38 48 3412
38 49 6610
38 50 3007
38 51 5300
38 52 5129
38 53 4790
38 54 421
38 55 2598
38 56 4719
38 57 1540
38 58 6673
38 59 2218
38 60 655
38 61 2841
38 62 5929
38 63 5251
38 64 4794
38 65 2630
38 66 4719
38 67 6068
38 68 2817
38 69 1192
38 70 4504
39 1 1289
39 2 7283
39 3 6020
39 4 4267
39 5 1303
39 6 753
39 7 1724
39 8 6581
39 9 627
39 10 3674
39 11 6633
39 12 7337
39 13 1035
39 14 1458
39 15 3671
39 16 4242
39 17 4690
39 18 4996
39 19 1745
39 20 2116
39 21 6033
39 22 4762
39 23 2294
39 24 46
39 25 6227
39 26 3881
39 27 5591
39 28 5048
39 29 4828
39 30 5495
39 31 7032
39 32 4689
39 33 5489
39 34 2468
39 35 2873
39 36 6200
39 37 5000
39 38 6318
39 40 1443
39 41 1233
39 42 2363
39 43 2479
39 44 1767
39 45 1096
39 46 44
39 47 4863
39 48 2238
39 49 4741
39 50 3110
39 51 4957
39 52 745
39 53 4195
39 54 4342
39 55 1567
39 56 2905
39 57 5531
39 58 2846
39 59 325
39 60 3616
39 61 5820
39 62 5714
39 63 5568
39 64 1451
39 65 1888
39 66 4818
39 67 6097
39 68 6854
39 69 4468
39 70 4948
40 1 5383
40 2 1229
40 3 6395
40 4 3543
40 5 2808
40 6 750
40 7 5126
40 8 3044
40 9 4436
40 10 5106
40 11 5712
40 12 1697
40 13 4150
40 14 7213
40 15 3867
40 16 546
40 17 6131
40 18 3437
40 19 1533
40 20 1157
40 21 7383
40 22 2178
40 23 1512
40 24 420
40 25 1427
40 26 4303
40 27 3190
40 28 6905
40 29 1154
40 30 1460
40 31 3911
40 32 6095
40 33 7324
40 34 4886
40 35 3823
40 36 70
40 37 4297
40 38 5036
40 39 6494
40 41 5839
40 42 243
40 43 6378
40 44 5017
40 45 4194
40 46 2740
40 47 998
40 48 3922
40 49 2590
40 50 7255
40 51 5301
40 52 279
40 53 5083
40 54 1122
40 55 194
40 56 7351
40 57 6098
40 58 226
40 59 4053
40 60 1711
40 61 6481
40 62 3028
40 63 1074
40 64 2750
40 65 1879
40 66 329
40 67 7401
40 68 2996
40 69 4318
40 70 6017
41 1 7322
41 2 944
41 3 2867
41 4 4258
41 5 7123
41 6 2924
41 7 6402
41 8 4832
41 9 5163
41 10 6882
41 11 2500
41 12 124
41 13 5794
41 14 3532
41 15 747
41 16 138
41 17 79
41 18 2044
41 19 1983
41 20 3311
41 21 7409
41 22 3204
41 23 7410
41 24 5526
41 25 1457
41 26 1901
41 27 4084
41 28 3269
41 29 1293
41 30 4773
41 31 3926
41 32 5881
41 33 454
41 34 3899
41 35 3505
41 36 346
41 37 1926
41 38 1822
41 39 4826
41 40 3299
41 42 1824
41 43 462
41 44 6598
41 45 1581
41 46 281
41 47 1181
41 48 1185
41 49 6435
41 50 2661
41 51 121
41 52 6373
41 53 5248
41 54 7151
41 55 1513
41 56 3174
41 57 3855
41 58 4181
41 59 3846
41 60 592
41 61 764
41 62 713
41 63 5679
41 64 1136
41 65 3887
41 66 5364
41 67 482
41 68 1110
41 69 3440
41 70 1570
42 1 4548
42 2 3683
42 3 2252
42 4 2640
42 5 2132
42 6 6111
42 7 3804
42 8 6523
42 9 7420
42 10 7196
42 11 2583
42 12 5041
42 13 7104
42 14 574
42 15 4415
42 16 4008
42 17 2236
42 18 5985
42 19 1323
42 20 847
42 21 1494
42 22 3821
42 23 488
42 24 376
42 25 1508
42 26 3716
42 27 3854
42 28 5740
42 29 1258
42 30 447
42 31 5632
42 32 5514
42 33 362
42 34 217
42 35 2628
42 36 5835
42 37 4015
42 38 5336
42 39 6387
42 40 283
42 41 1332
42 43 1685
42 44 7071
42 45 2149
42 46 3116
42 47 4398
42 48 1226
42 49 987
42 50 5347
42 51 5512
42 52 4738
42 53 6038
42 54 1095
42 55 1880
42 56 5281
42 57 2124
42 58 1848
42 59 792
42 60 3120
42 61 1675
42 62 6624
42 63 3358
42 64 4669
42 65 3994
42 66 4318
42 67 7402
42 68 108
42 69 3587
42 70 750
43 1 6394
43 2 7013
43 3 2874
43 4 2077
43 5 7241
43 6 5531
43 7 4372
43 8 6974
43 9 4883
43 10 1350
43 11 1758
43 12 2444
43 13 7382
43 14 3602
43 15 2561
43 16 1722
43 17 6652
43 18 6211
43 19 5340
43 20 2459
43 21 2292
43 22 7297
43 23 5717
43 24 4449
43 25 5426
43 26 1524
43 27 9
43 28 3517
43 29 6141
43 30 7465
43 31 6539
43 32 5356
43 33 433
43 34 4340
43 35 6949
43 36 4102
43 37 5598
43 38 5313
43 39 4871
43 40 3321
43 41 1193
43 42 7075
43 44 2790
43 45 5947
43 46 830
43 47 1179
43 48 7279
43 49 3813
43 50 1222
43 51 403
43 52 7450
43 53 5592
43 54 5117
43 55 2335
43 56 2963
43 57 2519
43 58 7408
43 59 4118
43 60 2459
43 61 3124
43 62 3555
43 63 2572
43 64 7427
43 65 7291
43 66 2849
43 67 3425
43 68 6924
43 69 5276
43 70 847
44 1 1125
44 2 1864
44 3 6631
44 4 6372
44 5 4132
44 6 475
44 7 912
44 8 2887
44 9 220
44 10 1676
44 11 260
44 12 841
44 13 5369
44 14 5043
44 15 2994
44 16 1848
44 17 7038
44 18 1426
44 19 4110
44 20 2192
44 21 1495
44 22 7305
44 23 1499
44 24 7330
44 25 2807
44 26 6197
44 27 1313
44 28 6272
44 29 6615
44 30 2390
44 31 2354
44 32 1455
44 33 2649
44 34 1302
44 35 6451
44 36 2915
44 37 884
44 38 1386
44 39 4665
44 40 1061
44 41 1466
44 42 4150
44 43 4229
44 45 6420
44 46 2507
44 47 6982
44 48 6230
44 49 2732
44 50 4727
44 51 7397
44 52 5899
44 53 3680
44 54 5001
44 55 4993
44 56 3518
44 57 7023
44 58 2353
44 59 912
44 60 4234
44 61 4757
44 62 5567
44 63 4104
44 64 6984
44 65 6015
44 66 2969
44 67 2814
44 68 2431
44 69 1266
44 70 7362
45 1 6319
45 2 557
45 3 279
45 4 4168
45 5 7322
45 6 4037
45 7 6082
45 8 2984
45 9 1869
45 10 4004
45 11 2349
45 12 3508
45 13 3428
45 14 417
45 15 6536
45 16 829
45 17 309
45 18 629
45 19 6844
45 20 3274
45 21 2704
45 22 1522
45 23 358
45 24 6920
45 25 6112
45 26 1055
45 27 1918
45 28 415
45 29 371
45 30 6530
45 31 3949
45 32 3779
45 33 523
45 34 2928
45 35 15
45 36 2700
45 37 5310
45 38 574
45 39 6178
45 40 2787
45 41 5437
45 42 4611
45 43 4347
45 44 6079
45 46 1726
45 47 5781
45 48 6386
45 49 6319
45 50 5337
45 51 5317
45 52 801
45 53 4239
45 54 5669
45 55 6852
45 56 4903
45 57 7044
45 58 1456
45 59 3792
45 60 7396
45 61 4724
45 62 6150
45 63 2019
45 64 5592
45 65 7234
45 66 525
45 67 3210
45 68 2202
45 69 3751
45 70 1837
46 1 5758
46 2 38
46 3 3574
46 4 4584
46 5 7072
46 6 4028
46 7 4497
46 8 4393
46 9 6960
46 10 4479
46 11 5010
46 12 1972
46 13 5576
46 14 2903
46 15 3634
46 16 1998
46 17 3822
46 18 972
46 19 4361
46 20 4542
46 21 7204
46 22 587
46 23 699
46 24 1898
46 25 6474
46 26 3962
46 27 4077
46 28 5480
46 29 5466
46 30 5939
46 31 343
46 32 387
46 33 5231
46 34 5947
46 35 4329
46 36 7407
46 37 3290
46 38 231
46 39 6428
46 40 2523
46 41 662
46 42 6288
46 43 2301
46 44 7161
46 45 2116
46 47 324
46 48 5618
46 49 69
46 50 6728
46 51 5530
46 52 5184
46 53 1581
46 54 3935
46 55 1769
46 56 6364
46 57 593
46 58 4311
46 59 1658
46 60 1314
46 61 978
46 62 7094
46 63 1283
46 64 7197
46 65 2794
46 66 4623
46 67 3103
46 68 2006
46 69 827
46 70 943
47 1 5313
47 2 531
47 3 358
47 4 6373
47 5 2395
47 6 5702
47 7 6490
47 8 4469
47 9 26
47 10 5739
47 11 7371
47 12 3725
47 13 3808
47 14 2326
47 15 5778
47 16 3421
47 17 2583
47 18 2380
47 19 6804
47 20 6102
47 21 3301
47 22 2563
47 23 6154
47 24 4441
47 25 2396
47 26 4379
47 27 3194
47 28 1731
47 29 2080
47 30 7327
47 31 4521
47 32 1133
47 33 2470
47 34 1616
47 35 904
47 36 6069
47 37 2082
47 38 3460
47 39 6397
47 40 5554
47 41 2669
47 42 1967
47 43 4170
47 44 1475
47 45 600
47 46 3980
47 48 4654
47 49 4034
47 50 82
47 51 6316
47 52 7051
47 53 7081
47 54 3804
47 55 5959
47 56 1839
47 57 4193
47 58 5167
47 59 2770
47 60 2127
47 61 5147
47 62 4119
47 63 2258
47 64 4528
47 65 1337
47 66 5382
47 67 857
47 68 617
47 69 2226
47 70 2117
48 1 1891
48 2 7197
48 3 2817
48 4 5470
48 5 7096
48 6 3063
48 7 6935
48 8 1468
48 9 2472
48 10 3850
48 11 3443
48 12 2874
48 13 68
48 14 5390
48 15 6432
48 16 1234
48 17 5012
48 18 1175
48 19 3727
48 20 7352
48 21 4785
48 22 4750
48 23 2029
48 24 5915
48 25 3938
48 26 4966
48 27 3435
48 28 2064
48 29 4984
48 30 3809
48 31 1689
48 32 2488
48 33 659
48 34 2618
48 35 3653
48 36 3258
48 37 4982
48 38 4461
48 39 3936
48 40 2207
48 41 6246
48 42 5239
48 43 1877
48 44 6250
48 45 1892
48 46 223
48 47 7028
48 49 1809
48 50 5374
48 51 3272
48 52 581
48 53 4053
48 54 1290
48 55 986
48 56 1541
48 57 4791
48 58 2096
48 59 3747
48 60 7316
48 61 6506
48 62 6499
48 63 4010
48 64 60
48 65 871
48 66 1193
48 67 5789
48 68 6681
48 69 5305
48 70 7426
49 1 1403
49 2 214
49 3 5406
49 4 2851
49 5 7392
49 6 4939
49 7 3840
49 8 6080
49 9 3672
49 10 5956
49 11 5484
49 12 2631
49 13 1992
49 14 941
49 15 6271
49 16 1313
49 17 6808
49 18 5601
49 19 4190
49 20 362
49 21 6151
49 22 7168
49 23 4554
49 24 1029
49 25 3650
49 26 6633
49 27 1861
49 28 4107
49 29 2999
49 30 5263
49 31 2034
49 32 2209
49 33 389
49 34 5661
49 35 5899
49 36 2603
49 37 4823
49 38 2519
49 39 686
49 40 4575
49 41 4386
49 42 3287
49 43 2985
49 44 5170
49 45 6112
49 46 1124
49 47 2050
49 48 4606
49 50 1770
49 51 7149
49 52 4667
49 53 6035
49 54 3820
49 55 129
49 56 7037
49 57 1544
49 58 2426
49 59 4995
49 60 6360
49 61 4898
49 62 5188
49 63 5848
49 64 4236
49 65 3728
49 66 911
49 67 4614
49 68 3327
49 69 124
49 70 7444
50 1 2138
50 2 6930
50 3 6435
50 4 4902
50 5 4392
50 6 5492
50 7 4414
50 8 5647
50 9 1328
50 10 3009
50 11 306
50 12 6181
50 13 6456
50 14 3550
50 15 3346
50 16 6606
50 17 1969
50 18 4531
50 19 3344
50 20 5817
50 21 5051
50 22 3436
50 23 3278
50 24 870
50 25 3833
50 26 182
50 27 2886
50 28 2234
50 29 4137
50 30 5412
50 31 4183
50 32 2728
50 33 7340
50 34 5113
50 35 513
50 36 3408
50 37 2566
50 38 1779
50 39 6682
50 40 1564
50 41 2
50 42 658
50 43 2935
50 44 497
50 45 3871
50 46 4868
50 47 5362
50 48 2236
50 49 2656
50 51 2470
50 52 3960
50 53 7344
50 54 6766
50 55 392
50 56 6607
50 57 4038
50 58 3893
50 59 1335
50 60 7194
50 61 1106
50 62 5344
50 63 6692
50 64 5596
50 65 1645
50 66 1862
50 67 4891
50 68 5717
50 69 4990
50 70 7500
51 1 4825
51 2 7390
51 3 3700
51 4 6612
51 5 4316
51 6 2508
51 7 2543
51 8 5098
51 9 550
51 10 7273
51 11 6278
51 12 663
51 13 6425
51 14 4777
51 15 6153
51 16 5102
51 17 1242
51 18 5117
51 19 2383
51 20 233
51 21 2700
51 22 5317
51 23 4991
51 24 3559
51 25 3671
51 26 193
51 27 7403
51 28 2831
51 29 2965
51 30 258
51 31 5016
51 32 6028
51 33 3522
51 34 7427
51 35 4902
51 36 5892
51 37 2787
51 38 1082
51 39 2278
51 40 6407
51 41 3198
51 42 4952
51 43 932
51 44 2139
51 45 3003
51 46 6568
51 47 2377
51 48 2485
51 49 2044
51 50 975
51 52 358
51 53 1075
51 54 1187
51 55 5009
51 56 2328
51 57 5080
51 58 6307
51 59 6231
51 60 5055
51 61 3265
51 62 2507
51 63 3559
51 64 2549
51 65 4588
51 66 3713
51 67 2459
51 68 2908
51 69 5848
51 70 7230
52 1 6653
52 2 1710
52 3 1062
52 4 7032
52 5 7465
52 6 4780
52 7 1843
52 8 2677
52 9 2352
52 10 5290
52 11 541
52 12 4970
52 13 3555
52 14 5630
52 15 6929
52 16 6282
52 17 2134
52 18 7316
52 19 1168
52 20 6586
52 21 3833
52 22 7480
52 23 5958
52 24 1539
52 25 3459
52 26 3525
52 27 5257
52 28 2969
52 29 2699
52 30 7482
52 31 5907
52 32 6373
52 33 7367
52 34 2524
52 35 2233
52 36 5928
52 37 3117
52 38 6381
52 39 7101
52 40 7026
52 41 3290
52 42 7255
52 43 1495
52 44 2423
52 45 6359
52 46 4561
52 47 3905
52 48 6414
52 49 4152
52 50 7361
52 51 1675
52 53 1241
52 54 1277
52 55 483
52 56 5900
52 57 5002
52 58 3220
52 59 3345
52 60 3957
52 61 1393
52 62 6457
52 63 4887
52 64 6089
52 65 445
52 66 312
52 67 1361
52 68 79
52 69 1957
52 70 2118
53 1 1270
53 2 340
53 3 6161
53 4 6403
53 5 5915
53 6 5051
53 7 3859
53 8 1629
53 9 2681
53 10 1715
53 11 6677
53 12 6018
53 13 3168
53 14 1235
53 15 2740
53 16 1911
53 17 2063
53 18 1819
53 19 6572
53 20 6011
53 21 1283
53 22 6932
53 23 6281
53 24 6729
53 25 2737
53 26 6574
53 27 3298
53 28 891
53 29 2324
53 30 5270
53 31 2714
53 32 4557
53 33 1633
53 34 4685
53 35 4098
53 36 1314
53 37 2655
53 38 1548
53 39 2461
53 40 7082
53 41 4235
53 42 359
53 43 7357
53 44 1041
53 45 1031
53 46 656
53 47 116
53 48 3741
53 49 4939
53 50 2699
53 51 3026
53 52 6085
53 54 3684
53 55 1492
53 56 7299
53 57 1887
53 58 170
53 59 953
53 60 1852
53 61 5136
53 62 4987
53 63 6646
53 64 6102
53 65 3101
53 66 5769
53 67 5595
53 68 4085
53 69 518
53 70 2082
54 1 761
54 2 5822
54 3 2124
54 4 2634
54 5 6079
54 6 2855
54 7 6371
54 8 982
54 9 4317
54 10 3814
54 11 2044
54 12 1876
54 13 1116
54 14 7200
54 15 4548
54 16 6570
54 17 3542
54 18 122
54 19 7453
54 20 1131
54 21 4267
54 22 4642
54 23 4317
54 24 6854
54 25 2379
54 26 3168
54 27 13
54 28 4781
54 29 2517
54 30 1047
54 31 1479
54 32 6995
54 33 6477
54 34 5573
54 35 1359
54 36 7316
54 37 5979
54 38 73
54 39 5339
54 40 6574
54 41 103
54 42 1530
54 43 2825
54 44 1195
54 45 213
54 46 593
54 47 5653
54 48 1408
54 49 6797
54 50 2435
54 51 4290
54 52 3141
54 53 1002
54 55 420
54 56 619
54 57 6418
54 58 4233
54 59 4677
54 60 1325
54 61 7156
54 62 2749
54 63 5664
54 64 4444
54 65 3385
54 66 5266
54 67 6660
54 68 2605
54 69 4481
54 70 4354
55 1 2409
55 2 179
55 3 4286
55 4 4164
55 5 5127
55 6 4519
55 7 4679
55 8 6696
55 9 3246
55 10 3002
55 11 1476
55 12 5483
55 13 4566
55 14 1588
55 15 6125
55 16 6375
55 17 14
55 18 1500
55 19 1550
55 20 3049
55 21 4919
55 22 413
55 23 4010
55 24 1989
55 25 499
55 26 3621
55 27 5468
55 28 1407
55 29 1699
55 30 1019
55 31 301
55 32 2926
55 33 1546
55 34 1146
55 35 781
55 36 5747
55 37 5687
55 38 4430
55 39 5627
55 40 2328
55 41 7052
55 42 3566
55 43 680
55 44 225
55 45 4873
55 46 2151
55 47 2245
55 48 7317
55 49 1054
55 50 3363
55 51 544
55 52 2231
55 53 3478
55 54 2731
55 56 6765
55 57 6047
55 58 6797
55 59 6462
55 60 3991
55 61 3112
55 62 6519
55 63 5808
55 64 2387
55 65 6852
55 66 4810
55 67 982
55 68 2839
55 69 3159
55 70 1025
56 1 2375
56 2 3913
56 3 6807
56 4 4250
56 5 3461
56 6 1709
56 7 3993
56 8 7493
56 9 2249
56 10 3213
56 11 3085
56 12 3084
56 13 4162
56 14 1718
56 15 7049
56 16 2011
56 17 2758
56 18 4236
56 19 3682
56 20 872
56 21 2430
56 22 1777
56 23 7208
56 24 3231
56 25 5335
56 26 4547
56 27 4782
56 28 7083
56 29 2650
56 30 7019
56 31 1999
56 32 4039
56 33 3419
56 34 907
56 35 4321
56 36 5242
56 37 595
56 38 478
56 39 6483
56 40 7385
56 41 1836
56 42 4133
56 43 2641
56 44 6960
56 45 4669
56 46 1391
56 47 3098
56 48 1947
56 49 5550
56 50 3516
56 51 2334
56 52 2874
56 53 2503
56 54 2293
56 55 6323
56 57 7302
56 58 6850
56 59 4093
56 60 3203
56 61 781
56 62 3534
56 63 1528
56 64 3812
56 65 5602
56 66 1866
56 67 2431
56 68 2513
56 69 4161
56 70 2905
57 1 512
57 2 2508
57 3 4537
57 4 3692
57 5 3627
57 6 256
57 7 341
57 8 5714
57 9 2398
57 10 252
57 11 313
57 12 1943
57 13 2390
57 14 4802
57 15 3801
57 16 3938
57 17 3189
57 18 1449
57 19 6376
57 20 2863
57 21 2328
57 22 2326
57 23 6074
57 24 6945
57 25 2550
57 26 4062
57 27 6953
57 28 2035
57 29 4574
57 30 1348
57 31 3511
57 32 3235
57 33 2374
57 34 277
57 35 3563
57 36 7227
57 37 2539
57 38 5180
57 39 1390
57 40 5355
57 41 1772
57 42 3014
57 43 2149
57 44 7454
57 45 2812
57 46 1523
57 47 5505
57 48 6488
57 49 2617
57 50 3537
57 51 6384
57 52 6001
57 53 6065
57 54 1326
57 55 161
57 56 5594
57 58 7343
57 59 6023
57 60 5135
57 61 6976
57 62 6686
57 63 936
57 64 2519
57 65 2202
57 66 680
57 67 2038
57 68 5034
57 69 6525
57 70 2425
58 1 3016
58 2 6022
58 3 5039
58 4 1734
58 5 7376
58 6 6663
58 7 706
58 8 1366
58 9 5507
58 10 317
58 11 6436
58 12 2296
58 13 7477
58 14 6994
58 15 4038
58 16 3885
58 17 90
58 18 2426
58 19 4167
58 20 141
58 21 7172
58 22 622
58 23 6613
58 24 1214
58 25 4598
58 26 6630
58 27 608
58 28 873
58 29 6120
58 30 2968
58 31 3650
58 32 629
58 33 1170
58 34 4489
58 35 1466
58 36 5755
58 37 3145
58 38 2012
58 39 410
58 40 2793
58 41 637
58 42 2372
58 43 5302
58 44 3769
58 45 576
58 46 2566
58 47 6854
58 48 5780
58 49 2847
58 50 5379
58 51 5151
58 52 965
58 53 3238
58 54 151
58 55 6630
58 56 490
58 57 1086
58 59 6683
58 60 5349
58 61 4029
58 62 3587
58 63 1768
58 64 5731
58 65 6292
58 66 2950
58 67 2653
58 68 6266
58 69 4976
58 70 2573
59 1 2873
59 2 3214
59 3 6367
59 4 3886
59 5 2542
59 6 7041
59 7 1607
59 8 2095
59 9 4944
59 10 4260
59 11 6120
59 12 1858
59 13 4780
59 14 1313
59 15 7056
59 16 6627
59 17 2238
59 18 2718
59 19 620
59 20 2211
59 21 1102
59 22 6076
59 23 5353
59 24 6756
59 25 4104
59 26 5017
59 27 3046
59 28 722
59 29 5522
59 30 1212
59 31 2452
59 32 789
59 33 5978
59 34 6089
59 35 5875
59 36 2378
59 37 1254
59 38 7480
59 39 3199
59 40 4681
59 41 2827
59 42 1716
59 43 5458
59 44 3872
59 45 571
59 46 3611
59 47 2019
59 48 270
59 49 1963
59 50 2963
59 51 5382
59 52 5648
59 53 1721
59 54 5557
59 55 4974
59 56 5016
59 57 2594
59 58 399
59 60 6279
59 61 5009
59 62 4390
59 63 1479
59 64 7013
59 65 5728
59 66 4326
59 67 7241
59 68 6987
59 69 1546
59 70 4566
60 1 220
60 2 6582
60 3 2821
60 4 6498
60 5 4351
60 6 6229
60 7 7226
60 8 1354
60 9 1720
60 10 5935
60 11 5386
60 12 4264
60 13 4302
60 14 4416
60 15 5199
60 16 3811
60 17 5760
60 18 5865
60 19 4374
60 20 3746
60 21 3143
60 22 4567
60 23 6417
60 24 324
60 25 1688
60 26 7222
60 27 3253
60 28 55
60 29 6433
60 30 6016
60 31 4784
60 32 5902
60 33 3867
60 34 7014
60 35 5700
60 36 3582
60 37 6862
60 38 3176
60 39 3288
60 40 342
60 41 6676
60 42 6034
60 43 1291
60 44 2824
60 45 2409
60 46 6085
60 47 215
60 48 7126
60 49 4503
60 50 6899
60 51 694
60 52 5405
60 53 3381
60 54 5926
60 55 472
60 56 2799
60 57 537
60 58 5568
60 59 2779
60 61 1025
60 62 5420
60 63 6568
60 64 264
60 65 166
60 66 7436
60 67 1133
60 68 4526
60 69 5565
60 70 7200
61 1 7022
61 2 7366
61 3 4418
61 4 583
61 5 6016
61 6 5458
61 7 4818
61 8 4875
61 9 3589
61 10 5601
61 11 5056
61 12 7390
61 13 6478
61 14 6532
61 15 5064
61 16 7204
61 17 3296
61 18 3819
61 19 6720
61 20 106
61 21 2133
61 22 2416
61 23 1810
61 24 2431
61 25 7352
61 26 7236
61 27 4081
61 28 4030
61 29 2157
61 30 7091
61 31 7063
61 32 5126
61 33 3726
61 34 6717
61 35 7006
61 36 2000
61 37 5917
61 38 5547
61 39 5575
61 40 7468
61 41 1055
61 42 3792
61 43 6211
61 44 632
61 45 3220
61 46 5995
61 47 5658
61 48 1353
61 49 7214
61 50 2179
61 51 6702
61 52 6962
61 53 670
61 54 6587
61 55 5140
61 56 6706
61 57 2738
61 58 6824
61 59 6365
61 60 4033
61 62 6691
61 63 2558
61 64 1115
61 65 162
61 66 1245
61 67 4092
61 68 5565
61 69 6124
61 70 592
62 1 5531
62 2 4290
62 3 4451
62 4 5810
62 5 5777
62 6 2962
62 7 4229
62 8 2977
62 9 2100
62 10 7247
62 11 5600
62 12 4997
62 13 1657
62 14 7318
62 15 2436
62 16 1240
62 17 1660
62 18 8
62 19 1135
62 20 6214
62 21 3358
62 22 3276
62 23 6414
62 24 5717
62 25 708
62 26 2495
62 27 7251
62 28 5454
62 29 3100
62 30 518
62 31 5887
62 32 2056
62 33 6806
62 34 1007
62 35 71
62 36 2884
62 37 931
62 38 2330
62 39 3929
62 40 2179
62 41 703
62 42 4601
62 43 5962
62 44 3413
62 45 4621
62 46 3796
62 47 4867
62 48 3797
62 49 6775
62 50 5187
62 51 973
62 52 998
62 53 3972
62 54 3746
62 55 850
62 56 3961
62 57 4181
62 58 6094
62 59 5441
62 60 5840
62 61 1287
62 63 5345
62 64 1611
62 65 3338
62 66 6273
62 67 3494
62 68 2545
62 69 2045
62 70 244
63 1 5380
63 2 1452
63 3 5777
63 4 5893
63 5 2190
63 6 2256
63 7 4479
63 8 1302
63 9 7108
63 10 7100
63 11 5845
63 12 3736
63 13 5645
63 14 1736
63 15 2237
63 16 4385
63 17 5724
63 18 1582
63 19 2361
63 20 4403
63 21 7215
63 22 2700
63 23 4182
63 24 326
63 25 703
63 26 1306
63 27 2085
63 28 7399
63 29 6520
63 30 3274
63 31 7366
63 32 2714
63 33 4130
63 34 5576
63 35 5256
63 36 5948
63 37 6017
63 38 2149
63 39 5211
63 40 4398
63 41 3232
63 42 5974
63 43 823
63 44 1640
63 45 1481
63 46 6494
63 47 3360
63 48 4600
63 49 5880
63 50 3839
63 51 1680
63 52 1605
63 53 2643
63 54 6454
63 55 4895
63 56 2467
63 57 448
63 58 1037
63 59 1825
63 60 686
63 61 3638
63 62 5580
63 64 3436
63 65 1173
63 66 2622
63 67 5709
63 68 2210
63 69 3260
63 70 3819
64 1 3765
64 2 4793
64 3 6825
64 4 6877
64 5 1478
64 6 4328
64 7 525
64 8 1795
64 9 731
64 10 4300
64 11 6614
64 12 3932
64 13 4592
64 14 4505
64 15 392
64 16 2520
64 17 3610
64 18 1924
64 19 5691
64 20 3246
64 21 2874
64 22 1003
64 23 5154
64 24 5460
64 25 6509
64 26 5977
64 27 889
64 28 5447
64 29 5097
64 30 5265
64 31 718
64 32 3633
64 33 4209
64 34 5748
64 35 427
64 36 6508
64 37 5536
64 38 5175
64 39 7398
64 40 2778
64 41 1971
64 42 3222
64 43 6595
64 44 957
64 45 5096
64 46 6970
64 47 635
64 48 7428
64 49 6743
64 50 3041
64 51 1352
64 52 3822
64 53 5967
64 54 1569
64 55 1390
64 56 1604
64 57 1551
64 58 6551
64 59 3136
64 60 255
64 61 3327
64 62 4972
64 63 2977
64 65 1461
64 66 3411
64 67 6732
64 68 4886
64 69 1941
64 70 327
65 1 1976
65 2 4650
65 3 3688
65 4 7468
65 5 4118
65 6 2765
65 7 5344
65 8 3265
65 9 1998
65 10 1415
65 11 4988
65 12 4184
65 13 3180
65 14 3463
65 15 1973
65 16 1048
65 17 1251
65 18 3929
65 19 6746
65 20 1357
65 21 4793
65 22 6537
65 23 172
65 24 6574
65 25 1167
65 26 1454
65 27 658
65 28 3276
65 29 1928
65 30 3551
65 31 483
65 32 1806
65 33 2332
65 34 6769
65 35 7117
65 36 880
65 37 4911
65 38 2200
65 39 3011
65 40 6358
65 41 109
65 42 7485
65 43 2843
65 44 2602
65 45 3581
65 46 1146
65 47 7052
65 48 4230
65 49 3330
65 50 1698
65 51 5155
65 52 5717
65 53 6209
65 54 1473
65 55 7496
65 56 2269
65 57 1322
65 58 584
65 59 3011
65 60 3153
65 61 5348
65 62 5035
65 63 975
65 64 4072
65 66 471
65 67 7247
65 68 545
65 69 92
65 70 2774
66 1 3693
66 2 4068
66 3 294
66 4 6029
66 5 5371
66 6 7159
66 7 7153
66 8 2047
66 9 234
66 10 5755
66 11 6844
66 12 7196
66 13 486
66 14 3289
66 15 5690
66 16 306
66 17 5860
66 18 3973
66 19 6076
66 20 2724
66 21 3873
66 22 2445
66 23 6519
66 24 1522
66 25 1075
66 26 3572
66 27 1925
66 28 5868
66 29 1221
66 30 6758
66 31 5138
66 32 127
66 33 6215
66 34 2089
66 35 2185
66 36 7362
66 37 6664
66 38 3697
66 39 5287
66 40 6475
66 41 5171
66 42 5905
66 43 4023
66 44 171
66 45 4768
66 46 3445
66 47 1165
66 48 6072
66 49 1258
66 50 4946
66 51 4285
66 52 4919
66 53 7103
66 54 1014
66 55 3899
66 56 3100
66 57 83
66 58 6321
66 59 1564
66 60 401
66 61 6074
66 62 1689
66 63 5899
66 64 5061
66 65 7430
66 67 4766
66 68 3652
66 69 4345
66 70 660
67 1 75
67 2 6472
67 3 4716
67 4 5670
67 5 571
67 6 1893
67 7 3032
67 8 1811
67 9 1497
67 10 7409
67 11 6298
67 12 4052
67 13 2478
67 14 664
67 15 3177
67 16 2856
67 17 1734
67 18 4281
67 19 4529
67 20 3909
67 21 1431
67 22 6636
67 23 2527
67 24 432
67 25 5096
67 26 310
67 27 3469
67 28 5680
67 29 6163
67 30 6882
67 31 503
67 32 3964
67 33 4220
67 34 4783
67 35 7342
67 36 2969
67 37 451
67 38 211
67 39 1569
67 40 2556
67 41 1358
67 42 651
67 43 6334
67 44 580
67 45 2323
67 46 6541
67 47 1038
67 48 1480
67 49 5307
67 50 1021
67 51 1780
67 52 6222
67 53 2633
67 54 3987
67 55 103
67 56 4356
67 57 3338
67 58 3232
67 59 1185
67 60 2725
67 61 4860
67 62 4174
67 63 4423
67 64 4513
67 65 944
67 66 6782
67 68 6552
67 69 3781
67 70 2718
68 1 4171
68 2 7172
68 3 6136
68 4 6261
68 5 4359
68 6 5641
68 7 5879
68 8 1548
68 9 7075
68 10 5950
68 11 1583
68 12 5771
68 13 5714
68 14 6681
68 15 2739
68 16 3045
68 17 1998
68 18 423
68 19 2274
68 20 1127
68 21 2326
68 22 3111
68 23 635
68 24 4641
68 25 4064
68 26 7465
68 27 4791
68 28 2073
68 29 3799
68 30 1565
68 31 6861
68 32 4547
68 33 6047
68 34 357
68 35 6984
68 36 5460
68 37 7013
68 38 3728
68 39 6882
68 40 5182
68 41 5771
68 42 2567
68 43 4725
68 44 4792
68 45 3247
68 46 4110
68 47 289
68 48 2434
68 49 5630
68 50 2515
68 51 3806
68 52 7081
68 53 1951
68 54 4023
68 55 4625
68 56 157
68 57 782
68 58 6210
68 59 6656
68 60 4516
68 61 6228
68 62 2648
68 63 5241
68 64 6653
68 65 295
68 66 6953
68 67 5759
68 69 1726
68 70 1528
69 1 2399
69 2 2347
69 3 1913
69 4 6601
69 5 4756
69 6 2593
69 7 6258
69 8 4656
69 9 292
69 10 4648
69 11 2450
69 12 5803
69 13 600
69 14 4576
69 15 546
69 16 207
69 17 310
69 18 460
69 19 369
69 20 6804
69 21 3749
69 22 2950
69 23 222
69 24 7294
69 25 1196
69 26 4150
69 27 4278
69 28 3182
69 29 3198
69 30 1633
69 31 1514
69 32 1174
69 33 7022
69 34 5341
69 35 4703
69 36 7027
69 37 6958
69 38 357
69 39 3828
69 40 6982
69 41 2492
69 42 4336
69 43 2910
69 44 5797
69 45 3605
69 46 3956
69 47 6029
69 48 3218
69 49 1028
69 50 2799
69 51 974
69 52 6396
69 53 313
69 54 3790
69 55 6127
69 56 22
69 57 3392
69 58 1879
69 59 419
69 60 4826
69 61 5827
69 62 4234
69 63 2781
69 64 4125
69 65 7219
69 66 7374
69 67 7321
69 68 5037
69 70 5918
70 1 6818
70 2 2748
70 3 7487
70 4 400
70 5 797
70 6 1592
70 7 1143
70 8 6601
70 9 4817
70 10 1146
70 11 3176
70 12 5600
70 13 3478
70 14 2617
70 15 6882
70 16 5954
70 17 4107
70 18 2251
70 19 5248
70 20 2771
70 21 6313
70 22 6628
70 23 1948
70 24 478
70 25 160
70 26 2682
70 27 5046
70 28 6731
70 29 1278
70 30 3275
70 31 2589
70 32 6626
70 33 277
70 34 7099
70 35 3611
70 36 6885
70 37 1830
70 38 7196
70 39 1238
70 40 4703
70 41 6234
70 42 3398
70 43 3059
70 44 590
70 45 4643
70 46 6080
70 47 121
70 48 4585
70 49 4069
70 50 1246
70 51 1615
70 52 1466
70 53 2712
70 54 4527
70 55 547
70 56 163
70 57 2067
70 58 1179
70 59 1953
70 60 4050
70 61 2219
70 62 369
70 63 317
70 64 6718
70 65 3704
70 66 3215
70 67 2484
70 68 5762
70 69 1582
