70 4830
1 2 470
1 3 1918
1 4 6983
1 5 3084
1 6 3614
1 7 3708
1 8 1182
1 9 6911
1 10 1608
1 11 2252
1 12 6971
1 13 1459
1 14 3969
1 15 7020
1 16 4690
1 17 6543
1 18 2757
1 19 2341
1 20 6796
1 21 4070
1 22 6108
1 23 1062
1 24 244
1 25 1213
1 26 6158
1 27 4560
1 28 4013
1 29 1553
1 30 2136
1 31 4729
1 32 3639
1 33 520
1 34 3540
1 35 4391
1 36 1138
1 37 6850
1 38 3389
1 39 6008
1 40 3176
1 41 7388
1 42 988
1 43 766
1 44 3392
1 45 6462
1 46 2664
1 47 2472
1 48 6500
1 49 1588
1 50 598
1 51 4905
1 52 1987
1 53 3580
1 54 2524
1 55 4918
1 56 4911
1 57 2716
1 58 5281
1 59 3068
1 60 5880
1 61 1536
1 62 705
1 63 5790
1 64 2061
1 65 2813
1 66 237
1 67 7342
1 68 28
1 69 5007
1 70 4590
2 1 6328
2 3 7439
2 4 5862
2 5 4890
2 6 1226
2 7 6084
2 8 3511
2 9 4814
2 10 2169
2 11 4574
2 12 3931
2 13 1842
2 14 104
2 15 311
2 16 1350
2 17 322
2 18 1691
2 19 5011
2 20 3861
2 21 5001
2 22 7224
2 23 2013
2 24 3858
2 25 2638
2 26 7187
2 27 547
2 28 1900
2 29 2418
2 30 4582
2 31 5571
2 32 2050
2 33 7455
2 34 1013
2 35 6220
2 36 1160
2 37 4668
2 38 3379
2 39 4003
2 40 1620
2 41 1388
2 42 6429
2 43 3384
2 44 4821
2 45 3979
2 46 4733
2 47 1707
2 48 60
2 49 2482
2 50 621
2 51 5451
2 52 3598
2 53 2716
2 54 1777
2 55 4929
2 56 2316
2 57 1930
2 58 1313
2 59 80
2 60 5620
2 61 3084
2 62 5830
2 63 2947
2 64 5504
2 65 5168
2 66 2064
2 67 5562
2 68 6983
2 69 6258
2 70 6560
3 1 7426
3 2 1054
3 4 1158
3 5 4553
3 6 1974
3 7 87
3 8 6077
3 9 5473
3 10 4194
3 11 1516
3 12 4895
3 13 1423
3 14 3405
3 15 3491
3 16 6126
3 17 1579
3 18 1194
3 19 1158
3 20 4415
3 21 7486
3 22 1354
3 23 2515
3 24 4889
3 25 3609
3 26 5020
3 27 1004
3 28 6357
3 29 3683
3 30 3274
3 31 1015
3 32 111
3 33 7146
3 34 6989
3 35 2882
3 36 2577
3 37 601
3 38 1724
3 39 4599
3 40 5696
3 41 812
3 42 4330
3 43 7404
3 44 7026
3 45 2500
3 46 271
3 47 6687
3 48 3920
3 49 4878
3 50 1240
3 51 3069
3 52 4164
3 53 3286
3 54 3924
3 55 2041
3 56 115
3 57 6930
3 58 3008
3 59 1051
3 60 6402
3 61 734
3 62 6734
3 63 6413
3 64 1719
3 65 622
3 66 6559
3 67 2806
3 68 6588
3 69 2281
3 70 5319
4 1 265
4 2 3786
4 3 1592
4 5 3153
4 6 2037
4 7 4177
4 8 587
4 9 1433
4 10 7137
4 11 3635
4 12 5565
4 13 5085
4 14 3014
4 15 1260
4 16 2662
4 17 3299
4 18 5039
4 19 2219
4 20 6479
4 21 3718
4 22 885
4 23 18
4 24 5080
4 25 3471
4 26 1609
4 27 6265
4 28 6143
4 29 6211
4 30 2469
4 31 142
4 32 7496
4 33 600
4 34 2530
4 35 1472
4 36 5191
4 37 3358
4 38 6805
4 39 5964
4 40 5721
4 41 2046
4 42 1331
4 43 925
4 44 4506
4 45 1169
4 46 3069
4 47 1360
4 48 323
4 49 5862
4 50 2264
4 51 1344
4 52 4164
4 53 83
4 54 2064
4 55 520
4 56 2666
4 57 1204
4 58 3441
4 59 5437
4 60 6271
4 61 225
4 62 6195
4 63 5625
4 64 5593
4 65 2274
4 66 3705
4 67 5838
4 68 4272
4 69 5874
4 70 7154
5 1 744
5 2 7140
5 3 6260
5 4 1544
5 6 1348
5 7 4411
5 8 4501
5 9 6724
5 10 1914
5 11 1962
5 12 5446
5 13 556
5 14 6637
5 15 4366
5 16 5422
5 17 3266
5 18 4837
5 19 3555
5 20 2490
5 21 6534
5 22 4885
5 23 1502
5 24 2153
5 25 4239
5 26 2984
5 27 6314
5 28 1583
5 29 7288
5 30 3954
5 31 6326
5 32 3972
5 33 4824
5 34 5900
5 35 7036
5 36 4571
5 37 2833
5 38 6201
5 39 4335
5 40 7405
5 41 2906
5 42 1081
5 43 46
5 44 1903
5 45 1491
5 46 6166
5 47 2152
5 48 1813
5 49 1955
5 50 6465
5 51 3368
5 52 2751
5 53 2730
5 54 3485
5 55 950
5 56 5313
5 57 3093
5 58 2220
5 59 4321
5 60 3493
5 61 1385
5 62 1064
5 63 4486
5 64 3645
5 65 1777
5 66 1281
5 67 3734
5 68 1778
5 69 3222
5 70 4251
6 1 4264
6 2 954
6 3 1663
6 4 6481
6 5 7273
6 7 3294
6 8 77
6 9 849
6 10 5718
6 11 7238
6 12 4479
6 13 4501
6 14 3526
6 15 4785
6 16 6109
6 17 5126
6 18 1317
6 19 2350
6 20 6497
6 21 1351
6 22 613
6 23 7131
6 24 5440
6 25 4113
6 26 4038
6 27 4075
6 28 7307
6 29 6248
6 30 456
6 31 2896
6 32 7030
6 33 32
6 34 6380
6 35 2275
6 36 6354
6 37 6092
6 38 6772
6 39 1983
6 40 4420
6 41 6169
6 42 3145
6 43 5532
6 44 970
6 45 7375
6 46 3557
6 47 1620
6 48 4120
6 49 4987
6 50 632
6 51 5841
6 52 3455
6 53 408
6 54 3556
6 55 1812
6 56 518
6 57 526
6 58 6427
6 59 1166
6 60 2503
6 61 3827
6 62 1674
6 63 3885
6 64 3031
6 65 1638
6 66 1897
6 67 4992
6 68 7492
6 69 626
6 70 4803
7 1 991
7 2 5939
7 3 7175
7 4 2083
7 5 783
7 6 4512
7 8 5143
7 9 6802
7 10 2549
7 11 5915
7 12 2505
7 13 5425
7 14 698
7 15 6297
7 16 2607
7 17 1566
7 18 915
7 19 4990
7 20 6457
7 21 2696
7 22 7169
7 23 2905
7 24 3418
7 25 4495
7 26 7164
7 27 233
7 28 5890
7 29 1371
7 30 6104
7 31 4770
7 32 1735
7 33 4839
7 34 7312
7 35 1974
7 36 5784
7 37 2451
7 38 1386
7 39 4773
7 40 6854
7 41 5275
7 42 904
7 43 2498
7 44 2401
7 45 5308
7 46 5110
7 47 5427
7 48 2456
7 49 1228
7 50 1571
7 51 1012
7 52 2745
7 53 2499
7 54 6925
7 55 2886
7 56 534
7 57 3081
7 58 6659
7 59 2087
7 60 3525
7 61 5445
7 62 434
7 63 7452
7 64 3973
7 65 2257
7 66 6433
7 67 3551
7 68 3423
7 69 2199
7 70 2838
8 1 3564
8 2 4551
8 3 481
8 4 5230
8 5 2434
8 6 3875
8 7 5693
8 9 7446
8 10 2538
8 11 1020
8 12 1100
8 13 3899
8 14 2184
8 15 5930
8 16 3283
8 17 6749
8 18 7043
8 19 1995
8 20 1554
8 21 3598
8 22 6878
8 23 3699
8 24 3937
8 25 1993
8 26 5581
8 27 5495
8 28 4472
8 29 4092
8 30 5387
8 31 4966
8 32 2909
8 33 967
8 34 3685
8 35 4595
8 36 4371
8 37 2790
8 38 3414
8 39 4624
8 40 3370
8 41 6698
8 42 3212
8 43 5107
8 44 5319
8 45 5334
8 46 222
8 47 419
8 48 5150
8 49 5540
8 50 6608
8 51 6775
8 52 481
8 53 6029
8 54 1291
8 55 287
8 56 5007
8 57 5950
8 58 1384
8 59 2884
8 60 7055
8 61 2357
8 62 4579
8 63 4541
8 64 1209
8 65 5291
8 66 857
8 67 2432
8 68 5729
8 69 818
8 70 4318
9 1 905
9 2 7302
9 3 1584
9 4 5109
9 5 2827
9 6 112
9 7 1665
9 8 762
9 10 1665
9 11 4466
9 12 3175
9 13 2741
9 14 5848
9 15 914
9 16 2585
9 17 7142
9 18 5061
9 19 5294
9 20 2682
9 21 4903
9 22 939
9 23 1265
9 24 5439
9 25 2027
9 26 4114
9 27 5229
9 28 1394
9 29 6403
9 30 3498
9 31 4679
9 32 3899
9 33 7234
9 34 3520
9 35 1438
9 36 6506
9 37 3105
9 38 6486
9 39 6499
9 40 5669
9 41 1717
9 42 2913
9 43 3282
9 44 3543
9 45 3028
9 46 1354
9 47 4901
9 48 1563
9 49 2613
9 50 4649
9 51 1356
9 52 578
9 53 4419
9 54 2215
9 55 3825
9 56 5785
9 57 1924
9 58 3025
9 59 6882
9 60 6818
9 61 1245
9 62 117
9 63 3837
9 64 1431
9 65 6206
9 66 188
9 67 4099
9 68 5346
9 69 3891
9 70 4469
10 1 7320
10 2 6660
10 3 4728
10 4 2115
10 5 327
10 6 4900
10 7 7143
10 8 4395
10 9 105
10 11 4841
10 12 3057
10 13 89
10 14 2406
10 15 5257
10 16 3264
10 17 5375
10 18 5514
10 19 4262
10 20 7000
10 21 7102
10 22 6701
10 23 1142
10 24 1475
10 25 5258
10 26 5888
10 27 3249
10 28 707
10 29 6460
10 30 2151
10 31 4595
10 32 3167
10 33 6867
10 34 2119
10 35 5186
10 36 6072
10 37 1748
10 38 4194
10 39 889
10 40 1709
10 41 2194
10 42 4938
10 43 2273
10 44 6814
10 45 1570
10 46 5959
10 47 3696
10 48 6468
10 49 1273
10 50 6798
10 51 3037
10 52 6869
10 53 1405
10 54 3031
10 55 1891
10 56 6471
10 57 7432
10 58 6140
10 59 1674
10 60 3697
10 61 2075
10 62 3683
10 63 6975
10 64 6722
10 65 7304
10 66 1417
10 67 5032
10 68 4278
10 69 6394
10 70 2178
11 1 286
11 2 837
11 3 5166
11 4 7375
11 5 675
11 6 1794
11 7 2661
11 8 6359
11 9 4475
11 10 1926
11 12 6621
11 13 2241
11 14 1991
11 15 411
11 16 7231
11 17 1320
11 18 7049
11 19 171
11 20 4363
11 21 3727
11 22 5377
11 23 229
11 24 1474
11 25 4285
11 26 3233
11 27 4487
11 28 4623
11 29 3313
11 30 3889
11 31 1245
11 32 2090
11 33 5309
11 34 7197
11 35 4712
11 36 6630
11 37 61
11 38 1700
11 39 4964
11 40 2434
11 41 7176
11 42 2527
11 43 3734
11 44 7402
11 45 6251
11 46 7115
11 47 2655
11 48 6435
11 49 5612
11 50 6808
11 51 4821
11 52 2968
11 53 4203
11 54 3012
11 55 1730
11 56 1289
11 57 5119
11 58 7481
11 59 6046
11 60 1023
11 61 2499
11 62 4470
11 63 333
11 64 5532
11 65 3925
11 66 7335
11 67 5186
11 68 6335
11 69 1218
11 70 943
12 1 1966
12 2 3349
12 3 551
12 4 5957
12 5 5202
12 6 2412
12 7 1832
12 8 5249
12 9 4783
12 10 2096
12 11 2204
12 13 1799
12 14 7092
12 15 6388
12 16 4118
12 17 1707
12 18 6334
12 19 405
12 20 5797
12 21 2490
12 22 4542
12 23 6389
12 24 3368
12 25 5903
12 26 2575
12 27 1837
12 28 3389
12 29 3133
12 30 6959
12 31 5201
12 32 7298
12 33 3902
12 34 2758
12 35 1483
12 36 5827
12 37 3997
12 38 2163
12 39 1693
12 40 1514
12 41 231
12 42 5253
12 43 926
12 44 4972
12 45 5504
12 46 5814
12 47 1868
12 48 2238
12 49 3447
12 50 5782
12 51 3371
12 52 1830
12 53 2044
12 54 3445
12 55 1286
12 56 2524
12 57 2402
12 58 4547
12 59 5502
12 60 4670
12 61 3466
12 62 5213
12 63 2767
12 64 2046
12 65 2351
12 66 7385
12 67 6419
12 68 1628
12 69 3838
12 70 5253
13 1 7231
13 2 1398
13 3 4245
13 4 7302
13 5 3717
13 6 4126
13 7 4099
13 8 1883
13 9 5918
13 10 6410
13 11 1860
13 12 7219
13 14 6451
13 15 597
13 16 4715
13 17 1683
13 18 5523
13 19 740
13 20 4655
13 21 2128
13 22 7297
13 23 913
13 24 3377
13 25 1193
13 26 467
13 27 4750
13 28 3265
13 29 1510
13 30 7399
13 31 2368
13 32 2916
13 33 287
13 34 3334
13 35 3826
13 36 5425
13 37 5859
13 38 4130
13 39 5144
13 40 3846
13 41 3773
13 42 7061
13 43 7435
13 44 7456
13 45 1984
13 46 290
13 47 1452
13 48 5585
13 49 6801
13 50 6941
13 51 4456
13 52 3878
13 53 5071
13 54 2613
13 55 860
13 56 2467
13 57 5599
13 58 1191
13 59 5263
13 60 2308
13 61 6067
13 62 5698
13 63 5107
13 64 5755
13 65 1392
13 66 1596
13 67 415
13 68 450
13 69 5403
13 70 5636
14 1 5093
14 2 214
14 3 2988
14 4 1386
14 5 5282
14 6 1331
14 7 6480
14 8 4520
14 9 6484
14 10 2904
14 11 2430
14 12 6439
14 13 6513
14 15 3752
14 16 1161
14 17 3861
14 18 7279
14 19 799
14 20 441
14 21 1198
14 22 1933
14 23 6960
14 24 1233
14 25 7364
14 26 1029
14 27 6165
14 28 6305
14 29 1726
14 30 519
14 31 5177
14 32 2242
14 33 4126
14 34 6157
14 35 6449
14 36 6784
14 37 5794
14 38 7414
14 39 3290
14 40 1246
14 41 5482
14 42 6786
14 43 6334
14 44 3086
14 45 7013
14 46 1807
14 47 1139
14 48 2655
14 49 5432
14 50 5848
14 51 5919
14 52 3068
14 53 1758
14 54 4556
14 55 1466
14 56 2345
14 57 3455
14 58 6712
14 59 7107
14 60 6225
14 61 6237
14 62 6593
14 63 1237
14 64 6036
14 65 6051
14 66 3819
14 67 463
14 68 6532
14 69 2795
14 70 78
15 1 1042
15 2 6322
15 3 7274
15 4 5239
15 5 5842
15 6 6427
15 7 6205
15 8 2770
15 9 4955
15 10 5297
15 11 5133
15 12 2729
15 13 1027
15 14 4889
15 16 3706
15 17 4227
15 18 2050
15 19 6144
15 20 1170
15 21 5111
15 22 6788
15 23 4143
15 24 3922
15 25 2309
15 26 2613
15 27 4041
15 28 2074
15 29 3540
15 30 5558
15 31 4206
15 32 3864
15 33 524
15 34 6279
15 35 4316
15 36 6635
15 37 1873
15 38 348
15 39 7033
15 40 898
15 41 5109
15 42 2426
15 43 4345
15 44 5990
15 45 2512
15 46 7159
15 47 4717
15 48 6323
15 49 6941
15 50 6152
15 51 5822
15 52 2112
15 53 7336
15 54 4567
15 55 2426
15 56 1258
15 57 1445
15 58 7185
15 59 818
15 60 2922
15 61 7483
15 62 4174
15 63 6443
15 64 4107
15 65 452
15 66 337
15 67 7434
15 68 2871
15 69 4908
15 70 3076
16 1 4408
16 2 1625
16 3 4711
16 4 435
16 5 4585
16 6 2322
16 7 5606
16 8 3967
16 9 202
16 10 6312
16 11 2756
16 12 7260
16 13 60
16 14 7220
16 15 4519
16 17 584
16 18 1881
16 19 999
16 20 648
16 21 3766
16 22 5408
16 23 1824
16 24 5540
16 25 3311
16 26 2858
16 27 6412
16 28 4715
16 29 7355
16 30 212
16 31 6835
16 32 776
16 33 3639
16 34 2915
16 35 7070
16 36 1201
16 37 7002
16 38 794
16 39 4559
16 40 7437
16 41 3365
16 42 2290
16 43 5067
16 44 1766
16 45 6935
16 46 5899
16 47 1867
16 48 1359
16 49 4466
16 50 1474
16 51 6727
16 52 42
16 53 766
16 54 4989
16 55 7312
16 56 5359
16 57 778
16 58 1562
16 59 4608
16 60 6067
16 61 3015
16 62 1788
16 63 2080
16 64 1384
16 65 3196
16 66 7131
16 67 5635
16 68 6313
16 69 6486
16 70 2070
17 1 5081
17 2 4930
17 3 1754
17 4 7027
17 5 2342
17 6 1303
17 7 2953
17 8 2151
17 9 2897
17 10 4998
17 11 5794
17 12 2264
17 13 2095
17 14 656
17 15 17
17 16 7197
17 18 1722
17 19 6704
17 20 4963
17 21 1323
17 22 4727
17 23 723
17 24 5829
17 25 1806
17 26 6887
17 27 1611
17 28 2436
17 29 2545
17 30 3604
17 31 6143
17 32 4080
17 33 1457
17 34 55
17 35 6487
17 36 2824
17 37 5517
17 38 557
17 39 2620
17 40 72
17 41 1600
17 42 4311
17 43 1685
17 44 3867
17 45 6124
17 46 2157
17 47 5166
17 48 1890
17 49 4074
17 50 1303
17 51 7126
17 52 1489
17 53 3315
17 54 3423
17 55 7217
17 56 7269
17 57 3026
17 58 1721
17 59 359
17 60 4267
17 61 890
17 62 6306
17 63 6891
17 64 1753
17 65 1861
17 66 614
17 67 4874
17 68 7081
17 69 7069
17 70 4872
18 1 6334
18 2 1746
18 3 402
18 4 5726
18 5 6791
18 6 3981
18 7 5104
18 8 5169
18 9 6267
18 10 5099
18 11 4070
18 12 5998
18 13 3524
18 14 91
18 15 2694
18 16 5092
18 17 1673
18 19 1528
18 20 2783
18 21 581
18 22 2129
18 23 2486
18 24 5002
18 25 5954
18 26 4647
18 27 7500
18 28 3809
18 29 1769
18 30 539
18 31 5052
18 32 1592
18 33 3906
18 34 3858
18 35 4597
18 36 5596
18 37 3203
18 38 7021
18 39 7438
18 40 6780
18 41 220
18 42 5292
18 43 1987
18 44 6229
18 45 98
18 46 5081
18 47 52
18 48 4299
18 49 630
18 50 5067
18 51 2065
18 52 1365
18 53 2107
18 54 1094
18 55 6598
18 56 649
18 57 6060
18 58 6601
18 59 927
18 60 223
18 61 7490
18 62 2743
18 63 6021
18 64 5957
18 65 352
18 66 4097
18 67 4832
18 68 4514
18 69 3817
18 70 652
19 1 811
19 2 777
19 3 5260
19 4 6355
19 5 5108
19 6 698
19 7 3680
19 8 4714
19 9 217
19 10 3783
19 11 3941
19 12 4834
19 13 4204
19 14 3730
19 15 6692
19 16 4154
19 17 3084
19 18 6166
19 20 5432
19 21 3816
19 22 6283
19 23 5957
19 24 4299
19 25 2832
19 26 2637
19 27 7065
19 28 506
19 29 5472
19 30 536
19 31 1989
19 32 7278
19 33 4455
19 34 1803
19 35 1875
19 36 301
19 37 4592
19 38 4017
19 39 2194
19 40 5247
19 41 2670
19 42 1388
19 43 4186
19 44 5896
19 45 5337
19 46 1665
19 47 7448
19 48 6702
19 49 4625
19 50 4188
19 51 4959
19 52 4010
19 53 4236
19 54 7148
19 55 4965
19 56 355
19 57 6556
19 58 5528
19 59 2155
19 60 7195
19 61 5456
19 62 3998
19 63 5632
19 64 3692
19 65 2198
19 66 2580
19 67 6375
19 68 450
19 69 540
19 70 1750
20 1 3867
20 2 494
20 3 2226
20 4 1784
20 5 4036
20 6 5169
20 7 4265
20 8 2019
20 9 194
20 10 873
20 11 1243
20 12 6357
20 13 3794
20 14 3497
20 15 7023
20 16 4489
20 17 2858
20 18 6665
20 19 7075
20 21 2255
20 22 5960
20 23 6409
20 24 3822
20 25 1853
20 26 4261
20 27 5024
20 28 4263
20 29 2848
20 30 905
20 31 7157
20 32 6108
20 33 1040
20 34 3746
20 35 4726
20 36 419
20 37 7235
20 38 3731
20 39 5652
20 40 715
20 41 515
20 42 1446
20 43 4737
20 44 4666
20 45 3759
20 46 5282
20 47 6604
20 48 3345
20 49 5746
20 50 2904
20 51 1473
20 52 5707
20 53 5356
20 54 6038
20 55 6383
20 56 5369
20 57 6955
20 58 6636
20 59 6067
20 60 866
20 61 6213
20 62 3731
20 63 7122
20 64 6729
20 65 5912
20 66 1947
20 67 4455
20 68 2904
20 69 1272
20 70 2498
21 1 206
21 2 5584
21 3 7326
21 4 1103
21 5 2149
21 6 3067
21 7 1339
21 8 1599
21 9 5939
21 10 2330
21 11 3860
21 12 4344
21 13 7377
21 14 963
21 15 6512
21 16 2853
21 17 5253
21 18 822
21 19 2489
21 20 4779
21 22 4175
21 23 4420
21 24 1442
21 25 2869
21 26 1464
21 27 1016
21 28 5988
21 29 4613
21 30 7395
21 31 3364
21 32 1638
21 33 5432
21 34 848
21 35 2413
21 36 3240
21 37 4830
21 38 5166
21 39 3111
21 40 1007
21 41 7286
21 42 1323
21 43 1633
21 44 746
21 45 1476
21 46 7242
21 47 5457
21 48 261
21 49 4271
21 50 2232
21 51 1371
21 52 2684
21 53 4366
21 54 1629
21 55 1098
21 56 3700
21 57 6043
21 58 2663
21 59 6306
21 60 5452
21 61 6263
21 62 7366
21 63 5452
21 64 428
21 65 4584
21 66 2083
21 67 7220
21 68 2335
21 69 7424
21 70 5423
22 1 6215
22 2 7116
22 3 2250
22 4 4622
22 5 5910
22 6 4696
22 7 1876
22 8 2182
22 9 3719
22 10 7305
22 11 3161
22 12 762
22 13 3603
22 14 5548
22 15 2080
22 16 7436
22 17 5833
22 18 418
22 19 5799
22 20 6794
22 21 6884
22 23 5868
22 24 4407
22 25 5518
22 26 1943
22 27 5311
22 28 6275
22 29 5864
22 30 5781
22 31 3246
22 32 2759
22 33 4932
22 34 1858
22 35 5777
22 36 3173
22 37 6967
22 38 5147
22 39 7021
22 40 6570
22 41 1657
22 42 1084
22 43 6374
22 44 6488
22 45 2838
22 46 7280
22 47 5818
22 48 5709
22 49 6706
22 50 1664
22 51 6326
22 52 2264
22 53 1027
22 54 321
22 55 2828
22 56 3490
22 57 4781
22 58 6011
22 59 6355
22 60 6472
22 61 6331
22 62 298
22 63 4728
22 64 3714
22 65 3206
22 66 6774
22 67 2449
22 68 6028
22 69 6470
22 70 2697
23 1 3307
23 2 528
23 3 4804
23 4 135
23 5 5670
23 6 5276
23 7 3054
23 8 4737
23 9 351
23 10 3254
23 11 2837
23 12 1844
23 13 2538
23 14 2050
23 15 3937
23 16 825
23 17 1978
23 18 857
23 19 5251
23 20 3346
23 21 3873
23 22 6277
23 24 6847
23 25 2009
23 26 2507
23 27 4574
23 28 785
23 29 6690
23 30 7369
23 31 6197
23 32 2025
23 33 4647
23 34 6937
23 35 5464
23 36 5587
23 37 2548
23 38 5406
23 39 5854
23 40 1450
23 41 11
23 42 7101
23 43 551
23 44 73
23 45 403
23 46 3812
23 47 4742
23 48 6869
23 49 5957
23 50 5853
23 51 6247
23 52 5120
23 53 7313
23 54 6629
23 55 5311
23 56 4653
23 57 6160
23 58 6510
23 59 263
23 60 1132
23 61 5110
23 62 1857
23 63 6256
23 64 1587
23 65 1712
23 66 3581
23 67 2887
23 68 7206
23 69 7189
23 70 1006
24 1 3858
24 2 3831
24 3 4526
24 4 284
24 5 3449
24 6 3877
24 7 4106
24 8 4350
24 9 371
24 10 5757
24 11 1263
24 12 3805
24 13 9
24 14 2371
24 15 5789
24 16 2809
24 17 2760
24 18 3893
24 19 4302
24 20 3025
24 21 1705
24 22 4701
24 23 4966
24 25 3216
24 26 4313
24 27 5594
24 28 4761
24 29 6506
24 30 7034
24 31 6122
24 32 1533
24 33 4815
24 34 6844
24 35 4559
24 36 5350
24 37 6240
24 38 403
24 39 2005
24 40 5641
24 41 3240
24 42 7442
24 43 3742
24 44 1659
24 45 6098
24 46 2725
24 47 7095
24 48 6049
24 49 2285
24 50 7129
24 51 6971
24 52 6373
24 53 3609
24 54 1349
24 55 326
24 56 2730
24 57 1559
24 58 6670
24 59 3997
24 60 3046
24 61 7104
24 62 3432
24 63 5968
24 64 3455
24 65 112
24 66 6069
24 67 5807
24 68 1746
24 69 6178
24 70 452
25 1 1259
25 2 2347
25 3 3836
25 4 5711
25 5 3324
25 6 4752
25 7 4196
25 8 3638
25 9 5588
25 10 4587
25 11 6275
25 12 7272
25 13 2257
25 14 1477
25 15 2479
25 16 4419
25 17 5017
25 18 1525
25 19 4380
25 20 5839
25 21 5428
25 22 1677
25 23 6043
25 24 7015
25 26 3627
25 27 6531
25 28 6278
25 29 6238
25 30 2639
25 31 477
25 32 7248
25 33 700
25 34 6185
25 35 870
25 36 5811
25 37 3329
25 38 266
25 39 2824
25 40 6425
25 41 1152
25 42 503
25 43 7497
25 44 2934
25 45 6860
25 46 1743
25 47 2286
25 48 1019
25 49 5870
25 50 5671
25 51 491
25 52 2568
25 53 2937
25 54 2030
25 55 6569
25 56 4474
25 57 7302
25 58 5069
25 59 4969
25 60 5003
25 61 4155
25 62 6035
25 63 5816
25 64 4328
25 65 232
25 66 932
25 67 2719
25 68 1816
25 69 3849
25 70 3443
26 1 4083
26 2 4527
26 3 4871
26 4 6928
26 5 2981
26 6 2652
26 7 3684
26 8 222
26 9 2869
26 10 5625
26 11 3466
26 12 881
26 13 4652
26 14 4560
26 15 1980
26 16 3096
26 17 6891
26 18 6175
26 19 1396
26 20 323
26 21 4606
26 22 4003
26 23 6065
26 24 3341
26 25 1366
26 27 4479
26 28 1429
26 29 1417
26 30 6236
26 31 1609
26 32 6734
26 33 454
26 34 3155
26 35 5530
26 36 450
26 37 4271
26 38 6447
26 39 4752
26 40 7231
26 41 1629
26 42 3729
26 43 1599
26 44 3621
26 45 4743
26 46 5924
26 47 6612
26 48 5802
26 49 3862
26 50 5726
26 51 5409
26 52 2987
26 53 2936
26 54 243
26 55 3865
26 56 2083
26 57 1634
26 58 5463
26 59 6978
26 60 481
26 61 7133
26 62 2436
26 63 2298
26 64 6102
26 65 7317
26 66 2549
26 67 2097
26 68 6828
26 69 4270
26 70 5767
27 1 5168
27 2 3255
27 3 2575
27 4 272
27 5 5552
27 6 5281
27 7 2928
27 8 3683
27 9 6032
27 10 5505
27 11 4812
27 12 5258
27 13 759
27 14 2724
27 15 1958
27 16 1360
27 17 2327
27 18 5260
27 19 7391
27 20 4809
27 21 6278
27 22 545
27 23 3514
27 24 3882
27 25 3577
27 26 3542
27 28 6613
27 29 300
27 30 1799
27 31 5466
27 32 6316
27 33 2045
27 34 3372
27 35 2623
27 36 7293
27 37 592
27 38 5947
27 39 1670
27 40 4615
27 41 3260
27 42 4210
27 43 4948
27 44 6491
27 45 6259
27 46 2335
27 47 5051
27 48 1515
27 49 891
27 50 7358
27 51 1436
27 52 1315
27 53 1244
27 54 259
27 55 3799
27 56 2314
27 57 3736
27 58 4916
27 59 981
27 60 3191
27 61 2099
27 62 3965
27 63 4604
27 64 3175
27 65 6478
27 66 6350
27 67 3811
27 68 348
27 69 4158
27 70 4084
28 1 2731
28 2 3807
28 3 947
28 4 2988
28 5 219
28 6 4107
28 7 6887
28 8 2618
28 9 4618
28 10 986
28 11 6318
28 12 1454
28 13 7242
28 14 1062
28 15 3261
28 16 605
28 17 451
28 18 6353
28 19 6847
28 20 594
28 21 231
28 22 5755
28 23 7107
28 24 1172
28 25 2559
28 26 3215
28 27 978
28 29 5793
28 30 2844
28 31 3415
28 32 2570
28 33 6451
28 34 4250
28 35 4267
28 36 1110
28 37 3389
28 38 6419
28 39 6868
28 40 877
28 41 786
28 42 1173
28 43 6955
28 44 7007
28 45 7225
28 46 1570
28 47 2509
28 48 2412
28 49 7334
28 50 4519
28 51 2368
28 52 773
28 53 3611
28 54 1969
28 55 3742
28 56 3598
28 57 4497
28 58 2904
28 59 4228
28 60 7061
28 61 5920
28 62 6163
28 63 1755
28 64 5998
28 65 1075
28 66 6888
28 67 1467
28 68 3781
28 69 6700
28 70 1626
29 1 4991
29 2 3479
29 3 4475
29 4 4858
29 5 4304
29 6 787
29 7 3703
29 8 2356
29 9 2466
29 10 5819
29 11 1620
29 12 1408
29 13 6499
29 14 1774
29 15 4628
29 16 5339
29 17 5853
29 18 2359
29 19 7058
29 20 3882
29 21 2181
29 22 6428
29 23 6370
29 24 6520
29 25 7206
29 26 7344
29 27 3995
29 28 2640
29 30 3534
29 31 7001
29 32 680
29 33 3804
29 34 2750
29 35 6158
29 36 1008
29 37 6167
29 38 638
29 39 269
29 40 3252
29 41 1879
29 42 1337
29 43 2852
29 44 2024
29 45 4709
29 46 6226
29 47 1597
29 48 1576
29 49 30
29 50 666
29 51 3275
29 52 4243
29 53 3783
29 54 702
29 55 323
29 56 4287
29 57 4561
29 58 2014
29 59 2158
29 60 4720
29 61 7199
29 62 1561
29 63 6815
29 64 3830
29 65 6244
29 66 5424
29 67 1818
29 68 4384
29 69 4599
29 70 2180
30 1 1910
30 2 4827
30 3 2958
30 4 2847
30 5 5930
30 6 1195
30 7 2543
30 8 2011
30 9 6672
30 10 4439
30 11 2399
30 12 6870
30 13 1449
30 14 6005
30 15 5783
30 16 5822
30 17 687
30 18 1870
30 19 6129
30 20 2092
30 21 1926
30 22 2823
30 23 2654
30 24 6162
30 25 725
30 26 4124
30 27 1673
30 28 4732
30 29 1002
30 31 3704
30 32 10
30 33 1178
30 34 6955
30 35 2085
30 36 7116
30 37 7249
30 38 6611
30 39 2640
30 40 4697
30 41 6634
30 42 5204
30 43 5108
30 44 5930
30 45 5299
30 46 3574
30 47 653
30 48 2185
30 49 3296
30 50 2749
30 51 5053
30 52 1809
30 53 6597
30 54 1410
30 55 1170
30 56 2630
30 57 2082
30 58 5516
30 59 1110
30 60 5310
30 61 2808
30 62 2828
30 63 1145
30 64 6634
30 65 6666
30 66 3684
30 67 3463
30 68 6454
30 69 3487
30 70 5589
31 1 4885
31 2 4993
31 3 363
31 4 4041
31 5 6827
31 6 4888
31 7 5672
31 8 3413
31 9 6747
31 10 1269
31 11 3790
31 12 6907
31 13 3941
31 14 1199
31 15 6302
31 16 2997
31 17 7020
31 18 1061
31 19 2444
31 20 534
31 21 6537
31 22 6636
31 23 4382
31 24 2315
31 25 381
31 26 4528
31 27 4399
31 28 7208
31 29 4137
31 30 6360
31 32 6203
31 33 3123
31 34 1489
31 35 5346
31 36 1940
31 37 3093
31 38 5423
31 39 1805
31 40 2805
31 41 2494
31 42 6760
31 43 1495
31 44 4031
31 45 3871
31 46 3339
31 47 5113
31 48 3586
31 49 1629
31 50 3630
31 51 3019
31 52 4889
31 53 1989
31 54 1912
31 55 4373
31 56 5874
31 57 7061
31 58 6993
31 59 1266
31 60 1128
31 61 4096
31 62 6990
31 63 6744
31 64 2725
31 65 4197
31 66 7216
31 67 5854
31 68 1765
31 69 352
31 70 2440
32 1 4879
32 2 3154
32 3 4561
32 4 1295
32 5 6787
32 6 5561
32 7 2746
32 8 174
32 9 2842
32 10 2660
32 11 6369
32 12 6221
32 13 3116
32 14 6623
32 15 2170
32 16 7183
32 17 6545
32 18 6526
32 19 2838
32 20 2082
32 21 4156
32 22 3383
32 23 7306
32 24 1596
32 25 6058
32 26 6983
32 27 5509
32 28 1716
32 29 6889
32 30 4093
32 31 2679
32 33 5478
32 34 5141
32 35 5450
32 36 3848
32 37 1726
32 38 2993
32 39 2960
32 40 2551
32 41 4176
32 42 2838
32 43 2102
32 44 2566
32 45 426
32 46 5867
32 47 2263
32 48 7318
32 49 3933
32 50 3942
32 51 3193
32 52 1855
32 53 2072
32 54 2330
32 55 3122
32 56 5301
32 57 6720
32 58 4403
32 59 2912
32 60 5043
32 61 4364
32 62 6496
32 63 4833
32 64 2482
32 65 3934
32 66 4570
32 67 1103
32 68 1726
32 69 1033
32 70 7187
33 1 5908
33 2 531
33 3 489
33 4 6837
33 5 6128
33 6 4290
33 7 4264
33 8 5351
33 9 7268
33 10 3580
33 11 1058
33 12 4868
33 13 2495
33 14 4829
33 15 6455
33 16 1319
33 17 2097
33 18 6545
33 19 6854
33 20 850
33 21 2620
33 22 473
33 23 3298
33 24 6616
33 25 1509
33 26 2633
33 27 2623
33 28 6282
33 29 4944
33 30 5879
33 31 3452
33 32 1691
33 34 6794
33 35 3289
33 36 1326
33 37 2570
33 38 5462
33 39 4055
33 40 3548
33 41 93
33 42 3572
33 43 1686
33 44 669
33 45 1421
33 46 6108
33 47 6568
33 48 881
33 49 4588
33 50 1479
33 51 6865
33 52 929
33 53 3348
33 54 3333
33 55 3754
33 56 5065
33 57 7371
33 58 151
33 59 572
33 60 4493
33 61 3908
33 62 6563
33 63 7493
33 64 7229
33 65 6027
33 66 4734
33 67 7023
33 68 5181
33 69 450
33 70 435
34 1 7073
34 2 2190
34 3 3750
34 4 4211
34 5 1900
34 6 4587
34 7 1118
34 8 163
34 9 2273
34 10 6953
34 11 4425
34 12 466
34 13 4225
34 14 4967
34 15 4806
34 16 2930
34 17 3453
34 18 4055
34 19 6562
34 20 3358
34 21 3033
34 22 3360
34 23 1973
34 24 715
34 25 750
34 26 2621
34 27 159
34 28 1457
34 29 2193
34 30 1111
34 31 4148
34 32 6579
34 33 6609
34 35 1848
34 36 7143
34 37 2926
34 38 135
34 39 5350
34 40 2871
34 41 5023
34 42 1882
34 43 1811
34 44 3487
34 45 7469
34 46 5485
34 47 5368
34 48 163
34 49 2864
34 50 2264
34 51 4348
34 52 4550
34 53 495
34 54 7228
34 55 5053
34 56 895
34 57 6347
34 58 326
34 59 5564
34 60 1615
34 61 4600
34 62 2542
34 63 5620
34 64 3908
34 65 2769
34 66 4634
34 67 3601
34 68 6583
34 69 7461
34 70 1222
35 1 3164
35 2 3628
35 3 2272
35 4 4493
35 5 777
35 6 439
35 7 3087
35 8 7286
35 9 2172
35 10 2643
35 11 2057
35 12 2294
35 13 419
35 14 7287
35 15 1572
35 16 4837
35 17 6437
35 18 7433
35 19 6997
35 20 5347
35 21 5155
35 22 5734
35 23 5338
35 24 6726
35 25 3478
35 26 4310
35 27 2301
35 28 2179
35 29 3270
35 30 6432
35 31 4508
35 32 1084
35 33 7265
35 34 7138
35 36 385
35 37 3767
35 38 1243
35 39 4794
35 40 3150
35 41 816
35 42 5976
35 43 6222
35 44 5820
35 45 4315
35 46 5785
35 47 5738
35 48 5573
35 49 7199
35 50 7260
35 51 7235
35 52 4929
35 53 4675
35 54 3765
35 55 7473
35 56 840
35 57 2471
35 58 163
35 59 7292
35 60 5494
35 61 43
35 62 3001
35 63 4496
35 64 2585
35 65 4128
35 66 1609
35 67 685
35 68 249
35 69 924
35 70 1220
36 1 4650
36 2 5500
36 3 6946
36 4 6757
36 5 4778
36 6 4038
36 7 7053
36 8 717
36 9 5241
36 10 4738
36 11 7283
36 12 2309
36 13 4392
36 14 7229
36 15 3236
36 16 82
36 17 4461
36 18 3131
36 19 6407
36 20 6263
36 21 6411
36 22 5313
36 23 4599
36 24 7297
36 25 2399
36 26 1693
36 27 4512
36 28 5087
36 29 4262
36 30 3215
36 31 3143
36 32 3690
36 33 855
36 34 3689
36 35 4302
36 37 6560
36 38 163
36 39 624
36 40 2284
36 41 1590
36 42 949
36 43 364
36 44 6482
36 45 1673
36 46 5578
36 47 4186
36 48 1691
36 49 3834
36 50 7023
36 51 6485
36 52 4735
36 53 5060
36 54 900
36 55 2642
36 56 7110
36 57 6778
36 58 1472
36 59 3304
36 60 4637
36 61 3402
36 62 2380
36 63 3670
36 64 3711
36 65 4290
36 66 3808
36 67 3793
36 68 185
36 69 423
36 70 5859
37 1 2139
37 2 1516
37 3 7450
37 4 7123
37 5 1961
37 6 3153
37 7 4608
37 8 2974
37 9 1669
37 10 2302
37 11 3171
37 12 161
37 13 2969
37 14 2032
37 15 1141
37 16 7275
37 17 1147
37 18 3927
37 19 2723
37 20 3804
37 21 2577
37 22 7038
37 23 3053
37 24 1177
37 25 2552
37 26 6624
37 27 110
37 28 1187
37 29 2898
37 30 5525
37 31 4255
37 32 7012
37 33 1090
37 34 5201
37 35 4260
37 36 3379
37 38 1885
37 39 1315
37 40 6862
37 41 4301
37 42 942
37 43 4519
37 44 1111
37 45 4456
37 46 3130
37 47 6783
37 48 191
37 49 2851
37 50 1909
37 51 6277
37 52 6735
37 53 4250
37 54 2
37 55 1328
37 56 59
37 57 2051
37 58 2807
37 59 578
37 60 3299
37 61 509
37 62 2060
37 63 5242
37 64 4320
37 65 6582
37 66 2531
37 67 2614
37 68 3269
37 69 2826
37 70 132
38 1 2694
38 2 3838
38 3 841
38 4 6299
38 5 654
38 6 4856
38 7 6169
38 8 185
38 9 1944
38 10 856
38 11 922
38 12 2307
38 13 2943
38 14 681
38 15 4423
38 16 873
38 17 3285
38 18 2413
38 19 5599
38 20 2874
38 21 3450
38 22 4360
38 23 4573
38 24 309
38 25 4672
38 26 7184
38 27 3339
38 28 6304
38 29 395
38 30 6388
38 31 6145
38 32 1714
38 33 5904
38 34 6311
38 35 1556
38 36 3435
38 37 3829
38 39 4833
38 40 3412
38 41 3274
38 42 4387
38 43 6782
38 44 5519
38 45 6107
38 46 783
38 47 4461
38 48 398
38 49 832
38 50 286
38 51 4032
38 52 6853
38 53 6996
38 54 7083
38 55 1788
38 56 3854
38 57 1414
38 58 5961
38 59 4584
38 60 3259
38 61 1056
38 62 7089
38 63 7360
38 64 1515
38 65 5189
38 66 1658
38 67 4467
38 68 1703
38 69 6163
38 70 2577
39 1 3523
39 2 195
39 3 1197
39 4 6274
39 5 3320
39 6 6191
39 7 4475
39 8 6456
39 9 5674
39 10 6128
39 11 3969
39 12 202
39 13 4849
39 14 4398
39 15 4727
39 16 849
39 17 5972
39 18 4961
39 19 1448
39 20 5461
39 21 2495
39 22 2661
39 23 591
39 24 6673
39 25 7395
39 26 7379
39 27 7213
39 28 5946
39 29 4298
39 30 3171
39 31 6333
39 32 3426
39 33 3238
39 34 4571
39 35 1608
39 36 950
39 37 6831
39 38 1167
39 40 1631
39 41 7480
39 42 7126
39 43 5629
39 44 3352
39 45 2712
39 46 228
39 47 87
39 48 2984
39 49 3522
39 50 245
39 51 1235
39 52 6532
39 53 7127
39 54 2736
39 55 7246
39 56 7464
39 57 5111
39 58 1113
39 59 6169
39 60 1756
39 61 3846
39 62 3131
39 63 2079
39 64 2668
39 65 2093
39 66 2670
39 67 2463
39 68 7291
39 69 5693
39 70 4571
40 1 658
40 2 1854
40 3 684
40 4 5537
40 5 5860
40 6 4807
40 7 3836
40 8 1962
40 9 4876
40 10 3028
40 11 3942
40 12 305
40 13 928
40 14 5098
40 15 3646
40 16 3609
40 17 3646
40 18 4472
40 19 853
40 20 5623
40 21 2710
40 22 630
40 23 6661
40 24 1253
40 25 6916
40 26 674
40 27 3497
40 28 6901
40 29 2479
40 30 1472
40 31 2613
40 32 4072
40 33 2084
40 34 5847
40 35 1302
40 36 7110
40 37 3223
40 38 6226
40 39 532
40 41 2603
40 42 5108
40 43 624
40 44 3804
40 45 5124
40 46 2394
40 47 6033
40 48 5672
40 49 4769
40 50 2333
40 51 3286
40 52 2093
40 53 4264
40 54 751
40 55 543
40 56 5184
40 57 7050
40 58 3715
40 59 4434
40 60 1837
40 61 6126
40 62 2297
40 63 5786
40 64 4968
40 65 2259
40 66 2598
40 67 1122
40 68 4821
40 69 2928
40 70 2095
41 1 1805
41 2 6369
41 3 950
41 4 1952
41 5 2697
41 6 6489
41 7 2203
41 8 1518
41 9 6563
41 10 5955
41 11 6152
41 12 1056
41 13 3953
41 14 4460
41 15 5066
41 16 2424
41 17 4727
41 18 4401
41 19 2257
41 20 4390
41 21 2930
41 22 2214
41 23 2212
41 24 5201
41 25 5750
41 26 304
41 27 2125
41 28 195
41 29 4934
41 30 4218
41 31 3374
41 32 5585
41 33 2172
41 34 5228
41 35 5617
41 36 3964
41 37 1515
41 38 6384
41 39 1990
41 40 4692
41 42 6217
41 43 2890
41 44 4466
41 45 3752
41 46 7371
41 47 1528
41 48 295
41 49 7159
41 50 6631
41 51 3133
41 52 726
41 53 1317
41 54 2360
41 55 5777
41 56 6622
41 57 5992
41 58 162
41 59 4810
41 60 5863
41 61 6438
41 62 4284
41 63 2414
41 64 3943
41 65 798
41 66 5828
41 67 5647
41 68 1899
41 69 3198
41 70 4838
42 1 1094
42 2 5984
42 3 3837
42 4 2191
42 5 3428
42 6 7479
42 7 1730
42 8 3269
42 9 2867
42 10 1877
42 11 1381
42 12 1049
42 13 2907
42 14 4626
42 15 6835
42 16 6105
42 17 1001
42 18 1857
42 19 3453
42 20 7122
42 21 570
42 22 1164
42 23 315
42 24 6859
42 25 3337
42 26 1651
42 27 5882
42 28 4309
42 29 1532
42 30 460
42 31 7380
42 32 2236
42 33 4929
42 34 6471
42 35 6363
42 36 6668
42 37 4177
42 38 5553
42 39 6699
42 40 4957
42 41 2608
42 43 2916
42 44 3248
42 45 3072
42 46 5378
42 47 2544
42 48 6177
42 49 5424
42 50 2656
42 51 3361
42 52 7318
42 53 2690
42 54 6377
42 55 4737
42 56 983
42 57 6143
42 58 790
42 59 7491
42 60 2288
42 61 3289
42 62 3247
42 63 7420
42 64 7198
42 65 3751
42 66 1342
42 67 1858
42 68 2627
42 69 6757
42 70 5374
43 1 6309
43 2 4473
43 3 5962
43 4 318
43 5 5978
43 6 5937
43 7 7474
43 8 6489
43 9 3778
43 10 6297
43 11 2792
43 12 6588
43 13 7466
43 14 235
43 15 5769
43 16 5595
43 17 6067
43 18 1000
43 19 6134
43 20 4219
43 21 3926
43 22 5419
43 23 3257
43 24 2029
43 25 1387
43 26 2385
43 27 3453
43 28 3619
43 29 586
43 30 2598
43 31 3972
43 32 633
43 33 5290
43 34 6926
43 35 1434
43 36 1542
43 37 3254
43 38 494
43 39 3170
43 40 1184
43 41 6693
43 42 4463
43 44 2669
43 45 6180
43 46 6174
43 47 1831
43 48 247
43 49 230
43 50 6477
43 51 6746
43 52 6539
43 53 5286
43 54 6301
43 55 6847
43 56 3813
43 57 5836
43 58 3245
43 59 6618
43 60 947
43 61 483
43 62 3229
43 63 2619
43 64 3674
43 65 2345
43 66 5204
43 67 4871
43 68 2473
43 69 7113
43 70 6796
44 1 1239
44 2 6287
44 3 3519
44 4 400
44 5 6484
44 6 6253
44 7 3387
44 8 4245
44 9 6686
44 10 4306
44 11 2454
44 12 5004
44 13 4230
44 14 6675
44 15 7257
44 16 2933
44 17 617
44 18 815
44 19 5708
44 20 7299
44 21 6077
44 22 7183
44 23 5838
44 24 3432
44 25 1740
44 26 3104
44 27 3341
44 28 664
44 29 259
44 30 3857
44 31 6559
44 32 2620
44 33 7353
44 34 2397
44 35 3109
44 36 314
44 37 6905
44 38 4500
44 39 5865
44 40 4138
44 41 7487
44 42 3507
44 43 2959
44 45 5512
44 46 3127
44 47 5887
44 48 4469
44 49 5545
44 50 2873
44 51 248
44 52 6651
44 53 1130
44 54 4983
44 55 6059
44 56 1150
44 57 2789
44 58 902
44 59 1423
44 60 2109
44 61 2416
44 62 4505
44 63 4558
44 64 5160
44 65 734
44 66 3166
44 67 2038
44 68 4691
44 69 7239
44 70 3760
45 1 4232
45 2 7027
45 3 234
45 4 4401
45 5 732
45 6 116
45 7 6844
45 8 3312
45 9 4155
45 10 7487
45 11 2263
45 12 6388
45 13 6891
45 14 1806
45 15 5330
45 16 362
45 17 6600
45 18 3772
45 19 3995
45 20 778
45 21 1900
45 22 6764
45 23 1044
45 24 7320
45 25 7137
45 26 5939
45 27 1213
45 28 5945
45 29 5201
45 30 3823
45 31 4893
45 32 1757
45 33 2820
45 34 5839
45 35 3368
45 36 6968
45 37 4433
45 38 479
45 39 4876
45 40 6603
45 41 7378
45 42 2424
45 43 6200
45 44 2237
45 46 6746
45 47 6686
45 48 4858
45 49 5092
45 50 3757
45 51 4729
45 52 196
45 53 2617
45 54 3653
45 55 6862
45 56 4212
45 57 7206
45 58 753
45 59 6130
45 60 6495
45 61 2585
45 62 2539
45 63 1786
45 64 3324
45 65 3595
45 66 219
45 67 1869
45 68 6030
45 69 4003
45 70 7056
46 1 5043
46 2 4202
46 3 4001
46 4 5715
46 5 809
46 6 507
46 7 5910
46 8 2517
46 9 5873
46 10 5576
46 11 3964
46 12 2288
46 13 5853
46 14 6089
46 15 190
46 16 4915
46 17 3303
46 18 2218
46 19 3734
46 20 7096
46 21 6860
46 22 5005
46 23 1308
46 24 4075
46 25 7409
46 26 5468
46 27 6986
46 28 7249
46 29 813
46 30 6638
46 31 4792
46 32 5023
46 33 5236
46 34 5921
46 35 393
46 36 6493
46 37 5514
46 38 3216
46 39 5849
46 40 6326
46 41 4223
46 42 4431
46 43 6734
46 44 6501
46 45 4862
46 47 1485
46 48 4172
46 49 7430
46 50 5816
46 51 4421
46 52 5602
46 53 1058
46 54 914
46 55 4447
46 56 201
46 57 2343
46 58 2174
46 59 6246
46 60 389
46 61 3362
46 62 6998
46 63 5182
46 64 2199
46 65 797
46 66 3881
46 67 2915
46 68 2098
46 69 3307
46 70 1566
47 1 1391
47 2 976
47 3 511
47 4 5739
47 5 4534
47 6 2720
47 7 2959
47 8 2777
47 9 6737
47 10 1111
47 11 6282
47 12 5605
47 13 6481
47 14 751
47 15 4425
47 16 202
47 17 6614
47 18 5019
47 19 439
47 20 6252
47 21 3958
47 22 4106
47 23 3662
47 24 2525
47 25 5297
47 26 2766
47 27 5645
47 28 6747
47 29 3960
47 30 4934
47 31 1324
47 32 7063
47 33 828
47 34 6994
47 35 7250
47 36 5812
47 37 4789
47 38 1965
47 39 3705
47 40 7032
47 41 2244
47 42 1513
47 43 689
47 44 4102
47 45 1473
47 46 5460
47 48 2324
47 49 3954
47 50 7264
47 51 5807
47 52 817
47 53 805
47 54 7025
47 55 2464
47 56 4424
47 57 1296
47 58 2223
47 59 584
47 60 1663
47 61 523
47 62 6924
47 63 1664
47 64 1898
47 65 3492
47 66 6838
47 67 5713
47 68 6180
47 69 5127
47 70 6545
48 1 4902
48 2 803
48 3 3246
48 4 4491
48 5 1873
48 6 4962
48 7 6461
48 8 5043
48 9 6686
48 10 3712
48 11 2360
48 12 442
48 13 3013
48 14 2160
48 15 1147
48 16 4530
48 17 2718
48 18 1947
48 19 2033
48 20 902
48 21 4241
48 22 193
48 23 5350
48 24 7392
48 25 1085
48 26 3489
48 27 1816
48 28 1551
48 29 7433
48 30 1877
48 31 7358
48 32 4308
48 33 143
48 34 1921
48 35 7188
48 36 5281
48 37 3173
48 38 7057
48 39 6295
48 40 746
48 41 3654
48 42 1410
48 43 1109
48 44 7296
48 45 2587
48 46 2809
48 47 1075
48 49 771
48 50 5637
48 51 6361
48 52 466
48 53 5300
48 54 2896
48 55 6209
48 56 6066
48 57 547
48 58 4224
48 59 5467
48 60 4712
48 61 3645
48 62 45
48 63 4258
48 64 4884
48 65 6007
48 66 1011
48 67 164
48 68 6565
48 69 639
48 70 4652
49 1 2988
49 2 7467
49 3 1797
49 4 3501
49 5 738
49 6 5572
49 7 3683
49 8 4374
49 9 2670
49 10 5223
49 11 197
49 12 1750
49 13 1077
49 14 607
49 15 5537
49 16 5518
49 17 6583
49 18 6265
49 19 4788
49 20 1677
49 21 1622
49 22 455
49 23 739
49 24 2572
49 25 719
49 26 5729
49 27 374
49 28 771
49 29 2814
49 30 5579
49 31 2938
49 32 748
49 33 7470
49 34 3132
49 35 4523
49 36 2578
49 37 6343
49 38 7203
49 39 6093
49 40 3979
49 41 4574
49 42 2050
49 43 3344
49 44 3249
49 45 6801
49 46 4507
49 47 6441
49 48 2378
49 50 4645
49 51 3257
49 52 4224
49 53 5768
49 54 7239
49 55 3688
49 56 2176
49 57 1105
49 58 5396
49 59 3806
49 60 3141
49 61 5744
49 62 1133
49 63 4320
49 64 6109
49 65 1317
49 66 305
49 67 646
49 68 4247
49 69 1
49 70 3667
50 1 5639
50 2 2448
50 3 5290
50 4 6378
50 5 4976
50 6 2160
50 7 740
50 8 4731
50 9 6784
50 10 7287
50 11 3306
50 12 3433
50 13 949
50 14 7293
50 15 898
50 16 2056
50 17 2835
50 18 607
50 19 1717
50 20 876
50 21 5882
50 22 5117
50 23 6624
50 24 6864
50 25 6062
50 26 4226
50 27 5682
50 28 2282
50 29 4582
50 30 1287
50 31 911
50 32 5460
50 33 2903
50 34 2504
50 35 1745
50 36 5783
50 37 396
50 38 5263
50 39 6379
50 40 3662
50 41 3981
50 42 1799
50 43 1261
50 44 5390
50 45 2405
50 46 947
50 47 6108
50 48 4333
50 49 5230
50 51 1445
50 52 5362
50 53 50
50 54 7089
50 55 6462
50 56 2665
50 57 1490
50 58 7437
50 59 814
50 60 1755
50 61 3986
50 62 471
50 63 4534
50 64 1291
50 65 4575
50 66 6969
50 67 5492
50 68 1931
50 69 7442
50 70 5429
51 1 2440
51 2 736
51 3 6513
51 4 1095
51 5 5484
51 6 2284
51 7 415
51 8 6284
51 9 2964
51 10 1214
51 11 6823
51 12 6672
51 13 2028
51 14 5591
51 15 5216
51 16 6252
51 17 568
51 18 1730
51 19 2386
51 20 3135
51 21 699
51 22 7235
51 23 5790
51 24 1716
51 25 290
51 26 1132
51 27 5222
51 28 323
51 29 4112
51 30 5287
51 31 6873
51 32 895
51 33 6933
51 34 6931
51 35 337
51 36 1648
51 37 234
51 38 3635
51 39 5227
51 40 5319
51 41 2823
51 42 513
51 43 5950
51 44 5457
51 45 5089
51 46 7247
51 47 1536
51 48 1395
51 49 3708
51 50 5877
51 52 208
51 53 4305
51 54 4666
51 55 366
51 56 6393
51 57 3277
51 58 3680
51 59 2796
51 60 5445
51 61 3956
51 62 3573
51 63 6190
51 64 7147
51 65 4724
51 66 479
51 67 1422
51 68 2840
51 69 3567
51 70 4630
52 1 6074
52 2 7278
52 3 3400
52 4 1858
52 5 3601
52 6 3249
52 7 4355
52 8 5636
52 9 6866
52 10 1112
52 11 1377
52 12 2755
52 13 4288
52 14 2530
52 15 6727
52 16 154
52 17 6385
52 18 640
52 19 4698
52 20 7125
52 21 5169
52 22 600
52 23 1349
52 24 2909
52 25 7423
52 26 116
52 27 365
52 28 3116
52 29 5683
52 30 2937
52 31 4416
52 32 5061
52 33 4971
52 34 5279
52 35 7168
52 36 6925
52 37 1820
52 38 3685
52 39 2082
52 40 1337
52 41 4100
52 42 594
52 43 3091
52 44 3072
52 45 1916
52 46 1244
52 47 2719
52 48 6171
52 49 3936
52 50 1776
52 51 1517
52 53 1144
52 54 4195
52 55 7416
52 56 1
52 57 2448
52 58 1502
52 59 6299
52 60 3721
52 61 6739
52 62 6800
52 63 844
52 64 7461
52 65 2448
52 66 2693
52 67 262
52 68 1852
52 69 6578
52 70 7014
53 1 343
53 2 1410
53 3 2204
53 4 22
53 5 3587
53 6 5440
53 7 5985
53 8 117
53 9 2958
53 10 3120
53 11 102
53 12 3601
53 13 2396
53 14 2158
53 15 904
53 16 1035
53 17 7127
53 18 2221
53 19 2901
53 20 5495
53 21 857
53 22 2613
53 23 5196
53 24 692
53 25 218
53 26 3651
53 27 2185
53 28 1209
53 29 2061
53 30 2564
53 31 6691
53 32 554
53 33 6179
53 34 5177
53 35 2375
53 36 1249
53 37 668
53 38 2036
53 39 3255
53 40 3645
53 41 5332
53 42 2457
53 43 297
53 44 5055
53 45 2245
53 46 2307
53 47 877
53 48 3232
53 49 3167
53 50 1966
53 51 347
53 52 843
53 54 5559
53 55 4608
53 56 5678
53 57 4871
53 58 4300
53 59 1633
53 60 988
53 61 1712
53 62 4108
53 63 1768
53 64 78
53 65 3944
53 66 4433
53 67 2421
53 68 2137
53 69 573
53 70 3522
54 1 3643
54 2 2180
54 3 1120
54 4 3586
54 5 6354
54 6 6642
54 7 2029
54 8 730
54 9 3703
54 10 166
54 11 7452
54 12 252
54 13 3978
54 14 2240
54 15 7188
54 16 3297
54 17 4510
54 18 2082
54 19 3308
54 20 3058
54 21 1191
54 22 4814
54 23 2665
54 24 6994
54 25 3894
54 26 7227
54 27 2763
54 28 4477
54 29 582
54 30 7025
54 31 489
54 32 3403
54 33 2655
54 34 5111
54 35 2757
54 36 7364
54 37 619
54 38 4897
54 39 1082
54 40 3163
54 41 4288
54 42 1662
54 43 4372
54 44 2607
54 45 4763
54 46 3704
54 47 6357
54 48 3948
54 49 1678
54 50 492
54 51 1692
54 52 4737
54 53 729
54 55 610
54 56 6161
54 57 7319
54 58 6100
54 59 7404
54 60 2320
54 61 1328
54 62 301
54 63 978
54 64 2333
54 65 6013
54 66 6363
54 67 7208
54 68 3736
54 69 4251
54 70 4734
55 1 1402
55 2 4037
55 3 3029
55 4 4997
55 5 2650
55 6 1628
55 7 5414
55 8 1856
55 9 3129
55 10 6899
55 11 3722
55 12 6590
55 13 3355
55 14 2499
55 15 5012
55 16 1890
55 17 17
55 18 5489
55 19 6520
55 20 5134
55 21 6771
55 22 4264
55 23 2405
55 24 1214
55 25 2951
55 26 3036
55 27 4916
55 28 2612
55 29 7298
55 30 10
55 31 4558
55 32 4217
55 33 7215
55 34 4870
55 35 2643
55 36 7430
55 37 5947
55 38 4812
55 39 2799
55 40 5560
55 41 4831
55 42 4288
55 43 1972
55 44 664
55 45 3740
55 46 74
55 47 5755
55 48 2066
55 49 4652
55 50 5193
55 51 4309
55 52 6309
55 53 5094
55 54 3067
55 56 6343
55 57 2453
55 58 1914
55 59 4101
55 60 1366
55 61 5458
55 62 5933
55 63 3245
55 64 7499
55 65 7055
55 66 2848
55 67 1473
55 68 1963
55 69 2667
55 70 4950
56 1 6953
56 2 4036
56 3 6490
56 4 5369
56 5 7077
56 6 3860
56 7 2231
56 8 6745
56 9 5938
56 10 4716
56 11 2094
56 12 4650
56 13 3815
56 14 3861
56 15 5596
56 16 5163
56 17 3967
56 18 183
56 19 7068
56 20 2247
56 21 1773
56 22 4022
56 23 672
56 24 7171
56 25 1781
56 26 2513
56 27 5109
56 28 2596
56 29 237
56 30 7364
56 31 2383
56 32 2147
56 33 7246
56 34 6447
56 35 4480
56 36 6332
56 37 3223
56 38 6189
56 39 3400
56 40 2634
56 41 5703
56 42 2113
56 43 2411
56 44 1272
56 45 1818
56 46 576
56 47 4918
56 48 5574
56 49 3677
56 50 3623
56 51 5150
56 52 3182
56 53 5042
56 54 2699
56 55 6555
56 57 5643
56 58 447
56 59 2374
56 60 5569
56 61 5979
56 62 3690
56 63 5379
56 64 6908
56 65 717
56 66 39
56 67 2027
56 68 3069
56 69 2570
56 70 7447
57 1 4216
57 2 4063
57 3 4506
57 4 4425
57 5 6343
57 6 6524
57 7 4787
57 8 5589
57 9 506
57 10 1997
57 11 4514
57 12 2575
57 13 5905
57 14 2132
57 15 168
57 16 3677
57 17 2095
57 18 3819
57 19 6289
57 20 4930
57 21 656
57 22 1335
57 23 6666
57 24 930
57 25 5688
57 26 3383
57 27 1305
57 28 1311
57 29 6162
57 30 1139
57 31 3513
57 32 5432
57 33 4630
57 34 3125
57 35 199
57 36 1215
57 37 5527
57 38 2851
57 39 7315
57 40 4382
57 41 6130
57 42 5117
57 43 1475
57 44 6179
57 45 5500
57 46 3951
57 47 5506
57 48 5017
57 49 5122
57 50 7380
57 51 4585
57 52 3046
57 53 5100
57 54 978
57 55 7192
57 56 2099
57 58 2666
57 59 7163
57 60 2159
57 61 1894
57 62 104
57 63 378
57 64 2868
57 65 6887
57 66 4523
57 67 6904
57 68 6024
57 69 6465
57 70 5247
58 1 7009
58 2 771
58 3 979
58 4 2663
58 5 1573
58 6 2106
58 7 3352
58 8 5319
58 9 3645
58 10 6817
58 11 3531
58 12 6538
58 13 5308
58 14 7364
58 15 1421
58 16 5793
58 17 743
58 18 4713
58 19 7218
58 20 3163
58 21 6613
58 22 2070
58 23 262
58 24 2165
58 25 2834
58 26 5960
58 27 4133
58 28 1193
58 29 1026
58 30 2988
58 31 1852
58 32 4332
58 33 2440
58 34 2856
58 35 5552
58 36 1195
58 37 3194
58 38 1518
58 39 1365
58 40 5699
58 41 4621
58 42 1217
58 43 4269
58 44 1272
58 45 4026
58 46 4529
58 47 2304
58 48 3772
58 49 3524
58 50 6347
58 51 6175
58 52 5716
58 53 5771
58 54 2725
58 55 1075
58 56 5677
58 57 2668
58 59 4623
58 60 1361
58 61 4505
58 62 3225
58 63 144
58 64 4793
58 65 5275
58 66 5005
58 67 2392
58 68 1670
58 69 30
58 70 5563
59 1 1618
59 2 5805
59 3 4893
59 4 4788
59 5 4473
59 6 3507
59 7 4152
59 8 582
59 9 1473
59 10 2636
59 11 7228
59 12 6961
59 13 358
59 14 2377
59 15 4629
59 16 5716
59 17 6255
59 18 4691
59 19 2284
59 20 2477
59 21 4282
59 22 6755
59 23 3119
59 24 5713
59 25 2669
59 26 2475
59 27 5297
59 28 435
59 29 460
59 30 6927
59 31 53
59 32 758
59 33 5923
59 34 1193
59 35 4912
59 36 481
59 37 886
59 38 2420
59 39 4944
59 40 1940
59 41 6323
59 42 5073
59 43 75
59 44 603
59 45 7484
59 46 4926
59 47 56
59 48 5007
59 49 328
59 50 6604
59 51 862
59 52 6616
59 53 3720
59 54 6237
59 55 4053
59 56 5275
59 57 5747
59 58 4149
59 60 3801
59 61 63
59 62 828
59 63 6363
59 64 5950
59 65 2063
59 66 182
59 67 2165
59 68 7482
59 69 3335
59 70 756
60 1 6497
60 2 1969
60 3 2560
60 4 6791
60 5 2259
60 6 3660
60 7 6349
60 8 6386
60 9 3203
60 10 1328
60 11 2530
60 12 2548
60 13 7452
60 14 2462
60 15 6023
60 16 593
60 17 2858
60 18 4152
60 19 6836
60 20 1568
60 21 2167
60 22 3312
60 23 2791
60 24 4562
60 25 3365
60 26 3540
60 27 6743
60 28 3061
60 29 4097
60 30 372
60 31 7185
60 32 3735
60 33 426
60 34 6334
60 35 3651
60 36 1743
60 37 4877
60 38 1089
60 39 3293
60 40 5237
60 41 5382
60 42 4320
60 43 4248
60 44 1747
60 45 842
60 46 5922
60 47 2662
60 48 371
60 49 6025
60 50 3399
60 51 3578
60 52 2095
60 53 677
60 54 2456
60 55 680
60 56 4756
60 57 2299
60 58 3723
60 59 2009
60 61 5979
60 62 6518
60 63 5136
60 64 3766
60 65 518
60 66 5611
60 67 904
60 68 140
60 69 3897
60 70 2614
61 1 5064
61 2 3923
61 3 7446
61 4 2961
61 5 2353
61 6 5987
61 7 7445
61 8 602
61 9 2957
61 10 6349
61 11 625
61 12 6320
61 13 3139
61 14 3164
61 15 3399
61 16 1684
61 17 6483
61 18 5204
61 19 1603
61 20 103
61 21 2438
61 22 1021
61 23 2401
61 24 1140
61 25 3164
61 26 400
61 27 3207
61 28 2142
61 29 3035
61 30 6836
61 31 1835
61 32 6600
61 33 2651
61 34 724
61 35 2799
61 36 4828
61 37 7234
61 38 1723
61 39 2000
61 40 2562
61 41 6623
61 42 4161
61 43 985
61 44 4341
61 45 7392
61 46 1432
61 47 3770
61 48 2129
61 49 2800
61 50 3664
61 51 658
61 52 1131
61 53 4134
61 54 5214
61 55 734
61 56 6279
61 57 3939
61 58 2612
61 59 2817
61 60 1989
61 62 3237
61 63 5159
61 64 7377
61 65 1176
61 66 5264
61 67 3673
61 68 688
61 69 5369
61 70 5657
62 1 7279
62 2 4508
62 3 3453
62 4 6122
62 5 3606
62 6 481
62 7 3039
62 8 6922
62 9 6971
62 10 2259
62 11 3676
62 12 3946
62 13 1442
62 14 4375
62 15 3198
62 16 6937
62 17 6208
62 18 4961
62 19 4495
62 20 4531
62 21 2059
62 22 931
62 23 1026
62 24 3499
62 25 7014
62 26 962
62 27 5080
62 28 4818
62 29 3310
62 30 4615
62 31 3329
62 32 5836
62 33 7485
62 34 5831
62 35 3227
62 36 6962
62 37 1185
62 38 533
62 39 3787
62 40 1683
62 41 1350
62 42 2350
62 43 1907
62 44 5634
62 45 3466
62 46 1007
62 47 236
62 48 3681
62 49 2084
62 50 137
62 51 2060
62 52 5503
62 53 7102
62 54 5215
62 55 863
62 56 6419
62 57 348
62 58 1011
62 59 3061
62 60 125
62 61 7459
62 63 5279
62 64 2392
62 65 6044
62 66 4366
62 67 4891
62 68 1551
62 69 5917
62 70 2154
63 1 2843
63 2 3236
63 3 296
63 4 5618
63 5 6805
63 6 4397
63 7 5107
63 8 6798
63 9 540
63 10 6196
63 11 2509
63 12 3438
63 13 1985
63 14 1799
63 15 1790
63 16 297
63 17 2977
63 18 1123
63 19 1146
63 20 4808
63 21 1536
63 22 867
63 23 501
63 24 3617
63 25 6024
63 26 4191
63 27 2431
63 28 5904
63 29 6818
63 30 86
63 31 6628
63 32 3988
63 33 2310
63 34 6977
63 35 3968
63 36 4511
63 37 7037
63 38 2311
63 39 5766
63 40 168
63 41 149
63 42 2941
63 43 1795
63 44 654
63 45 7471
63 46 221
63 47 5283
63 48 2141
63 49 6328
63 50 3336
63 51 6637
63 52 2564
63 53 7137
63 54 390
63 55 2383
63 56 2469
63 57 3700
63 58 5574
63 59 2694
63 60 184
63 61 345
63 62 7026
63 64 50
63 65 5747
63 66 3595
63 67 1899
63 68 5745
63 69 4005
63 70 2281
64 1 2373
64 2 3690
64 3 2391
64 4 4647
64 5 5214
64 6 5651
64 7 3557
64 8 4656
64 9 6606
64 10 3128
64 11 4766
64 12 6372
64 13 921
64 14 5492
64 15 2910
64 16 4635
64 17 305
64 18 6781
64 19 533
64 20 1348
64 21 1224
64 22 4366
64 23 6475
64 24 7090
64 25 4439
64 26 3663
64 27 3058
64 28 4424
64 29 7151
64 30 1133
64 31 7149
64 32 1646
64 33 4339
64 34 4157
64 35 497
64 36 327
64 37 267
64 38 6320
64 39 6192
64 40 18
64 41 4000
64 42 6385
64 43 6764
64 44 5888
64 45 4620
64 46 7481
64 47 1866
64 48 1100
64 49 2962
64 50 1296
64 51 1888
64 52 2059
64 53 5195
64 54 2770
64 55 7324
64 56 3438
64 57 303
64 58 4189
64 59 1219
64 60 6026
64 61 4504
64 62 7118
64 63 4152
64 65 6915
64 66 6053
64 67 223
64 68 1147
64 69 2514
64 70 3757
65 1 7108
65 2 1490
65 3 3120
65 4 355
65 5 618
65 6 926
65 7 5008
65 8 6037
65 9 530
65 10 1496
65 11 4606
65 12 896
65 13 1725
65 14 4005
65 15 3827
65 16 5747
65 17 7201
65 18 1793
65 19 266
65 20 1915
65 21 1737
65 22 717
65 23 2919
65 24 316
65 25 1043
65 26 6179
65 27 6640
65 28 5398
65 29 265
65 30 1565
65 31 290
65 32 1622
65 33 5112
65 34 2075
65 35 4513
65 36 4463
65 37 6608
65 38 1120
65 39 3043
65 40 4386
65 41 6568
65 42 3799
65 43 1843
65 44 4277
65 45 2762
65 46 3231
65 47 7254
65 48 7168
65 49 5546
65 50 5282
65 51 3337
65 52 7009
65 53 5624
65 54 2068
65 55 3033
65 56 5603
65 57 376
65 58 1426
65 59 4848
65 60 6550
65 61 6502
65 62 1243
65 63 1996
65 64 4187
65 66 3003
65 67 4844
65 68 207
65 69 478
65 70 5294
66 1 4417
66 2 2104
66 3 2690
66 4 6887
66 5 5837
66 6 4019
66 7 7450
66 8 7240
66 9 6892
66 10 4611
66 11 34
66 12 5582
66 13 3951
66 14 5681
66 15 1940
66 16 5648
66 17 4310
66 18 7341
66 19 217
66 20 7033
66 21 1529
66 22 2693
66 23 6682
66 24 2099
66 25 3120
66 26 4700
66 27 4418
66 28 441
66 29 806
66 30 3881
66 31 993
66 32 2072
66 33 6826
66 34 6324
66 35 2260
66 36 2031
66 37 1487
66 38 4496
66 39 6201
66 40 5196
66 41 4594
66 42 7459
66 43 302
66 44 3695
66 45 887
66 46 3990
66 47 1999
66 48 4664
66 49 5032
66 50 3056
66 51 5834
66 52 639
66 53 3999
66 54 4853
66 55 7075
66 56 4804
66 57 377
66 58 4907
66 59 2757
66 60 1784
66 61 6486
66 62 2236
66 63 3055
66 64 5930
66 65 4556
66 67 2842
66 68 2526
66 69 4456
66 70 3333
67 1 6548
67 2 4155
67 3 6708
67 4 1020
67 5 6696
67 6 3514
67 7 3049
67 8 3552
67 9 306
67 10 1277
67 11 6448
67 12 6086
67 13 7125
67 14 1791
67 15 949
67 16 6470
67 17 4148
67 18 3675
67 19 139
67 20 337
67 21 2060
67 22 7122
67 23 2753
67 24 1633
67 25 1549
67 26 3494
67 27 6088
67 28 6973
67 29 6674
67 30 830
67 31 216
67 32 5373
67 33 2825
67 34 1512
67 35 4599
67 36 3870
67 37 5450
67 38 655
67 39 4043
67 40 1847
67 41 6007
67 42 486
67 43 7340
67 44 359
67 45 2614
67 46 3611
67 47 3074
67 48 2507
67 49 2402
67 50 948
67 51 4555
67 52 906
67 53 2034
67 54 2042
67 55 5642
67 56 722
67 57 5504
67 58 1090
67 59 3544
67 60 3805
67 61 4086
67 62 5702
67 63 3991
67 64 7070
67 65 3187
67 66 1359
67 68 3512
67 69 5650
67 70 6889
68 1 5482
68 2 6887
68 3 3115
68 4 662
68 5 565
68 6 6109
68 7 4604
68 8 2780
68 9 4285
68 10 5971
68 11 3402
68 12 1689
68 13 4909
68 14 5043
68 15 4110
68 16 3971
68 17 3623
68 18 1585
68 19 6914
68 20 1402
68 21 3875
68 22 1362
68 23 3256
68 24 104
68 25 5611
68 26 6017
68 27 6453
68 28 1881
68 29 1846
68 30 2575
68 31 6422
68 32 3482
68 33 5582
68 34 6631
68 35 4825
68 36 760
68 37 1971
68 38 5114
68 39 5758
68 40 6026
68 41 3776
68 42 3548
68 43 5418
68 44 6450
68 45 6502
68 46 5492
68 47 7267
68 48 400
68 49 3506
68 50 1841
68 51 6057
68 52 2447
68 53 7427
68 54 7125
68 55 7094
68 56 6030
68 57 915
68 58 5045
68 59 3015
68 60 4578
68 61 5803
68 62 5814
68 63 3430
68 64 6544
68 65 1588
68 66 3964
68 67 147
68 69 7180
68 70 6349
69 1 1088
69 2 2900
69 3 4571
69 4 3366
69 5 6122
69 6 4031
69 7 2179
69 8 755
69 9 3076
69 10 5330
69 11 7095
69 12 3664
69 13 2026
69 14 1760
69 15 2417
69 16 894
69 17 3377
69 18 451
69 19 5399
69 20 1565
69 21 2516
69 22 2565
69 23 4551
69 24 6548
69 25 1722
69 26 980
69 27 2895
69 28 4205
69 29 3210
69 30 3148
69 31 5032
69 32 1180
69 33 14
69 34 1597
69 35 3433
69 36 4409
69 37 5619
69 38 6660
69 39 6911
69 40 245
69 41 3795
69 42 6163
69 43 1551
69 44 4203
69 45 513
69 46 2799
69 47 2537
69 48 2267
69 49 2039
69 50 7241
69 51 6946
69 52 7363
69 53 519
69 54 962
69 55 2714
69 56 2163
69 57 877
69 58 3027
69 59 2372
69 60 5235
69 61 2477
69 62 5398
69 63 103
69 64 2515
69 65 3870
69 66 2097
69 67 616
69 68 3617
69 70 2238
70 1 1551
70 2 3850
70 3 3913
70 4 2654
70 5 409
70 6 6024
70 7 3837
70 8 5102
70 9 4200
70 10 985
70 11 5584
70 12 5022
70 13 4301
70 14 4628
70 15 2736
70 16 4838
70 17 5191
70 18 5168
70 19 1341
70 20 3559
70 21 2181
70 22 717
70 23 1917
70 24 7217
70 25 3083
70 26 5319
70 27 5459
70 28 247
70 29 5045
70 30 3379
70 31 5909
70 32 2390
70 33 7399
70 34 7303
70 35 5112
70 36 6533
70 37 5255
70 38 7320
70 39 3494
70 40 1586
70 41 4942
70 42 5988
70 43 2458
70 44 5842
70 45 4950
70 46 2306
70 47 3759
70 48 722
70 49 3569
70 50 5109
70 51 4045
70 52 1411
70 53 2620
70 54 3828
70 55 1813
70 56 6231
70 57 2456
70 58 1811
70 59 1930
70 60 3760
70 61 1240
70 62 4113
70 63 6721
70 64 7156
70 65 3179
70 66 2619
70 67 2341
70 68 4230
70 69 3793
