70 4830
1 2 2317
1 3 7466
1 4 4542
1 5 7190
1 6 6275
1 7 3343
1 8 2811
1 9 4746
1 10 4554
1 11 7135
1 12 5880
1 13 44
1 14 7289
1 15 1761
1 16 3661
1 17 873
1 18 2723
1 19 511
1 20 1714
1 21 2728
1 22 3706
1 23 4452
1 24 5752
1 25 7127
1 26 252
1 27 7231
1 28 1918
1 29 7121
1 30 4932
1 31 3510
1 32 186
1 33 3765
1 34 6954
1 35 5667
1 36 1901
1 37 2888
1 38 1860
1 39 1209
1 40 7323
1 41 5380
1 42 5638
1 43 4586
1 44 3657
1 45 6424
1 46 579
1 47 4386
1 48 4037
1 49 1144
1 50 243
1 51 2613
1 52 2778
1 53 5353
1 54 5096
1 55 3276
1 56 937
1 57 3727
1 58 4030
1 59 7016
1 60 5498
1 61 3185
1 62 655
1 63 4280
1 64 4212
1 65 4506
1 66 1472
1 67 381
1 68 6116
1 69 7023
1 70 6792
2 1 6590
2 3 6305
2 4 703
2 5 5557
2 6 5317
2 7 4903
2 8 3648
2 9 4109
2 10 2522
2 11 3798
2 12 4846
2 13 4335
2 14 3805
2 15 6195
2 16 1697
2 17 6622
2 18 360
2 19 4795
2 20 5836
2 21 2482
2 22 2857
2 23 3117
2 24 4049
2 25 5633
2 26 4635
2 27 7265
2 28 3112
2 29 2467
2 30 1308
2 31 2275
2 32 7111
2 33 7068
2 34 5786
2 35 5318
2 36 6981
2 37 2128
2 38 5556
2 39 6531
2 40 4808
2 41 1665
2 42 5133
2 43 6430
2 44 350
2 45 7241
2 46 3542
2 47 2162
2 48 1669
2 49 2992
2 50 5516
2 51 6206
2 52 5096
2 53 1670
2 54 1993
2 55 5369
2 56 6555
2 57 3514
2 58 4879
2 59 2082
2 60 2138
2 61 949
2 62 933
2 63 5206
2 64 2903
2 65 3902
2 66 6627
2 67 1588
2 68 2599
2 69 243
2 70 3501
3 1 3496
3 2 4957
3 4 7320
3 5 1229
3 6 6667
3 7 2910
3 8 5932
3 9 5340
3 10 4348
3 11 2189
3 12 6534
3 13 6472
3 14 4025
3 15 4046
3 16 4816
3 17 2976
3 18 825
3 19 1396
3 20 2977
3 21 5673
3 22 4713
3 23 3224
3 24 6214
3 25 1064
3 26 7279
3 27 6273
3 28 2979
3 29 3188
3 30 4708
3 31 5262
3 32 1694
3 33 5953
3 34 6254
3 35 3954
3 36 6112
3 37 6895
3 38 7052
3 39 5673
3 40 4878
3 41 6139
3 42 2813
3 43 4892
3 44 3513
3 45 4538
3 46 4293
3 47 311
3 48 6563
3 49 3475
3 50 900
3 51 7238
3 52 4071
3 53 5764
3 54 4891
3 55 2601
3 56 5542
3 57 1250
3 58 6344
3 59 6495
3 60 3784
3 61 4558
3 62 4076
3 63 882
3 64 593
3 65 3935
3 66 5510
3 67 2701
3 68 1420
3 69 4725
3 70 2197
4 1 4672
4 2 708
4 3 3595
4 5 1072
4 6 4523
4 7 3462
4 8 5187
4 9 6153
4 10 1959
4 11 702
4 12 2450
4 13 5243
4 14 1177
4 15 254
4 16 2199
4 17 2949
4 18 860
4 19 1648
4 20 2738
4 21 1717
4 22 6866
4 23 2094
4 24 5322
4 25 4322
4 26 2374
4 27 2027
4 28 2512
4 29 2474
4 30 3731
4 31 6047
4 32 6262
4 33 6296
4 34 2037
4 35 3678
4 36 3577
4 37 4917
4 38 8
4 39 1999
4 40 5304
4 41 2541
4 42 4398
4 43 983
4 44 5706
4 45 7362
4 46 5083
4 47 1996
4 48 2211
4 49 1295
4 50 3203
4 51 6580
4 52 369
4 53 3011
4 54 4119
4 55 5945
4 56 5132
4 57 4198
4 58 7130
4 59 2557
4 60 7350
4 61 3516
4 62 5124
4 63 3499
4 64 3978
4 65 5952
4 66 3723
4 67 6481
4 68 6274
4 69 2154
4 70 5192
5 1 6339
5 2 4034
5 3 5647
5 4 2290
5 6 2127
5 7 4408
5 8 2837
5 9 7441
5 10 7173
5 11 5608
5 12 6242
5 13 4498
5 14 5457
5 15 828
5 16 3828
5 17 5612
5 18 6973
5 19 5134
5 20 5971
5 21 5843
5 22 5788
5 23 538
5 24 7359
5 25 4926
5 26 2839
5 27 2537
5 28 5547
5 29 1481
5 30 3394
5 31 4481
5 32 7419
5 33 3722
5 34 6277
5 35 620
5 36 7051
5 37 6503
5 38 4347
5 39 892
5 40 7373
5 41 1940
5 42 1332
5 43 1517
5 44 1586
5 45 1112
5 46 593
5 47 4552
5 48 3587
5 49 949
5 50 4557
5 51 6185
5 52 5013
5 53 2500
5 54 1521
5 55 1426
5 56 742
5 57 7190
5 58 1756
5 59 1196
5 60 6032
5 61 263
5 62 2852
5 63 1590
5 64 7087
5 65 788
5 66 4489
5 67 1161
5 68 268
5 69 4269
5 70 1687
6 1 4759
6 2 2587
6 3 873
6 4 2105
6 5 366
6 7 7022
6 8 3102
6 9 2527
6 10 3244
6 11 6145
6 12 2445
6 13 3796
6 14 6297
6 15 3038
6 16 4951
6 17 3411
6 18 3673
6 19 4490
6 20 5380
6 21 1588
6 22 6358
6 23 379
6 24 6381
6 25 5198
6 26 1091
6 27 4494
6 28 2130
6 29 5470
6 30 3534
6 31 4036
6 32 6831
6 33 2771
6 34 4557
6 35 6741
6 36 3283
6 37 6332
6 38 2719
6 39 4215
6 40 2670
6 41 918
6 42 5484
6 43 2934
6 44 7436
6 45 6381
6 46 2467
6 47 4720
6 48 6092
6 49 5971
6 50 5410
6 51 5657
6 52 6141
6 53 3714
6 54 6540
6 55 3215
6 56 1495
6 57 6208
6 58 3046
6 59 1203
6 60 758
6 61 1951
6 62 5026
6 63 2459
6 64 1958
6 65 73
6 66 5367
6 67 2707
6 68 191
6 69 7392
6 70 2638
7 1 3938
7 2 6363
7 3 927
7 4 851
7 5 5067
7 6 5177
7 8 3223
7 9 6614
7 10 4188
7 11 4668
7 12 4005
7 13 1489
7 14 4650
7 15 3113
7 16 2659
7 17 2099
7 18 5142
7 19 1818
7 20 5439
7 21 5171
7 22 5123
7 23 6629
7 24 333
7 25 7086
7 26 4837
7 27 2619
7 28 5783
7 29 4165
7 30 3037
7 31 26
7 32 252
7 33 5432
7 34 6121
7 35 3486
7 36 5182
7 37 858
7 38 1944
7 39 1092
7 40 5212
7 41 1075
7 42 5188
7 43 6610
7 44 5975
7 45 4396
7 46 1437
7 47 4197
7 48 1092
7 49 3403
7 50 2048
7 51 2749
7 52 7109
7 53 7128
7 54 6390
7 55 3070
7 56 6060
7 57 3613
7 58 2611
7 59 6548
7 60 4236
7 61 6751
7 62 6274
7 63 6055
7 64 2910
7 65 2871
7 66 414
7 67 4092
7 68 5887
7 69 6335
7 70 1114
8 1 1847
8 2 6458
8 3 7092
8 4 530
8 5 3454
8 6 1503
8 7 6575
8 9 6176
8 10 3416
8 11 3686
8 12 6061
8 13 6657
8 14 672
8 15 2375
8 16 2205
8 17 3979
8 18 2520
8 19 4442
8 20 6430
8 21 6837
8 22 4409
8 23 1460
8 24 3687
8 25 4494
8 26 1409
8 27 6081
8 28 4985
8 29 5146
8 30 6569
8 31 4196
8 32 1368
8 33 4590
8 34 822
8 35 2215
8 36 861
8 37 7449
8 38 4310
8 39 2751
8 40 7436
8 41 4690
8 42 2405
8 43 178
8 44 2694
8 45 3455
8 46 437
8 47 6838
8 48 3859
8 49 6822
8 50 5086
8 51 886
8 52 1050
8 53 5496
8 54 427
8 55 3028
8 56 7113
8 57 6964
8 58 7028
8 59 7151
8 60 2599
8 61 5916
8 62 7026
8 63 1304
8 64 431
8 65 6117
8 66 6505
8 67 7450
8 68 3658
8 69 3008
8 70 3231
9 1 5439
9 2 5683
9 3 6752
9 4 4432
9 5 7187
9 6 1100
9 7 2919
9 8 1824
9 10 1780
9 11 7180
9 12 4439
9 13 6018
9 14 757
9 15 2854
9 16 346
9 17 4681
9 18 7121
9 19 7133
9 20 6432
9 21 1047
9 22 460
9 23 1929
9 24 1708
9 25 2458
9 26 2281
9 27 5432
9 28 177
9 29 1442
9 30 6832
9 31 1389
9 32 3159
9 33 6984
9 34 5186
9 35 6489
9 36 5754
9 37 189
9 38 1833
9 39 5373
9 40 2642
9 41 5056
9 42 464
9 43 5179
9 44 499
9 45 7451
9 46 7146
9 47 3025
9 48 4804
9 49 7158
9 50 242
9 51 7203
9 52 5508
9 53 6211
9 54 5956
9 55 1363
9 56 2911
9 57 7271
9 58 7157
9 59 666
9 60 5130
9 61 3976
9 62 2443
9 63 2807
9 64 3083
9 65 1984
9 66 7242
9 67 5740
9 68 478
9 69 2576
9 70 3825
10 1 3304
10 2 5660
10 3 3648
10 4 6691
10 5 5352
10 6 5810
10 7 2431
10 8 6851
10 9 3102
10 11 1367
10 12 7477
10 13 909
10 14 4524
10 15 6322
10 16 5610
10 17 5089
10 18 3074
10 19 3310
10 20 3109
10 21 5905
10 22 1337
10 23 5103
10 24 4782
10 25 1983
10 26 3361
10 27 6265
10 28 1425
10 29 5624
10 30 5694
10 31 1140
10 32 6753
10 33 2270
10 34 2829
10 35 4654
10 36 7297
10 37 1587
10 38 4599
10 39 5882
10 40 2180
10 41 317
10 42 7155
10 43 421
10 44 2796
10 45 838
10 46 1876
10 47 6931
10 48 7088
10 49 457
10 50 6163
10 51 3491
10 52 6448
10 53 5766
10 54 4646
10 55 3213
10 56 2219
10 57 4343
10 58 4788
10 59 3604
10 60 4538
10 61 2369
10 62 4535
10 63 2353
10 64 4692
10 65 917
10 66 4105
10 67 5398
10 68 7330
10 69 3090
10 70 680
11 1 5130
11 2 6108
11 3 1767
11 4 1822
11 5 1880
11 6 1052
11 7 7378
11 8 5613
11 9 5763
11 10 4887
11 12 756
11 13 7438
11 14 548
11 15 6567
11 16 6687
11 17 3216
11 18 4322
11 19 6653
11 20 6783
11 21 1261
11 22 5870
11 23 3794
11 24 6165
11 25 1339
11 26 2966
11 27 628
11 28 2381
11 29 1653
11 30 3458
11 31 3663
11 32 7447
11 33 4923
11 34 2983
11 35 6536
11 36 1289
11 37 79
11 38 900
11 39 840
11 40 3048
11 41 3301
11 42 2572
11 43 7191
11 44 6075
11 45 4982
11 46 3236
11 47 5513
11 48 2601
11 49 1115
11 50 1493
11 51 273
11 52 2203
11 53 4343
11 54 1858
11 55 2431
11 56 1291
11 57 6718
11 58 7212
11 59 5579
11 60 370
11 61 438
11 62 226
11 63 2056
11 64 1388
11 65 4299
11 66 4713
11 67 4884
11 68 7412
11 69 2774
11 70 4360
12 1 3345
12 2 4466
12 3 5068
12 4 5914
12 5 6555
12 6 5650
12 7 1243
12 8 4957
12 9 7233
12 10 5892
12 11 7435
12 13 3645
12 14 2785
12 15 5777
12 16 5145
12 17 7056
12 18 4279
12 19 4145
12 20 5969
12 21 3075
12 22 7243
12 23 1892
12 24 1576
12 25 5785
12 26 828
12 27 3409
12 28 3966
12 29 4600
12 30 4138
12 31 2352
12 32 3604
12 33 3178
12 34 2021
12 35 1337
12 36 4763
12 37 5635
12 38 4564
12 39 2706
12 40 5380
12 41 4584
12 42 5732
12 43 2982
12 44 6750
12 45 4152
12 46 1264
12 47 1659
12 48 871
12 49 5254
12 50 3202
12 51 5212
12 52 4666
12 53 3575
12 54 109
12 55 2379
12 56 5542
12 57 7449
12 58 5799
12 59 5742
12 60 3793
12 61 2255
12 62 3254
12 63 5935
12 64 6127
12 65 3802
12 66 6247
12 67 6328
12 68 157
12 69 5936
12 70 1271
13 1 5046
13 2 7248
13 3 854
13 4 3216
13 5 5776
13 6 2779
13 7 6881
13 8 394
13 9 5222
13 10 6669
13 11 5111
13 12 3147
13 14 7425
13 15 5278
13 16 6647
13 17 5202
13 18 4805
13 19 2454
13 20 5211
13 21 2182
13 22 5621
13 23 6332
13 24 4865
13 25 5283
13 26 4292
13 27 6935
13 28 1356
13 29 6604
13 30 2042
13 31 5261
13 32 1949
13 33 5918
13 34 5074
13 35 3295
13 36 2580
13 37 3905
13 38 2956
13 39 3836
13 40 5765
13 41 5812
13 42 2545
13 43 3475
13 44 2474
13 45 848
13 46 7317
13 47 1157
13 48 5616
13 49 422
13 50 4161
13 51 2838
13 52 5286
13 53 3998
13 54 5372
13 55 2471
13 56 4905
13 57 6661
13 58 4620
13 59 2697
13 60 4128
13 61 1533
13 62 394
13 63 631
13 64 4484
13 65 6575
13 66 7218
13 67 7159
13 68 6525
13 69 4151
13 70 3475
14 1 2584
14 2 5868
14 3 6247
14 4 1798
14 5 6370
14 6 4452
14 7 906
14 8 28
14 9 5838
14 10 6493
14 11 251
14 12 2909
14 13 5475
14 15 313
14 16 4577
14 17 811
14 18 4275
14 19 260
14 20 7496
14 21 4900
14 22 1915
14 23 6368
14 24 1548
14 25 6527
14 26 3555
14 27 4510
14 28 2722
14 29 1516
14 30 3237
14 31 4755
14 32 2460
14 33 3958
14 34 6582
14 35 3445
14 36 4517
14 37 977
14 38 2756
14 39 2175
14 40 627
14 41 2328
14 42 2332
14 43 4519
14 44 4857
14 45 3199
14 46 3372
14 47 1924
14 48 4106
14 49 4610
14 50 7494
14 51 3843
14 52 1164
14 53 349
14 54 6497
14 55 1760
14 56 2871
14 57 865
14 58 4199
14 59 4911
14 60 7199
14 61 6032
14 62 5162
14 63 2904
14 64 5751
14 65 4181
14 66 2846
14 67 4780
14 68 42
14 69 5909
14 70 6809
15 1 3833
15 2 5008
15 3 821
15 4 972
15 5 3920
15 6 4944
15 7 5325
15 8 5345
15 9 501
15 10 7351
15 11 2324
15 12 1225
15 13 3704
15 14 5453
15 16 6809
15 17 3029
15 18 4625
15 19 4538
15 20 380
15 21 3127
15 22 6830
15 23 7128
15 24 4029
15 25 159
15 26 90
15 27 2289
15 28 2838
15 29 415
15 30 3586
15 31 447
15 32 3787
15 33 3441
15 34 1608
15 35 4949
15 36 280
15 37 2566
15 38 1187
15 39 4673
15 40 5501
15 41 3398
15 42 2209
15 43 2021
15 44 4485
15 45 5971
15 46 7193
15 47 3025
15 48 1332
15 49 3380
15 50 4999
15 51 2890
15 52 4076
15 53 2369
15 54 5517
15 55 436
15 56 6766
15 57 576
15 58 6327
15 59 2174
15 60 1522
15 61 2156
15 62 4826
15 63 131
15 64 3251
15 65 2372
15 66 2441
15 67 5513
15 68 2142
15 69 2559
15 70 2964
16 1 4809
16 2 290
16 3 2224
16 4 536
16 5 6349
16 6 1694
16 7 1299
16 8 2945
16 9 3948
16 10 5195
16 11 1866
16 12 69
16 13 7124
16 14 4995
16 15 3380
16 17 1727
16 18 4007
16 19 6706
16 20 1702
16 21 4818
16 22 3771
16 23 5280
16 24 2888
16 25 876
16 26 6902
16 27 5730
16 28 6819
16 29 1022
16 30 4026
16 31 5667
16 32 1180
16 33 6747
16 34 618
16 35 4448
16 36 1569
16 37 1150
16 38 6097
16 39 3663
16 40 1227
16 41 7232
16 42 6000
16 43 6526
16 44 2357
16 45 645
16 46 3522
16 47 1627
16 48 2761
16 49 5272
16 50 6564
16 51 6438
16 52 5481
16 53 4413
16 54 6264
16 55 4757
16 56 2237
16 57 2721
16 58 2641
16 59 7168
16 60 6673
16 61 326
16 62 685
16 63 589
16 64 4047
16 65 5781
16 66 7469
16 67 1734
16 68 4654
16 69 6762
16 70 1583
17 1 57
17 2 4444
17 3 7335
17 4 349
17 5 1442
17 6 2967
17 7 5917
17 8 5578
17 9 4131
17 10 7310
17 11 2995
17 12 6252
17 13 5645
17 14 708
17 15 2827
17 16 890
17 18 4128
17 19 5798
17 20 7403
17 21 4749
17 22 3111
17 23 6445
17 24 6764
17 25 6344
17 26 7058
17 27 7121
17 28 4663
17 29 2268
17 30 765
17 31 3284
17 32 3900
17 33 5872
17 34 3642
17 35 5952
17 36 243
17 37 1552
17 38 2856
17 39 460
17 40 6181
17 41 1969
17 42 2214
17 43 7308
17 44 958
17 45 815
17 46 4614
17 47 4788
17 48 5774
17 49 1736
17 50 6771
17 51 5804
17 52 1102
17 53 6024
17 54 2573
17 55 6318
17 56 742
17 57 5682
17 58 5876
17 59 6952
17 60 4900
17 61 2329
17 62 2661
17 63 3975
17 64 4466
17 65 1652
17 66 7045
17 67 7095
17 68 2372
17 69 1889
17 70 5310
18 1 473
18 2 6248
18 3 2118
18 4 1319
18 5 2095
18 6 4714
18 7 3326
18 8 743
18 9 4051
18 10 1810
18 11 1295
18 12 2068
18 13 5265
18 14 78
18 15 6066
18 16 6790
18 17 6053
18 19 2398
18 20 3201
18 21 1337
18 22 5302
18 23 240
18 24 2579
18 25 4171
18 26 6077
18 27 4718
18 28 5633
18 29 5589
18 30 6790
18 31 4618
18 32 6375
18 33 2537
18 34 7303
18 35 3666
18 36 542
18 37 4736
18 38 5430
18 39 1860
18 40 4288
18 41 2458
18 42 5538
18 43 3704
18 44 4415
18 45 3605
18 46 1884
18 47 5188
18 48 42
18 49 6854
18 50 1509
18 51 3407
18 52 5582
18 53 862
18 54 2435
18 55 658
18 56 378
18 57 3153
18 58 2167
18 59 4076
18 60 3680
18 61 4849
18 62 5450
18 63 1989
18 64 6385
18 65 5640
18 66 295
18 67 1881
18 68 3781
18 69 1541
18 70 4128
19 1 3840
19 2 7295
19 3 4115
19 4 6159
19 5 1679
19 6 2287
19 7 5626
19 8 5579
19 9 6932
19 10 6331
19 11 690
19 12 690
19 13 3464
19 14 1136
19 15 7061
19 16 4485
19 17 52
19 18 3064
19 20 2061
19 21 2308
19 22 3264
19 23 169
19 24 1435
19 25 956
19 26 3788
19 27 742
19 28 4842
19 29 6978
19 30 4539
19 31 4224
19 32 6866
19 33 662
19 34 6976
19 35 2281
19 36 6473
19 37 6014
19 38 7144
19 39 7401
19 40 2162
19 41 6198
19 42 1056
19 43 1086
19 44 5183
19 45 5807
19 46 5258
19 47 6456
19 48 2465
19 49 3960
19 50 4867
19 51 4011
19 52 6663
19 53 486
19 54 2522
19 55 1302
19 56 7284
19 57 874
19 58 3792
19 59 5309
19 60 547
19 61 7115
19 62 3617
19 63 328
19 64 4019
19 65 5867
19 66 4812
19 67 2648
19 68 767
19 69 6676
19 70 2022
20 1 4844
20 2 4587
20 3 4291
20 4 3721
20 5 1257
20 6 4900
20 7 6341
20 8 2866
20 9 2920
20 10 1868
20 11 2070
20 12 3814
20 13 6962
20 14 2818
20 15 2542
20 16 2201
20 17 4215
20 18 6186
20 19 3639
20 21 5795
20 22 7192
20 23 2510
20 24 6482
20 25 4418
20 26 7401
20 27 2773
20 28 6172
20 29 6218
20 30 5431
20 31 250
20 32 3747
20 33 5056
20 34 1705
20 35 2479
20 36 2805
20 37 2370
20 38 5180
20 39 1077
20 40 5737
20 41 1144
20 42 596
20 43 6833
20 44 1463
20 45 4451
20 46 78
20 47 6587
20 48 5964
20 49 1919
20 50 6245
20 51 6310
20 52 1862
20 53 1761
20 54 7175
20 55 448
20 56 4950
20 57 6131
20 58 3247
20 59 646
20 60 1953
20 61 4492
20 62 4960
20 63 174
20 64 6324
20 65 5915
20 66 497
20 67 2645
20 68 1758
20 69 5163
20 70 3326
21 1 2318
21 2 5693
21 3 529
21 4 1716
21 5 6080
21 6 1032
21 7 3024
21 8 1886
21 9 2436
21 10 5112
21 11 1451
21 12 3769
21 13 4084
21 14 1552
21 15 6552
21 16 4750
21 17 4667
21 18 6296
21 19 6853
21 20 2647
21 22 6094
21 23 1434
21 24 4714
21 25 4559
21 26 5000
21 27 3171
21 28 4053
21 29 5512
21 30 316
21 31 1871
21 32 4636
21 33 2732
21 34 731
21 35 3963
21 36 5395
21 37 2913
21 38 596
21 39 4926
21 40 4229
21 41 3243
21 42 6020
21 43 5730
21 44 3836
21 45 3468
21 46 3111
21 47 7150
21 48 6075
21 49 1636
21 50 4258
21 51 317
21 52 2098
21 53 6260
21 54 7133
21 55 1523
21 56 7008
21 57 5967
21 58 1966
21 59 4930
21 60 1366
21 61 5110
21 62 2352
21 63 2938
21 64 6830
21 65 385
21 66 6514
21 67 6665
21 68 473
21 69 5608
21 70 126
22 1 5988
22 2 19
22 3 174
22 4 3021
22 5 1091
22 6 4331
22 7 1460
22 8 894
22 9 2794
22 10 6243
22 11 6935
22 12 5190
22 13 6990
22 14 6596
22 15 4166
22 16 3244
22 17 3550
22 18 5286
22 19 7081
22 20 1513
22 21 3434
22 23 5347
22 24 1958
22 25 1016
22 26 7109
22 27 6634
22 28 3725
22 29 3227
22 30 6904
22 31 1182
22 32 3812
22 33 5797
22 34 5192
22 35 4099
22 36 3603
22 37 2865
22 38 2374
22 39 1307
22 40 4139
22 41 6020
22 42 3576
22 43 7243
22 44 5602
22 45 5983
22 46 3453
22 47 889
22 48 48
22 49 7022
22 50 6835
22 51 6511
22 52 2746
22 53 1768
22 54 6913
22 55 3626
22 56 5607
22 57 6651
22 58 2297
22 59 4752
22 60 3793
22 61 1868
22 62 4312
22 63 7258
22 64 3592
22 65 6632
22 66 3357
22 67 4550
22 68 2797
22 69 6234
22 70 3746
23 1 6801
23 2 1886
23 3 3340
23 4 2056
23 5 2660
23 6 5292
23 7 333
23 8 2428
23 9 2297
23 10 4279
23 11 1874
23 12 323
23 13 82
23 14 5183
23 15 7246
23 16 7102
23 17 2817
23 18 533
23 19 2058
23 20 4441
23 21 3731
23 22 3301
23 24 4631
23 25 6730
23 26 5977
23 27 3827
23 28 462
23 29 369
23 30 2288
23 31 866
23 32 2165
23 33 4557
23 34 4915
23 35 1914
23 36 7244
23 37 475
23 38 300
23 39 1494
23 40 4254
23 41 3106
23 42 4503
23 43 6131
23 44 4813
23 45 4565
23 46 4628
23 47 4895
23 48 699
23 49 1614
23 50 2081
23 51 6128
23 52 5934
23 53 1893
23 54 3573
23 55 2219
23 56 2303
23 57 5705
23 58 7298
23 59 1739
23 60 6294
23 61 6598
23 62 2303
23 63 6379
23 64 1460
23 65 3451
23 66 7007
23 67 345
23 68 4798
23 69 7226
23 70 6341
24 1 2318
24 2 7398
24 3 3108
24 4 161
24 5 3844
24 6 6916
24 7 5471
24 8 3438
24 9 5623
24 10 2640
24 11 3172
24 12 852
24 13 5017
24 14 4366
24 15 3694
24 16 2254
24 17 6444
24 18 3292
24 19 3873
24 20 6476
24 21 2410
24 22 4951
24 23 1435
24 25 1406
24 26 5631
24 27 5499
24 28 2581
24 29 2158
24 30 1514
24 31 7121
24 32 820
24 33 2441
24 34 1397
24 35 4988
24 36 5933
24 37 5751
24 38 5604
24 39 3207
24 40 6921
24 41 5491
24 42 3840
24 43 2213
24 44 2226
24 45 5133
24 46 6878
24 47 7411
24 48 786
24 49 521
24 50 2315
24 51 3549
24 52 6231
24 53 4228
24 54 2995
24 55 581
24 56 5028
24 57 7486
24 58 3012
24 59 7177
24 60 7022
24 61 2465
24 62 4246
24 63 3226
24 64 5132
24 65 783
24 66 68
24 67 100
24 68 784
24 69 4959
24 70 1792
25 1 1313
25 2 4985
25 3 4917
25 4 3530
25 5 831
25 6 2817
25 7 527
25 8 811
25 9 6291
25 10 1032
25 11 245
25 12 3338
25 13 829
25 14 1980
25 15 2008
25 16 3519
25 17 5765
25 18 1226
25 19 65
25 20 892
25 21 3962
25 22 7175
25 23 1297
25 24 2988
25 26 3306
25 27 1899
25 28 6554
25 29 7400
25 30 1679
25 31 2437
25 32 4498
25 33 1972
25 34 6062
25 35 1185
25 36 6799
25 37 2336
25 38 1159
25 39 4895
25 40 4307
25 41 3741
25 42 1103
25 43 3066
25 44 3777
25 45 2736
25 46 1686
25 47 4604
25 48 790
25 49 4892
25 50 263
25 51 7447
25 52 1272
25 53 6754
25 54 5481
25 55 7110
25 56 1915
25 57 1441
25 58 4863
25 59 7484
25 60 930
25 61 6879
25 62 3374
25 63 3112
25 64 4870
25 65 1838
25 66 1502
25 67 337
25 68 5670
25 69 2104
25 70 7431
26 1 2242
26 2 710
26 3 5983
26 4 4910
26 5 2897
26 6 6776
26 7 2976
26 8 5528
26 9 7074
26 10 6677
26 11 6345
26 12 6581
26 13 802
26 14 5353
26 15 4970
26 16 450
26 17 5865
26 18 6647
26 19 2414
26 20 2550
26 21 1141
26 22 6269
26 23 636
26 24 1437
26 25 2920
26 27 4439
26 28 7214
26 29 7485
26 30 3095
26 31 5725
26 32 3222
26 33 536
26 34 1361
26 35 4542
26 36 5750
26 37 559
26 38 3507
26 39 5652
26 40 5360
26 41 4779
26 42 1111
26 43 7093
26 44 5888
26 45 5762
26 46 4007
26 47 6583
26 48 4411
26 49 654
26 50 1045
26 51 1179
26 52 2529
26 53 1946
26 54 1599
26 55 5290
26 56 2184
26 57 3039
26 58 5459
26 59 1032
26 60 4911
26 61 3767
26 62 6818
26 63 3144
26 64 1430
26 65 4891
26 66 339
26 67 3202
26 68 469
26 69 4925
26 70 2108
27 1 1980
27 2 1764
27 3 5676
27 4 1078
27 5 4444
27 6 5676
27 7 2691
27 8 1602
27 9 1301
27 10 9
27 11 3090
27 12 3723
27 13 6495
27 14 4986
27 15 3677
27 16 404
27 17 7165
27 18 6206
27 19 1025
27 20 5985
27 21 6530
27 22 3939
27 23 5125
27 24 1062
27 25 5956
27 26 3400
27 28 1821
27 29 5968
27 30 4594
27 31 7071
27 32 5620
27 33 2391
27 34 7235
27 35 1462
27 36 360
27 37 6967
27 38 590
27 39 1233
27 40 2240
27 41 4788
27 42 4678
27 43 3306
27 44 2362
27 45 201
27 46 4566
27 47 5670
27 48 3064
27 49 6756
27 50 3157
27 51 7154
27 52 497
27 53 6935
27 54 2983
27 55 2813
27 56 3995
27 57 4644
27 58 7261
27 59 2722
27 60 3259
27 61 3567
27 62 3598
27 63 1083
27 64 2750
27 65 5641
27 66 3052
27 67 3154
27 68 6711
27 69 7044
27 70 2233
28 1 2099
28 2 548
28 3 2019
28 4 987
28 5 4204
28 6 3186
28 7 5452
28 8 7397
28 9 6196
28 10 4612
28 11 7293
28 12 2937
28 13 1526
28 14 3761
28 15 1781
28 16 7168
28 17 5961
28 18 1877
28 19 3332
28 20 1004
28 21 3427
28 22 7468
28 23 2743
28 24 1064
28 25 1798
28 26 5225
28 27 7035
28 29 5430
28 30 6391
28 31 7453
28 32 3949
28 33 5155
28 34 1151
28 35 3638
28 36 1843
28 37 3891
28 38 921
28 39 4230
28 40 2280
28 41 2162
28 42 5451
28 43 3834
28 44 36
28 45 2511
28 46 604
28 47 2986
28 48 4911
28 49 5105
28 50 5534
28 51 664
28 52 3322
28 53 6991
28 54 2357
28 55 418
28 56 4061
28 57 3476
28 58 3676
28 59 4957
28 60 7286
28 61 5885
28 62 6848
28 63 5332
28 64 1514
28 65 5129
28 66 5585
28 67 3863
28 68 5897
28 69 6185
28 70 4698
29 1 6925
29 2 5439
29 3 2551
29 4 2308
29 5 6363
29 6 4892
29 7 6607
29 8 5044
29 9 4931
29 10 888
29 11 4620
29 12 6620
29 13 2507
29 14 7189
29 15 1219
29 16 5559
29 17 1650
29 18 3878
29 19 5909
29 20 6089
29 21 1004
29 22 3350
29 23 81
29 24 6640
29 25 7484
29 26 7286
29 27 2738
29 28 4679
29 30 5212
29 31 1041
29 32 1231
29 33 5785
29 34 3392
29 35 3818
29 36 2243
29 37 4779
29 38 4626
29 39 1946
29 40 4618
29 41 6720
29 42 2290
29 43 2344
29 44 1512
29 45 3465
29 46 4441
29 47 2579
29 48 1343
29 49 3128
29 50 2787
29 51 523
29 52 1934
29 53 3702
29 54 6969
29 55 7162
29 56 4326
29 57 6012
29 58 2691
29 59 1764
29 60 4178
29 61 2693
29 62 5441
29 63 966
29 64 1561
29 65 6579
29 66 6928
29 67 7105
29 68 38
29 69 1698
29 70 2103
30 1 2342
30 2 114
30 3 305
30 4 70
30 5 1151
30 6 398
30 7 2052
30 8 3582
30 9 2544
30 10 5643
30 11 1071
30 12 715
30 13 170
30 14 4367
30 15 3895
30 16 5893
30 17 471
30 18 3073
30 19 471
30 20 5890
30 21 333
30 22 3337
30 23 5902
30 24 6367
30 25 4275
30 26 3522
30 27 1216
30 28 1630
30 29 1378
30 31 1392
30 32 6526
30 33 1025
30 34 3836
30 35 799
30 36 2299
30 37 2310
30 38 5243
30 39 4230
30 40 6159
30 41 2179
30 42 1471
30 43 4756
30 44 2807
30 45 3605
30 46 424
30 47 384
30 48 3877
30 49 1054
30 50 4179
30 51 5199
30 52 121
30 53 250
30 54 6157
30 55 3035
30 56 6347
30 57 4805
30 58 2043
30 59 1486
30 60 5194
30 61 5629
30 62 5855
30 63 2790
30 64 801
30 65 3577
30 66 5169
30 67 5028
30 68 1008
30 69 2229
30 70 2391
31 1 455
31 2 2828
31 3 4822
31 4 2331
31 5 655
31 6 2251
31 7 1670
31 8 4075
31 9 5926
31 10 5489
31 11 7231
31 12 7018
31 13 4024
31 14 4325
31 15 1488
31 16 1153
31 17 6633
31 18 5589
31 19 4933
31 20 1358
31 21 5932
31 22 4848
31 23 1241
31 24 2966
31 25 1051
31 26 4987
31 27 2714
31 28 888
31 29 5896
31 30 1495
31 32 815
31 33 90
31 34 4753
31 35 444
31 36 555
31 37 2483
31 38 2325
31 39 5823
31 40 2787
31 41 292
31 42 5536
31 43 1146
31 44 4930
31 45 2108
31 46 3063
31 47 6335
31 48 4259
31 49 4922
31 50 1139
31 51 512
31 52 1393
31 53 5803
31 54 2084
31 55 5270
31 56 1778
31 57 2289
31 58 1033
31 59 3092
31 60 1315
31 61 4376
31 62 5252
31 63 2709
31 64 1565
31 65 3824
31 66 5764
31 67 1930
31 68 1264
31 69 825
31 70 1666
32 1 4785
32 2 7138
32 3 161
32 4 7461
32 5 3851
32 6 312
32 7 2047
32 8 4121
32 9 1128
32 10 1506
32 11 2311
32 12 6023
32 13 3997
32 14 3118
32 15 6471
32 16 6796
32 17 5674
32 18 1496
32 19 6766
32 20 625
32 21 3827
32 22 2455
32 23 2705
32 24 1982
32 25 2055
32 26 7093
32 27 2785
32 28 6751
32 29 4259
32 30 5286
32 31 2322
32 33 296
32 34 3421
32 35 4418
32 36 3426
32 37 2943
32 38 6836
32 39 3679
32 40 3207
32 41 363
32 42 440
32 43 6653
32 44 3759
32 45 4214
32 46 3735
32 47 6297
32 48 5856
32 49 6317
32 50 2492
32 51 3135
32 52 5087
32 53 6671
32 54 261
32 55 3313
32 56 6003
32 57 2773
32 58 2396
32 59 6709
32 60 3577
32 61 2185
32 62 7445
32 63 7311
32 64 186
32 65 363
32 66 5290
32 67 5863
32 68 1608
32 69 6857
32 70 2747
33 1 7424
33 2 5201
33 3 2706
33 4 5290
33 5 3317
33 6 999
33 7 5890
33 8 5068
33 9 6310
33 10 1242
33 11 7446
33 12 5899
33 13 2281
33 14 1595
33 15 2335
33 16 3590
33 17 2193
33 18 4485
33 19 7084
33 20 3991
33 21 4985
33 22 5669
33 23 3141
33 24 2785
33 25 6027
33 26 4403
33 27 1522
33 28 2065
33 29 2863
33 30 6417
33 31 53
33 32 7152
33 34 4014
33 35 1039
33 36 1775
33 37 4841
33 38 6511
33 39 3001
33 40 1583
33 41 5711
33 42 5916
33 43 54
33 44 1188
33 45 7457
33 46 5177
33 47 6983
33 48 3833
33 49 5486
33 50 2438
33 51 1286
33 52 6013
33 53 3600
33 54 7040
33 55 4849
33 56 1980
33 57 2214
33 58 368
33 59 4443
33 60 4146
33 61 5048
33 62 4493
33 63 5359
33 64 1093
33 65 7109
33 66 1850
33 67 5520
33 68 61
33 69 3169
33 70 3869
34 1 7410
34 2 6920
34 3 1480
34 4 2855
34 5 803
34 6 5644
34 7 6493
34 8 4086
34 9 7057
34 10 116
34 11 1110
34 12 5899
34 13 7210
34 14 858
34 15 5651
34 16 5729
34 17 4487
34 18 1519
34 19 2626
34 20 6826
34 21 3547
34 22 2855
34 23 7095
34 24 7449
34 25 3391
34 26 2582
34 27 6359
34 28 1344
34 29 1295
34 30 2754
34 31 621
34 32 7490
34 33 4848
34 35 624
34 36 779
34 37 7281
34 38 2593
34 39 5410
34 40 5424
34 41 3690
34 42 4013
34 43 4590
34 44 7145
34 45 104
34 46 7043
34 47 5927
34 48 7032
34 49 6784
34 50 4271
34 51 3170
34 52 1875
34 53 2661
34 54 3955
34 55 4352
34 56 5937
34 57 2274
34 58 3426
34 59 2002
34 60 4990
34 61 1110
34 62 3277
34 63 1220
34 64 7104
34 65 5001
34 66 2622
34 67 821
34 68 7104
34 69 3781
34 70 473
35 1 3932
35 2 1157
35 3 6356
35 4 1772
35 5 4298
35 6 6059
35 7 1401
35 8 2792
35 9 1474
35 10 5828
35 11 408
35 12 6089
35 13 3328
35 14 4135
35 15 4770
35 16 5867
35 17 6788
35 18 2539
35 19 6390
35 20 7471
35 21 5143
35 22 2319
35 23 5965
35 24 5960
35 25 4459
35 26 7267
35 27 4906
35 28 4198
35 29 1860
35 30 2230
35 31 6008
35 32 4400
35 33 3910
35 34 5319
35 36 1257
35 37 4236
35 38 4874
35 39 4472
35 40 485
35 41 6905
35 42 4415
35 43 5993
35 44 4663
35 45 2685
35 46 1326
35 47 440
35 48 7484
35 49 2751
35 50 5303
35 51 6001
35 52 985
35 53 6564
35 54 1513
35 55 418
35 56 6980
35 57 1992
35 58 5886
35 59 2368
35 60 2138
35 61 688
35 62 6455
35 63 2719
35 64 342
35 65 4683
35 66 5588
35 67 3162
35 68 768
35 69 5968
35 70 1098
36 1 1076
36 2 442
36 3 2967
36 4 1020
36 5 7164
36 6 769
36 7 1599
36 8 5662
36 9 2931
36 10 3587
36 11 4352
36 12 7107
36 13 6410
36 14 6516
36 15 3142
36 16 5720
36 17 5794
36 18 5147
36 19 6974
36 20 3823
36 21 576
36 22 4760
36 23 5740
36 24 4331
36 25 5088
36 26 7434
36 27 2271
36 28 714
36 29 2059
36 30 1886
36 31 3021
36 32 4367
36 33 5527
36 34 315
36 35 2621
36 37 5284
36 38 5062
36 39 6857
36 40 4110
36 41 4014
36 42 5978
36 43 7034
36 44 2329
36 45 7394
36 46 1801
36 47 6482
36 48 2056
36 49 683
36 50 3903
36 51 1006
36 52 3377
36 53 5290
36 54 6659
36 55 1548
36 56 3956
36 57 4469
36 58 6238
36 59 7386
36 60 1849
36 61 2725
36 62 4255
36 63 1588
36 64 5268
36 65 1593
36 66 3318
36 67 3780
36 68 5408
36 69 231
36 70 7362
37 1 6724
37 2 6443
37 3 5417
37 4 4856
37 5 3011
37 6 6139
37 7 1059
37 8 3936
37 9 5638
37 10 692
37 11 6246
37 12 1615
37 13 7500
37 14 3516
37 15 766
37 16 2252
37 17 1240
37 18 2392
37 19 2483
37 20 7373
37 21 3963
37 22 4011
37 23 4727
37 24 4944
37 25 3755
37 26 3070
37 27 983
37 28 2238
37 29 7106
37 30 344
37 31 960
37 32 4863
37 33 5535
37 34 4068
37 35 7441
37 36 319
37 38 3590
37 39 672
37 40 5788
37 41 3721
37 42 6819
37 43 4564
37 44 2130
37 45 6711
37 46 6305
37 47 1193
37 48 4998
37 49 2100
37 50 5417
37 51 1518
37 52 2760
37 53 1784
37 54 674
37 55 2701
37 56 6297
37 57 7397
37 58 3267
37 59 1006
37 60 2782
37 61 3285
37 62 7417
37 63 4872
37 64 5560
37 65 1752
37 66 2943
37 67 5758
37 68 4547
37 69 3664
37 70 5681
38 1 5010
38 2 1301
38 3 3400
38 4 237
38 5 2335
38 6 1640
38 7 5045
38 8 6190
38 9 4167
38 10 5391
38 11 7186
38 12 4151
38 13 4705
38 14 1084
38 15 2898
38 16 1228
38 17 5314
38 18 4875
38 19 4524
38 20 4584
38 21 5586
38 22 7260
38 23 1467
38 24 1071
38 25 1718
38 26 5913
38 27 2691
38 28 1039
38 29 3280
38 30 987
38 31 6800
38 32 5445
38 33 7291
38 34 187
38 35 6680
38 36 5924
38 37 2724
38 39 1776
38 40 1635
38 41 6211
38 42 4538
38 43 6458
38 44 2956
38 45 6735
38 46 2521
38 47 7401
38 48 7400
38 49 3137
38 50 5461
38 51 528
38 52 3043
38 53 903
38 54 2196
38 55 2788
38 56 4457
38 57 384
38 58 6415
38 59 3991
38 60 555
38 61 3666
38 62 6729
38 63 3719
38 64 2592
38 65 4177
38 66 5727
38 67 5618
38 68 2416
38 69 1126
38 70 913
39 1 6719
39 2 2359
39 3 2487
39 4 5154
39 5 2501
39 6 5876
39 7 6598
39 8 6789
39 9 6626
39 10 4534
39 11 1260
39 12 3327
39 13 2856
39 14 6475
39 15 7329
39 16 1774
39 17 4214
39 18 4719
39 19 2158
39 20 3519
39 21 5593
39 22 6163
39 23 3761
39 24 7009
39 25 1852
39 26 5885
39 27 863
39 28 3630
39 29 5171
39 30 896
39 31 5661
39 32 3527
39 33 3379
39 34 7378
39 35 3743
39 36 3188
39 37 4912
39 38 7303
39 40 1050
39 41 676
39 42 5733
39 43 6898
39 44 4390
39 45 4019
39 46 2331
39 47 4272
39 48 2902
39 49 6146
39 50 5537
39 51 3691
39 52 1897
39 53 948
39 54 1319
39 55 4104
39 56 2730
39 57 4604
39 58 6489
39 59 3226
39 60 370
39 61 2848
39 62 3144
39 63 1818
39 64 6800
39 65 6954
39 66 7238
39 67 5834
39 68 185
39 69 3201
39 70 7277
40 1 2462
40 2 6830
40 3 1746
40 4 6509
40 5 4203
40 6 6430
40 7 1449
40 8 6348
40 9 1892
40 10 6290
40 11 1315
40 12 1326
40 13 1756
40 14 14
40 15 2968
40 16 6041
40 17 3054
40 18 5233
40 19 2185
40 20 4587
40 21 5121
40 22 22
40 23 6375
40 24 6127
40 25 6874
40 26 6985
40 27 2422
40 28 5458
40 29 6805
40 30 7451
40 31 5949
40 32 4616
40 33 837
40 34 2946
40 35 6982
40 36 4919
40 37 4310
40 38 2657
40 39 6930
40 41 2375
40 42 2097
40 43 2439
40 44 4058
40 45 3368
40 46 7183
40 47 1216
40 48 6844
40 49 535
40 50 418
40 51 2637
40 52 6851
40 53 4400
40 54 4539
40 55 2777
40 56 861
40 57 3107
40 58 7142
40 59 403
40 60 7440
40 61 1236
40 62 199
40 63 5891
40 64 2775
40 65 5556
40 66 5676
40 67 7362
40 68 2264
40 69 3841
40 70 4626
41 1 513
41 2 2551
41 3 837
41 4 957
41 5 3694
41 6 6005
41 7 5987
41 8 3095
41 9 1622
41 10 7482
41 11 2551
41 12 4307
41 13 2675
41 14 4253
41 15 6870
41 16 2257
41 17 2392
41 18 3298
41 19 2039
41 20 7466
41 21 6617
41 22 3177
41 23 6148
41 24 2900
41 25 2448
41 26 1416
41 27 5161
41 28 2875
41 29 6289
41 30 667
41 31 6175
41 32 196
41 33 7
41 34 558
41 35 2891
41 36 2523
41 37 342
41 38 871
41 39 1031
41 40 411
41 42 1607
41 43 6496
41 44 2893
41 45 1667
41 46 1567
41 47 1074
41 48 2100
41 49 2186
41 50 7200
41 51 3602
41 52 1728
41 53 4890
41 54 1014
41 55 2290
41 56 6825
41 57 5480
41 58 2586
41 59 4758
41 60 784
41 61 4
41 62 2628
41 63 1517
41 64 4890
41 65 7470
41 66 3971
41 67 4137
41 68 1587
41 69 6183
41 70 5126
42 1 5432
42 2 7444
42 3 1796
42 4 2778
42 5 2998
42 6 865
42 7 5801
42 8 3935
42 9 3149
42 10 4358
42 11 2206
42 12 6216
42 13 3217
42 14 6910
42 15 6824
42 16 1413
42 17 5593
42 18 367
42 19 1770
42 20 7287
42 21 5418
42 22 1568
42 23 6853
42 24 7245
42 25 3801
42 26 6105
42 27 4825
42 28 5768
42 29 4075
42 30 2554
42 31 7476
42 32 6109
42 33 5888
42 34 5035
42 35 6369
42 36 2047
42 37 4902
42 38 6893
42 39 1236
42 40 2117
42 41 2143
42 43 6758
42 44 1949
42 45 206
42 46 1544
42 47 6190
42 48 1785
42 49 7412
42 50 2426
42 51 4918
42 52 6997
42 53 839
42 54 7075
42 55 7270
42 56 3256
42 57 2378
42 58 4630
42 59 3117
42 60 2858
42 61 2765
42 62 6537
42 63 5346
42 64 1410
42 65 5688
42 66 1737
42 67 1496
42 68 849
42 69 3204
42 70 733
43 1 2014
43 2 4352
43 3 4850
43 4 2714
43 5 5416
43 6 1724
43 7 5902
43 8 621
43 9 2077
43 10 1760
43 11 3622
43 12 1232
43 13 5465
43 14 488
43 15 6487
43 16 1876
43 17 616
43 18 1159
43 19 4485
43 20 7141
43 21 3339
43 22 6201
43 23 6191
43 24 1583
43 25 1547
43 26 2158
43 27 4112
43 28 6427
43 29 888
43 30 7468
43 31 6203
43 32 7329
43 33 847
43 34 4089
43 35 2083
43 36 600
43 37 7439
43 38 5647
43 39 5007
43 40 3231
43 41 416
43 42 955
43 44 4300
43 45 2926
43 46 5551
43 47 6394
43 48 3686
43 49 6898
43 50 1783
43 51 7310
43 52 3974
43 53 5066
43 54 5237
43 55 460
43 56 5661
43 57 5733
43 58 1182
43 59 2041
43 60 3032
43 61 5835
43 62 4275
43 63 6748
43 64 5286
43 65 2210
43 66 6019
43 67 3463
43 68 5865
43 69 2131
43 70 1330
44 1 6997
44 2 1639
44 3 1927
44 4 845
44 5 4224
44 6 5275
44 7 2921
44 8 5441
44 9 4462
44 10 5869
44 11 5408
44 12 6856
44 13 2120
44 14 1780
44 15 1240
44 16 924
44 17 1241
44 18 403
44 19 3107
44 20 2586
44 21 1360
44 22 4640
44 23 7046
44 24 5754
44 25 3806
44 26 6015
44 27 37
44 28 2779
44 29 2277
44 30 4640
44 31 3271
44 32 2446
44 33 6147
44 34 5682
44 35 1943
44 36 397
44 37 1361
44 38 3399
44 39 3207
44 40 3161
44 41 898
44 42 7381
44 43 2168
44 45 4902
44 46 4387
44 47 2142
44 48 4384
44 49 3783
44 50 2669
44 51 7281
44 52 5282
44 53 4631
44 54 7360
44 55 2624
44 56 2461
44 57 3762
44 58 7500
44 59 4696
44 60 964
44 61 5454
44 62 6301
44 63 2467
44 64 493
44 65 1142
44 66 3478
44 67 6991
44 68 1254
44 69 4410
44 70 5437
45 1 323
45 2 4202
45 3 439
45 4 2965
45 5 4456
45 6 1083
45 7 2497
45 8 2449
45 9 662
45 10 3939
45 11 1725
45 12 6113
45 13 3708
45 14 4622
45 15 2956
45 16 3688
45 17 6923
45 18 4286
45 19 7340
45 20 2503
45 21 1237
45 22 6851
45 23 5487
45 24 1200
45 25 2555
45 26 42
45 27 5881
45 28 1798
45 29 6699
45 30 206
45 31 616
45 32 7467
45 33 7311
45 34 1688
45 35 5573
45 36 7002
45 37 6948
45 38 7297
45 39 4662
45 40 1955
45 41 2783
45 42 2073
45 43 2009
45 44 4318
45 46 1747
45 47 2365
45 48 5811
45 49 5213
45 50 5496
45 51 1813
45 52 5427
45 53 2195
45 54 7140
45 55 7224
45 56 1570
45 57 3014
45 58 4063
45 59 4209
45 60 3905
45 61 5534
45 62 3516
45 63 5478
45 64 6122
45 65 1370
45 66 5697
45 67 4064
45 68 7251
45 69 4767
45 70 3157
46 1 5788
46 2 1617
46 3 5331
46 4 1782
46 5 17
46 6 7218
46 7 759
46 8 7436
46 9 4865
46 10 4117
46 11 4956
46 12 7001
46 13 1538
46 14 3145
46 15 461
46 16 1517
46 17 2480
46 18 4181
46 19 6827
46 20 3989
46 21 3723
46 22 4623
46 23 1589
46 24 7084
46 25 2990
46 26 5827
46 27 5348
46 28 1354
46 29 5889
46 30 1442
46 31 1644
46 32 7057
46 33 2031
46 34 7427
46 35 7240
46 36 4575
46 37 5043
46 38 4809
46 39 1664
46 40 3528
46 41 1754
46 42 284
46 43 6941
46 44 4990
46 45 6625
46 47 7494
46 48 2645
46 49 4033
46 50 4637
46 51 5262
46 52 3722
46 53 4003
46 54 5008
46 55 1198
46 56 6152
46 57 2972
46 58 6526
46 59 3743
46 60 7023
46 61 4929
46 62 5123
46 63 1749
46 64 2374
46 65 2443
46 66 67
46 67 6242
46 68 7362
46 69 460
46 70 4251
47 1 4581
47 2 5147
47 3 2898
47 4 3719
47 5 1609
47 6 2626
47 7 4847
47 8 5534
47 9 161
47 10 4310
47 11 1152
47 12 2668
47 13 4765
47 14 2593
47 15 5500
47 16 5959
47 17 6253
47 18 6363
47 19 6045
47 20 2769
47 21 323
47 22 3879
47 23 2723
47 24 6707
47 25 1160
47 26 118
47 27 1354
47 28 775
47 29 3429
47 30 7391
47 31 545
47 32 6887
47 33 7324
47 34 3333
47 35 5015
47 36 165
47 37 5480
47 38 2024
47 39 6276
47 40 291
47 41 553
47 42 133
47 43 1910
47 44 4090
47 45 5228
47 46 3158
47 48 4827
47 49 3390
47 50 4338
47 51 4889
47 52 4780
47 53 5703
47 54 3532
47 55 3405
47 56 3112
47 57 4340
47 58 7065
47 59 1065
47 60 5355
47 61 5388
47 62 3995
47 63 714
47 64 5981
47 65 4194
47 66 2734
47 67 1662
47 68 6680
47 69 2673
47 70 6040
48 1 6653
48 2 5428
48 3 1894
48 4 1945
48 5 178
48 6 7190
48 7 2845
48 8 5356
48 9 4830
48 10 5828
48 11 3258
48 12 518
48 13 1926
48 14 4969
48 15 2245
48 16 1793
48 17 2898
48 18 549
48 19 6523
48 20 6956
48 21 4147
48 22 5276
48 23 5994
48 24 7345
48 25 6430
48 26 2850
48 27 335
48 28 2221
48 29 4013
48 30 756
48 31 142
48 32 5121
48 33 6267
48 34 821
48 35 6866
48 36 446
48 37 4616
48 38 200
48 39 3790
48 40 4220
48 41 1941
48 42 2368
48 43 2070
48 44 7040
48 45 3623
48 46 5190
48 47 6683
48 49 871
48 50 6025
48 51 3387
48 52 5236
48 53 6610
48 54 6538
48 55 326
48 56 455
48 57 3333
48 58 3917
48 59 2081
48 60 3984
48 61 5671
48 62 4550
48 63 687
48 64 3527
48 65 1542
48 66 7451
48 67 3668
48 68 958
48 69 1882
48 70 6093
49 1 1099
49 2 2864
49 3 617
49 4 668
49 5 6174
49 6 5205
49 7 1456
49 8 322
49 9 2916
49 10 5835
49 11 99
49 12 2582
49 13 4413
49 14 3317
49 15 3045
49 16 6920
49 17 2364
49 18 5123
49 19 2902
49 20 1854
49 21 1554
49 22 6539
49 23 5514
49 24 5432
49 25 4977
49 26 6717
49 27 5496
49 28 4723
49 29 3436
49 30 6745
49 31 2426
49 32 3738
49 33 6505
49 34 2986
49 35 6392
49 36 3873
49 37 1672
49 38 1987
49 39 562
49 40 1734
49 41 4111
49 42 309
49 43 6879
49 44 5325
49 45 5384
49 46 4460
49 47 6545
49 48 2265
49 50 2968
49 51 2513
49 52 4806
49 53 7293
49 54 843
49 55 3943
49 56 1307
49 57 2752
49 58 2514
49 59 2722
49 60 6031
49 61 5478
49 62 3309
49 63 341
49 64 4437
49 65 3380
49 66 1271
49 67 3852
49 68 3842
49 69 994
49 70 4072
50 1 2925
50 2 1058
50 3 6696
50 4 2767
50 5 5852
50 6 3096
50 7 5818
50 8 1715
50 9 2572
50 10 7059
50 11 3092
50 12 6279
50 13 1940
50 14 7009
50 15 6800
50 16 2959
50 17 5107
50 18 1681
50 19 4247
50 20 6849
50 21 3613
50 22 3137
50 23 1670
50 24 3339
50 25 5329
50 26 2814
50 27 2429
50 28 308
50 29 4854
50 30 3788
50 31 5126
50 32 1896
50 33 3250
50 34 4636
50 35 6506
50 36 3431
50 37 2392
50 38 1553
50 39 2773
50 40 3200
50 41 4771
50 42 5199
50 43 1235
50 44 1262
50 45 2060
50 46 4919
50 47 1607
50 48 4853
50 49 7371
50 51 4807
50 52 1858
50 53 408
50 54 607
50 55 1380
50 56 1604
50 57 2767
50 58 2453
50 59 5008
50 60 4036
50 61 6314
50 62 4743
50 63 3245
50 64 4513
50 65 680
50 66 5731
50 67 7422
50 68 6439
50 69 169
50 70 5260
51 1 5098
51 2 1426
51 3 2557
51 4 1609
51 5 3383
51 6 2224
51 7 2953
51 8 5841
51 9 4051
51 10 1839
51 11 3669
51 12 2983
51 13 484
51 14 2497
51 15 1550
51 16 3367
51 17 91
51 18 7285
51 19 6743
51 20 1302
51 21 5889
51 22 4269
51 23 578
51 24 4742
51 25 4253
51 26 5812
51 27 4007
51 28 4792
51 29 1469
51 30 4259
51 31 295
51 32 154
51 33 4694
51 34 5098
51 35 3739
51 36 2303
51 37 320
51 38 2229
51 39 5965
51 40 1892
51 41 6076
51 42 3407
51 43 1675
51 44 4998
51 45 4197
51 46 2417
51 47 1927
51 48 957
51 49 6191
51 50 6122
51 52 1892
51 53 5285
51 54 6856
51 55 3594
51 56 6366
51 57 3495
51 58 5782
51 59 2013
51 60 6258
51 61 4833
51 62 6488
51 63 5599
51 64 691
51 65 1753
51 66 7386
51 67 7406
51 68 3162
51 69 3222
51 70 2397
52 1 1661
52 2 3364
52 3 6764
52 4 4582
52 5 4543
52 6 3660
52 7 1474
52 8 2199
52 9 5778
52 10 1547
52 11 3688
52 12 5319
52 13 291
52 14 1353
52 15 5598
52 16 2509
52 17 1469
52 18 6932
52 19 7393
52 20 6770
52 21 1477
52 22 1776
52 23 6347
52 24 1057
52 25 6157
52 26 6903
52 27 2661
52 28 7177
52 29 5239
52 30 4890
52 31 2428
52 32 6914
52 33 2098
52 34 2730
52 35 2128
52 36 2904
52 37 4735
52 38 2811
52 39 7104
52 40 5371
52 41 3079
52 42 1225
52 43 5619
52 44 2054
52 45 2
52 46 1982
52 47 1328
52 48 6194
52 49 17
52 50 5844
52 51 1567
52 53 6195
52 54 9
52 55 6269
52 56 5233
52 57 5190
52 58 828
52 59 5386
52 60 4137
52 61 1772
52 62 863
52 63 3732
52 64 422
52 65 7076
52 66 6880
52 67 7124
52 68 17
52 69 5203
52 70 1959
53 1 5386
53 2 5878
53 3 238
53 4 6664
53 5 766
53 6 7251
53 7 2647
53 8 2838
53 9 1741
53 10 5233
53 11 1965
53 12 3019
53 13 2959
53 14 1589
53 15 2352
53 16 3244
53 17 5494
53 18 1119
53 19 5550
53 20 4517
53 21 3514
53 22 1998
53 23 5968
53 24 3545
53 25 5983
53 26 3996
53 27 6296
53 28 2516
53 29 4496
53 30 4605
53 31 5146
53 32 1905
53 33 6210
53 34 1159
53 35 489
53 36 4808
53 37 4619
53 38 7149
53 39 3739
53 40 3815
53 41 3001
53 42 2274
53 43 3710
53 44 6756
53 45 5766
53 46 2306
53 47 6457
53 48 7388
53 49 1063
53 50 3851
53 51 5579
53 52 5429
53 54 4246
53 55 3304
53 56 6586
53 57 5305
53 58 7142
53 59 4488
53 60 6229
53 61 3365
53 62 4709
53 63 4983
53 64 2442
53 65 6416
53 66 3186
53 67 4390
53 68 812
53 69 471
53 70 6396
54 1 3211
54 2 3461
54 3 2387
54 4 3739
54 5 2930
54 6 6126
54 7 2991
54 8 197
54 9 689
54 10 6438
54 11 948
54 12 1861
54 13 2820
54 14 2764
54 15 4413
54 16 6344
54 17 4910
54 18 1593
54 19 1158
54 20 221
54 21 4240
54 22 2989
54 23 1285
54 24 1533
54 25 7261
54 26 4633
54 27 55
54 28 6110
54 29 5912
54 30 4910
54 31 6299
54 32 6796
54 33 7337
54 34 1915
54 35 1328
54 36 821
54 37 4690
54 38 3816
54 39 1613
54 40 4431
54 41 3356
54 42 2789
54 43 3132
54 44 1589
54 45 7309
54 46 2257
54 47 793
54 48 2078
54 49 3090
54 50 3580
54 51 3027
54 52 2963
54 53 3440
54 55 5071
54 56 3791
54 57 3474
54 58 2407
54 59 564
54 60 5112
54 61 3247
54 62 2362
54 63 631
54 64 2667
54 65 5522
54 66 4644
54 67 4697
54 68 6443
54 69 1560
54 70 2996
55 1 6501
55 2 2818
55 3 2539
55 4 4297
55 5 577
55 6 3844
55 7 2537
55 8 4700
55 9 4974
55 10 178
55 11 6964
55 12 3517
55 13 1637
55 14 6349
55 15 604
55 16 61
55 17 4690
55 18 3904
55 19 7160
55 20 6711
55 21 5933
55 22 2914
55 23 2874
55 24 1810
55 25 4802
55 26 2286
55 27 1427
55 28 3841
55 29 7017
55 30 3006
55 31 5533
55 32 4756
55 33 3844
55 34 7459
55 35 6507
55 36 3566
55 37 7497
55 38 4409
55 39 7106
55 40 3529
55 41 1840
55 42 3102
55 43 3829
55 44 3890
55 45 209
55 46 448
55 47 1353
55 48 629
55 49 7142
55 50 5671
55 51 1025
55 52 4320
55 53 546
55 54 4498
55 56 4186
55 57 200
55 58 1882
55 59 845
55 60 2376
55 61 4676
55 62 6010
55 63 762
55 64 7488
55 65 3492
55 66 6096
55 67 866
55 68 2403
55 69 1592
55 70 6177
56 1 2747
56 2 1001
56 3 5745
56 4 1787
56 5 2869
56 6 1750
56 7 6752
56 8 862
56 9 1093
56 10 1711
56 11 5265
56 12 5159
56 13 465
56 14 6035
56 15 655
56 16 4580
56 17 2968
56 18 1626
56 19 4262
56 20 7389
56 21 3858
56 22 552
56 23 3717
56 24 7014
56 25 5306
56 26 2554
56 27 2118
56 28 4305
56 29 3569
56 30 2676
56 31 5045
56 32 1548
56 33 286
56 34 5792
56 35 5362
56 36 905
56 37 2485
56 38 7093
56 39 3305
56 40 4239
56 41 3012
56 42 1851
56 43 4164
56 44 189
56 45 6997
56 46 44
56 47 3613
56 48 334
56 49 2619
56 50 4900
56 51 6632
56 52 844
56 53 4561
56 54 66
56 55 6380
56 57 270
56 58 829
56 59 3556
56 60 3046
56 61 777
56 62 5857
56 63 4375
56 64 2516
56 65 7429
56 66 3882
56 67 6189
56 68 6145
56 69 909
56 70 7418
57 1 4981
57 2 5765
57 3 5723
57 4 2117
57 5 612
57 6 456
57 7 214
57 8 2668
57 9 1809
57 10 3837
57 11 3853
57 12 2402
57 13 1747
57 14 3509
57 15 5850
57 16 3508
57 17 1987
57 18 4039
57 19 3996
57 20 380
57 21 6293
57 22 7275
57 23 471
57 24 6825
57 25 3858
57 26 3572
57 27 4581
57 28 431
57 29 2440
57 30 2529
57 31 275
57 32 3299
57 33 2194
57 34 1850
57 35 3773
57 36 2868
57 37 580
57 38 1287
57 39 5433
57 40 2410
57 41 3204
57 42 85
57 43 6464
57 44 5730
57 45 2961
57 46 5301
57 47 7368
57 48 340
57 49 6719
57 50 7016
57 51 5080
57 52 3298
57 53 2352
57 54 2420
57 55 4522
57 56 4896
57 58 585
57 59 7479
57 60 6522
57 61 6541
57 62 4092
57 63 597
57 64 1434
57 65 7256
57 66 2022
57 67 4578
57 68 6801
57 69 908
57 70 4665
58 1 6193
58 2 6266
58 3 7420
58 4 880
58 5 5355
58 6 4507
58 7 3630
58 8 3338
58 9 1390
58 10 4376
58 11 4173
58 12 1319
58 13 3728
58 14 5422
58 15 6900
58 16 7267
58 17 7020
58 18 7227
58 19 6782
58 20 56
58 21 3850
58 22 2217
58 23 1001
58 24 4073
58 25 218
58 26 4743
58 27 5018
58 28 1066
58 29 1714
58 30 1285
58 31 2683
58 32 3796
58 33 7224
58 34 5553
58 35 6746
58 36 5401
58 37 5969
58 38 481
58 39 2380
58 40 1805
58 41 3116
58 42 1879
58 43 4691
58 44 5899
58 45 1050
58 46 1416
58 47 5052
58 48 3134
58 49 4179
58 50 587
58 51 1176
58 52 2339
58 53 6557
58 54 993
58 55 4655
58 56 6537
58 57 3609
58 59 1035
58 60 5912
58 61 1856
58 62 1644
58 63 4004
58 64 1871
58 65 4178
58 66 905
58 67 5935
58 68 3541
58 69 4570
58 70 4210
59 1 6672
59 2 5250
59 3 4451
59 4 869
59 5 847
59 6 4287
59 7 1423
59 8 6892
59 9 2894
59 10 1691
59 11 1280
59 12 6372
59 13 679
59 14 995
59 15 4360
59 16 393
59 17 2792
59 18 2991
59 19 4522
59 20 40
59 21 3283
59 22 656
59 23 3348
59 24 283
59 25 2198
59 26 4384
59 27 4151
59 28 2059
59 29 1679
59 30 5653
59 31 3207
59 32 1131
59 33 7380
59 34 6824
59 35 7172
59 36 1151
59 37 1452
59 38 3205
59 39 2127
59 40 4959
59 41 5397
59 42 1362
59 43 413
59 44 5431
59 45 579
59 46 5475
59 47 4626
59 48 3785
59 49 5700
59 50 7207
59 51 301
59 52 2845
59 53 7372
59 54 4418
59 55 6779
59 56 4949
59 57 5832
59 58 7016
59 60 4471
59 61 6411
59 62 7447
59 63 3731
59 64 3223
59 65 303
59 66 2817
59 67 4112
59 68 466
59 69 1783
59 70 5596
60 1 5603
60 2 6289
60 3 4120
60 4 618
60 5 298
60 6 6611
60 7 3928
60 8 3551
60 9 982
60 10 1122
60 11 2306
60 12 4336
60 13 3487
60 14 3369
60 15 1946
60 16 1238
60 17 3550
60 18 6937
60 19 1320
60 20 1019
60 21 5608
60 22 2833
60 23 1136
60 24 5543
60 25 4811
60 26 715
60 27 4237
60 28 4054
60 29 6632
60 30 4382
60 31 1413
60 32 3834
60 33 49
60 34 1477
60 35 1067
60 36 4793
60 37 2267
60 38 4886
60 39 3027
60 40 767
60 41 1321
60 42 4646
60 43 7018
60 44 6094
60 45 857
60 46 3253
60 47 1771
60 48 1644
60 49 1146
60 50 6574
60 51 6347
60 52 6846
60 53 3356
60 54 1341
60 55 5576
60 56 2263
60 57 2372
60 58 3317
60 59 7265
60 61 3265
60 62 6607
60 63 7445
60 64 5911
60 65 2513
60 66 6735
60 67 1070
60 68 6617
60 69 1887
60 70 4355
61 1 5232
61 2 325
61 3 4506
61 4 3877
61 5 2887
61 6 5075
61 7 214
61 8 6502
61 9 343
61 10 6418
61 11 7151
61 12 5040
61 13 960
61 14 5714
61 15 1799
61 16 5626
61 17 4746
61 18 7082
61 19 1986
61 20 5871
61 21 535
61 22 1165
61 23 2342
61 24 2587
61 25 496
61 26 7241
61 27 6322
61 28 1922
61 29 3624
61 30 650
61 31 5269
61 32 5259
61 33 2491
61 34 4312
61 35 4528
61 36 2630
61 37 5993
61 38 7036
61 39 1867
61 40 515
61 41 7232
61 42 2577
61 43 2037
61 44 726
61 45 6535
61 46 5052
61 47 1633
61 48 1193
61 49 1113
61 50 867
61 51 4465
61 52 7380
61 53 4196
61 54 6551
61 55 4955
61 56 7406
61 57 6019
61 58 5643
61 59 5510
61 60 2031
61 62 5676
61 63 3330
61 64 2078
61 65 2681
61 66 6268
61 67 169
61 68 2217
61 69 228
61 70 1358
62 1 5966
62 2 5968
62 3 1257
62 4 5687
62 5 449
62 6 3011
62 7 7047
62 8 2601
62 9 5135
62 10 2286
62 11 744
62 12 7280
62 13 5843
62 14 1676
62 15 6636
62 16 7407
62 17 826
62 18 3221
62 19 7490
62 20 4193
62 21 3270
62 22 3992
62 23 5373
62 24 6294
62 25 2391
62 26 2769
62 27 7281
62 28 1823
62 29 6884
62 30 6751
62 31 6476
62 32 5507
62 33 6873
62 34 2213
62 35 3731
62 36 3887
62 37 3981
62 38 4492
62 39 6566
62 40 2376
62 41 6802
62 42 6714
62 43 3980
62 44 3191
62 45 6247
62 46 2777
62 47 7314
62 48 6724
62 49 2566
62 50 6682
62 51 6670
62 52 150
62 53 3213
62 54 6107
62 55 4703
62 56 5031
62 57 5192
62 58 2194
62 59 4722
62 60 3205
62 61 6763
62 63 4210
62 64 7136
62 65 1622
62 66 6316
62 67 5269
62 68 4890
62 69 5145
62 70 6797
63 1 6093
63 2 3577
63 3 1814
63 4 5168
63 5 5818
63 6 1504
63 7 6998
63 8 4918
63 9 7209
63 10 4119
63 11 6984
63 12 7007
63 13 7021
63 14 2823
63 15 4300
63 16 399
63 17 3910
63 18 7446
63 19 5347
63 20 1807
63 21 6545
63 22 6150
63 23 2122
63 24 388
63 25 3861
63 26 5977
63 27 1822
63 28 4228
63 29 1639
63 30 4377
63 31 6089
63 32 7427
63 33 6435
63 34 1852
63 35 5961
63 36 3211
63 37 906
63 38 4784
63 39 2195
63 40 4756
63 41 1976
63 42 2279
63 43 1940
63 44 6077
63 45 2334
63 46 1500
63 47 5136
63 48 2013
63 49 4228
63 50 3738
63 51 5376
63 52 5590
63 53 1367
63 54 168
63 55 1780
63 56 5289
63 57 5842
63 58 3829
63 59 5924
63 60 2203
63 61 5517
63 62 1330
63 64 5454
63 65 2040
63 66 3098
63 67 865
63 68 3064
63 69 1584
63 70 4780
64 1 1955
64 2 6754
64 3 5595
64 4 5114
64 5 5944
64 6 2390
64 7 64
64 8 1467
64 9 6986
64 10 2524
64 11 2484
64 12 1546
64 13 2276
64 14 6782
64 15 2940
64 16 6408
64 17 2838
64 18 1545
64 19 3857
64 20 4506
64 21 6219
64 22 2969
64 23 5188
64 24 4355
64 25 3324
64 26 3747
64 27 3228
64 28 5009
64 29 1228
64 30 6372
64 31 3658
64 32 367
64 33 5703
64 34 5468
64 35 4660
64 36 5325
64 37 6996
64 38 4273
64 39 3519
64 40 3573
64 41 3002
64 42 3412
64 43 6618
64 44 6499
64 45 1085
64 46 3957
64 47 3276
64 48 7192
64 49 3529
64 50 7355
64 51 2665
64 52 2239
64 53 2477
64 54 599
64 55 46
64 56 6654
64 57 6465
64 58 1507
64 59 3909
64 60 5138
64 61 6553
64 62 1351
64 63 2971
64 65 5939
64 66 3653
64 67 6099
64 68 2453
64 69 5971
64 70 5017
65 1 482
65 2 2504
65 3 7056
65 4 537
65 5 6887
65 6 1871
65 7 1889
65 8 3527
65 9 515
65 10 5176
65 11 4523
65 12 7389
65 13 4944
65 14 6110
65 15 1568
65 16 2825
65 17 2833
65 18 6151
65 19 7055
65 20 2732
65 21 6647
65 22 7035
65 23 6975
65 24 2525
65 25 1578
65 26 5363
65 27 4608
65 28 3775
65 29 760
65 30 2871
65 31 4104
65 32 234
65 33 3859
65 34 2378
65 35 353
65 36 4428
65 37 3171
65 38 1906
65 39 883
65 40 5119
65 41 4730
65 42 370
65 43 3652
65 44 3986
65 45 3035
65 46 5089
65 47 4433
65 48 5210
65 49 718
65 50 6617
65 51 3291
65 52 6076
65 53 2436
65 54 4932
65 55 3428
65 56 1351
65 57 1288
65 58 4632
65 59 5417
65 60 632
65 61 5861
65 62 3103
65 63 2415
65 64 6235
65 66 89
65 67 4004
65 68 4183
65 69 6521
65 70 6050
66 1 3741
66 2 3873
66 3 6565
66 4 6370
66 5 4178
66 6 2858
66 7 7277
66 8 6505
66 9 7095
66 10 2953
66 11 5057
66 12 4781
66 13 2257
66 14 6689
66 15 5516
66 16 5427
66 17 2376
66 18 5227
66 19 5747
66 20 3081
66 21 6463
66 22 5131
66 23 2279
66 24 6994
66 25 4658
66 26 667
66 27 3545
66 28 1940
66 29 7382
66 30 6017
66 31 2531
66 32 5047
66 33 4190
66 34 607
66 35 453
66 36 3644
66 37 60
66 38 3732
66 39 4728
66 40 3270
66 41 1270
66 42 4825
66 43 4189
66 44 1476
66 45 5769
66 46 7195
66 47 3410
66 48 7049
66 49 3272
66 50 2736
66 51 1215
66 52 6155
66 53 5024
66 54 2585
66 55 6111
66 56 5481
66 57 3391
66 58 2146
66 59 7456
66 60 1080
66 61 276
66 62 1766
66 63 3811
66 64 3578
66 65 3009
66 67 1709
66 68 2227
66 69 1509
66 70 4143
67 1 5051
67 2 4345
67 3 6193
67 4 6990
67 5 3042
67 6 2096
67 7 1397
67 8 6012
67 9 1773
67 10 3724
67 11 1938
67 12 5848
67 13 133
67 14 5438
67 15 6986
67 16 6676
67 17 1679
67 18 2563
67 19 795
67 20 2551
67 21 1630
67 22 4475
67 23 2814
67 24 2219
67 25 2492
67 26 946
67 27 6729
67 28 6258
67 29 4931
67 30 2507
67 31 695
67 32 421
67 33 4236
67 34 5997
67 35 4234
67 36 6287
67 37 3669
67 38 3988
67 39 3388
67 40 4396
67 41 1337
67 42 6344
67 43 1621
67 44 4050
67 45 5752
67 46 3863
67 47 5291
67 48 2345
67 49 2446
67 50 6808
67 51 5400
67 52 2962
67 53 7258
67 54 4108
67 55 2706
67 56 3483
67 57 1512
67 58 4973
67 59 1906
67 60 1937
67 61 1172
67 62 1032
67 63 1759
67 64 5708
67 65 6642
67 66 3394
67 68 6295
67 69 3668
67 70 7260
68 1 1210
68 2 4843
68 3 3248
68 4 659
68 5 3154
68 6 4063
68 7 7430
68 8 7247
68 9 2780
68 10 3993
68 11 4437
68 12 4987
68 13 1664
68 14 7142
68 15 6283
68 16 3220
68 17 474
68 18 2765
68 19 2979
68 20 2888
68 21 6045
68 22 1281
68 23 6303
68 24 4298
68 25 3419
68 26 6707
68 27 5758
68 28 5367
68 29 2151
68 30 5183
68 31 4843
68 32 110
68 33 3269
68 34 6102
68 35 379
68 36 6613
68 37 3775
68 38 1775
68 39 3679
68 40 5953
68 41 6452
68 42 3894
68 43 5169
68 44 5321
68 45 5241
68 46 6364
68 47 3371
68 48 6671
68 49 560
68 50 7178
68 51 6422
68 52 7187
68 53 5397
68 54 4861
68 55 4619
68 56 4449
68 57 978
68 58 2313
68 59 5847
68 60 3503
68 61 5048
68 62 4670
68 63 6180
68 64 4561
68 65 4058
68 66 4202
68 67 587
68 69 5287
68 70 7205
69 1 4584
69 2 1874
69 3 4850
69 4 4567
69 5 2264
69 6 2109
69 7 2327
69 8 2833
69 9 1592
69 10 3099
69 11 2341
69 12 2690
69 13 3067
69 14 1781
69 15 4853
69 16 2006
69 17 6705
69 18 5846
69 19 732
69 20 3930
69 21 6644
69 22 1023
69 23 33
69 24 1684
69 25 471
69 26 3533
69 27 752
69 28 2853
69 29 2250
69 30 5869
69 31 2921
69 32 947
69 33 6312
69 34 533
69 35 2962
69 36 6672
69 37 4817
69 38 1273
69 39 6354
69 40 82
69 41 1059
69 42 6834
69 43 4664
69 44 3726
69 45 4983
69 46 2967
69 47 604
69 48 4737
69 49 6622
69 50 3321
69 51 2068
69 52 6557
69 53 7033
69 54 2539
69 55 6883
69 56 3675
69 57 1710
69 58 1355
69 59 5876
69 60 3732
69 61 6295
69 62 6696
69 63 117
69 64 1882
69 65 2364
69 66 6783
69 67 4426
69 68 2992
69 70 3503
70 1 1823
70 2 1793
70 3 6222
70 4 4915
70 5 7366
70 6 1884
70 7 2075
70 8 6986
70 9 6105
70 10 1129
70 11 670
70 12 2199
70 13 2173
70 14 5426
70 15 5473
70 16 6744
70 17 4042
70 18 6536
70 19 3328
70 20 1389
70 21 1819
70 22 7275
70 23 6446
70 24 5835
70 25 6545
70 26 4617
70 27 1653
70 28 175
70 29 4619
70 30 1358
70 31 6759
70 32 3364
70 33 4411
70 34 1036
70 35 5088
70 36 2233
70 37 3506
70 38 4610
70 39 5179
70 40 5125
70 41 3924
70 42 328
70 43 3617
70 44 3195
70 45 2927
70 46 7418
70 47 67
70 48 758
70 49 4006
70 50 4179
70 51 1837
70 52 1603
70 53 4260
70 54 2719
70 55 2777
70 56 6388
70 57 6626
70 58 4419
70 59 4371
70 60 4734
70 61 4606
70 62 2502
70 63 7382
70 64 4129
70 65 6984
70 66 6931
70 67 6228
70 68 1259
70 69 3826
