70 4830
1 2 5797
1 3 397
1 4 5682
1 5 88
1 6 6820
1 7 2887
1 8 5353
1 9 7132
1 10 6928
1 11 6155
1 12 1093
1 13 1560
1 14 360
1 15 1468
1 16 4232
1 17 324
1 18 5876
1 19 1405
1 20 5317
1 21 5883
1 22 2056
1 23 6923
1 24 2638
1 25 1323
1 26 7197
1 27 6643
1 28 403
1 29 5566
1 30 5345
1 31 1464
1 32 5509
1 33 4114
1 34 3703
1 35 3798
1 36 3606
1 37 1243
1 38 5145
1 39 1764
1 40 1364
1 41 537
1 42 5971
1 43 726
1 44 1772
1 45 6240
1 46 491
1 47 2011
1 48 4883
1 49 60
1 50 4534
1 51 5452
1 52 80
1 53 2051
1 54 5481
1 55 5538
1 56 6259
1 57 3388
1 58 5616
1 59 5443
1 60 3622
1 61 6257
1 62 1856
1 63 4475
1 64 6595
1 65 4500
1 66 1653
1 67 5162
1 68 2915
1 69 4723
1 70 4702
2 1 4849
2 3 1427
2 4 506
2 5 7375
2 6 7325
2 7 3140
2 8 2737
2 9 7275
2 10 131
2 11 1080
2 12 4856
2 13 2547
2 14 6692
2 15 7395
2 16 6091
2 17 4436
2 18 770
2 19 739
2 20 4459
2 21 2318
2 22 2704
2 23 4799
2 24 3346
2 25 2557
2 26 6867
2 27 3782
2 28 5509
2 29 2675
2 30 5528
2 31 4716
2 32 7347
2 33 1983
2 34 6060
2 35 1777
2 36 6079
2 37 427
2 38 1171
2 39 1435
2 40 5692
2 41 767
2 42 7025
2 43 252
2 44 3607
2 45 2881
2 46 6351
2 47 2718
2 48 3668
2 49 5976
2 50 5367
2 51 6077
2 52 2041
2 53 4060
2 54 7300
2 55 925
2 56 5176
2 57 1673
2 58 3866
2 59 3942
2 60 6118
2 61 2414
2 62 6504
2 63 2542
2 64 6905
2 65 4573
2 66 6089
2 67 3659
2 68 6386
2 69 2388
2 70 6682
3 1 5651
3 2 2724
3 4 1250
3 5 5519
3 6 3024
3 7 6919
3 8 6431
3 9 6883
3 10 5105
3 11 1790
3 12 2126
3 13 3447
3 14 4077
3 15 4506
3 16 5250
3 17 1712
3 18 1850
3 19 5203
3 20 1350
3 21 4
3 22 353
3 23 7426
3 24 3121
3 25 5790
3 26 441
3 27 3488
3 28 4998
3 29 1900
3 30 7178
3 31 6351
3 32 3396
3 33 3451
3 34 955
3 35 5457
3 36 2599
3 37 7456
3 38 7112
3 39 4521
3 40 3017
3 41 3870
3 42 5924
3 43 7457
3 44 4280
3 45 3348
3 46 653
3 47 6621
3 48 2049
3 49 4796
3 50 5797
3 51 5608
3 52 533
3 53 3834
3 54 3203
3 55 2023
3 56 4937
3 57 6401
3 58 2206
3 59 6175
3 60 5971
3 61 1123
3 62 3109
3 63 4095
3 64 5486
3 65 2812
3 66 4636
3 67 7468
3 68 2898
3 69 395
3 70 6057
4 1 1291
4 2 1459
4 3 1412
4 5 4648
4 6 2019
4 7 1032
4 8 3547
4 9 5839
4 10 2033
4 11 7275
4 12 6313
4 13 7488
4 14 7500
4 15 4730
4 16 4435
4 17 2361
4 18 4374
4 19 5610
4 20 6329
4 21 1752
4 22 6645
4 23 6695
4 24 627
4 25 3397
4 26 2856
4 27 6226
4 28 4179
4 29 860
4 30 532
4 31 4325
4 32 3321
4 33 1370
4 34 5299
4 35 4269
4 36 3068
4 37 4858
4 38 1953
4 39 1917
4 40 7235
4 41 7013
4 42 6124
4 43 2581
4 44 1207
4 45 6064
4 46 1986
4 47 3771
4 48 969
4 49 3884
4 50 778
4 51 6733
4 52 7181
4 53 3437
4 54 5072
4 55 3339
4 56 4691
4 57 4054
4 58 3975
4 59 6290
4 60 2784
4 61 4686
4 62 2725
4 63 1966
4 64 3670
4 65 302
4 66 7394
4 67 2492
4 68 6295
4 69 1686
4 70 655
5 1 203
5 2 2107
5 3 2787
5 4 4533
5 6 5638
5 7 1681
5 8 5720
5 9 2752
5 10 4752
5 11 7479
5 12 7363
5 13 3982
5 14 6715
5 15 6398
5 16 190
5 17 6300
5 18 2537
5 19 3352
5 20 3640
5 21 871
5 22 4183
5 23 3653
5 24 6645
5 25 5059
5 26 443
5 27 2229
5 28 2183
5 29 1865
5 30 2838
5 31 4985
5 32 564
5 33 2650
5 34 1429
5 35 5992
5 36 2534
5 37 3601
5 38 5942
5 39 4584
5 40 1551
5 41 6771
5 42 528
5 43 7202
5 44 2122
5 45 2816
5 46 7204
5 47 1352
5 48 863
5 49 6055
5 50 3568
5 51 6445
5 52 2486
5 53 2062
5 54 4947
5 55 2622
5 56 7084
5 57 3800
5 58 410
5 59 339
5 60 467
5 61 6974
5 62 6181
5 63 6125
5 64 2239
5 65 1947
5 66 6007
5 67 4137
5 68 4226
5 69 3894
5 70 1409
6 1 5226
6 2 6291
6 3 3790
6 4 7285
6 5 4247
6 7 2909
6 8 2008
6 9 1394
6 10 927
6 11 3093
6 12 4248
6 13 5795
6 14 737
6 15 6795
6 16 3325
6 17 5455
6 18 1020
6 19 5202
6 20 1959
6 21 1977
6 22 38
6 23 2
6 24 2739
6 25 764
6 26 3168
6 27 6422
6 28 4871
6 29 6191
6 30 2793
6 31 3886
6 32 5617
6 33 6803
6 34 2186
6 35 2330
6 36 1215
6 37 1836
6 38 2044
6 39 926
6 40 5250
6 41 1856
6 42 4859
6 43 4396
6 44 2346
6 45 133
6 46 2775
6 47 4531
6 48 617
6 49 3915
6 50 7366
6 51 1819
6 52 5538
6 53 3330
6 54 1486
6 55 490
6 56 849
6 57 4721
6 58 2009
6 59 5453
6 60 1109
6 61 5928
6 62 4808
6 63 6960
6 64 1987
6 65 2547
6 66 6597
6 67 2384
6 68 2528
6 69 4384
6 70 4607
7 1 5612
7 2 3799
7 3 1325
7 4 5454
7 5 7111
7 6 277
7 8 687
7 9 2353
7 10 3003
7 11 2271
7 12 5430
7 13 3372
7 14 6400
7 15 1809
7 16 5554
7 17 7480
7 18 240
7 19 1891
7 20 629
7 21 2103
7 22 5638
7 23 7336
7 24 382
7 25 5379
7 26 2142
7 27 4358
7 28 7391
7 29 5440
7 30 102
7 31 5037
7 32 5964
7 33 4427
7 34 428
7 35 2486
7 36 2051
7 37 5717
7 38 3356
7 39 5266
7 40 6543
7 41 1719
7 42 5988
7 43 5694
7 44 572
7 45 2188
7 46 763
7 47 4910
7 48 3828
7 49 321
7 50 6010
7 51 7210
7 52 2562
7 53 345
7 54 2586
7 55 2352
7 56 779
7 57 6498
7 58 405
7 59 6382
7 60 1035
7 61 2635
7 62 6159
7 63 2809
7 64 5441
7 65 1128
7 66 4573
7 67 6576
7 68 1342
7 69 5707
7 70 1368
8 1 5360
8 2 3358
8 3 4868
8 4 6611
8 5 3329
8 6 7304
8 7 248
8 9 1695
8 10 1701
8 11 735
8 12 3923
8 13 3730
8 14 1309
8 15 6121
8 16 5660
8 17 2627
8 18 2521
8 19 6719
8 20 3670
8 21 7482
8 22 979
8 23 2593
8 24 6620
8 25 7091
8 26 5425
8 27 6383
8 28 3051
8 29 2013
8 30 1117
8 31 5160
8 32 5018
8 33 3231
8 34 5631
8 35 6713
8 36 6621
8 37 7039
8 38 488
8 39 6630
8 40 1098
8 41 6427
8 42 5979
8 43 292
8 44 2040
8 45 1852
8 46 5375
8 47 2795
8 48 432
8 49 5463
8 50 1245
8 51 559
8 52 4370
8 53 6116
8 54 6703
8 55 4586
8 56 6672
8 57 5982
8 58 3941
8 59 4842
8 60 5921
8 61 4132
8 62 2651
8 63 4948
8 64 3612
8 65 4574
8 66 2778
8 67 3813
8 68 5517
8 69 3455
8 70 4256
9 1 1629
9 2 7180
9 3 2977
9 4 957
9 5 7212
9 6 4800
9 7 203
9 8 6919
9 10 4790
9 11 2162
9 12 3096
9 13 6969
9 14 321
9 15 7000
9 16 1801
9 17 3458
9 18 3974
9 19 526
9 20 7222
9 21 857
9 22 3157
9 23 7153
9 24 759
9 25 3510
9 26 3230
9 27 5232
9 28 354
9 29 588
9 30 430
9 31 5372
9 32 3187
9 33 4530
9 34 6547
9 35 3722
9 36 3353
9 37 7472
9 38 5026
9 39 496
9 40 468
9 41 3608
9 42 4197
9 43 519
9 44 5759
9 45 3462
9 46 4992
9 47 6543
9 48 4340
9 49 3552
9 50 6899
9 51 720
9 52 5371
9 53 5080
9 54 1300
9 55 1635
9 56 1300
9 57 2989
9 58 700
9 59 756
9 60 2655
9 61 323
9 62 1721
9 63 2860
9 64 5996
9 65 5871
9 66 7400
9 67 7218
9 68 6500
9 69 405
9 70 2046
10 1 7350
10 2 4437
10 3 1062
10 4 2849
10 5 2316
10 6 2316
10 7 4723
10 8 3798
10 9 4329
10 11 4110
10 12 1981
10 13 4347
10 14 2124
10 15 2486
10 16 801
10 17 4762
10 18 1142
10 19 5694
10 20 2873
10 21 4364
10 22 5809
10 23 7121
10 24 159
10 25 3034
10 26 6633
10 27 2886
10 28 6568
10 29 5927
10 30 2210
10 31 1484
10 32 5803
10 33 4211
10 34 3813
10 35 6274
10 36 74
10 37 5265
10 38 1381
10 39 4172
10 40 1528
10 41 3773
10 42 4521
10 43 6774
10 44 6970
10 45 3756
10 46 4742
10 47 1281
10 48 6389
10 49 3708
10 50 2628
10 51 3887
10 52 639
10 53 4345
10 54 6083
10 55 6568
10 56 3298
10 57 3919
10 58 773
10 59 615
10 60 1651
10 61 200
10 62 3376
10 63 4592
10 64 6650
10 65 5912
10 66 2755
10 67 6250
10 68 257
10 69 635
10 70 2711
11 1 83
11 2 3283
11 3 6012
11 4 1927
11 5 6327
11 6 229
11 7 698
11 8 5804
11 9 6005
11 10 3107
11 12 2183
11 13 713
11 14 6941
11 15 825
11 16 5942
11 17 3835
11 18 2949
11 19 6867
11 20 6602
11 21 7399
11 22 4283
11 23 63
11 24 7333
11 25 5161
11 26 7382
11 27 6522
11 28 2187
11 29 4645
11 30 6686
11 31 4972
11 32 5496
11 33 786
11 34 7036
11 35 164
11 36 1753
11 37 6152
11 38 1074
11 39 7132
11 40 1695
11 41 2085
11 42 3084
11 43 5598
11 44 6729
11 45 5469
11 46 108
11 47 3398
11 48 421
11 49 1113
11 50 6784
11 51 3961
11 52 2568
11 53 4743
11 54 3323
11 55 914
11 56 2562
11 57 1361
11 58 2509
11 59 5686
11 60 4093
11 61 5729
11 62 2600
11 63 3218
11 64 6783
11 65 4596
11 66 3181
11 67 1292
11 68 447
11 69 5643
11 70 5298
12 1 4040
12 2 2293
12 3 6832
12 4 5168
12 5 3879
12 6 1936
12 7 4511
12 8 5763
12 9 1024
12 10 4251
12 11 4729
12 13 1062
12 14 5120
12 15 1051
12 16 7311
12 17 6118
12 18 7391
12 19 171
12 20 518
12 21 3191
12 22 584
12 23 6211
12 24 4129
12 25 12
12 26 4435
12 27 7082
12 28 155
12 29 2238
12 30 6463
12 31 4514
12 32 7368
12 33 3763
12 34 2943
12 35 663
12 36 3568
12 37 1528
12 38 3836
12 39 5831
12 40 481
12 41 990
12 42 3161
12 43 977
12 44 3569
12 45 6988
12 46 6675
12 47 5476
12 48 6251
12 49 3142
12 50 3850
12 51 5919
12 52 3933
12 53 340
12 54 2853
12 55 2897
12 56 142
12 57 4098
12 58 5314
12 59 2166
12 60 6240
12 61 3545
12 62 2727
12 63 323
12 64 1198
12 65 6074
12 66 1998
12 67 6897
12 68 5119
12 69 5633
12 70 5839
13 1 4629
13 2 2576
13 3 1273
13 4 7129
13 5 5126
13 6 5207
13 7 4104
13 8 6583
13 9 6475
13 10 7198
13 11 5562
13 12 3358
13 14 6476
13 15 2948
13 16 6938
13 17 5047
13 18 1931
13 19 4591
13 20 939
13 21 4206
13 22 5002
13 23 5798
13 24 5258
13 25 2290
13 26 1358
13 27 3590
13 28 6105
13 29 6818
13 30 5032
13 31 5011
13 32 4444
13 33 6227
13 34 5958
13 35 1351
13 36 5073
13 37 5988
13 38 5871
13 39 7489
13 40 4240
13 41 4042
13 42 4593
13 43 5907
13 44 1241
13 45 5886
13 46 711
13 47 1480
13 48 2182
13 49 6915
13 50 5466
13 51 1118
13 52 285
13 53 4881
13 54 2704
13 55 4065
13 56 6794
13 57 5248
13 58 5458
13 59 3253
13 60 7179
13 61 750
13 62 3292
13 63 615
13 64 7492
13 65 5034
13 66 509
13 67 6477
13 68 599
13 69 920
13 70 5981
14 1 6647
14 2 6158
14 3 6691
14 4 6043
14 5 7295
14 6 3325
14 7 3699
14 8 5441
14 9 7123
14 10 3542
14 11 1797
14 12 5309
14 13 6285
14 15 1306
14 16 3644
14 17 3851
14 18 232
14 19 4839
14 20 4710
14 21 5313
14 22 589
14 23 909
14 24 3782
14 25 1864
14 26 820
14 27 168
14 28 550
14 29 7105
14 30 3755
14 31 1860
14 32 5054
14 33 6771
14 34 5897
14 35 4213
14 36 1636
14 37 1573
14 38 3407
14 39 3515
14 40 5142
14 41 1034
14 42 6735
14 43 3699
14 44 6731
14 45 573
14 46 4438
14 47 2410
14 48 678
14 49 1096
14 50 5321
14 51 3437
14 52 7313
14 53 3341
14 54 4648
14 55 358
14 56 4355
14 57 3944
14 58 4855
14 59 4925
14 60 3211
14 61 7373
14 62 619
14 63 6295
14 64 2755
14 65 60
14 66 4694
14 67 2398
14 68 4541
14 69 4585
14 70 6167
15 1 5961
15 2 3890
15 3 2702
15 4 2420
15 5 118
15 6 3194
15 7 6289
15 8 1209
15 9 2619
15 10 3665
15 11 6303
15 12 4540
15 13 611
15 14 3727
15 16 1026
15 17 4155
15 18 5523
15 19 831
15 20 2359
15 21 1812
15 22 1470
15 23 1838
15 24 6460
15 25 3274
15 26 6980
15 27 4269
15 28 7021
15 29 1514
15 30 6726
15 31 4614
15 32 3746
15 33 5699
15 34 4630
15 35 6884
15 36 4370
15 37 3679
15 38 5569
15 39 3472
15 40 2414
15 41 5787
15 42 2355
15 43 4662
15 44 3736
15 45 3118
15 46 2041
15 47 2381
15 48 2110
15 49 5359
15 50 2210
15 51 6319
15 52 4653
15 53 150
15 54 7251
15 55 2980
15 56 5025
15 57 4599
15 58 948
15 59 938
15 60 4446
15 61 223
15 62 4306
15 63 7412
15 64 5258
15 65 1826
15 66 6683
15 67 1594
15 68 6530
15 69 727
15 70 3084
16 1 2627
16 2 262
16 3 5508
16 4 1816
16 5 1516
16 6 4677
16 7 2594
16 8 4982
16 9 6959
16 10 5463
16 11 6936
16 12 3437
16 13 65
16 14 4455
16 15 6713
16 17 888
16 18 3322
16 19 2387
16 20 5462
16 21 5472
16 22 6228
16 23 3296
16 24 6512
16 25 1119
16 26 3118
16 27 978
16 28 7127
16 29 1153
16 30 1923
16 31 6563
16 32 876
16 33 7409
16 34 3778
16 35 4962
16 36 95
16 37 2949
16 38 6796
16 39 5360
16 40 4259
16 41 1726
16 42 2711
16 43 4735
16 44 139
16 45 5445
16 46 5365
16 47 4197
16 48 2339
16 49 6603
16 50 5385
16 51 6153
16 52 6009
16 53 1830
16 54 5185
16 55 6929
16 56 2937
16 57 6399
16 58 3228
16 59 2567
16 60 1091
16 61 4050
16 62 3903
16 63 4660
16 64 2065
16 65 4125
16 66 5020
16 67 2039
16 68 350
16 69 5702
16 70 1517
17 1 5421
17 2 4924
17 3 2623
17 4 2315
17 5 2871
17 6 398
17 7 630
17 8 454
17 9 2042
17 10 693
17 11 35
17 12 4519
17 13 2082
17 14 5089
17 15 2949
17 16 1458
17 18 1863
17 19 726
17 20 7306
17 21 3401
17 22 3868
17 23 5543
17 24 7299
17 25 5900
17 26 1328
17 27 1448
17 28 1728
17 29 6554
17 30 6511
17 31 3176
17 32 5079
17 33 1392
17 34 2469
17 35 6656
17 36 6327
17 37 5362
17 38 1414
17 39 7444
17 40 5330
17 41 5238
17 42 2089
17 43 1066
17 44 1562
17 45 2172
17 46 4431
17 47 803
17 48 6182
17 49 530
17 50 4856
17 51 1619
17 52 4913
17 53 4370
17 54 687
17 55 1134
17 56 5410
17 57 1211
17 58 4577
17 59 5809
17 60 6428
17 61 5019
17 62 6378
17 63 1504
17 64 7237
17 65 6525
17 66 4111
17 67 340
17 68 6531
17 69 4373
17 70 2773
18 1 6427
18 2 3825
18 3 7131
18 4 3223
18 5 3771
18 6 1467
18 7 2229
18 8 6200
18 9 1994
18 10 3461
18 11 926
18 12 6996
18 13 5043
18 14 201
18 15 1469
18 16 5432
18 17 4371
18 19 1834
18 20 921
18 21 1184
18 22 550
18 23 3937
18 24 7104
18 25 1332
18 26 904
18 27 3071
18 28 5396
18 29 4140
18 30 1946
18 31 7149
18 32 4272
18 33 5797
18 34 261
18 35 3227
18 36 1979
18 37 618
18 38 7386
18 39 2849
18 40 1119
18 41 3299
18 42 4789
18 43 590
18 44 5847
18 45 4238
18 46 6058
18 47 5578
18 48 7149
18 49 3582
18 50 3738
18 51 5796
18 52 6831
18 53 6750
18 54 7129
18 55 3431
18 56 339
18 57 4732
18 58 4990
18 59 5211
18 60 4340
18 61 162
18 62 3399
18 63 4308
18 64 4346
18 65 1296
18 66 6944
18 67 5019
18 68 6194
18 69 1603
18 70 2558
19 1 4110
19 2 5304
19 3 1664
19 4 405
19 5 348
19 6 3642
19 7 6740
19 8 6984
19 9 2111
19 10 5083
19 11 5346
19 12 4105
19 13 671
19 14 644
19 15 6325
19 16 2809
19 17 509
19 18 2670
19 20 6982
19 21 6012
19 22 4260
19 23 5414
19 24 3319
19 25 4961
19 26 2911
19 27 147
19 28 3576
19 29 4034
19 30 5531
19 31 2999
19 32 555
19 33 2910
19 34 6860
19 35 7035
19 36 5960
19 37 893
19 38 1315
19 39 6739
19 40 3243
19 41 4955
19 42 1062
19 43 7237
19 44 4805
19 45 1582
19 46 4996
19 47 2986
19 48 7153
19 49 4615
19 50 398
19 51 5179
19 52 2993
19 53 4233
19 54 1227
19 55 4534
19 56 3670
19 57 4273
19 58 4641
19 59 2496
19 60 4824
19 61 7001
19 62 3899
19 63 4292
19 64 903
19 65 5977
19 66 6101
19 67 3450
19 68 206
19 69 516
19 70 5214
20 1 4676
20 2 2826
20 3 6204
20 4 3803
20 5 430
20 6 1764
20 7 559
20 8 5728
20 9 274
20 10 4904
20 11 2796
20 12 3353
20 13 7471
20 14 3949
20 15 7367
20 16 2089
20 17 3503
20 18 909
20 19 269
20 21 6058
20 22 3094
20 23 6302
20 24 1346
20 25 4697
20 26 2134
20 27 86
20 28 2130
20 29 4889
20 30 1170
20 31 5310
20 32 1920
20 33 2131
20 34 5742
20 35 5850
20 36 4780
20 37 2193
20 38 7199
20 39 2940
20 40 4810
20 41 3726
20 42 445
20 43 2099
20 44 1182
20 45 3355
20 46 3551
20 47 802
20 48 4635
20 49 3579
20 50 2269
20 51 1225
20 52 3433
20 53 3192
20 54 3613
20 55 2760
20 56 2804
20 57 1941
20 58 4905
20 59 3135
20 60 4844
20 61 3290
20 62 4384
20 63 2742
20 64 7471
20 65 2564
20 66 1153
20 67 6221
20 68 7081
20 69 7140
20 70 3862
21 1 5693
21 2 1075
21 3 108
21 4 5818
21 5 3305
21 6 1354
21 7 2429
21 8 1467
21 9 4499
21 10 5093
21 11 3997
21 12 5772
21 13 1812
21 14 6830
21 15 5402
21 16 7383
21 17 3986
21 18 5708
21 19 2416
21 20 6800
21 22 3059
21 23 3766
21 24 5778
21 25 5175
21 26 3585
21 27 326
21 28 385
21 29 6388
21 30 3194
21 31 7473
21 32 5716
21 33 2819
21 34 3745
21 35 7106
21 36 2267
21 37 1784
21 38 5093
21 39 3012
21 40 7385
21 41 5465
21 42 4007
21 43 1377
21 44 2105
21 45 4193
21 46 5860
21 47 907
21 48 1848
21 49 6895
21 50 1765
21 51 6405
21 52 1836
21 53 7203
21 54 1910
21 55 2165
21 56 2538
21 57 1512
21 58 2801
21 59 5657
21 60 3532
21 61 6287
21 62 4926
21 63 5912
21 64 6594
21 65 4981
21 66 2448
21 67 3804
21 68 5413
21 69 94
21 70 5059
22 1 5185
22 2 3346
22 3 3774
22 4 6147
22 5 1592
22 6 4271
22 7 3466
22 8 234
22 9 4085
22 10 2898
22 11 5702
22 12 5907
22 13 6187
22 14 175
22 15 1054
22 16 1030
22 17 6412
22 18 2185
22 19 6073
22 20 723
22 21 5504
22 23 4152
22 24 6615
22 25 4004
22 26 407
22 27 1381
22 28 766
22 29 5111
22 30 5974
22 31 1540
22 32 6151
22 33 3806
22 34 6827
22 35 1769
22 36 3445
22 37 5397
22 38 7465
22 39 390
22 40 6206
22 41 6173
22 42 7448
22 43 6394
22 44 6364
22 45 5147
22 46 6579
22 47 6383
22 48 3069
22 49 7393
22 50 2938
22 51 7227
22 52 1547
22 53 2758
22 54 3835
22 55 6780
22 56 3242
22 57 5425
22 58 6639
22 59 5850
22 60 2649
22 61 5225
22 62 3082
22 63 323
22 64 7222
22 65 3320
22 66 6603
22 67 3774
22 68 3660
22 69 3415
22 70 3438
23 1 83
23 2 453
23 3 6531
23 4 5611
23 5 5399
23 6 6627
23 7 7062
23 8 1528
23 9 7278
23 10 5344
23 11 6727
23 12 3816
23 13 1201
23 14 1597
23 15 1688
23 16 6254
23 17 2099
23 18 2329
23 19 2535
23 20 6510
23 21 2503
23 22 5999
23 24 3235
23 25 2031
23 26 6691
23 27 4891
23 28 4366
23 29 2143
23 30 1393
23 31 4654
23 32 1037
23 33 5095
23 34 3244
23 35 4754
23 36 3879
23 37 3226
23 38 2670
23 39 4720
23 40 3651
23 41 5401
23 42 6503
23 43 5981
23 44 1149
23 45 5563
23 46 7321
23 47 6524
23 48 6671
23 49 6153
23 50 3924
23 51 3375
23 52 1131
23 53 5792
23 54 2177
23 55 6416
23 56 5163
23 57 4035
23 58 1766
23 59 2762
23 60 635
23 61 7050
23 62 138
23 63 2347
23 64 3542
23 65 2161
23 66 5722
23 67 6140
23 68 6222
23 69 832
23 70 3685
24 1 7070
24 2 3302
24 3 4662
24 4 3668
24 5 5102
24 6 5142
24 7 6126
24 8 785
24 9 12
24 10 787
24 11 3050
24 12 3791
24 13 4574
24 14 1160
24 15 4488
24 16 816
24 17 2059
24 18 4221
24 19 1336
24 20 2715
24 21 707
24 22 4345
24 23 6517
24 25 3556
24 26 920
24 27 7224
24 28 1984
24 29 5713
24 30 3234
24 31 3353
24 32 6754
24 33 3732
24 34 5482
24 35 7335
24 36 512
24 37 586
24 38 6417
24 39 4153
24 40 5833
24 41 6492
24 42 4911
24 43 4467
24 44 4386
24 45 6973
24 46 4671
24 47 4610
24 48 4690
24 49 5464
24 50 5825
24 51 1130
24 52 6681
24 53 3358
24 54 428
24 55 5418
24 56 4183
24 57 3574
24 58 3500
24 59 1086
24 60 1240
24 61 4781
24 62 5357
24 63 398
24 64 5913
24 65 6974
24 66 3553
24 67 2502
24 68 6232
24 69 4814
24 70 868
25 1 4389
25 2 640
25 3 3480
25 4 4943
25 5 1559
25 6 1435
25 7 1601
25 8 974
25 9 6794
25 10 6367
25 11 3965
25 12 3394
25 13 1401
25 14 30
25 15 2674
25 16 7408
25 17 1572
25 18 4602
25 19 3385
25 20 1133
25 21 807
25 22 1478
25 23 5244
25 24 4055
25 26 1123
25 27 4925
25 28 129
25 29 5606
25 30 4173
25 31 6327
25 32 2589
25 33 2410
25 34 2956
25 35 2786
25 36 5953
25 37 953
25 38 3006
25 39 3702
25 40 5990
25 41 7108
25 42 6606
25 43 5688
25 44 5537
25 45 3084
25 46 5181
25 47 90
25 48 4977
25 49 2122
25 50 2154
25 51 3805
25 52 1022
25 53 2415
25 54 2050
25 55 5579
25 56 7022
25 57 3266
25 58 7484
25 59 717
25 60 4967
25 61 5668
25 62 2490
25 63 2418
25 64 2631
25 65 3454
25 66 1561
25 67 7099
25 68 3743
25 69 3788
25 70 3107
26 1 6162
26 2 1419
26 3 3807
26 4 3661
26 5 6666
26 6 4807
26 7 4047
26 8 6113
26 9 4247
26 10 6516
26 11 6144
26 12 2116
26 13 183
26 14 54
26 15 4804
26 16 463
26 17 1372
26 18 427
26 19 3720
26 20 2202
26 21 6258
26 22 3674
26 23 4265
26 24 1229
26 25 5965
26 27 939
26 28 6541
26 29 5310
26 30 6000
26 31 6062
26 32 685
26 33 6036
26 34 5898
26 35 4475
26 36 920
26 37 3608
26 38 904
26 39 4542
26 40 4907
26 41 2461
26 42 7371
26 43 6508
26 44 2686
26 45 7428
26 46 7331
26 47 4738
26 48 308
26 49 6666
26 50 5331
26 51 1758
26 52 4121
26 53 7189
26 54 4571
26 55 6093
26 56 3347
26 57 296
26 58 7089
26 59 2424
26 60 3870
26 61 2664
26 62 3885
26 63 4669
26 64 4017
26 65 7331
26 66 6230
26 67 3431
26 68 917
26 69 3339
26 70 3515
27 1 6751
27 2 7099
27 3 843
27 4 3160
27 5 7430
27 6 6639
27 7 5755
27 8 907
27 9 3975
27 10 7021
27 11 6862
27 12 1340
27 13 5886
27 14 2627
27 15 3806
27 16 878
27 17 5839
27 18 7259
27 19 5349
27 20 7366
27 21 6709
27 22 1074
27 23 2386
27 24 1075
27 25 5071
27 26 6021
27 28 7232
27 29 1988
27 30 5140
27 31 4101
27 32 7243
27 33 105
27 34 3901
27 35 7029
27 36 5763
27 37 7348
27 38 6163
27 39 3463
27 40 5576
27 41 5960
27 42 5765
27 43 2920
27 44 6000
27 45 4193
27 46 4363
27 47 146
27 48 4299
27 49 139
27 50 4704
27 51 6747
27 52 5728
27 53 6871
27 54 5734
27 55 812
27 56 7222
27 57 1093
27 58 342
27 59 6285
27 60 1866
27 61 226
27 62 6016
27 63 1663
27 64 2855
27 65 6170
27 66 7141
27 67 6086
27 68 4176
27 69 6576
27 70 2345
28 1 2092
28 2 2750
28 3 4819
28 4 4029
28 5 5923
28 6 7329
28 7 2191
28 8 2505
28 9 4022
28 10 3788
28 11 380
28 12 4491
28 13 4910
28 14 6527
28 15 7069
28 16 1544
28 17 3548
28 18 4212
28 19 5270
28 20 2386
28 21 2851
28 22 5267
28 23 722
28 24 6559
28 25 5598
28 26 255
28 27 3973
28 29 5371
28 30 681
28 31 4681
28 32 4856
28 33 6585
28 34 1205
28 35 4805
28 36 3303
28 37 1510
28 38 3996
28 39 373
28 40 740
28 41 4767
28 42 899
28 43 6803
28 44 2103
28 45 3852
28 46 2365
28 47 3276
28 48 4048
28 49 3080
28 50 6894
28 51 43
28 52 2742
28 53 7480
28 54 3010
28 55 6271
28 56 2477
28 57 7284
28 58 6033
28 59 1192
28 60 1953
28 61 5440
28 62 4195
28 63 7413
28 64 4717
28 65 7081
28 66 7068
28 67 3189
28 68 3960
28 69 7277
28 70 2901
29 1 3910
29 2 4327
29 3 3143
29 4 256
29 5 1998
29 6 6359
29 7 1157
29 8 2893
29 9 4582
29 10 3804
29 11 1908
29 12 4034
29 13 1289
29 14 3729
29 15 5983
29 16 5339
29 17 3885
29 18 3689
29 19 6967
29 20 4810
29 21 340
29 22 3630
29 23 3400
29 24 906
29 25 4112
29 26 1230
29 27 6560
29 28 152
29 30 7344
29 31 819
29 32 1187
29 33 7247
29 34 805
29 35 5096
29 36 5146
29 37 3595
29 38 378
29 39 3633
29 40 4447
29 41 115
29 42 4028
29 43 5428
29 44 509
29 45 2866
29 46 6624
29 47 4729
29 48 1159
29 49 5951
29 50 2737
29 51 2814
29 52 2302
29 53 5511
29 54 2179
29 55 2254
29 56 4136
29 57 6915
29 58 4004
29 59 4466
29 60 5768
29 61 5397
29 62 3887
29 63 1523
29 64 2731
29 65 1780
29 66 5057
29 67 7020
29 68 4116
29 69 6329
29 70 6733
30 1 2453
30 2 5897
30 3 2779
30 4 940
30 5 6418
30 6 3615
30 7 4328
30 8 3610
30 9 1039
30 10 4806
30 11 4970
30 12 1951
30 13 6509
30 14 4319
30 15 6810
30 16 4819
30 17 6071
30 18 1374
30 19 3266
30 20 1004
30 21 326
30 22 4053
30 23 5824
30 24 1218
30 25 6583
30 26 6405
30 27 3497
30 28 404
30 29 1053
30 31 6871
30 32 2651
30 33 150
30 34 5329
30 35 6232
30 36 4317
30 37 3314
30 38 3272
30 39 4302
30 40 6767
30 41 6516
30 42 4679
30 43 4271
30 44 5600
30 45 1417
30 46 5462
30 47 5519
30 48 567
30 49 5591
30 50 6666
30 51 1079
30 52 6473
30 53 3894
30 54 4826
30 55 1369
30 56 1005
30 57 2864
30 58 31
30 59 5980
30 60 5494
30 61 2252
30 62 2667
30 63 3438
30 64 19
30 65 2209
30 66 1073
30 67 3951
30 68 456
30 69 6599
30 70 1917
31 1 5518
31 2 5810
31 3 7156
31 4 3222
31 5 5558
31 6 2180
31 7 2543
31 8 6248
31 9 7389
31 10 401
31 11 5556
31 12 5326
31 13 6578
31 14 4789
31 15 2900
31 16 4174
31 17 6185
31 18 4739
31 19 1912
31 20 2772
31 21 4848
31 22 7460
31 23 7420
31 24 7483
31 25 5574
31 26 6199
31 27 2520
31 28 628
31 29 6467
31 30 4024
31 32 857
31 33 806
31 34 5306
31 35 3044
31 36 5190
31 37 1324
31 38 361
31 39 3015
31 40 2532
31 41 109
31 42 3245
31 43 1953
31 44 4090
31 45 4376
31 46 4868
31 47 5915
31 48 1132
31 49 3888
31 50 7254
31 51 2089
31 52 6006
31 53 4728
31 54 6570
31 55 2105
31 56 5043
31 57 5025
31 58 6602
31 59 114
31 60 4667
31 61 1614
31 62 5169
31 63 379
31 64 4816
31 65 5759
31 66 3780
31 67 4271
31 68 4290
31 69 2860
31 70 3865
32 1 799
32 2 2062
32 3 1509
32 4 3209
32 5 5833
32 6 2066
32 7 1204
32 8 3618
32 9 5973
32 10 7454
32 11 1362
32 12 2859
32 13 2934
32 14 3681
32 15 7167
32 16 1030
32 17 6421
32 18 2154
32 19 7144
32 20 351
32 21 905
32 22 7387
32 23 2448
32 24 6942
32 25 959
32 26 4516
32 27 6856
32 28 383
32 29 4828
32 30 1057
32 31 778
32 33 1619
32 34 3152
32 35 279
32 36 1115
32 37 423
32 38 1077
32 39 2577
32 40 4762
32 41 2530
32 42 1377
32 43 7238
32 44 4739
32 45 6138
32 46 5646
32 47 5450
32 48 3323
32 49 1276
32 50 6963
32 51 5549
32 52 1071
32 53 3019
32 54 102
32 55 3186
32 56 5452
32 57 4354
32 58 881
32 59 6989
32 60 4361
32 61 6399
32 62 7362
32 63 827
32 64 681
32 65 2749
32 66 2612
32 67 1202
32 68 2912
32 69 6001
32 70 6676
33 1 6629
33 2 2629
33 3 5904
33 4 4007
33 5 2324
33 6 784
33 7 16
33 8 4123
33 9 1062
33 10 4990
33 11 5897
33 12 1573
33 13 4005
33 14 1388
33 15 589
33 16 225
33 17 1323
33 18 1507
33 19 5054
33 20 3595
33 21 4932
33 22 4459
33 23 4513
33 24 7342
33 25 5993
33 26 2515
33 27 1663
33 28 5098
33 29 237
33 30 483
33 31 2306
33 32 6864
33 34 5376
33 35 2483
33 36 4525
33 37 6224
33 38 5605
33 39 7482
33 40 1770
33 41 2714
33 42 4374
33 43 1744
33 44 2795
33 45 2753
33 46 6380
33 47 145
33 48 4932
33 49 3714
33 50 4671
33 51 6354
33 52 6651
33 53 3060
33 54 2661
33 55 4497
33 56 7339
33 57 7457
33 58 7459
33 59 5932
33 60 2854
33 61 3730
33 62 5906
33 63 7343
33 64 6899
33 65 3494
33 66 3638
33 67 4787
33 68 6298
33 69 3823
33 70 7466
34 1 3193
34 2 2931
34 3 6022
34 4 2938
34 5 1434
34 6 7018
34 7 5027
34 8 6702
34 9 1707
34 10 6199
34 11 4141
34 12 2579
34 13 1100
34 14 801
34 15 5559
34 16 6929
34 17 3542
34 18 714
34 19 546
34 20 494
34 21 2163
34 22 2160
34 23 3808
34 24 5396
34 25 1508
34 26 1123
34 27 3774
34 28 1438
34 29 2398
34 30 6688
34 31 5507
34 32 4183
34 33 6038
34 35 4387
34 36 1407
34 37 2703
34 38 5888
34 39 1132
34 40 5707
34 41 2708
34 42 335
34 43 642
34 44 1330
34 45 3654
34 46 5311
34 47 6061
34 48 3996
34 49 1905
34 50 4624
34 51 126
34 52 1641
34 53 4150
34 54 4938
34 55 7361
34 56 434
34 57 423
34 58 4097
34 59 6514
34 60 3435
34 61 2984
34 62 3609
34 63 117
34 64 2844
34 65 1410
34 66 654
34 67 7283
34 68 4407
34 69 1035
34 70 2695
35 1 1016
35 2 5936
35 3 7351
35 4 5309
35 5 3126
35 6 6643
35 7 5575
35 8 7431
35 9 5136
35 10 4469
35 11 3594
35 12 4929
35 13 7383
35 14 6544
35 15 7249
35 16 4718
35 17 2783
35 18 4400
35 19 477
35 20 1749
35 21 4501
35 22 6363
35 23 6003
35 24 2260
35 25 2017
35 26 2312
35 27 7269
35 28 4645
35 29 6658
35 30 840
35 31 5002
35 32 4265
35 33 254
35 34 3293
35 36 3260
35 37 5870
35 38 4749
35 39 6612
35 40 7395
35 41 1187
35 42 2261
35 43 4321
35 44 2386
35 45 3083
35 46 4680
35 47 6651
35 48 2815
35 49 2064
35 50 1608
35 51 1603
35 52 5942
35 53 62
35 54 6455
35 55 3798
35 56 1086
35 57 3912
35 58 1046
35 59 2355
35 60 5078
35 61 130
35 62 7479
35 63 649
35 64 444
35 65 7246
35 66 867
35 67 6000
35 68 7490
35 69 1598
35 70 570
36 1 4774
36 2 2874
36 3 6237
36 4 4143
36 5 3355
36 6 3302
36 7 1875
36 8 1465
36 9 1165
36 10 86
36 11 2422
36 12 6150
36 13 4462
36 14 5189
36 15 7422
36 16 1741
36 17 6425
36 18 6520
36 19 5737
36 20 2607
36 21 1185
36 22 639
36 23 3692
36 24 2438
36 25 262
36 26 3067
36 27 411
36 28 2967
36 29 6481
36 30 7189
36 31 7434
36 32 7296
36 33 5019
36 34 4471
36 35 660
36 37 2527
36 38 431
36 39 4264
36 40 6043
36 41 7086
36 42 2260
36 43 3180
36 44 1396
36 45 4554
36 46 3317
36 47 490
36 48 7232
36 49 7296
36 50 4895
36 51 77
36 52 2638
36 53 6792
36 54 222
36 55 565
36 56 2059
36 57 2044
36 58 5975
36 59 4176
36 60 4227
36 61 1978
36 62 5973
36 63 6043
36 64 5111
36 65 4700
36 66 2279
36 67 978
36 68 1547
36 69 6697
36 70 6881
37 1 2822
37 2 2406
37 3 5732
37 4 5119
37 5 1047
37 6 3905
37 7 4903
37 8 2676
37 9 2605
37 10 2163
37 11 6005
37 12 6508
37 13 3756
37 14 3133
37 15 5464
37 16 7457
37 17 4471
37 18 4852
37 19 6447
37 20 3207
37 21 3357
37 22 2539
37 23 2134
37 24 3267
37 25 6179
37 26 3053
37 27 4685
37 28 2880
37 29 5318
37 30 4457
37 31 6702
37 32 6801
37 33 5463
37 34 6717
37 35 2093
37 36 2167
37 38 4225
37 39 2474
37 40 2963
37 41 437
37 42 1652
37 43 95
37 44 4186
37 45 3533
37 46 7090
37 47 5418
37 48 74
37 49 4731
37 50 2566
37 51 6575
37 52 408
37 53 2994
37 54 185
37 55 173
37 56 1415
37 57 180
37 58 2859
37 59 3958
37 60 2197
37 61 5950
37 62 689
37 63 7417
37 64 2921
37 65 2340
37 66 2405
37 67 6952
37 68 5185
37 69 3983
37 70 1506
38 1 7383
38 2 4719
38 3 1447
38 4 6535
38 5 545
38 6 3608
38 7 59
38 8 5891
38 9 839
38 10 1672
38 11 5069
38 12 4499
38 13 3508
38 14 7295
38 15 6701
38 16 1879
38 17 6904
38 18 3437
38 19 2604
38 20 4796
38 21 7477
38 22 4868
38 23 4804
38 24 663
38 25 3705
38 26 4714
38 27 3645
38 28 2045
38 29 3493
38 30 7325
38 31 4818
38 32 2374
38 33 6001
38 34 1102
38 35 5568
38 36 1938
38 37 4482
38 39 3421
38 40 5650
38 41 863
38 42 678
38 43 1722
38 44 2015
38 45 1546
38 46 5683
38 47 730
38 48 4204
38 49 963
38 50 4059
38 51 1647
38 52 5058
38 53 1326
38 54 1766
38 55 3838
38 56 3557
38 57 3080
38 58 2125
38 59 5368
38 60 6358
38 61 152
38 62 35
38 63 2077
38 64 2008
38 65 4330
38 66 4721
38 67 3127
38 68 2532
38 69 3593
38 70 3613
39 1 734
39 2 4757
39 3 1437
39 4 714
39 5 277
39 6 3413
39 7 5047
39 8 6340
39 9 3378
39 10 5186
39 11 3386
39 12 6928
39 13 7234
39 14 3938
39 15 5331
39 16 6812
39 17 6801
39 18 3995
39 19 1520
39 20 5339
39 21 4412
39 22 6084
39 23 4280
39 24 2323
39 25 3519
39 26 3438
39 27 6165
39 28 775
39 29 7080
39 30 2500
39 31 6116
39 32 4434
39 33 2099
39 34 5451
39 35 5029
39 36 7230
39 37 2847
39 38 2531
39 40 7161
39 41 4996
39 42 4585
39 43 6042
39 44 5405
39 45 1779
39 46 3134
39 47 1033
39 48 621
39 49 1892
39 50 4447
39 51 724
39 52 5774
39 53 7389
39 54 131
39 55 7202
39 56 5245
39 57 6949
39 58 656
39 59 3167
39 60 5564
39 61 3378
39 62 3938
39 63 2744
39 64 3192
39 65 4078
39 66 2364
39 67 6823
39 68 7329
39 69 3576
39 70 7167
40 1 2332
40 2 6587
40 3 7026
40 4 4553
40 5 2209
40 6 2942
40 7 7034
40 8 78
40 9 2809
40 10 3929
40 11 3816
40 12 3523
40 13 1694
40 14 1971
40 15 6771
40 16 572
40 17 2157
40 18 6992
40 19 1688
40 20 2031
40 21 4127
40 22 1636
40 23 2757
40 24 1431
40 25 2799
40 26 3523
40 27 4241
40 28 3848
40 29 6432
40 30 4841
40 31 1255
40 32 5606
40 33 1436
40 34 2916
40 35 5681
40 36 5079
40 37 4588
40 38 5973
40 39 5721
40 41 2905
40 42 2356
40 43 3971
40 44 6551
40 45 680
40 46 7469
40 47 1802
40 48 602
40 49 3373
40 50 388
40 51 5150
40 52 335
40 53 6590
40 54 5986
40 55 4101
40 56 5261
40 57 713
40 58 2104
40 59 1773
40 60 3471
40 61 5491
40 62 4718
40 63 6253
40 64 3255
40 65 2577
40 66 4526
40 67 1225
40 68 1430
40 69 4862
40 70 6710
41 1 4509
41 2 4699
41 3 143
41 4 1746
41 5 1419
41 6 1351
41 7 4302
41 8 4421
41 9 1252
41 10 2798
41 11 3650
41 12 2305
41 13 1794
41 14 7186
41 15 2514
41 16 3814
41 17 3812
41 18 7058
41 19 6184
41 20 6359
41 21 7339
41 22 5846
41 23 1234
41 24 469
41 25 5304
41 26 5602
41 27 7164
41 28 5760
41 29 4462
41 30 4345
41 31 2112
41 32 3331
41 33 2014
41 34 5335
41 35 4869
41 36 6887
41 37 3806
41 38 3916
41 39 4033
41 40 6656
41 42 6035
41 43 7420
41 44 4749
41 45 3906
41 46 3302
41 47 291
41 48 5531
41 49 737
41 50 6357
41 51 5677
41 52 1954
41 53 7155
41 54 271
41 55 4131
41 56 3619
41 57 5363
41 58 5595
41 59 5121
41 60 3640
41 61 6194
41 62 78
41 63 536
41 64 7375
41 65 4780
41 66 578
41 67 3398
41 68 5502
41 69 5269
41 70 3050
42 1 6507
42 2 725
42 3 4813
42 4 2810
42 5 1683
42 6 3971
42 7 7329
42 8 2141
42 9 1978
42 10 7092
42 11 603
42 12 509
42 13 6487
42 14 5745
42 15 6301
42 16 3628
42 17 6777
42 18 502
42 19 1167
42 20 6630
42 21 1843
42 22 4741
42 23 6568
42 24 901
42 25 5848
42 26 151
42 27 2317
42 28 53
42 29 6887
42 30 4805
42 31 4019
42 32 6933
42 33 3776
42 34 4743
42 35 4876
42 36 4830
42 37 3647
42 38 5634
42 39 4945
42 40 5498
42 41 3498
42 43 6132
42 44 4338
42 45 7358
42 46 6059
42 47 2292
42 48 4608
42 49 506
42 50 1730
42 51 378
42 52 3749
42 53 369
42 54 3250
42 55 515
42 56 3881
42 57 5776
42 58 172
42 59 2394
42 60 791
42 61 4652
42 62 3807
42 63 5994
42 64 4840
42 65 1619
42 66 7018
42 67 7231
42 68 3277
42 69 1885
42 70 644
43 1 1170
43 2 1862
43 3 734
43 4 1689
43 5 637
43 6 5434
43 7 2913
43 8 3869
43 9 3524
43 10 1896
43 11 4284
43 12 903
43 13 5926
43 14 91
43 15 6270
43 16 1103
43 17 6722
43 18 794
43 19 2782
43 20 285
43 21 5078
43 22 2985
43 23 5174
43 24 1735
43 25 4256
43 26 4121
43 27 6863
43 28 4714
43 29 502
43 30 2714
43 31 3930
43 32 6062
43 33 3746
43 34 6388
43 35 2271
43 36 3675
43 37 1438
43 38 6931
43 39 5655
43 40 6645
43 41 3863
43 42 1994
43 44 1320
43 45 4309
43 46 5704
43 47 4259
43 48 457
43 49 461
43 50 1910
43 51 3591
43 52 4029
43 53 3845
43 54 4095
43 55 4124
43 56 996
43 57 1096
43 58 3251
43 59 4251
43 60 6223
43 61 1787
43 62 1073
43 63 3006
43 64 2234
43 65 819
43 66 429
43 67 305
43 68 2562
43 69 7123
43 70 93
44 1 4277
44 2 6971
44 3 6359
44 4 2226
44 5 5632
44 6 4260
44 7 6995
44 8 2446
44 9 4733
44 10 5894
44 11 539
44 12 332
44 13 5764
44 14 4486
44 15 2309
44 16 1577
44 17 4059
44 18 7190
44 19 6735
44 20 6550
44 21 6636
44 22 1042
44 23 6916
44 24 2969
44 25 1680
44 26 7096
44 27 7032
44 28 1056
44 29 4554
44 30 1711
44 31 4258
44 32 2481
44 33 599
44 34 5166
44 35 7311
44 36 2162
44 37 4137
44 38 7401
44 39 6719
44 40 5413
44 41 2163
44 42 6701
44 43 6597
44 45 1393
44 46 2673
44 47 433
44 48 6601
44 49 3116
44 50 1837
44 51 5109
44 52 2976
44 53 5048
44 54 4656
44 55 6929
44 56 543
44 57 3897
44 58 1589
44 59 5725
44 60 5013
44 61 2031
44 62 156
44 63 7162
44 64 7181
44 65 7179
44 66 6539
44 67 719
44 68 1353
44 69 7291
44 70 4076
45 1 7265
45 2 6331
45 3 5682
45 4 2596
45 5 465
45 6 6024
45 7 2959
45 8 781
45 9 6028
45 10 5869
45 11 2431
45 12 1038
45 13 6083
45 14 685
45 15 4140
45 16 3781
45 17 7231
45 18 7123
45 19 3438
45 20 1273
45 21 2707
45 22 5287
45 23 3106
45 24 6665
45 25 2357
45 26 1959
45 27 6559
45 28 3915
45 29 2367
45 30 6059
45 31 4056
45 32 4820
45 33 5617
45 34 5263
45 35 1848
45 36 294
45 37 1470
45 38 2185
45 39 4623
45 40 7129
45 41 6885
45 42 2275
45 43 5279
45 44 6102
45 46 3584
45 47 3401
45 48 4014
45 49 3658
45 50 5296
45 51 3802
45 52 6670
45 53 2959
45 54 3274
45 55 3777
45 56 215
45 57 6953
45 58 3642
45 59 7184
45 60 6570
45 61 2134
45 62 6787
45 63 2287
45 64 7265
45 65 7445
45 66 1599
45 67 2289
45 68 2376
45 69 6157
45 70 3101
46 1 2329
46 2 3955
46 3 2730
46 4 3298
46 5 360
46 6 3275
46 7 4653
46 8 385
46 9 4238
46 10 7373
46 11 3252
46 12 2504
46 13 1790
46 14 849
46 15 3730
46 16 5499
46 17 2466
46 18 641
46 19 560
46 20 5654
46 21 1645
46 22 3692
46 23 2569
46 24 2060
46 25 7450
46 26 357
46 27 2131
46 28 6587
46 29 2712
46 30 5343
46 31 4572
46 32 475
46 33 2398
46 34 1083
46 35 560
46 36 1270
46 37 1262
46 38 5829
46 39 4334
46 40 5764
46 41 2865
46 42 6205
46 43 5156
46 44 2676
46 45 4901
46 47 1761
46 48 3782
46 49 1009
46 50 4314
46 51 394
46 52 1863
46 53 3166
46 54 5670
46 55 3678
46 56 7165
46 57 3408
46 58 6652
46 59 3519
46 60 3615
46 61 3912
46 62 6646
46 63 3657
46 64 4336
46 65 7044
46 66 5420
46 67 1517
46 68 4608
46 69 3925
46 70 3437
47 1 7464
47 2 2509
47 3 7109
47 4 6166
47 5 3847
47 6 3068
47 7 6972
47 8 2119
47 9 682
47 10 6893
47 11 2040
47 12 4404
47 13 5746
47 14 471
47 15 1194
47 16 5521
47 17 1970
47 18 6269
47 19 7008
47 20 4053
47 21 6753
47 22 3813
47 23 3516
47 24 3695
47 25 6987
47 26 1625
47 27 6243
47 28 7056
47 29 2844
47 30 883
47 31 7486
47 32 2386
47 33 7215
47 34 7305
47 35 791
47 36 5679
47 37 2266
47 38 3123
47 39 1132
47 40 1437
47 41 2998
47 42 1853
47 43 525
47 44 5207
47 45 3793
47 46 1218
47 48 6212
47 49 3373
47 50 6270
47 51 2351
47 52 6415
47 53 3234
47 54 528
47 55 380
47 56 4107
47 57 4183
47 58 5178
47 59 6416
47 60 4358
47 61 5612
47 62 7400
47 63 5546
47 64 6024
47 65 3199
47 66 5645
47 67 1371
47 68 5492
47 69 888
47 70 2544
48 1 4829
48 2 3896
48 3 2340
48 4 4785
48 5 1257
48 6 2398
48 7 6684
48 8 197
48 9 4958
48 10 1753
48 11 756
48 12 618
48 13 4794
48 14 3548
48 15 1202
48 16 842
48 17 284
48 18 712
48 19 5771
48 20 5425
48 21 4901
48 22 6138
48 23 4242
48 24 4828
48 25 756
48 26 6898
48 27 6081
48 28 3761
48 29 2826
48 30 2533
48 31 7392
48 32 6351
48 33 5795
48 34 3178
48 35 628
48 36 6608
48 37 6609
48 38 6388
48 39 7452
48 40 1772
48 41 749
48 42 2601
48 43 5015
48 44 3410
48 45 4460
48 46 2293
48 47 113
48 49 4510
48 50 4049
48 51 1090
48 52 3924
48 53 6126
48 54 6598
48 55 5232
48 56 3135
48 57 5703
48 58 6513
48 59 4706
48 60 6176
48 61 6061
48 62 3845
48 63 1357
48 64 2658
48 65 871
48 66 1513
48 67 563
48 68 5951
48 69 4013
48 70 320
49 1 3237
49 2 745
49 3 351
49 4 3404
49 5 1100
49 6 782
49 7 6782
49 8 2447
49 9 1857
49 10 5255
49 11 2862
49 12 7482
49 13 1893
49 14 6653
49 15 6898
49 16 3893
49 17 4206
49 18 468
49 19 6025
49 20 7188
49 21 6492
49 22 4869
49 23 1347
49 24 3746
49 25 768
49 26 407
49 27 1086
49 28 3119
49 29 1597
49 30 4934
49 31 2278
49 32 2119
49 33 1877
49 34 4749
49 35 3083
49 36 316
49 37 3913
49 38 3906
49 39 1519
49 40 4211
49 41 7491
49 42 213
49 43 6965
49 44 2393
49 45 1044
49 46 1234
49 47 2025
49 48 2906
49 50 6582
49 51 1231
49 52 3659
49 53 5510
49 54 3707
49 55 6173
49 56 3086
49 57 3110
49 58 5422
49 59 1545
49 60 6291
49 61 1478
49 62 1791
49 63 754
49 64 3849
49 65 5188
49 66 673
49 67 1712
49 68 1528
49 69 5414
49 70 6936
50 1 3871
50 2 382
50 3 241
50 4 2404
50 5 3762
50 6 319
50 7 7166
50 8 376
50 9 5420
50 10 6817
50 11 708
50 12 1022
50 13 2783
50 14 5785
50 15 4718
50 16 1629
50 17 1783
50 18 1247
50 19 2131
50 20 3265
50 21 2086
50 22 2639
50 23 1211
50 24 5552
50 25 7409
50 26 1303
50 27 1061
50 28 149
50 29 879
50 30 1773
50 31 7067
50 32 1097
50 33 1943
50 34 5108
50 35 1475
50 36 2743
50 37 5975
50 38 5242
50 39 2074
50 40 5649
50 41 685
50 42 1176
50 43 7441
50 44 7421
50 45 3680
50 46 6256
50 47 1852
50 48 1521
50 49 2624
50 51 950
50 52 6489
50 53 660
50 54 2454
50 55 4031
50 56 2558
50 57 1297
50 58 5387
50 59 4400
50 60 2277
50 61 5744
50 62 7162
50 63 3962
50 64 3614
50 65 5427
50 66 1425
50 67 4237
50 68 7314
50 69 5257
50 70 6934
51 1 226
51 2 1966
51 3 5486
51 4 1429
51 5 2946
51 6 6860
51 7 7252
51 8 2801
51 9 5248
51 10 4028
51 11 1044
51 12 6210
51 13 6317
51 14 2935
51 15 71
51 16 1890
51 17 1630
51 18 5348
51 19 5685
51 20 6481
51 21 2227
51 22 6617
51 23 6275
51 24 6885
51 25 4300
51 26 1602
51 27 830
51 28 2194
51 29 1374
51 30 5964
51 31 244
51 32 4980
51 33 1784
51 34 2139
51 35 346
51 36 6338
51 37 5698
51 38 5042
51 39 757
51 40 1386
51 41 4475
51 42 2097
51 43 1381
51 44 4204
51 45 6369
51 46 6931
51 47 6810
51 48 7378
51 49 3
51 50 2891
51 52 1044
51 53 7499
51 54 3992
51 55 3025
51 56 3604
51 57 5348
51 58 7214
51 59 7090
51 60 400
51 61 4126
51 62 1577
51 63 808
51 64 1643
51 65 5220
51 66 4093
51 67 6869
51 68 3757
51 69 2874
51 70 2405
52 1 1586
52 2 5165
52 3 3061
52 4 3180
52 5 2181
52 6 4113
52 7 3513
52 8 4930
52 9 568
52 10 4163
52 11 1427
52 12 3825
52 13 5486
52 14 6658
52 15 2305
52 16 4288
52 17 6819
52 18 6823
52 19 5842
52 20 5725
52 21 3677
52 22 4415
52 23 5311
52 24 7233
52 25 4823
52 26 3096
52 27 426
52 28 1841
52 29 2113
52 30 1567
52 31 1373
52 32 4616
52 33 5579
52 34 3161
52 35 2164
52 36 6220
52 37 6905
52 38 1796
52 39 5682
52 40 3848
52 41 5502
52 42 2259
52 43 200
52 44 2853
52 45 5865
52 46 1579
52 47 7276
52 48 2894
52 49 2787
52 50 923
52 51 3202
52 53 1370
52 54 474
52 55 1024
52 56 2402
52 57 4855
52 58 7286
52 59 3935
52 60 3442
52 61 4092
52 62 4723
52 63 5866
52 64 264
52 65 3130
52 66 2529
52 67 1265
52 68 2086
52 69 4502
52 70 3031
53 1 46
53 2 2784
53 3 7004
53 4 5941
53 5 2379
53 6 350
53 7 1078
53 8 5793
53 9 3395
53 10 5573
53 11 4545
53 12 3998
53 13 4971
53 14 4622
53 15 3865
53 16 1180
53 17 3397
53 18 4016
53 19 1831
53 20 5599
53 21 1747
53 22 4251
53 23 5092
53 24 6453
53 25 4004
53 26 6470
53 27 4434
53 28 7203
53 29 2916
53 30 7006
53 31 4985
53 32 1131
53 33 2286
53 34 6725
53 35 2906
53 36 5823
53 37 6966
53 38 170
53 39 2269
53 40 5729
53 41 1361
53 42 4233
53 43 2860
53 44 4224
53 45 5182
53 46 2362
53 47 468
53 48 5747
53 49 5029
53 50 807
53 51 6324
53 52 6401
53 54 5227
53 55 3469
53 56 3509
53 57 3881
53 58 2464
53 59 4628
53 60 5055
53 61 5799
53 62 962
53 63 462
53 64 594
53 65 3182
53 66 7269
53 67 2041
53 68 2432
53 69 1737
53 70 7087
54 1 3024
54 2 1241
54 3 6316
54 4 247
54 5 4241
54 6 1368
54 7 157
54 8 1829
54 9 3787
54 10 3409
54 11 2243
54 12 5860
54 13 7349
54 14 2533
54 15 448
54 16 1287
54 17 1751
54 18 7184
54 19 2489
54 20 5430
54 21 5378
54 22 3342
54 23 3011
54 24 471
54 25 1366
54 26 3243
54 27 3147
54 28 3976
54 29 3964
54 30 849
54 31 3193
54 32 4570
54 33 6975
54 34 3604
54 35 126
54 36 4977
54 37 3196
54 38 4450
54 39 3794
54 40 3077
54 41 4486
54 42 5546
54 43 4784
54 44 3149
54 45 808
54 46 5551
54 47 6919
54 48 994
54 49 3851
54 50 5936
54 51 7484
54 52 4728
54 53 3473
54 55 3788
54 56 3619
54 57 4008
54 58 3200
54 59 3181
54 60 981
54 61 2219
54 62 3068
54 63 4070
54 64 4680
54 65 6953
54 66 5906
54 67 2348
54 68 1997
54 69 6373
54 70 5925
55 1 1680
55 2 1657
55 3 1031
55 4 6529
55 5 5999
55 6 5046
55 7 4470
55 8 2029
55 9 6673
55 10 4276
55 11 2543
55 12 2380
55 13 1249
55 14 1960
55 15 6489
55 16 4197
55 17 1076
55 18 7117
55 19 3603
55 20 4894
55 21 245
55 22 200
55 23 7265
55 24 1802
55 25 6606
55 26 5859
55 27 3190
55 28 5164
55 29 2890
55 30 1278
55 31 5858
55 32 506
55 33 2061
55 34 6769
55 35 3222
55 36 6212
55 37 2329
55 38 4236
55 39 5739
55 40 4215
55 41 1741
55 42 6204
55 43 3989
55 44 6692
55 45 296
55 46 5143
55 47 1012
55 48 3081
55 49 3787
55 50 645
55 51 1593
55 52 6793
55 53 5655
55 54 1528
55 56 4660
55 57 2176
55 58 5119
55 59 6210
55 60 201
55 61 6131
55 62 325
55 63 333
55 64 1604
55 65 3940
55 66 4332
55 67 5333
55 68 1800
55 69 6580
55 70 462
56 1 252
56 2 6504
56 3 699
56 4 3002
56 5 4107
56 6 3374
56 7 1071
56 8 6628
56 9 1061
56 10 2681
56 11 4115
56 12 1340
56 13 4491
56 14 2179
56 15 5151
56 16 3271
56 17 4868
56 18 4088
56 19 5380
56 20 283
56 21 6968
56 22 3375
56 23 7286
56 24 2321
56 25 6755
56 26 6262
56 27 4416
56 28 1571
56 29 2236
56 30 6843
56 31 6380
56 32 6657
56 33 1619
56 34 358
56 35 3957
56 36 4171
56 37 787
56 38 2079
56 39 6243
56 40 7286
56 41 4470
56 42 2379
56 43 2597
56 44 5561
56 45 6314
56 46 2998
56 47 3537
56 48 3481
56 49 3301
56 50 307
56 51 5400
56 52 3437
56 53 6418
56 54 2812
56 55 7147
56 57 431
56 58 6671
56 59 6754
56 60 1611
56 61 6301
56 62 3290
56 63 6216
56 64 3529
56 65 1628
56 66 6930
56 67 2485
56 68 48
56 69 6147
56 70 5593
57 1 6657
57 2 7169
57 3 6869
57 4 5692
57 5 409
57 6 6322
57 7 2722
57 8 7013
57 9 3083
57 10 7496
57 11 5409
57 12 419
57 13 3146
57 14 5705
57 15 3567
57 16 5252
57 17 198
57 18 4181
57 19 2608
57 20 2562
57 21 7326
57 22 3533
57 23 7182
57 24 7016
57 25 4063
57 26 5502
57 27 4171
57 28 5154
57 29 7023
57 30 3190
57 31 1690
57 32 5188
57 33 4733
57 34 4700
57 35 2428
57 36 3671
57 37 1320
57 38 1065
57 39 1933
57 40 7027
57 41 1678
57 42 2429
57 43 6221
57 44 544
57 45 1235
57 46 4759
57 47 4097
57 48 6071
57 49 5782
57 50 1114
57 51 1729
57 52 3399
57 53 7366
57 54 5488
57 55 1190
57 56 676
57 58 2198
57 59 1280
57 60 5663
57 61 5054
57 62 2696
57 63 2071
57 64 562
57 65 4923
57 66 2464
57 67 943
57 68 3
57 69 4010
57 70 4778
58 1 539
58 2 1210
58 3 1038
58 4 2721
58 5 4507
58 6 6523
58 7 7168
58 8 5218
58 9 2014
58 10 747
58 11 4485
58 12 6882
58 13 448
58 14 4090
58 15 1478
58 16 1870
58 17 3828
58 18 6703
58 19 6861
58 20 930
58 21 4821
58 22 6920
58 23 3724
58 24 2413
58 25 380
58 26 7332
58 27 2722
58 28 6001
58 29 7426
58 30 5436
58 31 4876
58 32 3221
58 33 2702
58 34 3165
58 35 6320
58 36 2561
58 37 291
58 38 6513
58 39 191
58 40 1989
58 41 6141
58 42 5710
58 43 4503
58 44 707
58 45 5889
58 46 709
58 47 1256
58 48 7412
58 49 2598
58 50 3359
58 51 2424
58 52 2781
58 53 1627
58 54 3643
58 55 7161
58 56 1367
58 57 6405
58 59 112
58 60 2810
58 61 5693
58 62 589
58 63 3665
58 64 694
58 65 590
58 66 2005
58 67 2227
58 68 6762
58 69 6505
58 70 1358
59 1 1716
59 2 2202
59 3 7272
59 4 1704
59 5 566
59 6 507
59 7 5061
59 8 6897
59 9 1371
59 10 7294
59 11 1187
59 12 4080
59 13 1554
59 14 7473
59 15 1213
59 16 2110
59 17 6967
59 18 7274
59 19 5487
59 20 4944
59 21 769
59 22 21
59 23 50
59 24 4121
59 25 1758
59 26 6630
59 27 5058
59 28 6086
59 29 6644
59 30 1577
59 31 2784
59 32 3689
59 33 5247
59 34 3415
59 35 3664
59 36 1480
59 37 3506
59 38 6745
59 39 4623
59 40 141
59 41 5528
59 42 5049
59 43 25
59 44 2925
59 45 3809
59 46 6846
59 47 2097
59 48 105
59 49 6758
59 50 6589
59 51 618
59 52 7126
59 53 2260
59 54 3334
59 55 2989
59 56 7257
59 57 3690
59 58 2754
59 60 1945
59 61 2496
59 62 6521
59 63 3528
59 64 2580
59 65 526
59 66 3466
59 67 1952
59 68 5896
59 69 6428
59 70 2107
60 1 6111
60 2 12
60 3 3623
60 4 1597
60 5 5787
60 6 2621
60 7 5886
60 8 4455
60 9 3208
60 10 8
60 11 62
60 12 5928
60 13 4726
60 14 1370
60 15 3294
60 16 6451
60 17 6637
60 18 5502
60 19 5541
60 20 6779
60 21 2353
60 22 1685
60 23 7339
60 24 3112
60 25 4415
60 26 161
60 27 4126
60 28 2803
60 29 3552
60 30 2685
60 31 4525
60 32 996
60 33 6426
60 34 2065
60 35 1685
60 36 6551
60 37 1282
60 38 913
60 39 1294
60 40 925
60 41 6373
60 42 4220
60 43 1265
60 44 798
60 45 2435
60 46 5267
60 47 3486
60 48 751
60 49 3103
60 50 3359
60 51 2630
60 52 5307
60 53 370
60 54 2926
60 55 4092
60 56 564
60 57 3440
60 58 1919
60 59 4803
60 61 7292
60 62 1141
60 63 3604
60 64 1627
60 65 63
60 66 7307
60 67 3653
60 68 6257
60 69 7275
60 70 5767
61 1 2497
61 2 2298
61 3 4642
61 4 3759
61 5 2020
61 6 3699
61 7 7341
61 8 1062
61 9 2584
61 10 2631
61 11 5743
61 12 1106
61 13 3079
61 14 7133
61 15 5032
61 16 3413
61 17 903
61 18 2191
61 19 1376
61 20 7335
61 21 5422
61 22 4307
61 23 4325
61 24 2313
61 25 4076
61 26 3407
61 27 5677
61 28 7122
61 29 6980
61 30 5531
61 31 4708
61 32 1356
61 33 6962
61 34 4136
61 35 3302
61 36 2954
61 37 6589
61 38 2527
61 39 5382
61 40 6394
61 41 2270
61 42 6227
61 43 3234
61 44 6387
61 45 1644
61 46 3476
61 47 2888
61 48 1648
61 49 6713
61 50 3980
61 51 4410
61 52 2208
61 53 65
61 54 2839
61 55 5989
61 56 4922
61 57 1377
61 58 2167
61 59 2873
61 60 6717
61 62 1927
61 63 5124
61 64 426
61 65 167
61 66 577
61 67 6157
61 68 5418
61 69 406
61 70 5035
62 1 3376
62 2 2972
62 3 1671
62 4 6209
62 5 7262
62 6 3912
62 7 1461
62 8 7235
62 9 3235
62 10 4751
62 11 5491
62 12 3816
62 13 812
62 14 1487
62 15 687
62 16 1474
62 17 6609
62 18 6334
62 19 3440
62 20 5693
62 21 4682
62 22 7271
62 23 5142
62 24 3262
62 25 2062
62 26 6014
62 27 4924
62 28 3113
62 29 5577
62 30 572
62 31 1812
62 32 1485
62 33 6258
62 34 2149
62 35 4172
62 36 413
62 37 5113
62 38 2653
62 39 1922
62 40 2502
62 41 3238
62 42 2507
62 43 2545
62 44 3393
62 45 5656
62 46 7286
62 47 2612
62 48 2679
62 49 2689
62 50 5737
62 51 2254
62 52 3724
62 53 3284
62 54 1927
62 55 2325
62 56 5065
62 57 6844
62 58 2163
62 59 7500
62 60 2226
62 61 4872
62 63 3722
62 64 5664
62 65 288
62 66 2855
62 67 2206
62 68 7092
62 69 3069
62 70 2900
63 1 4439
63 2 1435
63 3 6406
63 4 5494
63 5 7348
63 6 599
63 7 6942
63 8 6797
63 9 7176
63 10 4282
63 11 7117
63 12 1723
63 13 3352
63 14 6222
63 15 667
63 16 5923
63 17 7007
63 18 6200
63 19 3914
63 20 5806
63 21 2883
63 22 5103
63 23 1430
63 24 1800
63 25 3840
63 26 3507
63 27 3460
63 28 357
63 29 2429
63 30 2582
63 31 3405
63 32 4465
63 33 1814
63 34 3853
63 35 3306
63 36 4712
63 37 3302
63 38 448
63 39 4582
63 40 4692
63 41 2926
63 42 6742
63 43 573
63 44 4230
63 45 413
63 46 4514
63 47 7168
63 48 3558
63 49 5271
63 50 2760
63 51 408
63 52 3881
63 53 5541
63 54 6687
63 55 6354
63 56 6804
63 57 1157
63 58 6391
63 59 6769
63 60 1871
63 61 6655
63 62 4087
63 64 3616
63 65 1944
63 66 5527
63 67 80
63 68 4971
63 69 5429
63 70 349
64 1 7082
64 2 1090
64 3 402
64 4 7328
64 5 6777
64 6 6172
64 7 3196
64 8 6865
64 9 2860
64 10 1926
64 11 2861
64 12 3250
64 13 490
64 14 5328
64 15 305
64 16 4452
64 17 1149
64 18 1076
64 19 647
64 20 2936
64 21 695
64 22 2462
64 23 2394
64 24 4864
64 25 70
64 26 6604
64 27 4648
64 28 6791
64 29 6630
64 30 1405
64 31 5856
64 32 1632
64 33 4531
64 34 5661
64 35 4903
64 36 3116
64 37 9
64 38 6808
64 39 7084
64 40 2832
64 41 3081
64 42 6000
64 43 6470
64 44 5837
64 45 6407
64 46 7033
64 47 1750
64 48 1190
64 49 4339
64 50 2586
64 51 4770
64 52 1475
64 53 5391
64 54 605
64 55 1289
64 56 7270
64 57 1922
64 58 4689
64 59 1668
64 60 2121
64 61 2336
64 62 6717
64 63 615
64 65 6367
64 66 2634
64 67 3254
64 68 4322
64 69 3161
64 70 6568
65 1 3089
65 2 2993
65 3 5474
65 4 5059
65 5 2682
65 6 5144
65 7 3511
65 8 2732
65 9 1790
65 10 147
65 11 1248
65 12 4439
65 13 7357
65 14 1567
65 15 5932
65 16 3496
65 17 445
65 18 5489
65 19 1841
65 20 1411
65 21 11
65 22 5330
65 23 6620
65 24 7487
65 25 4872
65 26 1109
65 27 5920
65 28 2362
65 29 2905
65 30 1213
65 31 3085
65 32 2765
65 33 6285
65 34 1978
65 35 5243
65 36 2453
65 37 497
65 38 756
65 39 4195
65 40 3615
65 41 561
65 42 5201
65 43 1953
65 44 71
65 45 6872
65 46 3527
65 47 7162
65 48 2080
65 49 5633
65 50 6101
65 51 7134
65 52 2274
65 53 6062
65 54 6741
65 55 5745
65 56 355
65 57 6546
65 58 2560
65 59 4769
65 60 5957
65 61 319
65 62 2895
65 63 3274
65 64 4379
65 66 4793
65 67 214
65 68 1033
65 69 2933
65 70 410
66 1 2020
66 2 381
66 3 1347
66 4 6025
66 5 5585
66 6 968
66 7 1584
66 8 3812
66 9 4914
66 10 3358
66 11 2114
66 12 533
66 13 94
66 14 1354
66 15 47
66 16 3145
66 17 6319
66 18 757
66 19 2404
66 20 3770
66 21 7155
66 22 933
66 23 5391
66 24 3838
66 25 5789
66 26 4508
66 27 4057
66 28 310
66 29 1136
66 30 6452
66 31 1175
66 32 5038
66 33 1083
66 34 4611
66 35 246
66 36 2967
66 37 60
66 38 5800
66 39 3065
66 40 4827
66 41 1472
66 42 6572
66 43 5323
66 44 5797
66 45 6449
66 46 1176
66 47 4455
66 48 5801
66 49 5359
66 50 3454
66 51 751
66 52 1692
66 53 136
66 54 6455
66 55 2083
66 56 5862
66 57 4517
66 58 4023
66 59 4588
66 60 5931
66 61 6268
66 62 949
66 63 6976
66 64 6810
66 65 4384
66 67 4295
66 68 4946
66 69 2533
66 70 508
67 1 7053
67 2 707
67 3 321
67 4 5460
67 5 3461
67 6 4022
67 7 5287
67 8 6704
67 9 4444
67 10 1072
67 11 636
67 12 6331
67 13 1687
67 14 3512
67 15 3812
67 16 2876
67 17 2249
67 18 1420
67 19 1267
67 20 6566
67 21 7003
67 22 1938
67 23 4619
67 24 1712
67 25 2117
67 26 4714
67 27 3078
67 28 4795
67 29 2473
67 30 4990
67 31 5193
67 32 1270
67 33 3613
67 34 4844
67 35 5976
67 36 7446
67 37 246
67 38 1092
67 39 2844
67 40 2521
67 41 5825
67 42 4067
67 43 211
67 44 5998
67 45 4256
67 46 3662
67 47 2499
67 48 5966
67 49 7401
67 50 5914
67 51 4110
67 52 5764
67 53 5892
67 54 5405
67 55 6230
67 56 7349
67 57 3313
67 58 4615
67 59 4814
67 60 2707
67 61 628
67 62 6167
67 63 2052
67 64 438
67 65 4452
67 66 1112
67 68 3412
67 69 2810
67 70 4903
68 1 6622
68 2 4347
68 3 2007
68 4 4205
68 5 4583
68 6 610
68 7 6462
68 8 1767
68 9 3802
68 10 4597
68 11 3572
68 12 6493
68 13 241
68 14 4435
68 15 7189
68 16 4201
68 17 449
68 18 2519
68 19 1021
68 20 951
68 21 4466
68 22 5034
68 23 5497
68 24 2949
68 25 6645
68 26 4074
68 27 1780
68 28 4878
68 29 2509
68 30 2000
68 31 4330
68 32 6559
68 33 2089
68 34 1562
68 35 383
68 36 1312
68 37 1316
68 38 2966
68 39 1635
68 40 5492
68 41 197
68 42 6741
68 43 3807
68 44 1862
68 45 1236
68 46 2330
68 47 3880
68 48 3338
68 49 1678
68 50 1926
68 51 2946
68 52 6521
68 53 3629
68 54 5086
68 55 3374
68 56 5084
68 57 2623
68 58 3847
68 59 4096
68 60 6313
68 61 6105
68 62 783
68 63 4512
68 64 6037
68 65 5014
68 66 399
68 67 6585
68 69 904
68 70 6063
69 1 5774
69 2 6725
69 3 2285
69 4 2685
69 5 2654
69 6 3247
69 7 4735
69 8 4734
69 9 3599
69 10 2676
69 11 4565
69 12 7264
69 13 1938
69 14 1329
69 15 4296
69 16 4214
69 17 6381
69 18 1949
69 19 7285
69 20 6498
69 21 3243
69 22 1669
69 23 4189
69 24 6552
69 25 2396
69 26 5391
69 27 1994
69 28 4799
69 29 4079
69 30 6410
69 31 6113
69 32 6649
69 33 1304
69 34 6100
69 35 5501
69 36 102
69 37 4144
69 38 2647
69 39 6446
69 40 3483
69 41 3063
69 42 3452
69 43 1921
69 44 2677
69 45 729
69 46 669
69 47 3550
69 48 1499
69 49 4649
69 50 4238
69 51 231
69 52 2789
69 53 5676
69 54 4457
69 55 6242
69 56 7327
69 57 4646
69 58 5520
69 59 292
69 60 7326
69 61 7162
69 62 1527
69 63 7097
69 64 7161
69 65 2846
69 66 2850
69 67 631
69 68 1686
69 70 4919
70 1 4722
70 2 6386
70 3 3880
70 4 4673
70 5 83
70 6 6376
70 7 4401
70 8 4042
70 9 4652
70 10 198
70 11 5315
70 12 1365
70 13 3557
70 14 2200
70 15 7071
70 16 5092
70 17 5989
70 18 2177
70 19 6782
70 20 1581
70 21 2863
70 22 4889
70 23 7108
70 24 1166
70 25 5059
70 26 1131
70 27 6770
70 28 4514
70 29 3642
70 30 2862
70 31 3338
70 32 4789
70 33 4327
70 34 5161
70 35 4991
70 36 2172
70 37 5522
70 38 1160
70 39 6818
70 40 141
70 41 350
70 42 6177
70 43 2561
70 44 4064
70 45 1449
70 46 5462
70 47 2280
70 48 6022
70 49 6327
70 50 1200
70 51 5496
70 52 3477
70 53 3178
70 54 2494
70 55 3350
70 56 201
70 57 6766
70 58 6486
70 59 4028
70 60 2624
70 61 554
70 62 1553
70 63 4128
70 64 246
70 65 465
70 66 214
70 67 5733
70 68 3631
70 69 511
