70 4830
1 2 327
1 3 1637
1 4 3867
1 5 23
1 6 3357
1 7 50
1 8 6786
1 9 3625
1 10 6455
1 11 2927
1 12 1343
1 13 2122
1 14 3959
1 15 4932
1 16 3330
1 17 7370
1 18 4908
1 19 3730
1 20 1932
1 21 6425
1 22 3634
1 23 2173
1 24 6642
1 25 1198
1 26 3390
1 27 3630
1 28 6074
1 29 6542
1 30 2955
1 31 6903
1 32 6108
1 33 2342
1 34 7156
1 35 7342
1 36 1955
1 37 5992
1 38 5065
1 39 554
1 40 1759
1 41 6873
1 42 5164
1 43 6815
1 44 965
1 45 5473
1 46 5895
1 47 4677
1 48 6201
1 49 5618
1 50 3896
1 51 365
1 52 5295
1 53 7144
1 54 1879
1 55 5113
1 56 4384
1 57 5934
1 58 7114
1 59 656
1 60 1787
1 61 1488
1 62 742
1 63 2776
1 64 2151
1 65 3611
1 66 3266
1 67 6785
1 68 5662
1 69 635
1 70 6856
2 1 6085
2 3 6354
2 4 5637
2 5 10
2 6 317
2 7 3204
2 8 7332
2 9 1563
2 10 5322
2 11 4775
2 12 7288
2 13 4788
2 14 5366
2 15 6194
2 16 3938
2 17 341
2 18 2289
2 19 3174
2 20 351
2 21 7079
2 22 4955
2 23 5393
2 24 3557
2 25 5705
2 26 5886
2 27 2945
2 28 4845
2 29 2462
2 30 2831
2 31 1087
2 32 5917
2 33 3611
2 34 4751
2 35 5002
2 36 3995
2 37 6232
2 38 6548
2 39 1273
2 40 5712
2 41 3804
2 42 3876
2 43 40
2 44 5131
2 45 255
2 46 7242
2 47 5416
2 48 999
2 49 3030
2 50 6770
2 51 4450
2 52 1195
2 53 639
2 54 3227
2 55 3047
2 56 707
2 57 482
2 58 6684
2 59 4846
2 60 2921
2 61 2639
2 62 3753
2 63 5981
2 64 3833
2 65 2177
2 66 7251
2 67 777
2 68 6358
2 69 2298
2 70 4649
3 1 2769
3 2 6985
3 4 403
3 5 3269
3 6 3665
3 7 2349
3 8 3679
3 9 4705
3 10 5786
3 11 3759
3 12 923
3 13 4626
3 14 6116
3 15 3441
3 16 6155
3 17 5084
3 18 475
3 19 2554
3 20 737
3 21 2664
3 22 5133
3 23 5197
3 24 4280
3 25 668
3 26 1852
3 27 2701
3 28 5227
3 29 6697
3 30 6921
3 31 6429
3 32 7284
3 33 5138
3 34 4264
3 35 4720
3 36 4323
3 37 3148
3 38 6046
3 39 2110
3 40 5882
3 41 4868
3 42 3687
3 43 6335
3 44 4363
3 45 4521
3 46 351
3 47 4055
3 48 5039
3 49 1989
3 50 1962
3 51 3959
3 52 2283
3 53 2118
3 54 928
3 55 1827
3 56 4204
3 57 3892
3 58 3555
3 59 5462
3 60 5247
3 61 5882
3 62 4986
3 63 2312
3 64 4541
3 65 181
3 66 6017
3 67 1275
3 68 4367
3 69 6074
3 70 4658
4 1 6554
4 2 3729
4 3 4442
4 5 611
4 6 6311
4 7 1367
4 8 1945
4 9 271
4 10 3480
4 11 5681
4 12 3385
4 13 976
4 14 4219
4 15 7184
4 16 4929
4 17 5754
4 18 5624
4 19 5008
4 20 966
4 21 3718
4 22 6547
4 23 7153
4 24 854
4 25 5324
4 26 5799
4 27 6050
4 28 2730
4 29 6400
4 30 5604
4 31 3970
4 32 6223
4 33 3730
4 34 1590
4 35 236
4 36 5023
4 37 4729
4 38 5878
4 39 23
4 40 6476
4 41 4485
4 42 3210
4 43 6604
4 44 345
4 45 452
4 46 276
4 47 66
4 48 2185
4 49 7500
4 50 4277
4 51 5332
4 52 2667
4 53 6375
4 54 2724
4 55 5966
4 56 793
4 57 236
4 58 1886
4 59 155
4 60 3463
4 61 920
4 62 2606
4 63 6417
4 64 5962
4 65 5923
4 66 89
4 67 4824
4 68 5455
4 69 5519
4 70 5612
5 1 6899
5 2 2072
5 3 151
5 4 4474
5 6 6819
5 7 993
5 8 1517
5 9 1694
5 10 6623
5 11 2149
5 12 1891
5 13 1552
5 14 2726
5 15 2457
5 16 7411
5 17 5056
5 18 2772
5 19 2651
5 20 829
5 21 3823
5 22 4220
5 23 2285
5 24 2744
5 25 627
5 26 7366
5 27 3398
5 28 6488
5 29 7327
5 30 6527
5 31 6549
5 32 7495
5 33 1251
5 34 2451
5 35 29
5 36 4493
5 37 3385
5 38 4885
5 39 1588
5 40 1812
5 41 1297
5 42 974
5 43 4899
5 44 7140
5 45 2203
5 46 4915
5 47 1366
5 48 854
5 49 5802
5 50 4006
5 51 1649
5 52 3696
5 53 5212
5 54 3583
5 55 4900
5 56 5181
5 57 3644
5 58 5147
5 59 6798
5 60 6630
5 61 5378
5 62 601
5 63 4864
5 64 3709
5 65 1698
5 66 5192
5 67 6370
5 68 130
5 69 4020
5 70 2674
6 1 1268
6 2 4593
6 3 2089
6 4 506
6 5 7372
6 7 298
6 8 1170
6 9 3243
6 10 2792
6 11 596
6 12 4612
6 13 7057
6 14 7226
6 15 3260
6 16 2497
6 17 3694
6 18 4
6 19 3521
6 20 3037
6 21 6662
6 22 1795
6 23 168
6 24 4325
6 25 4123
6 26 4349
6 27 3698
6 28 4420
6 29 2274
6 30 3696
6 31 4267
6 32 1891
6 33 2009
6 34 6537
6 35 1422
6 36 1290
6 37 649
6 38 3466
6 39 6634
6 40 559
6 41 1954
6 42 7335
6 43 6815
6 44 6014
6 45 3340
6 46 5097
6 47 2134
6 48 4495
6 49 877
6 50 410
6 51 725
6 52 2512
6 53 4098
6 54 3538
6 55 4096
6 56 6792
6 57 5008
6 58 6407
6 59 1096
6 60 637
6 61 4855
6 62 911
6 63 5074
6 64 3334
6 65 5351
6 66 1688
6 67 2423
6 68 1712
6 69 3221
6 70 5496
7 1 4455
7 2 1360
7 3 3694
7 4 4350
7 5 469
7 6 426
7 8 6189
7 9 2956
7 10 4438
7 11 4936
7 12 2962
7 13 904
7 14 227
7 15 5661
7 16 2295
7 17 6501
7 18 1833
7 19 5656
7 20 1460
7 21 3495
7 22 6529
7 23 1503
7 24 3955
7 25 3826
7 26 5195
7 27 2059
7 28 4285
7 29 3342
7 30 6341
7 31 2644
7 32 265
7 33 4544
7 34 3510
7 35 2714
7 36 1583
7 37 3865
7 38 1605
7 39 1060
7 40 3421
7 41 6871
7 42 6150
7 43 5820
7 44 6823
7 45 4087
7 46 3163
7 47 385
7 48 2421
7 49 2884
7 50 4800
7 51 4087
7 52 4382
7 53 5105
7 54 5396
7 55 5105
7 56 2792
7 57 1528
7 58 6777
7 59 7220
7 60 418
7 61 585
7 62 3566
7 63 2554
7 64 3391
7 65 1461
7 66 4183
7 67 340
7 68 4319
7 69 5290
7 70 7470
8 1 2335
8 2 285
8 3 3161
8 4 4571
8 5 5865
8 6 2018
8 7 5881
8 9 3435
8 10 4905
8 11 2820
8 12 3222
8 13 6067
8 14 1146
8 15 3467
8 16 3256
8 17 7493
8 18 4857
8 19 4176
8 20 4504
8 21 6773
8 22 4313
8 23 2442
8 24 315
8 25 7474
8 26 1173
8 27 6041
8 28 4508
8 29 939
8 30 4106
8 31 63
8 32 5498
8 33 3765
8 34 119
8 35 607
8 36 2569
8 37 4703
8 38 6622
8 39 2036
8 40 3257
8 41 46
8 42 3607
8 43 2748
8 44 2021
8 45 4225
8 46 6103
8 47 5501
8 48 4082
8 49 4261
8 50 5854
8 51 1796
8 52 3905
8 53 2805
8 54 2356
8 55 6656
8 56 2867
8 57 7075
8 58 1049
8 59 3718
8 60 5790
8 61 4854
8 62 4412
8 63 4419
8 64 848
8 65 3485
8 66 1207
8 67 919
8 68 50
8 69 761
8 70 3131
9 1 7332
9 2 1394
9 3 2225
9 4 5070
9 5 4404
9 6 7306
9 7 3419
9 8 337
9 10 6757
9 11 4043
9 12 865
9 13 2497
9 14 7072
9 15 5456
9 16 419
9 17 1923
9 18 2234
9 19 1945
9 20 5372
9 21 2892
9 22 6081
9 23 4768
9 24 1834
9 25 2586
9 26 6845
9 27 5400
9 28 176
9 29 7045
9 30 1734
9 31 4622
9 32 2795
9 33 5678
9 34 5912
9 35 4102
9 36 3952
9 37 1263
9 38 7138
9 39 7224
9 40 1510
9 41 1210
9 42 4393
9 43 6171
9 44 5364
9 45 4288
9 46 3432
9 47 1111
9 48 2181
9 49 3028
9 50 2491
9 51 1821
9 52 342
9 53 7244
9 54 2138
9 55 3776
9 56 1682
9 57 1907
9 58 4543
9 59 2251
9 60 6044
9 61 1995
9 62 4646
9 63 3549
9 64 5387
9 65 6016
9 66 2822
9 67 5608
9 68 4400
9 69 7007
9 70 2081
10 1 6855
10 2 2471
10 3 2507
10 4 7307
10 5 2927
10 6 2201
10 7 6654
10 8 1311
10 9 1521
10 11 7300
10 12 3296
10 13 6022
10 14 4116
10 15 1112
10 16 6921
10 17 1340
10 18 6450
10 19 7417
10 20 1062
10 21 1053
10 22 1438
10 23 1721
10 24 2157
10 25 7264
10 26 1022
10 27 1131
10 28 4945
10 29 2095
10 30 2043
10 31 456
10 32 1374
10 33 258
10 34 4936
10 35 1544
10 36 6511
10 37 2299
10 38 3384
10 39 3736
10 40 1769
10 41 6978
10 42 4668
10 43 1513
10 44 575
10 45 3761
10 46 6106
10 47 3873
10 48 110
10 49 5390
10 50 7486
10 51 3717
10 52 2371
10 53 2839
10 54 1891
10 55 4493
10 56 4155
10 57 4467
10 58 1250
10 59 4454
10 60 3101
10 61 107
10 62 416
10 63 5258
10 64 3227
10 65 1207
10 66 6256
10 67 7288
10 68 5799
10 69 1068
10 70 4430
11 1 2392
11 2 205
11 3 4555
11 4 1295
11 5 3496
11 6 2472
11 7 1085
11 8 5767
11 9 6112
11 10 1815
11 12 6756
11 13 3745
11 14 2138
11 15 4069
11 16 4433
11 17 566
11 18 2379
11 19 3711
11 20 2570
11 21 2936
11 22 3810
11 23 1462
11 24 1857
11 25 4074
11 26 4048
11 27 5344
11 28 5678
11 29 1446
11 30 450
11 31 5306
11 32 6397
11 33 1296
11 34 4393
11 35 2419
11 36 3323
11 37 5949
11 38 2641
11 39 5796
11 40 5072
11 41 3911
11 42 5158
11 43 5548
11 44 7230
11 45 2921
11 46 3594
11 47 7052
11 48 5180
11 49 7457
11 50 4875
11 51 2700
11 52 1941
11 53 3810
11 54 6802
11 55 5403
11 56 2409
11 57 727
11 58 1809
11 59 1012
11 60 1790
11 61 6596
11 62 2659
11 63 7371
11 64 7356
11 65 4825
11 66 4556
11 67 2585
11 68 3199
11 69 3776
11 70 4034
12 1 6789
12 2 7444
12 3 987
12 4 930
12 5 4871
12 6 5983
12 7 2200
12 8 2915
12 9 4264
12 10 1035
12 11 2001
12 13 3615
12 14 5198
12 15 3514
12 16 3198
12 17 3944
12 18 2574
12 19 2456
12 20 3512
12 21 5118
12 22 5184
12 23 2592
12 24 7169
12 25 1439
12 26 1676
12 27 5049
12 28 5749
12 29 4035
12 30 3641
12 31 3070
12 32 3201
12 33 6469
12 34 4120
12 35 6523
12 36 2848
12 37 771
12 38 1314
12 39 5524
12 40 2433
12 41 5967
12 42 6710
12 43 1808
12 44 6646
12 45 6753
12 46 6594
12 47 4928
12 48 7139
12 49 6248
12 50 2149
12 51 3573
12 52 4800
12 53 832
12 54 3983
12 55 4661
12 56 5255
12 57 5915
12 58 1781
12 59 1646
12 60 7365
12 61 4305
12 62 435
12 63 2604
12 64 1538
12 65 173
12 66 5533
12 67 25
12 68 41
12 69 769
12 70 3065
13 1 1828
13 2 7062
13 3 6920
13 4 3239
13 5 6574
13 6 6042
13 7 6453
13 8 2750
13 9 5485
13 10 2593
13 11 2894
13 12 6505
13 14 6095
13 15 2908
13 16 1189
13 17 2214
13 18 5515
13 19 3421
13 20 622
13 21 2845
13 22 2778
13 23 3237
13 24 3604
13 25 3252
13 26 6723
13 27 1758
13 28 5528
13 29 3971
13 30 827
13 31 1487
13 32 1427
13 33 2834
13 34 5943
13 35 3829
13 36 2183
13 37 3259
13 38 1161
13 39 6620
13 40 4864
13 41 2692
13 42 5497
13 43 5107
13 44 7341
13 45 4053
13 46 3788
13 47 7002
13 48 6782
13 49 4327
13 50 2893
13 51 4113
13 52 580
13 53 4909
13 54 231
13 55 669
13 56 5499
13 57 6131
13 58 5312
13 59 1637
13 60 1549
13 61 6648
13 62 4145
13 63 672
13 64 3828
13 65 2304
13 66 1163
13 67 317
13 68 7456
13 69 2118
13 70 6541
14 1 807
14 2 2244
14 3 7384
14 4 983
14 5 1443
14 6 7095
14 7 3012
14 8 1249
14 9 1300
14 10 5494
14 11 7156
14 12 3102
14 13 4317
14 15 6142
14 16 6040
14 17 3919
14 18 818
14 19 3958
14 20 3199
14 21 6562
14 22 7158
14 23 3882
14 24 184
14 25 4409
14 26 4249
14 27 6149
14 28 4692
14 29 3349
14 30 4318
14 31 958
14 32 1371
14 33 992
14 34 1155
14 35 3297
14 36 3227
14 37 750
14 38 3949
14 39 1709
14 40 119
14 41 5446
14 42 1122
14 43 387
14 44 2011
14 45 1761
14 46 6235
14 47 2060
14 48 3085
14 49 7478
14 50 378
14 51 39
14 52 4280
14 53 2749
14 54 5698
14 55 6512
14 56 6543
14 57 3780
14 58 1148
14 59 1516
14 60 2400
14 61 4372
14 62 2307
14 63 359
14 64 1728
14 65 6358
14 66 3307
14 67 4778
14 68 4684
14 69 5575
14 70 5891
15 1 1309
15 2 214
15 3 6145
15 4 1625
15 5 6182
15 6 2033
15 7 2653
15 8 520
15 9 2312
15 10 405
15 11 6448
15 12 2753
15 13 4833
15 14 7482
15 16 2096
15 17 165
15 18 6693
15 19 1154
15 20 3328
15 21 2989
15 22 7356
15 23 4566
15 24 528
15 25 5355
15 26 6856
15 27 7191
15 28 3542
15 29 4104
15 30 2290
15 31 4855
15 32 3657
15 33 5039
15 34 865
15 35 4555
15 36 5858
15 37 6426
15 38 2012
15 39 7399
15 40 3585
15 41 141
15 42 583
15 43 4230
15 44 2974
15 45 4003
15 46 1670
15 47 7090
15 48 3202
15 49 3510
15 50 7425
15 51 1552
15 52 1152
15 53 4641
15 54 1104
15 55 5293
15 56 2734
15 57 5554
15 58 1102
15 59 5403
15 60 6482
15 61 7011
15 62 4703
15 63 5427
15 64 5014
15 65 6263
15 66 2892
15 67 5095
15 68 4840
15 69 5740
15 70 505
16 1 1120
16 2 1261
16 3 1411
16 4 6223
16 5 3794
16 6 7198
16 7 3401
16 8 5133
16 9 2685
16 10 1230
16 11 85
16 12 3877
16 13 5322
16 14 1600
16 15 2454
16 17 6649
16 18 2225
16 19 3613
16 20 4988
16 21 4251
16 22 5908
16 23 1323
16 24 4835
16 25 3171
16 26 4874
16 27 457
16 28 5839
16 29 5104
16 30 2180
16 31 3607
16 32 59
16 33 3156
16 34 7228
16 35 6354
16 36 2776
16 37 4394
16 38 7181
16 39 2479
16 40 196
16 41 6360
16 42 6973
16 43 6156
16 44 5801
16 45 1490
16 46 3780
16 47 5652
16 48 3059
16 49 6479
16 50 4710
16 51 6830
16 52 5752
16 53 5961
16 54 1561
16 55 3875
16 56 6828
16 57 522
16 58 6853
16 59 3089
16 60 1437
16 61 1285
16 62 6437
16 63 1092
16 64 1125
16 65 5633
16 66 7016
16 67 5288
16 68 807
16 69 1721
16 70 4285
17 1 2043
17 2 2200
17 3 5886
17 4 3403
17 5 1113
17 6 4372
17 7 6420
17 8 2219
17 9 2360
17 10 346
17 11 6862
17 12 2041
17 13 5251
17 14 4329
17 15 7323
17 16 2356
17 18 5946
17 19 7376
17 20 5440
17 21 6982
17 22 4912
17 23 2372
17 24 2376
17 25 3149
17 26 6760
17 27 2075
17 28 2514
17 29 5158
17 30 6035
17 31 7301
17 32 3933
17 33 1868
17 34 2867
17 35 6726
17 36 6996
17 37 7366
17 38 6808
17 39 5898
17 40 3293
17 41 7268
17 42 398
17 43 6429
17 44 81
17 45 6333
17 46 6097
17 47 3019
17 48 2747
17 49 6978
17 50 6032
17 51 7055
17 52 4936
17 53 1931
17 54 6268
17 55 7480
17 56 4409
17 57 2113
17 58 478
17 59 3418
17 60 1100
17 61 5084
17 62 1638
17 63 6509
17 64 4604
17 65 3575
17 66 3360
17 67 4578
17 68 1659
17 69 6831
17 70 6714
18 1 907
18 2 3117
18 3 5756
18 4 6436
18 5 3515
18 6 1105
18 7 6268
18 8 4680
18 9 6732
18 10 5285
18 11 751
18 12 6403
18 13 489
18 14 5441
18 15 2815
18 16 883
18 17 4056
18 19 1098
18 20 3701
18 21 6489
18 22 5624
18 23 5172
18 24 5215
18 25 4830
18 26 4930
18 27 4706
18 28 5376
18 29 2081
18 30 6258
18 31 5536
18 32 5859
18 33 1324
18 34 3055
18 35 443
18 36 2599
18 37 4737
18 38 1795
18 39 6167
18 40 4638
18 41 5874
18 42 1751
18 43 1582
18 44 4126
18 45 529
18 46 939
18 47 3072
18 48 4601
18 49 4839
18 50 1794
18 51 5698
18 52 6796
18 53 3366
18 54 1200
18 55 6250
18 56 6672
18 57 2757
18 58 5158
18 59 4868
18 60 6521
18 61 1353
18 62 4667
18 63 2669
18 64 4149
18 65 9
18 66 7055
18 67 4744
18 68 4961
18 69 2440
18 70 6509
19 1 5803
19 2 1298
19 3 2743
19 4 6864
19 5 4665
19 6 5783
19 7 3302
19 8 6629
19 9 2631
19 10 3864
19 11 4518
19 12 4363
19 13 2697
19 14 2722
19 15 1376
19 16 6921
19 17 4093
19 18 4595
19 20 5066
19 21 3608
19 22 288
19 23 6618
19 24 5482
19 25 265
19 26 2667
19 27 1303
19 28 6845
19 29 1262
19 30 2871
19 31 2850
19 32 3855
19 33 6957
19 34 1060
19 35 4747
19 36 6894
19 37 1608
19 38 1712
19 39 368
19 40 495
19 41 3040
19 42 3955
19 43 4084
19 44 2932
19 45 4597
19 46 4276
19 47 3032
19 48 7219
19 49 2647
19 50 5901
19 51 1707
19 52 3153
19 53 1042
19 54 7048
19 55 6171
19 56 2123
19 57 2262
19 58 1042
19 59 7012
19 60 1910
19 61 6402
19 62 4061
19 63 3490
19 64 4686
19 65 1922
19 66 5076
19 67 2069
19 68 1215
19 69 1555
19 70 3306
20 1 1557
20 2 6236
20 3 3860
20 4 4729
20 5 5877
20 6 5057
20 7 4834
20 8 5920
20 9 5040
20 10 5979
20 11 2634
20 12 6053
20 13 2639
20 14 4655
20 15 6796
20 16 7185
20 17 6074
20 18 4606
20 19 6907
20 21 616
20 22 587
20 23 746
20 24 2158
20 25 1336
20 26 711
20 27 542
20 28 3916
20 29 4061
20 30 7273
20 31 6582
20 32 6865
20 33 651
20 34 3157
20 35 630
20 36 779
20 37 5399
20 38 1729
20 39 7023
20 40 5984
20 41 5583
20 42 4426
20 43 4655
20 44 613
20 45 552
20 46 1253
20 47 2222
20 48 694
20 49 605
20 50 375
20 51 2267
20 52 3790
20 53 410
20 54 1128
20 55 5601
20 56 3885
20 57 890
20 58 2831
20 59 3022
20 60 2681
20 61 5221
20 62 1653
20 63 6799
20 64 6638
20 65 6593
20 66 6595
20 67 4643
20 68 7500
20 69 5653
20 70 3750
21 1 6730
21 2 3382
21 3 3023
21 4 6031
21 5 2620
21 6 6227
21 7 1977
21 8 2137
21 9 972
21 10 3774
21 11 4668
21 12 2352
21 13 2266
21 14 2847
21 15 4816
21 16 5364
21 17 2338
21 18 86
21 19 5617
21 20 4454
21 22 1923
21 23 2136
21 24 404
21 25 3928
21 26 4471
21 27 4067
21 28 3966
21 29 7351
21 30 3329
21 31 3636
21 32 1952
21 33 4516
21 34 3432
21 35 908
21 36 4183
21 37 1893
21 38 2859
21 39 2536
21 40 1428
21 41 1434
21 42 7271
21 43 6545
21 44 4508
21 45 3117
21 46 4719
21 47 648
21 48 3661
21 49 7366
21 50 4655
21 51 1359
21 52 1997
21 53 7054
21 54 4580
21 55 4337
21 56 95
21 57 7454
21 58 1877
21 59 3220
21 60 6820
21 61 6071
21 62 4565
21 63 7135
21 64 6956
21 65 5553
21 66 2818
21 67 7416
21 68 4244
21 69 1197
21 70 605
22 1 7182
22 2 473
22 3 6403
22 4 170
22 5 4719
22 6 3377
22 7 7314
22 8 1035
22 9 3871
22 10 1483
22 11 1594
22 12 1360
22 13 5380
22 14 5649
22 15 5511
22 16 3090
22 17 1269
22 18 3420
22 19 953
22 20 676
22 21 898
22 23 5554
22 24 5703
22 25 1979
22 26 7439
22 27 6725
22 28 181
22 29 929
22 30 4809
22 31 5043
22 32 3448
22 33 6918
22 34 5115
22 35 6424
22 36 2974
22 37 3897
22 38 3683
22 39 2517
22 40 4128
22 41 3692
22 42 465
22 43 2799
22 44 52
22 45 208
22 46 2529
22 47 6247
22 48 3101
22 49 5380
22 50 3114
22 51 5233
22 52 3992
22 53 2324
22 54 1691
22 55 819
22 56 6891
22 57 1078
22 58 6194
22 59 4739
22 60 1992
22 61 7415
22 62 4354
22 63 7037
22 64 3135
22 65 6668
22 66 6937
22 67 5423
22 68 5107
22 69 2680
22 70 5931
23 1 6518
23 2 2465
23 3 6571
23 4 6838
23 5 4625
23 6 5517
23 7 6255
23 8 591
23 9 4635
23 10 1246
23 11 2274
23 12 868
23 13 4730
23 14 558
23 15 5624
23 16 5973
23 17 7317
23 18 7159
23 19 2397
23 20 6910
23 21 2718
23 22 1327
23 24 4811
23 25 734
23 26 2805
23 27 4516
23 28 6149
23 29 3198
23 30 1318
23 31 1186
23 32 4699
23 33 7091
23 34 4657
23 35 2260
23 36 5043
23 37 6287
23 38 6859
23 39 5235
23 40 3910
23 41 5263
23 42 6789
23 43 265
23 44 4898
23 45 6422
23 46 2346
23 47 3387
23 48 6762
23 49 3748
23 50 316
23 51 4729
23 52 4515
23 53 2455
23 54 6164
23 55 5507
23 56 3214
23 57 200
23 58 4997
23 59 3117
23 60 2233
23 61 3984
23 62 7161
23 63 7324
23 64 6890
23 65 2021
23 66 5333
23 67 105
23 68 7034
23 69 3496
23 70 5040
24 1 835
24 2 5769
24 3 5692
24 4 3710
24 5 5712
24 6 3850
24 7 4432
24 8 2742
24 9 1803
24 10 6937
24 11 546
24 12 1879
24 13 4576
24 14 3972
24 15 5441
24 16 7221
24 17 1520
24 18 5529
24 19 3401
24 20 5406
24 21 3420
24 22 5476
24 23 6678
24 25 842
24 26 5982
24 27 2332
24 28 1369
24 29 3553
24 30 2703
24 31 27
24 32 1808
24 33 2851
24 34 2996
24 35 5424
24 36 2650
24 37 6503
24 38 2728
24 39 5415
24 40 89
24 41 4535
24 42 6082
24 43 2462
24 44 4655
24 45 3489
24 46 7163
24 47 4980
24 48 5936
24 49 1145
24 50 6558
24 51 7083
24 52 822
24 53 257
24 54 268
24 55 2368
24 56 3265
24 57 1252
24 58 2370
24 59 306
24 60 2424
24 61 7106
24 62 6855
24 63 3586
24 64 5807
24 65 6175
24 66 2140
24 67 514
24 68 5504
24 69 4687
24 70 3409
25 1 3896
25 2 2450
25 3 6351
25 4 6826
25 5 6180
25 6 4987
25 7 4300
25 8 2527
25 9 5753
25 10 2508
25 11 2389
25 12 5185
25 13 5856
25 14 4925
25 15 2204
25 16 4435
25 17 70
25 18 6099
25 19 2364
25 20 5140
25 21 6568
25 22 3029
25 23 2344
25 24 1369
25 26 3138
25 27 4511
25 28 2396
25 29 4729
25 30 5269
25 31 2344
25 32 5340
25 33 1366
25 34 3592
25 35 5672
25 36 5387
25 37 6468
25 38 443
25 39 1416
25 40 6642
25 41 4502
25 42 3726
25 43 4065
25 44 5803
25 45 2843
25 46 2758
25 47 2317
25 48 3623
25 49 7340
25 50 1376
25 51 1169
25 52 7196
25 53 3027
25 54 4882
25 55 1095
25 56 6801
25 57 4948
25 58 4973
25 59 3832
25 60 7388
25 61 3765
25 62 4386
25 63 5607
25 64 6792
25 65 6632
25 66 1625
25 67 2609
25 68 6575
25 69 3346
25 70 6986
26 1 1972
26 2 545
26 3 825
26 4 7277
26 5 4559
26 6 2280
26 7 6229
26 8 3259
26 9 1133
26 10 4602
26 11 667
26 12 2556
26 13 2274
26 14 7038
26 15 5360
26 16 3524
26 17 5282
26 18 1105
26 19 6823
26 20 4459
26 21 633
26 22 606
26 23 3891
26 24 1997
26 25 493
26 27 3013
26 28 7102
26 29 1673
26 30 7069
26 31 2874
26 32 595
26 33 1715
26 34 3287
26 35 1434
26 36 4327
26 37 4036
26 38 1278
26 39 1839
26 40 6681
26 41 3197
26 42 1862
26 43 1262
26 44 6382
26 45 5
26 46 860
26 47 4215
26 48 4060
26 49 4276
26 50 4736
26 51 5056
26 52 3557
26 53 6039
26 54 832
26 55 3008
26 56 5555
26 57 295
26 58 6411
26 59 2488
26 60 4986
26 61 188
26 62 5733
26 63 7020
26 64 1449
26 65 2690
26 66 1080
26 67 6293
26 68 2958
26 69 719
26 70 4612
27 1 5003
27 2 48
27 3 3995
27 4 3939
27 5 5306
27 6 1330
27 7 4545
27 8 1852
27 9 378
27 10 3603
27 11 627
27 12 328
27 13 7125
27 14 6698
27 15 6211
27 16 2660
27 17 1571
27 18 1480
27 19 5701
27 20 817
27 21 331
27 22 1344
27 23 3503
27 24 5601
27 25 828
27 26 3303
27 28 7413
27 29 4191
27 30 5811
27 31 805
27 32 116
27 33 4673
27 34 7421
27 35 1237
27 36 287
27 37 6578
27 38 6918
27 39 7360
27 40 1413
27 41 5607
27 42 5181
27 43 4115
27 44 1503
27 45 7407
27 46 2463
27 47 422
27 48 2893
27 49 6535
27 50 5831
27 51 5883
27 52 2375
27 53 210
27 54 913
27 55 3388
27 56 2470
27 57 2069
27 58 1831
27 59 1109
27 60 1069
27 61 3020
27 62 4775
27 63 6834
27 64 733
27 65 1600
27 66 3287
27 67 7431
27 68 4816
27 69 377
27 70 6860
28 1 2584
28 2 902
28 3 3277
28 4 2446
28 5 4862
28 6 6998
28 7 3625
28 8 7058
28 9 2214
28 10 615
28 11 6852
28 12 5150
28 13 1960
28 14 4312
28 15 385
28 16 1273
28 17 1960
28 18 2334
28 19 6763
28 20 5741
28 21 3562
28 22 2102
28 23 5313
28 24 5818
28 25 3338
28 26 2890
28 27 3337
28 29 5927
28 30 1054
28 31 6030
28 32 54
28 33 2494
28 34 5870
28 35 1332
28 36 545
28 37 3312
28 38 5353
28 39 3296
28 40 1645
28 41 1538
28 42 865
28 43 982
28 44 3029
28 45 6398
28 46 4177
28 47 4760
28 48 6168
28 49 3208
28 50 3581
28 51 4050
28 52 5567
28 53 1078
28 54 2532
28 55 6365
28 56 4802
28 57 714
28 58 7038
28 59 4428
28 60 915
28 61 4677
28 62 541
28 63 4884
28 64 2118
28 65 3611
28 66 6515
28 67 5120
28 68 1011
28 69 3921
28 70 3447
29 1 914
29 2 2548
29 3 3240
29 4 6718
29 5 6477
29 6 2396
29 7 2667
29 8 7462
29 9 121
29 10 3019
29 11 315
29 12 468
29 13 6376
29 14 19
29 15 4061
29 16 4945
29 17 4827
29 18 3645
29 19 510
29 20 265
29 21 2130
29 22 4895
29 23 5257
29 24 5463
29 25 6723
29 26 694
29 27 782
29 28 15
29 30 3133
29 31 6521
29 32 1196
29 33 5875
29 34 1837
29 35 3444
29 36 2627
29 37 770
29 38 107
29 39 5614
29 40 3932
29 41 7495
29 42 4195
29 43 2425
29 44 3495
29 45 4933
29 46 6650
29 47 2497
29 48 316
29 49 3552
29 50 1012
29 51 416
29 52 187
29 53 2500
29 54 406
29 55 5424
29 56 6362
29 57 1625
29 58 1033
29 59 1286
29 60 4676
29 61 2170
29 62 460
29 63 7046
29 64 1794
29 65 389
29 66 5093
29 67 5109
29 68 2748
29 69 6627
29 70 3371
30 1 2745
30 2 1458
30 3 3691
30 4 5537
30 5 4325
30 6 4217
30 7 6932
30 8 6297
30 9 2170
30 10 2178
30 11 5215
30 12 525
30 13 812
30 14 1407
30 15 1250
30 16 7443
30 17 2544
30 18 144
30 19 5525
30 20 3630
30 21 2614
30 22 4589
30 23 4783
30 24 6487
30 25 994
30 26 1812
30 27 4939
30 28 3168
30 29 4831
30 31 1239
30 32 6815
30 33 6132
30 34 4260
30 35 6354
30 36 5819
30 37 2081
30 38 2171
30 39 2089
30 40 7218
30 41 5877
30 42 4187
30 43 5712
30 44 5129
30 45 858
30 46 869
30 47 6447
30 48 3943
30 49 4039
30 50 6472
30 51 2918
30 52 711
30 53 5206
30 54 6508
30 55 315
30 56 6409
30 57 6372
30 58 1893
30 59 1165
30 60 4581
30 61 6282
30 62 4776
30 63 7478
30 64 1108
30 65 7071
30 66 493
30 67 6587
30 68 3019
30 69 6730
30 70 1364
31 1 5615
31 2 1363
31 3 278
31 4 5174
31 5 607
31 6 700
31 7 3045
31 8 5785
31 9 168
31 10 5985
31 11 1609
31 12 6795
31 13 2871
31 14 361
31 15 6126
31 16 4493
31 17 591
31 18 5960
31 19 1095
31 20 5666
31 21 5528
31 22 5825
31 23 4866
31 24 1260
31 25 6221
31 26 7274
31 27 2527
31 28 4289
31 29 1873
31 30 5969
31 32 153
31 33 7442
31 34 4912
31 35 3423
31 36 7294
31 37 2192
31 38 2067
31 39 190
31 40 1379
31 41 6419
31 42 3768
31 43 1114
31 44 3844
31 45 5123
31 46 5695
31 47 6434
31 48 2894
31 49 2076
31 50 2049
31 51 1458
31 52 50
31 53 3080
31 54 3644
31 55 2873
31 56 2065
31 57 6630
31 58 633
31 59 1523
31 60 3988
31 61 2695
31 62 4692
31 63 343
31 64 3189
31 65 2312
31 66 3031
31 67 3981
31 68 6263
31 69 2036
31 70 1896
32 1 4361
32 2 1829
32 3 4381
32 4 3695
32 5 2954
32 6 1632
32 7 5121
32 8 3985
32 9 649
32 10 5792
32 11 213
32 12 6162
32 13 5278
32 14 5151
32 15 129
32 16 2142
32 17 3421
32 18 5437
32 19 2346
32 20 5964
32 21 2908
32 22 2897
32 23 5864
32 24 3854
32 25 780
32 26 4593
32 27 3625
32 28 3678
32 29 2246
32 30 2110
32 31 4983
32 33 6086
32 34 2261
32 35 4087
32 36 1973
32 37 4220
32 38 3889
32 39 4269
32 40 1908
32 41 3161
32 42 7475
32 43 6081
32 44 1565
32 45 5716
32 46 6871
32 47 556
32 48 1332
32 49 4972
32 50 7283
32 51 2153
32 52 2273
32 53 5925
32 54 4016
32 55 3306
32 56 2459
32 57 7286
32 58 600
32 59 171
32 60 6258
32 61 6498
32 62 4971
32 63 3522
32 64 1824
32 65 4753
32 66 5198
32 67 5625
32 68 4926
32 69 493
32 70 6766
33 1 3875
33 2 5945
33 3 236
33 4 1830
33 5 6784
33 6 5018
33 7 5646
33 8 4421
33 9 1557
33 10 4166
33 11 814
33 12 5133
33 13 3904
33 14 1036
33 15 6852
33 16 6652
33 17 365
33 18 4883
33 19 2860
33 20 7017
33 21 1652
33 22 4912
33 23 1929
33 24 4632
33 25 1442
33 26 2110
33 27 4544
33 28 6107
33 29 7427
33 30 933
33 31 367
33 32 4788
33 34 6255
33 35 746
33 36 2835
33 37 2754
33 38 5283
33 39 5844
33 40 6650
33 41 7129
33 42 4374
33 43 1596
33 44 2637
33 45 3642
33 46 581
33 47 3583
33 48 6065
33 49 5717
33 50 227
33 51 6908
33 52 4797
33 53 1338
33 54 1288
33 55 4242
33 56 5155
33 57 4337
33 58 1965
33 59 5574
33 60 4329
33 61 4049
33 62 1425
33 63 4659
33 64 7187
33 65 5926
33 66 632
33 67 797
33 68 6931
33 69 1999
33 70 2758
34 1 1200
34 2 7235
34 3 5967
34 4 5923
34 5 3573
34 6 4477
34 7 1501
34 8 834
34 9 3556
34 10 2497
34 11 7027
34 12 2126
34 13 3279
34 14 2676
34 15 1065
34 16 1991
34 17 6579
34 18 6052
34 19 2812
34 20 1719
34 21 1237
34 22 7048
34 23 398
34 24 1836
34 25 1093
34 26 4459
34 27 4142
34 28 3297
34 29 6428
34 30 610
34 31 2989
34 32 3705
34 33 3407
34 35 3717
34 36 1245
34 37 3469
34 38 4005
34 39 6503
34 40 5684
34 41 5172
34 42 6163
34 43 6722
34 44 6770
34 45 4791
34 46 3440
34 47 379
34 48 6616
34 49 5809
34 50 2588
34 51 6404
34 52 1770
34 53 4788
34 54 3490
34 55 2752
34 56 3488
34 57 496
34 58 4399
34 59 947
34 60 3902
34 61 3486
34 62 1611
34 63 6123
34 64 676
34 65 3222
34 66 2259
34 67 5349
34 68 3613
34 69 4881
34 70 1271
35 1 1696
35 2 5606
35 3 883
35 4 6658
35 5 3852
35 6 6032
35 7 3752
35 8 4582
35 9 6023
35 10 2946
35 11 6502
35 12 3392
35 13 6142
35 14 32
35 15 7226
35 16 850
35 17 4925
35 18 6397
35 19 5605
35 20 7139
35 21 7423
35 22 6059
35 23 4414
35 24 6722
35 25 4418
35 26 3487
35 27 158
35 28 4855
35 29 1581
35 30 6168
35 31 4673
35 32 3363
35 33 716
35 34 2554
35 36 5478
35 37 5873
35 38 625
35 39 2794
35 40 2902
35 41 6542
35 42 2640
35 43 422
35 44 5020
35 45 3739
35 46 444
35 47 2237
35 48 5470
35 49 2209
35 50 4323
35 51 1437
35 52 6150
35 53 5620
35 54 2687
35 55 6247
35 56 6018
35 57 1863
35 58 111
35 59 6770
35 60 235
35 61 4382
35 62 748
35 63 889
35 64 3126
35 65 5437
35 66 7278
35 67 3288
35 68 5506
35 69 1624
35 70 6702
36 1 3225
36 2 5781
36 3 7
36 4 3699
36 5 126
36 6 6793
36 7 5120
36 8 4005
36 9 6352
36 10 2859
36 11 86
36 12 1260
36 13 2289
36 14 87
36 15 4302
36 16 1079
36 17 2977
36 18 6737
36 19 1576
36 20 4477
36 21 5220
36 22 4405
36 23 2158
36 24 4491
36 25 3958
36 26 1619
36 27 2930
36 28 4246
36 29 2832
36 30 5155
36 31 4597
36 32 1750
36 33 6614
36 34 1828
36 35 6984
36 37 1708
36 38 6972
36 39 6707
36 40 1540
36 41 1725
36 42 4364
36 43 4874
36 44 6811
36 45 3636
36 46 4614
36 47 2779
36 48 2280
36 49 1326
36 50 7192
36 51 4720
36 52 694
36 53 7346
36 54 5114
36 55 5761
36 56 3352
36 57 6479
36 58 1279
36 59 5247
36 60 4168
36 61 4145
36 62 5074
36 63 694
36 64 437
36 65 7251
36 66 2895
36 67 1307
36 68 5727
36 69 3222
36 70 6262
37 1 6513
37 2 1610
37 3 5970
37 4 4550
37 5 1967
37 6 5615
37 7 280
37 8 4894
37 9 2610
37 10 5684
37 11 7215
37 12 4126
37 13 3643
37 14 2825
37 15 2311
37 16 1539
37 17 1185
37 18 5164
37 19 2599
37 20 4830
37 21 6881
37 22 4455
37 23 5267
37 24 7343
37 25 5875
37 26 6949
37 27 5360
37 28 5409
37 29 7374
37 30 3207
37 31 945
37 32 6135
37 33 4069
37 34 4358
37 35 5261
37 36 3137
37 38 7002
37 39 4183
37 40 3805
37 41 1243
37 42 6696
37 43 6144
37 44 4254
37 45 1038
37 46 755
37 47 3574
37 48 4867
37 49 5047
37 50 767
37 51 3260
37 52 6495
37 53 2540
37 54 6614
37 55 4922
37 56 3733
37 57 6171
37 58 519
37 59 378
37 60 6137
37 61 6289
37 62 4585
37 63 4153
37 64 808
37 65 1416
37 66 2067
37 67 7369
37 68 6816
37 69 346
37 70 2309
38 1 7330
38 2 6364
38 3 843
38 4 4047
38 5 6644
38 6 6130
38 7 732
38 8 2756
38 9 3938
38 10 3948
38 11 6703
38 12 1143
38 13 6082
38 14 4614
38 15 4494
38 16 3672
38 17 6063
38 18 3637
38 19 2152
38 20 5690
38 21 100
38 22 5402
38 23 2180
38 24 4925
38 25 2776
38 26 1285
38 27 4596
38 28 2874
38 29 7213
38 30 4749
38 31 1657
38 32 6635
38 33 2519
38 34 7382
38 35 4737
38 36 5411
38 37 5878
38 39 7448
38 40 3197
38 41 8
38 42 3068
38 43 778
38 44 4641
38 45 4807
38 46 6610
38 47 6639
38 48 7267
38 49 1312
38 50 4254
38 51 3643
38 52 4855
38 53 3676
38 54 6483
38 55 1861
38 56 7349
38 57 2642
38 58 6157
38 59 1873
38 60 5287
38 61 307
38 62 4139
38 63 4115
38 64 1056
38 65 209
38 66 4956
38 67 3211
38 68 2788
38 69 4047
38 70 1880
39 1 828
39 2 890
39 3 5053
39 4 5834
39 5 1362
39 6 3677
39 7 1817
39 8 270
39 9 3061
39 10 6138
39 11 6691
39 12 408
39 13 6528
39 14 6857
39 15 3104
39 16 1173
39 17 5538
39 18 277
39 19 4635
39 20 3166
39 21 7120
39 22 7449
39 23 6799
39 24 7407
39 25 1149
39 26 132
39 27 7020
39 28 2646
39 29 5116
39 30 3131
39 31 2122
39 32 871
39 33 2963
39 34 6485
39 35 4244
39 36 5912
39 37 1206
39 38 2288
39 40 6983
39 41 5958
39 42 1792
39 43 6155
39 44 3223
39 45 5600
39 46 3026
39 47 6905
39 48 4876
39 49 5303
39 50 210
39 51 6890
39 52 902
39 53 2828
39 54 3919
39 55 5137
39 56 2212
39 57 2786
39 58 3713
39 59 4375
39 60 4999
39 61 1729
39 62 5973
39 63 1957
39 64 6416
39 65 3230
39 66 1148
39 67 6657
39 68 1722
39 69 1511
39 70 394
40 1 1544
40 2 404
40 3 6841
40 4 7228
40 5 4921
40 6 177
40 7 6183
40 8 2794
40 9 6476
40 10 1424
40 11 6640
40 12 4635
40 13 5809
40 14 1194
40 15 3405
40 16 6055
40 17 7193
40 18 4918
40 19 4809
40 20 3449
40 21 1866
40 22 5431
40 23 4946
40 24 1846
40 25 6181
40 26 3597
40 27 5925
40 28 2451
40 29 461
40 30 6645
40 31 1066
40 32 3177
40 33 2163
40 34 142
40 35 5247
40 36 2830
40 37 5014
40 38 6623
40 39 2863
40 41 7023
40 42 2509
40 43 4518
40 44 6466
40 45 5668
40 46 7123
40 47 4168
40 48 5300
40 49 3664
40 50 6410
40 51 7451
40 52 5980
40 53 2586
40 54 4122
40 55 6920
40 56 2141
40 57 1957
40 58 822
40 59 342
40 60 2853
40 61 2623
40 62 6048
40 63 4221
40 64 1883
40 65 3024
40 66 6481
40 67 3395
40 68 6777
40 69 7122
40 70 4149
41 1 4109
41 2 6128
41 3 3429
41 4 7291
41 5 4236
41 6 6670
41 7 1420
41 8 5974
41 9 4529
41 10 4143
41 11 3925
41 12 6333
41 13 3179
41 14 7474
41 15 7288
41 16 1668
41 17 5441
41 18 6295
41 19 587
41 20 5259
41 21 4267
41 22 1563
41 23 5208
41 24 1788
41 25 7116
41 26 5498
41 27 7341
41 28 4818
41 29 6579
41 30 2817
41 31 6043
41 32 5939
41 33 2464
41 34 937
41 35 1543
41 36 1468
41 37 6752
41 38 6108
41 39 5479
41 40 7165
41 42 1523
41 43 6946
41 44 4687
41 45 5513
41 46 6532
41 47 2134
41 48 2686
41 49 457
41 50 4524
41 51 454
41 52 4564
41 53 5257
41 54 1348
41 55 834
41 56 1773
41 57 5774
41 58 2229
41 59 242
41 60 2735
41 61 6464
41 62 7370
41 63 4433
41 64 6086
41 65 7019
41 66 5545
41 67 3947
41 68 7144
41 69 1214
41 70 566
42 1 1134
42 2 1112
42 3 5469
42 4 647
42 5 7347
42 6 1480
42 7 6588
42 8 2745
42 9 5604
42 10 5497
42 11 4310
42 12 1486
42 13 6221
42 14 6698
42 15 1305
42 16 1381
42 17 2583
42 18 3135
42 19 4694
42 20 7427
42 21 5612
42 22 3819
42 23 3486
42 24 2550
42 25 84
42 26 3148
42 27 845
42 28 1007
42 29 337
42 30 6950
42 31 6041
42 32 2705
42 33 5281
42 34 1398
42 35 2938
42 36 3994
42 37 6853
42 38 1016
42 39 555
42 40 1824
42 41 34
42 43 4673
42 44 7176
42 45 3679
42 46 333
42 47 4681
42 48 6214
42 49 1168
42 50 7200
42 51 552
42 52 5131
42 53 611
42 54 6724
42 55 4059
42 56 5996
42 57 6943
42 58 3554
42 59 6413
42 60 4036
42 61 2503
42 62 3932
42 63 6559
42 64 1184
42 65 663
42 66 3568
42 67 3480
42 68 4960
42 69 4449
42 70 6675
43 1 4342
43 2 6231
43 3 5950
43 4 509
43 5 3564
43 6 162
43 7 2418
43 8 393
43 9 1813
43 10 5906
43 11 1903
43 12 1352
43 13 3450
43 14 831
43 15 2150
43 16 2273
43 17 4530
43 18 4804
43 19 4010
43 20 3079
43 21 949
43 22 6479
43 23 6118
43 24 1639
43 25 3994
43 26 3673
43 27 5169
43 28 539
43 29 3143
43 30 2195
43 31 6040
43 32 3222
43 33 3824
43 34 1649
43 35 5949
43 36 52
43 37 4004
43 38 4672
43 39 614
43 40 630
43 41 140
43 42 6274
43 44 4989
43 45 6288
43 46 4168
43 47 2162
43 48 788
43 49 3864
43 50 1739
43 51 730
43 52 6560
43 53 280
43 54 1812
43 55 3089
43 56 4532
43 57 2162
43 58 6827
43 59 6520
43 60 2849
43 61 3421
43 62 1204
43 63 5756
43 64 81
43 65 1541
43 66 5785
43 67 4528
43 68 6518
43 69 5484
43 70 4561
44 1 4650
44 2 6893
44 3 4775
44 4 6645
44 5 1683
44 6 3284
44 7 299
44 8 6933
44 9 1731
44 10 2273
44 11 965
44 12 1813
44 13 3919
44 14 1134
44 15 325
44 16 2285
44 17 5045
44 18 1335
44 19 6109
44 20 1189
44 21 5333
44 22 3328
44 23 1334
44 24 3930
44 25 1871
44 26 689
44 27 6280
44 28 3959
44 29 32
44 30 7184
44 31 680
44 32 4473
44 33 3635
44 34 2809
44 35 2042
44 36 1941
44 37 7468
44 38 5227
44 39 6106
44 40 273
44 41 5905
44 42 4894
44 43 2076
44 45 2265
44 46 2104
44 47 431
44 48 2856
44 49 2888
44 50 2773
44 51 6404
44 52 4492
44 53 4863
44 54 4793
44 55 7285
44 56 4693
44 57 4415
44 58 7474
44 59 7048
44 60 2842
44 61 4732
44 62 4783
44 63 6441
44 64 1749
44 65 426
44 66 6039
44 67 4682
44 68 1568
44 69 4451
44 70 3579
45 1 2030
45 2 407
45 3 5234
45 4 6040
45 5 4111
45 6 1966
45 7 6405
45 8 6419
45 9 644
45 10 1436
45 11 1645
45 12 4153
45 13 3337
45 14 3272
45 15 4824
45 16 3816
45 17 7366
45 18 6516
45 19 6631
45 20 6240
45 21 2081
45 22 4700
45 23 7314
45 24 1726
45 25 1100
45 26 913
45 27 6285
45 28 1255
45 29 2194
45 30 6670
45 31 3581
45 32 3883
45 33 3225
45 34 4563
45 35 3839
45 36 4882
45 37 2634
45 38 5729
45 39 2700
45 40 1431
45 41 6383
45 42 7470
45 43 6756
45 44 137
45 46 615
45 47 1136
45 48 5765
45 49 1399
45 50 6848
45 51 4464
45 52 2277
45 53 2347
45 54 4625
45 55 4757
45 56 6474
45 57 709
45 58 6332
45 59 4499
45 60 3229
45 61 4497
45 62 5379
45 63 5311
45 64 1074
45 65 7265
45 66 4017
45 67 2078
45 68 40
45 69 3835
45 70 2417
46 1 1852
46 2 4310
46 3 6557
46 4 3837
46 5 4552
46 6 4044
46 7 4545
46 8 1703
46 9 3522
46 10 2886
46 11 4048
46 12 4993
46 13 5040
46 14 6759
46 15 4532
46 16 12
46 17 5191
46 18 557
46 19 2656
46 20 4970
46 21 5761
46 22 1874
46 23 3699
46 24 4489
46 25 6041
46 26 4292
46 27 2531
46 28 4035
46 29 6392
46 30 787
46 31 4189
46 32 5298
46 33 1790
46 34 3710
46 35 3466
46 36 4578
46 37 312
46 38 3372
46 39 6397
46 40 6667
46 41 3072
46 42 4937
46 43 137
46 44 4191
46 45 5655
46 47 6804
46 48 5934
46 49 4965
46 50 4157
46 51 2455
46 52 1141
46 53 4428
46 54 4967
46 55 3981
46 56 2188
46 57 1147
46 58 3851
46 59 1388
46 60 2951
46 61 26
46 62 3679
46 63 1009
46 64 238
46 65 6483
46 66 1393
46 67 2839
46 68 6128
46 69 7490
46 70 1155
47 1 6094
47 2 3761
47 3 5648
47 4 896
47 5 5940
47 6 1495
47 7 6498
47 8 6855
47 9 5881
47 10 3378
47 11 7364
47 12 5966
47 13 271
47 14 4306
47 15 1564
47 16 6938
47 17 1397
47 18 6646
47 19 7053
47 20 6224
47 21 4192
47 22 2488
47 23 650
47 24 6015
47 25 281
47 26 1065
47 27 577
47 28 2095
47 29 4171
47 30 6498
47 31 7139
47 32 5993
47 33 5111
47 34 3550
47 35 6858
47 36 316
47 37 6204
47 38 7138
47 39 392
47 40 6600
47 41 2356
47 42 3881
47 43 7039
47 44 1430
47 45 6696
47 46 5917
47 48 826
47 49 6773
47 50 5829
47 51 4802
47 52 5895
47 53 1925
47 54 6404
47 55 3692
47 56 4537
47 57 2713
47 58 5969
47 59 6908
47 60 4945
47 61 5833
47 62 4726
47 63 5240
47 64 3468
47 65 1111
47 66 5009
47 67 7343
47 68 250
47 69 2703
47 70 6077
48 1 419
48 2 704
48 3 6831
48 4 7313
48 5 5911
48 6 3477
48 7 6144
48 8 4326
48 9 5775
48 10 314
48 11 5087
48 12 2296
48 13 578
48 14 3135
48 15 706
48 16 695
48 17 6217
48 18 5077
48 19 5251
48 20 6922
48 21 109
48 22 2659
48 23 5982
48 24 6105
48 25 508
48 26 55
48 27 2095
48 28 6753
48 29 5627
48 30 2333
48 31 937
48 32 2269
48 33 1327
48 34 386
48 35 1901
48 36 1248
48 37 3840
48 38 5209
48 39 953
48 40 5353
48 41 7349
48 42 6192
48 43 5026
48 44 979
48 45 6738
48 46 4072
48 47 4054
48 49 2572
48 50 6703
48 51 2162
48 52 2397
48 53 7341
48 54 3019
48 55 4532
48 56 6868
48 57 3532
48 58 1700
48 59 5692
48 60 5120
48 61 5725
48 62 6659
48 63 2958
48 64 3677
48 65 9
48 66 2880
48 67 3285
48 68 6955
48 69 5142
48 70 3624
49 1 1871
49 2 501
49 3 7338
49 4 3186
49 5 120
49 6 4233
49 7 1597
49 8 490
49 9 141
49 10 1274
49 11 861
49 12 690
49 13 7488
49 14 1016
49 15 2378
49 16 8
49 17 7478
49 18 4062
49 19 5702
49 20 3669
49 21 2160
49 22 2341
49 23 3433
49 24 6245
49 25 6028
49 26 6734
49 27 5672
49 28 4572
49 29 283
49 30 6131
49 31 3245
49 32 5919
49 33 23
49 34 3595
49 35 692
49 36 6127
49 37 1707
49 38 504
49 39 3441
49 40 5658
49 41 3964
49 42 1077
49 43 2614
49 44 3294
49 45 1758
49 46 80
49 47 2422
49 48 391
49 50 2246
49 51 6565
49 52 7338
49 53 3844
49 54 83
49 55 1751
49 56 625
49 57 6693
49 58 4592
49 59 2290
49 60 6184
49 61 1601
49 62 1740
49 63 1506
49 64 1407
49 65 512
49 66 218
49 67 3670
49 68 453
49 69 3187
49 70 2921
50 1 2730
50 2 1712
50 3 3329
50 4 6340
50 5 5249
50 6 7192
50 7 1988
50 8 2069
50 9 6074
50 10 3480
50 11 4389
50 12 4887
50 13 5128
50 14 6442
50 15 1976
50 16 6987
50 17 5078
50 18 1949
50 19 4197
50 20 1753
50 21 6420
50 22 4990
50 23 1971
50 24 4878
50 25 5047
50 26 7267
50 27 3527
50 28 6556
50 29 1823
50 30 1568
50 31 926
50 32 5864
50 33 4845
50 34 6253
50 35 5416
50 36 1602
50 37 5409
50 38 7335
50 39 6081
50 40 803
50 41 5392
50 42 697
50 43 6039
50 44 1712
50 45 3371
50 46 7455
50 47 3738
50 48 531
50 49 6101
50 51 1672
50 52 1241
50 53 4591
50 54 153
50 55 6999
50 56 5174
50 57 2102
50 58 341
50 59 2476
50 60 1498
50 61 6951
50 62 5562
50 63 910
50 64 2409
50 65 5665
50 66 6755
50 67 3333
50 68 5065
50 69 3720
50 70 2312
51 1 5580
51 2 2524
51 3 6042
51 4 3452
51 5 4462
51 6 1284
51 7 249
51 8 6492
51 9 7387
51 10 5571
51 11 3217
51 12 7005
51 13 6638
51 14 3684
51 15 4757
51 16 4764
51 17 4624
51 18 6552
51 19 3552
51 20 1764
51 21 3500
51 22 1199
51 23 503
51 24 4880
51 25 5787
51 26 2806
51 27 2795
51 28 2443
51 29 975
51 30 1799
51 31 4239
51 32 6438
51 33 3773
51 34 525
51 35 5696
51 36 2895
51 37 4316
51 38 4491
51 39 4610
51 40 5524
51 41 3708
51 42 1600
51 43 560
51 44 132
51 45 430
51 46 6093
51 47 4588
51 48 7292
51 49 4248
51 50 6604
51 52 3444
51 53 5480
51 54 3156
51 55 1194
51 56 222
51 57 2291
51 58 5344
51 59 2606
51 60 109
51 61 392
51 62 4372
51 63 2273
51 64 5122
51 65 4281
51 66 3880
51 67 6472
51 68 162
51 69 6015
51 70 7056
52 1 5659
52 2 5818
52 3 3487
52 4 4743
52 5 7196
52 6 5285
52 7 6940
52 8 4715
52 9 7244
52 10 1986
52 11 5587
52 12 4933
52 13 4201
52 14 2619
52 15 4291
52 16 4652
52 17 7045
52 18 3590
52 19 5293
52 20 4164
52 21 6246
52 22 1466
52 23 2729
52 24 1842
52 25 2773
52 26 1333
52 27 62
52 28 2903
52 29 1392
52 30 2011
52 31 294
52 32 2771
52 33 6306
52 34 4989
52 35 3862
52 36 4738
52 37 3779
52 38 3994
52 39 3530
52 40 1565
52 41 5908
52 42 6077
52 43 1237
52 44 7051
52 45 5202
52 46 314
52 47 1596
52 48 7284
52 49 570
52 50 348
52 51 6773
52 53 2078
52 54 3560
52 55 6595
52 56 3220
52 57 6512
52 58 250
52 59 3129
52 60 2404
52 61 2857
52 62 3234
52 63 5744
52 64 104
52 65 7417
52 66 4635
52 67 3775
52 68 5319
52 69 416
52 70 7480
53 1 3087
53 2 3739
53 3 1640
53 4 5762
53 5 6697
53 6 6907
53 7 4591
53 8 5433
53 9 683
53 10 4368
53 11 4564
53 12 4978
53 13 4072
53 14 1072
53 15 4172
53 16 5890
53 17 217
53 18 973
53 19 5575
53 20 5204
53 21 3380
53 22 253
53 23 6343
53 24 953
53 25 7415
53 26 3384
53 27 6390
53 28 4486
53 29 5222
53 30 6665
53 31 3841
53 32 6979
53 33 5515
53 34 7328
53 35 3313
53 36 4366
53 37 7109
53 38 3187
53 39 4620
53 40 1752
53 41 1264
53 42 1364
53 43 6295
53 44 5807
53 45 3911
53 46 5947
53 47 5281
53 48 5444
53 49 1288
53 50 4904
53 51 4320
53 52 6397
53 54 1831
53 55 3122
53 56 4691
53 57 6361
53 58 3115
53 59 103
53 60 2987
53 61 2759
53 62 729
53 63 4234
53 64 3176
53 65 1140
53 66 4839
53 67 3510
53 68 2052
53 69 2709
53 70 1756
54 1 72
54 2 2263
54 3 5773
54 4 6441
54 5 7430
54 6 7412
54 7 2901
54 8 5497
54 9 3384
54 10 4530
54 11 1359
54 12 5462
54 13 3139
54 14 3275
54 15 6750
54 16 7017
54 17 5477
54 18 2815
54 19 98
54 20 5062
54 21 3002
54 22 1051
54 23 4457
54 24 7118
54 25 3281
54 26 2861
54 27 1660
54 28 5650
54 29 1510
54 30 3141
54 31 3708
54 32 4595
54 33 5928
54 34 6378
54 35 534
54 36 5839
54 37 6679
54 38 6394
54 39 4485
54 40 4564
54 41 5008
54 42 6352
54 43 1854
54 44 5836
54 45 1496
54 46 3577
54 47 4467
54 48 2837
54 49 6920
54 50 6595
54 51 4215
54 52 5645
54 53 1396
54 55 44
54 56 2194
54 57 7486
54 58 6878
54 59 4465
54 60 2619
54 61 1795
54 62 5934
54 63 5214
54 64 1624
54 65 1586
54 66 3175
54 67 2211
54 68 3256
54 69 859
54 70 14
55 1 3681
55 2 612
55 3 3295
55 4 5668
55 5 1980
55 6 6337
55 7 3151
55 8 3634
55 9 1509
55 10 1259
55 11 3767
55 12 5832
55 13 4139
55 14 4091
55 15 6514
55 16 1125
55 17 3773
55 18 1120
55 19 5078
55 20 861
55 21 1519
55 22 2784
55 23 4774
55 24 3126
55 25 737
55 26 6016
55 27 4708
55 28 1694
55 29 2040
55 30 1362
55 31 4738
55 32 1664
55 33 1514
55 34 6006
55 35 1748
55 36 7199
55 37 6560
55 38 1260
55 39 5772
55 40 620
55 41 4515
55 42 1916
55 43 5755
55 44 1383
55 45 4882
55 46 5829
55 47 6628
55 48 6120
55 49 4895
55 50 3054
55 51 7092
55 52 5846
55 53 5207
55 54 3801
55 56 109
55 57 7239
55 58 6047
55 59 871
55 60 3159
55 61 4107
55 62 2090
55 63 35
55 64 1101
55 65 5876
55 66 6932
55 67 7328
55 68 6010
55 69 7335
55 70 1175
56 1 2795
56 2 7194
56 3 5875
56 4 2142
56 5 2597
56 6 6794
56 7 6961
56 8 7195
56 9 4457
56 10 3536
56 11 5703
56 12 6717
56 13 4535
56 14 3522
56 15 6303
56 16 6114
56 17 7342
56 18 228
56 19 6522
56 20 44
56 21 1141
56 22 2004
56 23 249
56 24 4389
56 25 5699
56 26 7046
56 27 6617
56 28 2433
56 29 2907
56 30 770
56 31 5543
56 32 6152
56 33 5196
56 34 2663
56 35 6879
56 36 4028
56 37 4609
56 38 2713
56 39 4029
56 40 4505
56 41 3407
56 42 3317
56 43 4299
56 44 2414
56 45 5736
56 46 229
56 47 2035
56 48 2530
56 49 5037
56 50 294
56 51 4693
56 52 842
56 53 133
56 54 3480
56 55 5465
56 57 5013
56 58 3607
56 59 5788
56 60 4227
56 61 2635
56 62 3144
56 63 6769
56 64 3785
56 65 3681
56 66 7314
56 67 6374
56 68 6188
56 69 3794
56 70 127
57 1 2549
57 2 2000
57 3 1154
57 4 5362
57 5 4375
57 6 2413
57 7 2800
57 8 6333
57 9 19
57 10 1439
57 11 4225
57 12 7419
57 13 375
57 14 3450
57 15 7347
57 16 5039
57 17 2515
57 18 503
57 19 6092
57 20 288
57 21 3802
57 22 3580
57 23 6477
57 24 5285
57 25 5693
57 26 3689
57 27 6756
57 28 1054
57 29 4560
57 30 6294
57 31 7230
57 32 4484
57 33 5940
57 34 6811
57 35 2247
57 36 1367
57 37 2200
57 38 6492
57 39 852
57 40 6487
57 41 7487
57 42 5625
57 43 3693
57 44 6467
57 45 3552
57 46 4518
57 47 4598
57 48 4364
57 49 5199
57 50 6122
57 51 3138
57 52 3459
57 53 5628
57 54 5516
57 55 1239
57 56 1900
57 58 1629
57 59 1792
57 60 6898
57 61 1011
57 62 2634
57 63 204
57 64 5616
57 65 1246
57 66 6915
57 67 3587
57 68 2122
57 69 4167
57 70 5978
58 1 3496
58 2 5455
58 3 4055
58 4 4284
58 5 5156
58 6 6822
58 7 6828
58 8 6360
58 9 4952
58 10 6802
58 11 4890
58 12 1342
58 13 3286
58 14 1984
58 15 5716
58 16 3187
58 17 5944
58 18 3362
58 19 6790
58 20 2704
58 21 4595
58 22 5167
58 23 2720
58 24 2198
58 25 2748
58 26 1985
58 27 4323
58 28 1011
58 29 676
58 30 4354
58 31 5988
58 32 4446
58 33 2668
58 34 6335
58 35 5821
58 36 5644
58 37 5613
58 38 3987
58 39 1794
58 40 2000
58 41 1633
58 42 6686
58 43 6460
58 44 6033
58 45 7285
58 46 6454
58 47 5244
58 48 7305
58 49 4063
58 50 1171
58 51 7419
58 52 1987
58 53 3990
58 54 4185
58 55 896
58 56 4835
58 57 765
58 59 592
58 60 307
58 61 6251
58 62 188
58 63 4372
58 64 4949
58 65 5813
58 66 4337
58 67 6192
58 68 6768
58 69 1591
58 70 3395
59 1 4494
59 2 2627
59 3 1544
59 4 6986
59 5 7330
59 6 2474
59 7 2256
59 8 7055
59 9 3487
59 10 909
59 11 2939
59 12 5878
59 13 6033
59 14 4511
59 15 4561
59 16 7489
59 17 6674
59 18 1111
59 19 1866
59 20 1484
59 21 547
59 22 2123
59 23 984
59 24 5823
59 25 7033
59 26 6083
59 27 849
59 28 3113
59 29 1060
59 30 7142
59 31 3978
59 32 6901
59 33 6601
59 34 4805
59 35 7128
59 36 6695
59 37 6936
59 38 5632
59 39 3685
59 40 2144
59 41 5788
59 42 5889
59 43 968
59 44 6390
59 45 2360
59 46 6969
59 47 5254
59 48 2474
59 49 68
59 50 7400
59 51 1578
59 52 723
59 53 2456
59 54 6750
59 55 2996
59 56 7132
59 57 4839
59 58 5683
59 60 1812
59 61 5011
59 62 1061
59 63 4354
59 64 4722
59 65 7215
59 66 998
59 67 3533
59 68 5095
59 69 18
59 70 2647
60 1 2731
60 2 7330
60 3 2287
60 4 6739
60 5 4647
60 6 1901
60 7 4690
60 8 6103
60 9 6807
60 10 1201
60 11 2826
60 12 1218
60 13 5900
60 14 6116
60 15 2797
60 16 2844
60 17 4755
60 18 2520
60 19 2653
60 20 278
60 21 5791
60 22 6199
60 23 441
60 24 3689
60 25 5086
60 26 5837
60 27 398
60 28 5957
60 29 6492
60 30 3775
60 31 2937
60 32 2118
60 33 4806
60 34 1821
60 35 5871
60 36 3096
60 37 5976
60 38 2931
60 39 5013
60 40 6379
60 41 5027
60 42 3406
60 43 1900
60 44 4207
60 45 5273
60 46 6864
60 47 6548
60 48 2031
60 49 2005
60 50 4461
60 51 4607
60 52 6836
60 53 1396
60 54 3012
60 55 4180
60 56 2565
60 57 1854
60 58 6692
60 59 6410
60 61 3945
60 62 6606
60 63 4134
60 64 7328
60 65 2177
60 66 7119
60 67 5140
60 68 361
60 69 601
60 70 943
61 1 3606
61 2 107
61 3 412
61 4 1014
61 5 682
61 6 3595
61 7 2003
61 8 4126
61 9 117
61 10 2527
61 11 2633
61 12 5020
61 13 5192
61 14 1147
61 15 6742
61 16 192
61 17 2047
61 18 1429
61 19 6474
61 20 1719
61 21 1666
61 22 6651
61 23 7238
61 24 2415
61 25 4513
61 26 1808
61 27 5717
61 28 814
61 29 3544
61 30 7347
61 31 548
61 32 5533
61 33 6175
61 34 6509
61 35 5370
61 36 882
61 37 5575
61 38 1924
61 39 6051
61 40 664
61 41 5853
61 42 4758
61 43 4862
61 44 6770
61 45 6494
61 46 6883
61 47 5860
61 48 1095
61 49 4600
61 50 3407
61 51 4078
61 52 2659
61 53 5082
61 54 1847
61 55 5013
61 56 4803
61 57 769
61 58 6281
61 59 2797
61 60 461
61 62 3206
61 63 4761
61 64 4616
61 65 7437
61 66 6033
61 67 266
61 68 6824
61 69 4957
61 70 2506
62 1 906
62 2 608
62 3 5744
62 4 6963
62 5 1127
62 6 6253
62 7 5727
62 8 5346
62 9 817
62 10 679
62 11 6463
62 12 3557
62 13 5550
62 14 120
62 15 42
62 16 6481
62 17 2947
62 18 5562
62 19 6566
62 20 6714
62 21 871
62 22 2852
62 23 5917
62 24 2028
62 25 5146
62 26 2906
62 27 5299
62 28 4857
62 29 5313
62 30 3863
62 31 6906
62 32 3175
62 33 332
62 34 100
62 35 3792
62 36 4192
62 37 4267
62 38 3591
62 39 4542
62 40 3555
62 41 5352
62 42 5445
62 43 7018
62 44 3203
62 45 2649
62 46 7009
62 47 1985
62 48 5969
62 49 1729
62 50 1495
62 51 3622
62 52 948
62 53 467
62 54 4815
62 55 3356
62 56 7490
62 57 3833
62 58 2756
62 59 1170
62 60 327
62 61 5960
62 63 4344
62 64 3140
62 65 2051
62 66 1062
62 67 1388
62 68 531
62 69 35
62 70 759
63 1 2213
63 2 6194
63 3 6724
63 4 3656
63 5 3818
63 6 1805
63 7 5340
63 8 6784
63 9 7290
63 10 488
63 11 4647
63 12 2940
63 13 4385
63 14 4894
63 15 3443
63 16 830
63 17 4418
63 18 3465
63 19 7143
63 20 6727
63 21 6274
63 22 5500
63 23 6289
63 24 5322
63 25 5691
63 26 832
63 27 2663
63 28 3383
63 29 4278
63 30 2258
63 31 1288
63 32 4481
63 33 4097
63 34 5560
63 35 3680
63 36 7270
63 37 1513
63 38 3344
63 39 1201
63 40 2404
63 41 3210
63 42 5961
63 43 75
63 44 5351
63 45 1878
63 46 1951
63 47 3083
63 48 1893
63 49 3337
63 50 4609
63 51 3988
63 52 1752
63 53 5817
63 54 5306
63 55 6287
63 56 4093
63 57 2771
63 58 3129
63 59 412
63 60 5241
63 61 6905
63 62 6072
63 64 6873
63 65 4946
63 66 3779
63 67 7190
63 68 5376
63 69 5682
63 70 3632
64 1 1277
64 2 4021
64 3 3720
64 4 6873
64 5 7440
64 6 7389
64 7 27
64 8 1936
64 9 3650
64 10 4401
64 11 1648
64 12 4205
64 13 4
64 14 1334
64 15 5387
64 16 1877
64 17 5003
64 18 6281
64 19 3702
64 20 4094
64 21 2722
64 22 6598
64 23 2610
64 24 2385
64 25 5191
64 26 816
64 27 3505
64 28 7
64 29 1768
64 30 442
64 31 3433
64 32 2305
64 33 5957
64 34 4933
64 35 316
64 36 2339
64 37 2157
64 38 3740
64 39 765
64 40 2396
64 41 4018
64 42 1744
64 43 7320
64 44 3060
64 45 3623
64 46 7112
64 47 4412
64 48 1378
64 49 6055
64 50 6210
64 51 4125
64 52 3371
64 53 5371
64 54 6435
64 55 2676
64 56 2090
64 57 6455
64 58 4597
64 59 3660
64 60 3354
64 61 1519
64 62 1959
64 63 1306
64 65 3427
64 66 4584
64 67 6822
64 68 579
64 69 2626
64 70 1757
65 1 3489
65 2 1921
65 3 6551
65 4 5810
65 5 6960
65 6 2096
65 7 6617
65 8 5147
65 9 6822
65 10 2675
65 11 3571
65 12 1680
65 13 5246
65 14 1731
65 15 1779
65 16 821
65 17 5678
65 18 4005
65 19 1344
65 20 6595
65 21 5478
65 22 3767
65 23 7211
65 24 244
65 25 3464
65 26 2925
65 27 1829
65 28 2262
65 29 1730
65 30 5001
65 31 135
65 32 7206
65 33 6884
65 34 2158
65 35 5799
65 36 5240
65 37 384
65 38 1742
65 39 3949
65 40 2748
65 41 3636
65 42 5293
65 43 1425
65 44 4327
65 45 3907
65 46 2581
65 47 4814
65 48 2439
65 49 2368
65 50 3435
65 51 5993
65 52 1525
65 53 1421
65 54 2307
65 55 7194
65 56 1263
65 57 707
65 58 3295
65 59 5468
65 60 5851
65 61 729
65 62 2939
65 63 4093
65 64 2644
65 66 3744
65 67 7145
65 68 5174
65 69 287
65 70 2462
66 1 2419
66 2 1709
66 3 4866
66 4 3518
66 5 4817
66 6 1463
66 7 1035
66 8 3105
66 9 4456
66 10 1340
66 11 4317
66 12 3093
66 13 3372
66 14 4103
66 15 2676
66 16 1874
66 17 2698
66 18 1488
66 19 6962
66 20 4226
66 21 1220
66 22 6993
66 23 2354
66 24 1445
66 25 2177
66 26 5580
66 27 4861
66 28 2295
66 29 5209
66 30 2127
66 31 3915
66 32 3909
66 33 1453
66 34 4352
66 35 6837
66 36 5592
66 37 231
66 38 2105
66 39 161
66 40 507
66 41 6241
66 42 3584
66 43 3273
66 44 2700
66 45 5320
66 46 750
66 47 3130
66 48 5839
66 49 4951
66 50 4959
66 51 4153
66 52 4322
66 53 6584
66 54 4058
66 55 3581
66 56 4767
66 57 3885
66 58 4064
66 59 4486
66 60 269
66 61 1038
66 62 1089
66 63 2514
66 64 3158
66 65 4085
66 67 5068
66 68 7082
66 69 753
66 70 2909
67 1 4225
67 2 6875
67 3 6856
67 4 782
67 5 1036
67 6 5127
67 7 1218
67 8 113
67 9 543
67 10 5868
67 11 2493
67 12 6596
67 13 4480
67 14 761
67 15 2455
67 16 94
67 17 6612
67 18 7326
67 19 5968
67 20 6406
67 21 1255
67 22 233
67 23 7350
67 24 2457
67 25 378
67 26 7195
67 27 5491
67 28 4598
67 29 2888
67 30 2627
67 31 3990
67 32 2212
67 33 6378
67 34 4430
67 35 4266
67 36 5982
67 37 2509
67 38 1062
67 39 2192
67 40 2667
67 41 51
67 42 119
67 43 6568
67 44 1458
67 45 4833
67 46 331
67 47 5687
67 48 189
67 49 3502
67 50 2586
67 51 4637
67 52 2254
67 53 7057
67 54 1491
67 55 6758
67 56 6741
67 57 7159
67 58 6552
67 59 1762
67 60 408
67 61 5927
67 62 829
67 63 2197
67 64 6682
67 65 2032
67 66 2316
67 68 5682
67 69 6037
67 70 7009
68 1 1210
68 2 6949
68 3 2234
68 4 2418
68 5 7494
68 6 2615
68 7 7137
68 8 6549
68 9 966
68 10 2858
68 11 7185
68 12 5502
68 13 4907
68 14 1438
68 15 4944
68 16 4928
68 17 5822
68 18 1939
68 19 1693
68 20 4730
68 21 7483
68 22 2321
68 23 5564
68 24 2864
68 25 6164
68 26 3034
68 27 3407
68 28 3699
68 29 1830
68 30 2009
68 31 5584
68 32 7161
68 33 269
68 34 5796
68 35 919
68 36 4505
68 37 4754
68 38 3342
68 39 2058
68 40 3740
68 41 2195
68 42 1587
68 43 5935
68 44 747
68 45 6517
68 46 1787
68 47 5578
68 48 5185
68 49 4419
68 50 3183
68 51 2042
68 52 3379
68 53 5129
68 54 5401
68 55 5935
68 56 1202
68 57 2708
68 58 3159
68 59 6160
68 60 6749
68 61 4187
68 62 2117
68 63 5511
68 64 6990
68 65 4350
68 66 1413
68 67 6990
68 69 7194
68 70 5296
69 1 5299
69 2 996
69 3 4731
69 4 3134
69 5 6125
69 6 5678
69 7 6416
69 8 6096
69 9 5179
69 10 1995
69 11 4501
69 12 6154
69 13 2815
69 14 6857
69 15 1922
69 16 945
69 17 5021
69 18 7498
69 19 951
69 20 4487
69 21 5067
69 22 2173
69 23 571
69 24 386
69 25 3290
69 26 5299
69 27 3838
69 28 6381
69 29 3216
69 30 663
69 31 3716
69 32 2811
69 33 3824
69 34 1983
69 35 5854
69 36 2002
69 37 4482
69 38 3194
69 39 1288
69 40 359
69 41 268
69 42 1307
69 43 497
69 44 286
69 45 4777
69 46 7141
69 47 4116
69 48 5930
69 49 4852
69 50 491
69 51 866
69 52 2540
69 53 843
69 54 1169
69 55 6523
69 56 1116
69 57 5912
69 58 1635
69 59 1235
69 60 7477
69 61 321
69 62 3136
69 63 1561
69 64 1245
69 65 6402
69 66 3563
69 67 476
69 68 2901
69 70 1800
70 1 5483
70 2 3987
70 3 4067
70 4 2660
70 5 1374
70 6 5266
70 7 4419
70 8 4966
70 9 5928
70 10 874
70 11 4495
70 12 3759
70 13 6552
70 14 2077
70 15 1035
70 16 1186
70 17 2323
70 18 6741
70 19 5594
70 20 819
70 21 746
70 22 6157
70 23 3774
70 24 1414
70 25 281
70 26 1716
70 27 1637
70 28 4818
70 29 5814
70 30 5738
70 31 3574
70 32 6923
70 33 5481
70 34 1927
70 35 765
70 36 2405
70 37 6636
70 38 4520
70 39 2553
70 40 4852
70 41 6715
70 42 7168
70 43 2071
70 44 7458
70 45 5182
70 46 6308
70 47 1269
70 48 4365
70 49 4768
70 50 996
70 51 6770
70 52 2695
70 53 6507
70 54 1459
70 55 713
70 56 915
70 57 7138
70 58 5181
70 59 4131
70 60 608
70 61 6087
70 62 6627
70 63 6615
70 64 5350
70 65 3838
70 66 972
70 67 1273
70 68 1202
70 69 7196
