70 4830
1 2 5610
1 3 4482
1 4 486
1 5 2952
1 6 4788
1 7 6016
1 8 7378
1 9 155
1 10 3418
1 11 4620
1 12 4645
1 13 1361
1 14 4167
1 15 3104
1 16 5061
1 17 5325
1 18 2605
1 19 3616
1 20 3067
1 21 2645
1 22 5750
1 23 2595
1 24 854
1 25 3300
1 26 4662
1 27 4520
1 28 376
1 29 5217
1 30 5492
1 31 2963
1 32 2169
1 33 3918
1 34 2706
1 35 6722
1 36 3839
1 37 5694
1 38 7374
1 39 178
1 40 1805
1 41 4971
1 42 2214
1 43 5098
1 44 6069
1 45 5231
1 46 4062
1 47 287
1 48 1815
1 49 4470
1 50 2034
1 51 1121
1 52 6174
1 53 6993
1 54 867
1 55 4629
1 56 530
1 57 2129
1 58 1316
1 59 6534
1 60 6694
1 61 2453
1 62 1577
1 63 1678
1 64 5584
1 65 1295
1 66 6181
1 67 5524
1 68 6262
1 69 1167
1 70 6159
2 1 6365
2 3 1479
2 4 7378
2 5 2926
2 6 1314
2 7 7244
2 8 6174
2 9 999
2 10 2131
2 11 7251
2 12 2087
2 13 7334
2 14 4900
2 15 4057
2 16 257
2 17 1392
2 18 250
2 19 1183
2 20 7444
2 21 1061
2 22 6878
2 23 6517
2 24 5420
2 25 4442
2 26 1264
2 27 5672
2 28 1661
2 29 4954
2 30 6146
2 31 4959
2 32 2481
2 33 3343
2 34 5229
2 35 6532
2 36 3633
2 37 3299
2 38 3779
2 39 7452
2 40 830
2 41 70
2 42 1903
2 43 6000
2 44 6592
2 45 637
2 46 2747
2 47 1120
2 48 2085
2 49 6798
2 50 6620
2 51 3000
2 52 835
2 53 232
2 54 6423
2 55 4727
2 56 4233
2 57 822
2 58 6243
2 59 1755
2 60 6753
2 61 5346
2 62 2509
2 63 1007
2 64 1329
2 65 3835
2 66 832
2 67 2949
2 68 3835
2 69 6708
2 70 5285
3 1 3504
3 2 6020
3 4 5584
3 5 3553
3 6 2838
3 7 6808
3 8 3311
3 9 6673
3 10 6513
3 11 1036
3 12 2597
3 13 4526
3 14 5436
3 15 7304
3 16 4559
3 17 733
3 18 4590
3 19 522
3 20 6079
3 21 5832
3 22 6535
3 23 39
3 24 1004
3 25 5576
3 26 6498
3 27 4445
3 28 1570
3 29 3105
3 30 6043
3 31 2778
3 32 3651
3 33 6803
3 34 1745
3 35 1667
3 36 938
3 37 5973
3 38 2040
3 39 6300
3 40 2056
3 41 5029
3 42 69
3 43 6647
3 44 6511
3 45 5372
3 46 5855
3 47 5790
3 48 7106
3 49 1778
3 50 5835
3 51 7258
3 52 5379
3 53 7322
3 54 4545
3 55 7359
3 56 1036
3 57 2091
3 58 2720
3 59 5945
3 60 2122
3 61 326
3 62 2733
3 63 331
3 64 7380
3 65 4432
3 66 2904
3 67 884
3 68 6154
3 69 5433
3 70 87
4 1 457
4 2 3749
4 3 6823
4 5 1967
4 6 2748
4 7 3796
4 8 2906
4 9 6597
4 10 3002
4 11 4995
4 12 1834
4 13 3882
4 14 2708
4 15 978
4 16 7010
4 17 4677
4 18 7207
4 19 2938
4 20 6221
4 21 1983
4 22 400
4 23 5157
4 24 4394
4 25 5695
4 26 1064
4 27 7319
4 28 729
4 29 6644
4 30 2244
4 31 6319
4 32 4986
4 33 6356
4 34 3531
4 35 5001
4 36 6444
4 37 5686
4 38 2307
4 39 2798
4 40 2783
4 41 4116
4 42 494
4 43 6358
4 44 2322
4 45 4468
4 46 5762
4 47 6502
4 48 6829
4 49 1233
4 50 6049
4 51 3049
4 52 1494
4 53 1450
4 54 5970
4 55 1947
4 56 4708
4 57 4789
4 58 595
4 59 5312
4 60 2220
4 61 3683
4 62 1484
4 63 5011
4 64 3134
4 65 3413
4 66 6058
4 67 3729
4 68 2860
4 69 1178
4 70 2222
5 1 127
5 2 1472
5 3 824
5 4 5469
5 6 3282
5 7 707
5 8 2531
5 9 429
5 10 348
5 11 4537
5 12 1332
5 13 5969
5 14 4257
5 15 6652
5 16 1936
5 17 2462
5 18 1507
5 19 5705
5 20 2530
5 21 4306
5 22 1962
5 23 3879
5 24 6301
5 25 5628
5 26 5548
5 27 7020
5 28 754
5 29 6770
5 30 1204
5 31 827
5 32 620
5 33 1276
5 34 3855
5 35 6567
5 36 4582
5 37 6939
5 38 1817
5 39 7002
5 40 6223
5 41 4598
5 42 6891
5 43 4308
5 44 4766
5 45 4904
5 46 5161
5 47 5723
5 48 1101
5 49 7206
5 50 2214
5 51 7242
5 52 5582
5 53 690
5 54 1840
5 55 512
5 56 3945
5 57 6403
5 58 919
5 59 5564
5 60 1818
5 61 5724
5 62 2759
5 63 18
5 64 4424
5 65 713
5 66 1977
5 67 3105
5 68 5811
5 69 5988
5 70 5033
6 1 5752
6 2 2224
6 3 6312
6 4 6076
6 5 4701
6 7 5513
6 8 3597
6 9 5689
6 10 3489
6 11 3736
6 12 1866
6 13 3618
6 14 5609
6 15 3141
6 16 5412
6 17 1036
6 18 3879
6 19 2356
6 20 705
6 21 7216
6 22 1091
6 23 7171
6 24 4385
6 25 7056
6 26 7116
6 27 996
6 28 2775
6 29 232
6 30 3603
6 31 1750
6 32 2116
6 33 7179
6 34 763
6 35 5253
6 36 6310
6 37 2075
6 38 6579
6 39 3085
6 40 1819
6 41 2053
6 42 5778
6 43 5775
6 44 301
6 45 2191
6 46 6179
6 47 666
6 48 3742
6 49 5464
6 50 6685
6 51 7050
6 52 4288
6 53 6587
6 54 5534
6 55 6167
6 56 7235
6 57 6448
6 58 4915
6 59 4733
6 60 1127
6 61 4034
6 62 5854
6 63 93
6 64 5378
6 65 6973
6 66 4013
6 67 7496
6 68 27
6 69 1955
6 70 3700
7 1 4534
7 2 578
7 3 2887
7 4 1911
7 5 1717
7 6 299
7 8 5956
7 9 5114
7 10 1669
7 11 6360
7 12 5118
7 13 5082
7 14 6497
7 15 6132
7 16 4300
7 17 6916
7 18 5936
7 19 4430
7 20 5075
7 21 6403
7 22 7352
7 23 1283
7 24 5495
7 25 4759
7 26 4141
7 27 3119
7 28 6583
7 29 1579
7 30 5566
7 31 5969
7 32 4551
7 33 2984
7 34 47
7 35 4294
7 36 6595
7 37 3772
7 38 2976
7 39 7417
7 40 2198
7 41 312
7 42 3157
7 43 4915
7 44 940
7 45 3911
7 46 2568
7 47 6525
7 48 1161
7 49 3345
7 50 922
7 51 2644
7 52 7499
7 53 4368
7 54 2237
7 55 5983
7 56 526
7 57 5157
7 58 859
7 59 3316
7 60 2860
7 61 5525
7 62 6715
7 63 5099
7 64 3617
7 65 448
7 66 4086
7 67 4373
7 68 1127
7 69 6685
7 70 5292
8 1 2386
8 2 5919
8 3 7405
8 4 6579
8 5 5613
8 6 3951
8 7 2618
8 9 7188
8 10 5001
8 11 3585
8 12 4050
8 13 2730
8 14 4861
8 15 5671
8 16 1135
8 17 6974
8 18 1612
8 19 4487
8 20 3239
8 21 844
8 22 7264
8 23 3231
8 24 5553
8 25 96
8 26 381
8 27 3772
8 28 628
8 29 1197
8 30 1065
8 31 1103
8 32 3212
8 33 3861
8 34 7240
8 35 1867
8 36 3953
8 37 5520
8 38 6293
8 39 2424
8 40 3903
8 41 2706
8 42 827
8 43 3832
8 44 6511
8 45 5584
8 46 7173
8 47 6267
8 48 2460
8 49 6836
8 50 200
8 51 4594
8 52 680
8 53 2353
8 54 2970
8 55 6243
8 56 812
8 57 3567
8 58 319
8 59 5528
8 60 1344
8 61 1407
8 62 7122
8 63 2799
8 64 698
8 65 2981
8 66 2180
8 67 647
8 68 19
8 69 2231
8 70 4638
9 1 3356
9 2 3007
9 3 692
9 4 426
9 5 6299
9 6 534
9 7 6495
9 8 112
9 10 6244
9 11 5409
9 12 4032
9 13 5862
9 14 4465
9 15 123
9 16 4184
9 17 4081
9 18 3986
9 19 1332
9 20 5030
9 21 5568
9 22 5349
9 23 3921
9 24 1467
9 25 793
9 26 6979
9 27 609
9 28 7415
9 29 6204
9 30 6086
9 31 381
9 32 2298
9 33 2082
9 34 2514
9 35 2342
9 36 5543
9 37 3316
9 38 4442
9 39 2220
9 40 5856
9 41 6088
9 42 3418
9 43 5263
9 44 4780
9 45 7166
9 46 6936
9 47 4654
9 48 3383
9 49 5813
9 50 6323
9 51 5176
9 52 7357
9 53 3005
9 54 4543
9 55 4834
9 56 6255
9 57 1377
9 58 6188
9 59 1020
9 60 4334
9 61 243
9 62 455
9 63 1042
9 64 728
9 65 5030
9 66 5037
9 67 6764
9 68 4757
9 69 684
9 70 833
10 1 6592
10 2 5782
10 3 6655
10 4 7077
10 5 2922
10 6 2215
10 7 5213
10 8 355
10 9 5592
10 11 4967
10 12 875
10 13 2192
10 14 4995
10 15 4071
10 16 4871
10 17 5459
10 18 4841
10 19 6527
10 20 2319
10 21 462
10 22 1412
10 23 6138
10 24 6250
10 25 3527
10 26 4701
10 27 6196
10 28 957
10 29 3199
10 30 5474
10 31 6651
10 32 1789
10 33 3017
10 34 3953
10 35 5239
10 36 196
10 37 4189
10 38 2782
10 39 681
10 40 6616
10 41 3008
10 42 6481
10 43 609
10 44 4705
10 45 2962
10 46 4470
10 47 5785
10 48 6959
10 49 81
10 50 2572
10 51 5905
10 52 4168
10 53 4890
10 54 46
10 55 7118
10 56 1197
10 57 7399
10 58 6691
10 59 7255
10 60 5367
10 61 6757
10 62 5419
10 63 4283
10 64 1217
10 65 1837
10 66 2535
10 67 1231
10 68 2321
10 69 304
10 70 2449
11 1 1538
11 2 7147
11 3 5741
11 4 3694
11 5 4894
11 6 5143
11 7 5979
11 8 6221
11 9 5791
11 10 826
11 12 7219
11 13 3098
11 14 5525
11 15 1704
11 16 1835
11 17 5961
11 18 3702
11 19 1387
11 20 847
11 21 2250
11 22 5772
11 23 3515
11 24 1797
11 25 5455
11 26 2227
11 27 1692
11 28 4966
11 29 3680
11 30 2378
11 31 2645
11 32 2046
11 33 1098
11 34 7032
11 35 7137
11 36 6129
11 37 1052
11 38 4526
11 39 4521
11 40 8
11 41 749
11 42 4914
11 43 2783
11 44 3982
11 45 5650
11 46 2721
11 47 6809
11 48 2472
11 49 2604
11 50 23
11 51 3318
11 52 3216
11 53 4945
11 54 4431
11 55 6022
11 56 5945
11 57 173
11 58 2920
11 59 4414
11 60 2615
11 61 6203
11 62 3298
11 63 6480
11 64 7353
11 65 6237
11 66 6273
11 67 2748
11 68 5215
11 69 7362
11 70 4023
12 1 6244
12 2 3614
12 3 5928
12 4 7034
12 5 5278
12 6 4326
12 7 176
12 8 4787
12 9 6466
12 10 380
12 11 885
12 13 1469
12 14 4330
12 15 5881
12 16 3393
12 17 6130
12 18 2556
12 19 1013
12 20 6403
12 21 5901
12 22 4072
12 23 2029
12 24 7319
12 25 110
12 26 4902
12 27 3332
12 28 341
12 29 6781
12 30 5197
12 31 2603
12 32 4932
12 33 4200
12 34 2938
12 35 991
12 36 2936
12 37 3725
12 38 2059
12 39 719
12 40 4632
12 41 598
12 42 2776
12 43 3532
12 44 6475
12 45 6361
12 46 3839
12 47 5746
12 48 3133
12 49 1661
12 50 4224
12 51 6171
12 52 6141
12 53 2344
12 54 2108
12 55 6249
12 56 6469
12 57 838
12 58 6485
12 59 1933
12 60 2298
12 61 6989
12 62 483
12 63 5744
12 64 6809
12 65 4718
12 66 3655
12 67 1384
12 68 5496
12 69 4122
12 70 6585
13 1 7345
13 2 115
13 3 7004
13 4 4767
13 5 7418
13 6 4418
13 7 485
13 8 801
13 9 3795
13 10 5358
13 11 266
13 12 7335
13 14 1344
13 15 1116
13 16 3938
13 17 4061
13 18 5519
13 19 6990
13 20 697
13 21 7211
13 22 4501
13 23 2392
13 24 721
13 25 3881
13 26 5013
13 27 4589
13 28 6853
13 29 4250
13 30 6313
13 31 2849
13 32 7173
13 33 4098
13 34 4738
13 35 6092
13 36 4204
13 37 6727
13 38 5597
13 39 3025
13 40 1195
13 41 5348
13 42 5736
13 43 1181
13 44 892
13 45 6356
13 46 6813
13 47 2450
13 48 3285
13 49 4245
13 50 4173
13 51 6528
13 52 2797
13 53 1017
13 54 5247
13 55 4067
13 56 4760
13 57 6886
13 58 1309
13 59 5582
13 60 1570
13 61 3355
13 62 1448
13 63 2062
13 64 3197
13 65 4688
13 66 1611
13 67 4595
13 68 3106
13 69 4806
13 70 1667
14 1 2951
14 2 3733
14 3 7033
14 4 2941
14 5 1370
14 6 4821
14 7 3660
14 8 511
14 9 830
14 10 249
14 11 7281
14 12 3915
14 13 6139
14 15 4729
14 16 362
14 17 2273
14 18 4738
14 19 131
14 20 576
14 21 1937
14 22 699
14 23 3231
14 24 7123
14 25 6499
14 26 591
14 27 705
14 28 4926
14 29 1661
14 30 3500
14 31 6617
14 32 4663
14 33 7102
14 34 3877
14 35 3650
14 36 4918
14 37 6807
14 38 1804
14 39 3737
14 40 2095
14 41 1176
14 42 3728
14 43 521
14 44 5567
14 45 1756
14 46 1787
14 47 5588
14 48 7029
14 49 3996
14 50 1545
14 51 7379
14 52 1001
14 53 652
14 54 4039
14 55 2191
14 56 4020
14 57 3988
14 58 2493
14 59 4120
14 60 4155
14 61 2748
14 62 6023
14 63 2267
14 64 17
14 65 52
14 66 5842
14 67 423
14 68 6375
14 69 4655
14 70 7388
15 1 4274
15 2 5552
15 3 6657
15 4 1194
15 5 114
15 6 4505
15 7 5158
15 8 4883
15 9 4826
15 10 3942
15 11 3794
15 12 3868
15 13 2774
15 14 5871
15 16 6749
15 17 4155
15 18 303
15 19 3300
15 20 46
15 21 1618
15 22 4309
15 23 6682
15 24 6498
15 25 6878
15 26 4239
15 27 6917
15 28 5495
15 29 1377
15 30 6805
15 31 6554
15 32 3086
15 33 3387
15 34 3606
15 35 1684
15 36 6817
15 37 1645
15 38 5436
15 39 3605
15 40 489
15 41 2739
15 42 3096
15 43 4657
15 44 2315
15 45 6312
15 46 4624
15 47 2784
15 48 463
15 49 6608
15 50 4605
15 51 5387
15 52 1075
15 53 3586
15 54 6425
15 55 379
15 56 3036
15 57 6850
15 58 6209
15 59 2850
15 60 6999
15 61 4293
15 62 1535
15 63 5391
15 64 6131
15 65 3248
15 66 5360
15 67 3204
15 68 1859
15 69 4450
15 70 3254
16 1 6838
16 2 6851
16 3 2597
16 4 5637
16 5 6034
16 6 5088
16 7 281
16 8 624
16 9 1428
16 10 772
16 11 5220
16 12 944
16 13 6066
16 14 4491
16 15 2283
16 17 406
16 18 3989
16 19 1082
16 20 3354
16 21 5544
16 22 7419
16 23 4065
16 24 6983
16 25 36
16 26 4857
16 27 343
16 28 3729
16 29 5936
16 30 630
16 31 6729
16 32 2523
16 33 6584
16 34 7203
16 35 4123
16 36 1603
16 37 2464
16 38 6506
16 39 5557
16 40 1250
16 41 4674
16 42 4379
16 43 3798
16 44 4673
16 45 7129
16 46 7100
16 47 4775
16 48 2325
16 49 3079
16 50 2415
16 51 3948
16 52 7355
16 53 1708
16 54 3159
16 55 1917
16 56 5061
16 57 3607
16 58 3245
16 59 5844
16 60 1250
16 61 5420
16 62 1234
16 63 6092
16 64 3129
16 65 4961
16 66 159
16 67 911
16 68 6762
16 69 2061
16 70 989
17 1 2202
17 2 1883
17 3 6010
17 4 5674
17 5 6277
17 6 6049
17 7 7237
17 8 6317
17 9 5435
17 10 5597
17 11 7406
17 12 877
17 13 2640
17 14 1456
17 15 5546
17 16 3930
17 18 6454
17 19 787
17 20 1937
17 21 5158
17 22 190
17 23 5031
17 24 5045
17 25 7074
17 26 717
17 27 2794
17 28 1686
17 29 5625
17 30 2834
17 31 5489
17 32 3018
17 33 5082
17 34 1499
17 35 4196
17 36 1321
17 37 5359
17 38 4306
17 39 3381
17 40 3449
17 41 5394
17 42 1047
17 43 3647
17 44 467
17 45 4574
17 46 108
17 47 425
17 48 1090
17 49 617
17 50 1007
17 51 6755
17 52 7296
17 53 3896
17 54 6484
17 55 3405
17 56 396
17 57 1897
17 58 6977
17 59 1741
17 60 778
17 61 2001
17 62 738
17 63 1801
17 64 3277
17 65 494
17 66 4216
17 67 697
17 68 3735
17 69 3776
17 70 4772
18 1 1456
18 2 1662
18 3 6345
18 4 6391
18 5 1670
18 6 5741
18 7 6872
18 8 6367
18 9 2945
18 10 3946
18 11 4728
18 12 999
18 13 4593
18 14 3690
18 15 4028
18 16 6726
18 17 1580
18 19 7253
18 20 4987
18 21 3129
18 22 5317
18 23 6880
18 24 6944
18 25 751
18 26 79
18 27 541
18 28 3651
18 29 1355
18 30 1663
18 31 3304
18 32 7085
18 33 945
18 34 1923
18 35 3699
18 36 1422
18 37 180
18 38 7317
18 39 1119
18 40 1774
18 41 3707
18 42 43
18 43 2228
18 44 2101
18 45 7027
18 46 4552
18 47 6899
18 48 5641
18 49 3425
18 50 7281
18 51 2108
18 52 1724
18 53 3273
18 54 5040
18 55 6139
18 56 5555
18 57 2330
18 58 851
18 59 922
18 60 5925
18 61 2787
18 62 6129
18 63 4237
18 64 5132
18 65 5372
18 66 2469
18 67 6505
18 68 1370
18 69 7032
18 70 680
19 1 6104
19 2 4457
19 3 2311
19 4 6922
19 5 3520
19 6 1793
19 7 2824
19 8 2045
19 9 2710
19 10 1567
19 11 5980
19 12 380
19 13 5158
19 14 6953
19 15 503
19 16 4125
19 17 3321
19 18 163
19 20 3356
19 21 6190
19 22 3995
19 23 6653
19 24 3091
19 25 5581
19 26 6156
19 27 64
19 28 2323
19 29 4510
19 30 5068
19 31 275
19 32 6940
19 33 6252
19 34 2088
19 35 750
19 36 5312
19 37 2554
19 38 7058
19 39 1300
19 40 6220
19 41 1490
19 42 4695
19 43 553
19 44 3646
19 45 5828
19 46 777
19 47 2444
19 48 3716
19 49 6744
19 50 3629
19 51 2964
19 52 4279
19 53 1853
19 54 2510
19 55 2823
19 56 1113
19 57 342
19 58 6903
19 59 618
19 60 2943
19 61 2950
19 62 6920
19 63 1193
19 64 459
19 65 2220
19 66 3674
19 67 2091
19 68 6142
19 69 3397
19 70 771
20 1 6082
20 2 2953
20 3 5921
20 4 1058
20 5 469
20 6 5395
20 7 2233
20 8 5480
20 9 5740
20 10 3458
20 11 4755
20 12 5208
20 13 3471
20 14 4338
20 15 270
20 16 1650
20 17 4816
20 18 6639
20 19 5620
20 21 5658
20 22 3309
20 23 7498
20 24 3344
20 25 1083
20 26 4525
20 27 4296
20 28 1468
20 29 4217
20 30 7439
20 31 281
20 32 5381
20 33 1069
20 34 7126
20 35 6920
20 36 2305
20 37 3663
20 38 5784
20 39 1701
20 40 6181
20 41 6515
20 42 6272
20 43 1510
20 44 1530
20 45 6693
20 46 6237
20 47 5162
20 48 1748
20 49 3790
20 50 1864
20 51 3025
20 52 1069
20 53 4494
20 54 7123
20 55 2859
20 56 4677
20 57 3385
20 58 4647
20 59 1629
20 60 2100
20 61 1076
20 62 1226
20 63 5705
20 64 4614
20 65 1629
20 66 318
20 67 4055
20 68 6705
20 69 3316
20 70 3050
21 1 1739
21 2 4753
21 3 1901
21 4 1000
21 5 4620
21 6 6686
21 7 7226
21 8 5903
21 9 1499
21 10 1463
21 11 6163
21 12 4611
21 13 4633
21 14 833
21 15 5885
21 16 5514
21 17 5623
21 18 6762
21 19 3613
21 20 2869
21 22 6490
21 23 796
21 24 4725
21 25 2777
21 26 2577
21 27 4844
21 28 513
21 29 3133
21 30 1422
21 31 2446
21 32 1899
21 33 4882
21 34 3536
21 35 2276
21 36 2773
21 37 3183
21 38 5716
21 39 5323
21 40 3368
21 41 2465
21 42 291
21 43 3661
21 44 879
21 45 6190
21 46 6463
21 47 6625
21 48 4094
21 49 1592
21 50 7194
21 51 968
21 52 6567
21 53 4855
21 54 3884
21 55 4615
21 56 3204
21 57 742
21 58 16
21 59 2080
21 60 308
21 61 5809
21 62 4903
21 63 3149
21 64 3045
21 65 6989
21 66 139
21 67 6800
21 68 5241
21 69 2009
21 70 282
22 1 1246
22 2 1960
22 3 5480
22 4 4846
22 5 4453
22 6 1873
22 7 1157
22 8 3674
22 9 444
22 10 3049
22 11 7239
22 12 4844
22 13 6996
22 14 5359
22 15 3428
22 16 2145
22 17 732
22 18 3825
22 19 2167
22 20 3789
22 21 6372
22 23 647
22 24 3578
22 25 5775
22 26 6769
22 27 1246
22 28 7186
22 29 6745
22 30 7474
22 31 3683
22 32 1081
22 33 2013
22 34 4135
22 35 2273
22 36 2333
22 37 4313
22 38 3098
22 39 7187
22 40 272
22 41 3300
22 42 4052
22 43 4446
22 44 5858
22 45 4785
22 46 4246
22 47 808
22 48 5728
22 49 4730
22 50 2823
22 51 6205
22 52 503
22 53 1265
22 54 7497
22 55 5422
22 56 2092
22 57 5997
22 58 6720
22 59 1600
22 60 2784
22 61 4590
22 62 1160
22 63 2119
22 64 252
22 65 5725
22 66 4947
22 67 4932
22 68 2551
22 69 2176
22 70 6881
23 1 1029
23 2 6749
23 3 2691
23 4 2191
23 5 3160
23 6 1839
23 7 6495
23 8 7278
23 9 3704
23 10 4027
23 11 6756
23 12 4438
23 13 3479
23 14 3300
23 15 2743
23 16 4257
23 17 3238
23 18 1202
23 19 7002
23 20 3705
23 21 2605
23 22 2224
23 24 7360
23 25 3969
23 26 5376
23 27 6576
23 28 3095
23 29 6434
23 30 5435
23 31 4803
23 32 1881
23 33 5393
23 34 2892
23 35 6014
23 36 6686
23 37 1035
23 38 6166
23 39 4444
23 40 3234
23 41 2915
23 42 857
23 43 7436
23 44 2250
23 45 37
23 46 6447
23 47 1320
23 48 6673
23 49 1454
23 50 4992
23 51 5359
23 52 4252
23 53 7178
23 54 1697
23 55 1479
23 56 4224
23 57 543
23 58 6235
23 59 1517
23 60 1
23 61 5727
23 62 5279
23 63 1974
23 64 3821
23 65 3861
23 66 1976
23 67 7379
23 68 2169
23 69 624
23 70 1780
24 1 7167
24 2 843
24 3 1960
24 4 6797
24 5 3838
24 6 6067
24 7 5727
24 8 7158
24 9 332
24 10 2569
24 11 1941
24 12 5340
24 13 2141
24 14 7371
24 15 3721
24 16 2975
24 17 1528
24 18 7231
24 19 6749
24 20 1033
24 21 2516
24 22 985
24 23 77
24 25 6002
24 26 7146
24 27 6204
24 28 2722
24 29 6302
24 30 7139
24 31 6919
24 32 5320
24 33 2663
24 34 3233
24 35 1164
24 36 7098
24 37 4236
24 38 4455
24 39 1227
24 40 4057
24 41 939
24 42 591
24 43 3293
24 44 6275
24 45 7277
24 46 1018
24 47 5275
24 48 164
24 49 2646
24 50 1295
24 51 1330
24 52 5586
24 53 6468
24 54 2550
24 55 6572
24 56 832
24 57 4630
24 58 5150
24 59 5552
24 60 2189
24 61 5756
24 62 954
24 63 4736
24 64 2003
24 65 2494
24 66 5619
24 67 1635
24 68 6608
24 69 7247
24 70 5157
25 1 6783
25 2 893
25 3 6096
25 4 7425
25 5 6349
25 6 3830
25 7 1387
25 8 5881
25 9 5071
25 10 2176
25 11 7079
25 12 5639
25 13 3810
25 14 1520
25 15 6673
25 16 1395
25 17 6918
25 18 603
25 19 4330
25 20 4325
25 21 2505
25 22 3842
25 23 5058
25 24 7248
25 26 4750
25 27 4949
25 28 4899
25 29 4949
25 30 4178
25 31 4781
25 32 637
25 33 3172
25 34 7184
25 35 5245
25 36 1522
25 37 2691
25 38 402
25 39 3604
25 40 3355
25 41 4086
25 42 2504
25 43 4733
25 44 853
25 45 4335
25 46 6105
25 47 388
25 48 1787
25 49 6118
25 50 4331
25 51 6586
25 52 4506
25 53 6814
25 54 4348
25 55 4192
25 56 2033
25 57 267
25 58 4030
25 59 7476
25 60 3106
25 61 4097
25 62 5530
25 63 4929
25 64 1322
25 65 3372
25 66 774
25 67 1720
25 68 537
25 69 3446
25 70 2005
26 1 1003
26 2 2377
26 3 7478
26 4 46
26 5 2877
26 6 3489
26 7 3710
26 8 2617
26 9 6800
26 10 1520
26 11 6952
26 12 3132
26 13 1319
26 14 2266
26 15 1245
26 16 5969
26 17 1237
26 18 2447
26 19 5356
26 20 285
26 21 1998
26 22 6396
26 23 2114
26 24 6971
26 25 6194
26 27 6689
26 28 6826
26 29 6343
26 30 6350
26 31 2762
26 32 2522
26 33 6753
26 34 5841
26 35 1748
26 36 6728
26 37 4842
26 38 2050
26 39 7170
26 40 5510
26 41 235
26 42 4753
26 43 1023
26 44 6306
26 45 638
26 46 892
26 47 4900
26 48 616
26 49 4943
26 50 1306
26 51 199
26 52 6070
26 53 3793
26 54 5155
26 55 1025
26 56 302
26 57 7299
26 58 1751
26 59 1316
26 60 1570
26 61 4344
26 62 7118
26 63 474
26 64 422
26 65 3791
26 66 1367
26 67 1830
26 68 2556
26 69 2949
26 70 2824
27 1 3232
27 2 3695
27 3 2565
27 4 1639
27 5 1590
27 6 1860
27 7 815
27 8 5334
27 9 13
27 10 5428
27 11 668
27 12 1544
27 13 1893
27 14 664
27 15 3955
27 16 842
27 17 7283
27 18 3507
27 19 82
27 20 5780
27 21 2753
27 22 7477
27 23 983
27 24 6001
27 25 4699
27 26 3282
27 28 1508
27 29 1508
27 30 6837
27 31 7482
27 32 7332
27 33 3089
27 34 1109
27 35 1684
27 36 649
27 37 2297
27 38 1118
27 39 4899
27 40 731
27 41 37
27 42 1719
27 43 7220
27 44 7119
27 45 1536
27 46 5997
27 47 1565
27 48 4553
27 49 5001
27 50 5839
27 51 4702
27 52 3829
27 53 957
27 54 2704
27 55 4782
27 56 6192
27 57 6981
27 58 606
27 59 2433
27 60 2681
27 61 6130
27 62 6041
27 63 3214
27 64 4366
27 65 3754
27 66 3050
27 67 68
27 68 1476
27 69 6149
27 70 4887
28 1 621
28 2 4627
28 3 604
28 4 6604
28 5 4331
28 6 3494
28 7 4372
28 8 6066
28 9 48
28 10 1553
28 11 6142
28 12 6852
28 13 186
28 14 268
28 15 5828
28 16 4226
28 17 777
28 18 1088
28 19 7487
28 20 1439
28 21 6424
28 22 6199
28 23 5257
28 24 6677
28 25 4921
28 26 6354
28 27 2102
28 29 2153
28 30 5043
28 31 6168
28 32 6525
28 33 2590
28 34 5815
28 35 1632
28 36 3755
28 37 5313
28 38 4618
28 39 5854
28 40 3237
28 41 3535
28 42 576
28 43 975
28 44 4625
28 45 2332
28 46 7384
28 47 270
28 48 3249
28 49 1153
28 50 6203
28 51 3012
28 52 4805
28 53 1235
28 54 6886
28 55 4350
28 56 4326
28 57 5823
28 58 1414
28 59 5056
28 60 1846
28 61 1065
28 62 5239
28 63 5444
28 64 1287
28 65 2761
28 66 3350
28 67 3938
28 68 3917
28 69 812
28 70 4893
29 1 2002
29 2 2258
29 3 2993
29 4 5929
29 5 1167
29 6 5615
29 7 2792
29 8 4594
29 9 2998
29 10 4430
29 11 4762
29 12 3048
29 13 1321
29 14 4346
29 15 6398
29 16 6426
29 17 4858
29 18 3795
29 19 5656
29 20 3319
29 21 5410
29 22 5453
29 23 5117
29 24 4356
29 25 5874
29 26 1625
29 27 3851
29 28 5291
29 30 7125
29 31 2727
29 32 2400
29 33 3351
29 34 773
29 35 7472
29 36 1015
29 37 2510
29 38 3334
29 39 6819
29 40 5832
29 41 1281
29 42 2283
29 43 1044
29 44 6589
29 45 49
29 46 1132
29 47 709
29 48 2946
29 49 4919
29 50 7074
29 51 4451
29 52 4111
29 53 3392
29 54 1588
29 55 1542
29 56 7181
29 57 2531
29 58 1671
29 59 3728
29 60 2232
29 61 2611
29 62 6468
29 63 3129
29 64 6603
29 65 3929
29 66 2645
29 67 5632
29 68 1008
29 69 5057
29 70 1700
30 1 2878
30 2 3596
30 3 892
30 4 7239
30 5 1648
30 6 117
30 7 3450
30 8 812
30 9 1111
30 10 3250
30 11 1641
30 12 1577
30 13 5768
30 14 157
30 15 6817
30 16 6518
30 17 1064
30 18 2569
30 19 1309
30 20 46
30 21 4879
30 22 65
30 23 316
30 24 2034
30 25 5161
30 26 5196
30 27 5117
30 28 2303
30 29 376
30 31 1548
30 32 1943
30 33 1217
30 34 2513
30 35 1743
30 36 2749
30 37 96
30 38 3869
30 39 3859
30 40 2326
30 41 2957
30 42 3192
30 43 7065
30 44 5768
30 45 2507
30 46 3680
30 47 1613
30 48 979
30 49 169
30 50 6572
30 51 2003
30 52 2235
30 53 3955
30 54 2066
30 55 3714
30 56 3693
30 57 6794
30 58 3682
30 59 1096
30 60 5927
30 61 2966
30 62 1281
30 63 7195
30 64 7465
30 65 98
30 66 7068
30 67 4715
30 68 5638
30 69 5594
30 70 1646
31 1 4972
31 2 6926
31 3 6312
31 4 1862
31 5 2683
31 6 5813
31 7 2255
31 8 4363
31 9 1090
31 10 7404
31 11 1460
31 12 3242
31 13 2036
31 14 1883
31 15 7160
31 16 3264
31 17 1809
31 18 4979
31 19 914
31 20 6849
31 21 1737
31 22 5068
31 23 2024
31 24 1285
31 25 6096
31 26 2701
31 27 6189
31 28 5893
31 29 627
31 30 3281
31 32 5991
31 33 3989
31 34 694
31 35 6828
31 36 3609
31 37 7202
31 38 1286
31 39 1479
31 40 7238
31 41 341
31 42 1904
31 43 2061
31 44 5191
31 45 6793
31 46 4457
31 47 2350
31 48 4212
31 49 5943
31 50 301
31 51 1106
31 52 1699
31 53 748
31 54 2775
31 55 7160
31 56 6300
31 57 6193
31 58 2229
31 59 2789
31 60 6319
31 61 6672
31 62 366
31 63 6558
31 64 5012
31 65 3438
31 66 3694
31 67 2897
31 68 1287
31 69 5498
31 70 6298
32 1 3314
32 2 4445
32 3 4452
32 4 619
32 5 5458
32 6 4496
32 7 6561
32 8 2385
32 9 2213
32 10 5078
32 11 738
32 12 7079
32 13 3980
32 14 6824
32 15 3234
32 16 2027
32 17 3213
32 18 684
32 19 4218
32 20 3581
32 21 489
32 22 267
32 23 5849
32 24 7201
32 25 4227
32 26 5716
32 27 1592
32 28 7211
32 29 7497
32 30 841
32 31 3720
32 33 673
32 34 2734
32 35 783
32 36 6135
32 37 3805
32 38 2226
32 39 5294
32 40 4718
32 41 6097
32 42 140
32 43 4322
32 44 3499
32 45 3187
32 46 5258
32 47 1875
32 48 5638
32 49 7384
32 50 2186
32 51 624
32 52 6004
32 53 1020
32 54 7156
32 55 3001
32 56 2785
32 57 1004
32 58 4991
32 59 4181
32 60 5796
32 61 117
32 62 3344
32 63 3941
32 64 6000
32 65 4941
32 66 7249
32 67 531
32 68 3399
32 69 1235
32 70 3527
33 1 2403
33 2 3072
33 3 2792
33 4 7168
33 5 5876
33 6 1091
33 7 6806
33 8 7286
33 9 4493
33 10 6638
33 11 7032
33 12 2662
33 13 2861
33 14 2910
33 15 4450
33 16 3761
33 17 7426
33 18 2189
33 19 4444
33 20 965
33 21 5369
33 22 4329
33 23 3479
33 24 3705
33 25 5825
33 26 429
33 27 5480
33 28 7110
33 29 3148
33 30 1048
33 31 6808
33 32 735
33 34 1153
33 35 5924
33 36 3865
33 37 4654
33 38 5470
33 39 763
33 40 4471
33 41 2185
33 42 6502
33 43 3912
33 44 5027
33 45 3926
33 46 4947
33 47 579
33 48 4583
33 49 4675
33 50 6920
33 51 6677
33 52 1720
33 53 2301
33 54 572
33 55 6829
33 56 5947
33 57 2471
33 58 5308
33 59 3219
33 60 5507
33 61 6311
33 62 2657
33 63 5491
33 64 1787
33 65 3529
33 66 6939
33 67 4275
33 68 2761
33 69 5169
33 70 5848
34 1 743
34 2 1663
34 3 382
34 4 7089
34 5 2334
34 6 79
34 7 7068
34 8 55
34 9 4153
34 10 5637
34 11 5241
34 12 4955
34 13 6192
34 14 5956
34 15 6796
34 16 2102
34 17 4463
34 18 5507
34 19 2541
34 20 6739
34 21 6148
34 22 6837
34 23 2633
34 24 6927
34 25 5277
34 26 2214
34 27 4809
34 28 3643
34 29 6344
34 30 2789
34 31 1096
34 32 1498
34 33 1796
34 35 4690
34 36 3614
34 37 4857
34 38 2239
34 39 4813
34 40 5749
34 41 2655
34 42 4824
34 43 184
34 44 1615
34 45 5136
34 46 2080
34 47 6235
34 48 2776
34 49 5474
34 50 3159
34 51 6957
34 52 4399
34 53 4875
34 54 4869
34 55 6989
34 56 4504
34 57 1535
34 58 2585
34 59 1489
34 60 1932
34 61 977
34 62 61
34 63 5527
34 64 5437
34 65 4892
34 66 4199
34 67 2920
34 68 2380
34 69 5285
34 70 4318
35 1 4348
35 2 49
35 3 4659
35 4 2679
35 5 3447
35 6 358
35 7 7151
35 8 3335
35 9 4853
35 10 5525
35 11 1749
35 12 5294
35 13 2950
35 14 602
35 15 478
35 16 6258
35 17 2087
35 18 6049
35 19 768
35 20 5559
35 21 73
35 22 6796
35 23 6726
35 24 4291
35 25 6862
35 26 4063
35 27 1178
35 28 5629
35 29 2979
35 30 6898
35 31 4479
35 32 2356
35 33 7157
35 34 4651
35 36 20
35 37 6444
35 38 7218
35 39 4129
35 40 4223
35 41 5650
35 42 342
35 43 3948
35 44 551
35 45 6977
35 46 3620
35 47 2072
35 48 7034
35 49 7175
35 50 2912
35 51 1980
35 52 2204
35 53 4062
35 54 4538
35 55 1366
35 56 128
35 57 595
35 58 7204
35 59 4421
35 60 5581
35 61 752
35 62 5322
35 63 4681
35 64 3189
35 65 4877
35 66 1330
35 67 3305
35 68 2208
35 69 4014
35 70 5035
36 1 6703
36 2 2245
36 3 3648
36 4 5096
36 5 1078
36 6 2828
36 7 6308
36 8 1092
36 9 691
36 10 3341
36 11 1521
36 12 6801
36 13 7394
36 14 4622
36 15 2778
36 16 3356
36 17 1911
36 18 3234
36 19 5224
36 20 6073
36 21 4245
36 22 1394
36 23 6462
36 24 4516
36 25 1242
36 26 6938
36 27 106
36 28 3194
36 29 3778
36 30 3544
36 31 2893
36 32 6106
36 33 4972
36 34 5267
36 35 6191
36 37 7431
36 38 2479
36 39 52
36 40 2422
36 41 3588
36 42 4169
36 43 2175
36 44 7046
36 45 7040
36 46 4538
36 47 5147
36 48 4361
36 49 5484
36 50 1521
36 51 4817
36 52 6056
36 53 6557
36 54 608
36 55 2247
36 56 6208
36 57 3910
36 58 6968
36 59 7212
36 60 4920
36 61 4042
36 62 5321
36 63 1592
36 64 3593
36 65 5879
36 66 3569
36 67 3075
36 68 7340
36 69 3452
36 70 4708
37 1 4260
37 2 4048
37 3 466
37 4 5092
37 5 4859
37 6 196
37 7 3466
37 8 1177
37 9 4041
37 10 5190
37 11 5414
37 12 5737
37 13 6391
37 14 1874
37 15 4464
37 16 2162
37 17 3242
37 18 6377
37 19 4352
37 20 4903
37 21 2290
37 22 1853
37 23 5811
37 24 4688
37 25 1155
37 26 1461
37 27 3577
37 28 2988
37 29 4637
37 30 4746
37 31 5565
37 32 5551
37 33 7048
37 34 6363
37 35 1163
37 36 1262
37 38 4587
37 39 5250
37 40 5792
37 41 6708
37 42 7338
37 43 407
37 44 6625
37 45 67
37 46 1807
37 47 6685
37 48 392
37 49 2680
37 50 625
37 51 2302
37 52 6234
37 53 227
37 54 1596
37 55 2195
37 56 4561
37 57 2002
37 58 2591
37 59 7230
37 60 813
37 61 3098
37 62 1793
37 63 2634
37 64 5581
37 65 4118
37 66 6628
37 67 5500
37 68 6612
37 69 1347
37 70 2923
38 1 3439
38 2 7015
38 3 4454
38 4 3981
38 5 3827
38 6 2567
38 7 3580
38 8 3469
38 9 4262
38 10 5833
38 11 3821
38 12 4790
38 13 1699
38 14 1995
38 15 4150
38 16 5004
38 17 4703
38 18 1254
38 19 1673
38 20 5362
38 21 3960
38 22 3750
38 23 4011
38 24 5470
38 25 5859
38 26 2895
38 27 6765
38 28 6420
38 29 2120
38 30 7408
38 31 4170
38 32 1422
38 33 336
38 34 5796
38 35 1300
38 36 2853
38 37 3285
38 39 3649
38 40 1495
38 41 1128
38 42 2740
38 43 6632
38 44 3607
38 45 6994
38 46 2920
38 47 845
38 48 3577
38 49 5414
38 50 1880
38 51 1577
38 52 2035
38 53 7324
38 54 4439
38 55 5507
38 56 1208
38 57 1657
38 58 2982
38 59 6463
38 60 1376
38 61 625
38 62 531
38 63 7242
38 64 1165
38 65 2979
38 66 4333
38 67 805
38 68 1415
38 69 1868
38 70 4903
39 1 203
39 2 3395
39 3 325
39 4 3713
39 5 5032
39 6 6030
39 7 2083
39 8 5595
39 9 5755
39 10 5722
39 11 7159
39 12 2176
39 13 4871
39 14 7451
39 15 6361
39 16 6470
39 17 862
39 18 4683
39 19 7439
39 20 7028
39 21 2099
39 22 4033
39 23 96
39 24 6021
39 25 1759
39 26 7359
39 27 4877
39 28 1397
39 29 3944
39 30 2018
39 31 6461
39 32 5568
39 33 404
39 34 4969
39 35 7156
39 36 2255
39 37 3040
39 38 1780
39 40 6744
39 41 6226
39 42 6109
39 43 1489
39 44 632
39 45 3112
39 46 7340
39 47 1924
39 48 5745
39 49 5290
39 50 6077
39 51 5246
39 52 2647
39 53 4314
39 54 6752
39 55 3894
39 56 7114
39 57 1204
39 58 2506
39 59 2178
39 60 4203
39 61 3276
39 62 2248
39 63 1601
39 64 3594
39 65 982
39 66 4812
39 67 6453
39 68 4711
39 69 4370
39 70 506
40 1 3550
40 2 5751
40 3 5295
40 4 7245
40 5 6803
40 6 4986
40 7 2117
40 8 7415
40 9 623
40 10 4215
40 11 2467
40 12 29
40 13 4304
40 14 3048
40 15 2364
40 16 4826
40 17 4654
40 18 6105
40 19 2136
40 20 1021
40 21 244
40 22 5173
40 23 4431
40 24 1407
40 25 1443
40 26 3115
40 27 2358
40 28 5245
40 29 4828
40 30 4671
40 31 4474
40 32 118
40 33 2081
40 34 6141
40 35 2700
40 36 7376
40 37 1727
40 38 5205
40 39 2974
40 41 4263
40 42 6406
40 43 3964
40 44 3281
40 45 2310
40 46 7458
40 47 4190
40 48 5607
40 49 6005
40 50 488
40 51 4896
40 52 62
40 53 4167
40 54 2121
40 55 6963
40 56 4863
40 57 1028
40 58 4462
40 59 7277
40 60 3779
40 61 540
40 62 3968
40 63 5758
40 64 2618
40 65 7459
40 66 493
40 67 5276
40 68 2969
40 69 3861
40 70 5840
41 1 3996
41 2 6940
41 3 4329
41 4 3900
41 5 4340
41 6 3041
41 7 6321
41 8 5298
41 9 5892
41 10 1025
41 11 4259
41 12 421
41 13 4978
41 14 489
41 15 1284
41 16 6124
41 17 4994
41 18 3309
41 19 4140
41 20 1406
41 21 2604
41 22 7062
41 23 2898
41 24 339
41 25 3608
41 26 3723
41 27 1971
41 28 7258
41 29 4331
41 30 5047
41 31 5480
41 32 909
41 33 5668
41 34 1199
41 35 1617
41 36 5369
41 37 4401
41 38 2783
41 39 6805
41 40 1302
41 42 5364
41 43 1009
41 44 2157
41 45 4731
41 46 2243
41 47 871
41 48 3724
41 49 5279
41 50 4104
41 51 1977
41 52 125
41 53 148
41 54 3453
41 55 4243
41 56 4724
41 57 5859
41 58 1742
41 59 240
41 60 900
41 61 2052
41 62 1819
41 63 5201
41 64 4166
41 65 7239
41 66 5150
41 67 794
41 68 1182
41 69 2696
41 70 7241
42 1 5133
42 2 4305
42 3 4489
42 4 5538
42 5 1471
42 6 4964
42 7 6503
42 8 404
42 9 860
42 10 4960
42 11 5751
42 12 2322
42 13 5669
42 14 448
42 15 567
42 16 2597
42 17 3943
42 18 4334
42 19 2375
42 20 3353
42 21 4444
42 22 7428
42 23 7411
42 24 753
42 25 2924
42 26 3212
42 27 1543
42 28 7233
42 29 1528
42 30 7057
42 31 2611
42 32 4128
42 33 1366
42 34 1124
42 35 3806
42 36 4110
42 37 2381
42 38 5889
42 39 6202
42 40 5027
42 41 7469
42 43 5779
42 44 6956
42 45 2668
42 46 1472
42 47 1196
42 48 7250
42 49 986
42 50 4531
42 51 4441
42 52 1173
42 53 4437
42 54 512
42 55 4606
42 56 3919
42 57 4565
42 58 6049
42 59 7169
42 60 4316
42 61 712
42 62 2457
42 63 6225
42 64 2363
42 65 2288
42 66 3313
42 67 4025
42 68 1351
42 69 6328
42 70 6806
43 1 7343
43 2 1114
43 3 6953
43 4 622
43 5 5261
43 6 1023
43 7 4765
43 8 1199
43 9 2756
43 10 4176
43 11 1784
43 12 4795
43 13 6029
43 14 6242
43 15 3231
43 16 6836
43 17 1473
43 18 4573
43 19 6005
43 20 1255
43 21 3756
43 22 1319
43 23 4288
43 24 7156
43 25 548
43 26 6137
43 27 5890
43 28 15
43 29 1512
43 30 3628
43 31 4512
43 32 4520
43 33 2953
43 34 3334
43 35 6464
43 36 4111
43 37 5119
43 38 5044
43 39 1423
43 40 1352
43 41 6619
43 42 687
43 44 4270
43 45 440
43 46 2436
43 47 1451
43 48 6067
43 49 2645
43 50 2021
43 51 2786
43 52 6670
43 53 5816
43 54 1563
43 55 6590
43 56 2295
43 57 1743
43 58 5782
43 59 4608
43 60 4532
43 61 2353
43 62 1675
43 63 4293
43 64 7409
43 65 4434
43 66 4255
43 67 5033
43 68 5284
43 69 7392
43 70 2553
44 1 4636
44 2 485
44 3 3630
44 4 3056
44 5 7032
44 6 5484
44 7 5099
44 8 3995
44 9 5337
44 10 6003
44 11 2115
44 12 2295
44 13 4525
44 14 1886
44 15 3045
44 16 6969
44 17 6494
44 18 4568
44 19 4091
44 20 2769
44 21 3434
44 22 6055
44 23 271
44 24 5222
44 25 3647
44 26 3739
44 27 5058
44 28 6304
44 29 4617
44 30 194
44 31 7164
44 32 6108
44 33 1917
44 34 3680
44 35 5218
44 36 6409
44 37 3833
44 38 2659
44 39 7202
44 40 370
44 41 4636
44 42 2919
44 43 4075
44 45 1772
44 46 6517
44 47 4329
44 48 1653
44 49 1187
44 50 2113
44 51 3636
44 52 6643
44 53 2032
44 54 5701
44 55 5865
44 56 3508
44 57 4995
44 58 5149
44 59 6563
44 60 1430
44 61 1996
44 62 3574
44 63 3902
44 64 302
44 65 1299
44 66 7162
44 67 3455
44 68 1752
44 69 2690
44 70 273
45 1 6045
45 2 1335
45 3 7193
45 4 6994
45 5 1682
45 6 6565
45 7 327
45 8 2813
45 9 6311
45 10 4898
45 11 3007
45 12 7468
45 13 3484
45 14 6273
45 15 4621
45 16 5581
45 17 1471
45 18 185
45 19 4376
45 20 4514
45 21 2627
45 22 6627
45 23 2929
45 24 1202
45 25 7337
45 26 3769
45 27 4036
45 28 4107
45 29 5888
45 30 4426
45 31 4472
45 32 5508
45 33 7098
45 34 4772
45 35 3512
45 36 3243
45 37 7268
45 38 1482
45 39 2784
45 40 2427
45 41 148
45 42 6710
45 43 1497
45 44 5870
45 46 5711
45 47 6841
45 48 5010
45 49 1219
45 50 5992
45 51 1857
45 52 7387
45 53 1613
45 54 1242
45 55 5443
45 56 2453
45 57 2043
45 58 5251
45 59 5366
45 60 4334
45 61 6761
45 62 5968
45 63 1933
45 64 2715
45 65 7193
45 66 7398
45 67 3197
45 68 5445
45 69 1066
45 70 4156
46 1 2904
46 2 4074
46 3 1560
46 4 6343
46 5 2470
46 6 1746
46 7 1007
46 8 2114
46 9 2394
46 10 4433
46 11 7068
46 12 687
46 13 5676
46 14 5375
46 15 4171
46 16 1740
46 17 2297
46 18 4320
46 19 1402
46 20 6854
46 21 6498
46 22 4855
46 23 372
46 24 1041
46 25 6962
46 26 5473
46 27 2923
46 28 6761
46 29 7331
46 30 743
46 31 5799
46 32 6009
46 33 2599
46 34 1523
46 35 3569
46 36 2588
46 37 7285
46 38 4856
46 39 4384
46 40 227
46 41 5906
46 42 2907
46 43 523
46 44 5187
46 45 4062
46 47 505
46 48 1589
46 49 4189
46 50 4705
46 51 5473
46 52 6016
46 53 7026
46 54 5620
46 55 3420
46 56 7029
46 57 7439
46 58 285
46 59 1176
46 60 2999
46 61 22
46 62 6966
46 63 7416
46 64 127
46 65 3131
46 66 2354
46 67 3343
46 68 1804
46 69 915
46 70 5277
47 1 4222
47 2 2616
47 3 2179
47 4 5846
47 5 2373
47 6 4375
47 7 4619
47 8 2038
47 9 7192
47 10 6243
47 11 7389
47 12 375
47 13 960
47 14 5932
47 15 5924
47 16 3963
47 17 1060
47 18 3197
47 19 6539
47 20 2773
47 21 161
47 22 497
47 23 4245
47 24 551
47 25 546
47 26 5128
47 27 7027
47 28 7293
47 29 3631
47 30 6091
47 31 2862
47 32 4283
47 33 4717
47 34 1165
47 35 6981
47 36 2107
47 37 4138
47 38 1071
47 39 2793
47 40 3661
47 41 1197
47 42 7172
47 43 7319
47 44 877
47 45 6471
47 46 4987
47 48 826
47 49 6547
47 50 177
47 51 6321
47 52 5601
47 53 2172
47 54 4512
47 55 611
47 56 1761
47 57 4664
47 58 5017
47 59 2112
47 60 875
47 61 928
47 62 2077
47 63 3898
47 64 4736
47 65 2385
47 66 5806
47 67 6724
47 68 3638
47 69 232
47 70 1552
48 1 5154
48 2 2897
48 3 2141
48 4 3776
48 5 4862
48 6 5656
48 7 4322
48 8 7410
48 9 1264
48 10 312
48 11 5533
48 12 351
48 13 1912
48 14 5070
48 15 716
48 16 4021
48 17 2358
48 18 291
48 19 254
48 20 1877
48 21 4681
48 22 7309
48 23 825
48 24 1229
48 25 7356
48 26 1915
48 27 4644
48 28 5832
48 29 2084
48 30 7384
48 31 705
48 32 2391
48 33 4881
48 34 2915
48 35 2331
48 36 5876
48 37 4659
48 38 2552
48 39 5390
48 40 6660
48 41 1531
48 42 1562
48 43 5323
48 44 4662
48 45 7212
48 46 1517
48 47 3865
48 49 6848
48 50 4221
48 51 4934
48 52 2686
48 53 6905
48 54 582
48 55 2219
48 56 853
48 57 7350
48 58 336
48 59 3016
48 60 402
48 61 5221
48 62 3680
48 63 6537
48 64 7236
48 65 2850
48 66 7490
48 67 2763
48 68 4489
48 69 5933
48 70 4210
49 1 996
49 2 227
49 3 474
49 4 7446
49 5 6466
49 6 1528
49 7 5868
49 8 3848
49 9 6867
49 10 155
49 11 4457
49 12 789
49 13 5951
49 14 2354
49 15 5260
49 16 921
49 17 1818
49 18 6364
49 19 4029
49 20 5358
49 21 1162
49 22 2436
49 23 6374
49 24 7488
49 25 6074
49 26 4951
49 27 5124
49 28 4608
49 29 7416
49 30 4448
49 31 1485
49 32 5476
49 33 7460
49 34 2591
49 35 2026
49 36 4257
49 37 5821
49 38 959
49 39 2757
49 40 1177
49 41 3483
49 42 2265
49 43 337
49 44 6079
49 45 3815
49 46 3937
49 47 5733
49 48 4907
49 50 6440
49 51 6948
49 52 6928
49 53 3863
49 54 912
49 55 5168
49 56 87
49 57 2558
49 58 6984
49 59 5401
49 60 4754
49 61 7463
49 62 2505
49 63 593
49 64 939
49 65 2927
49 66 4315
49 67 1270
49 68 7337
49 69 2776
49 70 833
50 1 2442
50 2 469
50 3 1688
50 4 3566
50 5 6862
50 6 5714
50 7 3843
50 8 2819
50 9 5416
50 10 3138
50 11 4551
50 12 2804
50 13 1630
50 14 4422
50 15 1917
50 16 1097
50 17 5872
50 18 860
50 19 3219
50 20 4862
50 21 585
50 22 5061
50 23 6504
50 24 3398
50 25 6090
50 26 6706
50 27 683
50 28 232
50 29 5346
50 30 7062
50 31 7034
50 32 3109
50 33 6008
50 34 620
50 35 2078
50 36 2532
50 37 414
50 38 5166
50 39 2748
50 40 101
50 41 6248
50 42 1971
50 43 3406
50 44 2609
50 45 7070
50 46 2070
50 47 1757
50 48 1146
50 49 6281
50 51 1686
50 52 5589
50 53 3098
50 54 2
50 55 1278
50 56 3302
50 57 2346
50 58 279
50 59 6805
50 60 5925
50 61 3610
50 62 2618
50 63 4116
50 64 2943
50 65 2308
50 66 1660
50 67 1876
50 68 4527
50 69 5749
50 70 4527
51 1 4291
51 2 3799
51 3 7430
51 4 4822
51 5 6989
51 6 5583
51 7 4738
51 8 413
51 9 5204
51 10 1050
51 11 2638
51 12 3036
51 13 4841
51 14 402
51 15 4136
51 16 991
51 17 3598
51 18 2084
51 19 1943
51 20 3233
51 21 2515
51 22 3942
51 23 5556
51 24 6394
51 25 4384
51 26 2358
51 27 7445
51 28 2133
51 29 6050
51 30 1912
51 31 3703
51 32 4005
51 33 5258
51 34 1502
51 35 3513
51 36 1672
51 37 2888
51 38 2342
51 39 1191
51 40 6131
51 41 5051
51 42 6420
51 43 6002
51 44 450
51 45 2271
51 46 4765
51 47 6752
51 48 159
51 49 7001
51 50 4129
51 52 4935
51 53 2897
51 54 2626
51 55 698
51 56 1354
51 57 6974
51 58 3713
51 59 1714
51 60 2675
51 61 829
51 62 2293
51 63 4712
51 64 579
51 65 6306
51 66 210
51 67 2924
51 68 3498
51 69 2464
51 70 2130
52 1 3864
52 2 3953
52 3 5042
52 4 2775
52 5 4980
52 6 1212
52 7 1028
52 8 3087
52 9 992
52 10 6942
52 11 5002
52 12 1981
52 13 2826
52 14 3986
52 15 3060
52 16 501
52 17 2504
52 18 2378
52 19 1395
52 20 1411
52 21 3196
52 22 1419
52 23 3978
52 24 2842
52 25 715
52 26 3601
52 27 6769
52 28 4620
52 29 5158
52 30 4601
52 31 3048
52 32 4115
52 33 6763
52 34 1089
52 35 5433
52 36 3079
52 37 1775
52 38 4421
52 39 2163
52 40 292
52 41 6964
52 42 5944
52 43 5201
52 44 4775
52 45 2235
52 46 2538
52 47 6458
52 48 5781
52 49 6274
52 50 5053
52 51 6751
52 53 1817
52 54 4957
52 55 4795
52 56 1301
52 57 3583
52 58 1445
52 59 2030
52 60 5311
52 61 4377
52 62 5834
52 63 1955
52 64 5935
52 65 1784
52 66 4410
52 67 6193
52 68 3755
52 69 5996
52 70 2295
53 1 5320
53 2 4367
53 3 7400
53 4 5833
53 5 6088
53 6 4567
53 7 4312
53 8 2815
53 9 2481
53 10 6024
53 11 74
53 12 4681
53 13 7361
53 14 2216
53 15 3368
53 16 7079
53 17 2786
53 18 2414
53 19 4169
53 20 2102
53 21 7450
53 22 5370
53 23 5798
53 24 6551
53 25 4602
53 26 4196
53 27 2485
53 28 2884
53 29 474
53 30 2027
53 31 2857
53 32 5126
53 33 1672
53 34 7273
53 35 6391
53 36 6327
53 37 5434
53 38 5062
53 39 951
53 40 2257
53 41 4992
53 42 4391
53 43 5042
53 44 714
53 45 5779
53 46 1925
53 47 814
53 48 972
53 49 3099
53 50 1766
53 51 3192
53 52 1472
53 54 3756
53 55 6513
53 56 5416
53 57 4092
53 58 2127
53 59 3648
53 60 1395
53 61 2229
53 62 6250
53 63 4571
53 64 597
53 65 3642
53 66 1745
53 67 2302
53 68 3958
53 69 1729
53 70 2542
54 1 4493
54 2 1877
54 3 5940
54 4 7327
54 5 16
54 6 886
54 7 5664
54 8 4393
54 9 7169
54 10 239
54 11 731
54 12 5175
54 13 4833
54 14 1856
54 15 7462
54 16 1030
54 17 3700
54 18 778
54 19 1398
54 20 3025
54 21 856
54 22 4815
54 23 5572
54 24 4222
54 25 1862
54 26 3613
54 27 2751
54 28 4637
54 29 7465
54 30 576
54 31 6404
54 32 312
54 33 6651
54 34 6024
54 35 3712
54 36 2148
54 37 449
54 38 3232
54 39 1615
54 40 2244
54 41 4950
54 42 3458
54 43 448
54 44 4688
54 45 4743
54 46 1436
54 47 4156
54 48 1546
54 49 3012
54 50 3309
54 51 1663
54 52 2888
54 53 2845
54 55 406
54 56 4141
54 57 3529
54 58 1999
54 59 3627
54 60 6718
54 61 2920
54 62 1757
54 63 6071
54 64 1820
54 65 7320
54 66 1630
54 67 4956
54 68 4166
54 69 3892
54 70 3173
55 1 5922
55 2 4296
55 3 4206
55 4 1430
55 5 1721
55 6 4203
55 7 7028
55 8 7142
55 9 6411
55 10 5803
55 11 6145
55 12 2919
55 13 3239
55 14 6103
55 15 3204
55 16 2700
55 17 2124
55 18 558
55 19 1264
55 20 4597
55 21 5415
55 22 2698
55 23 1034
55 24 7352
55 25 776
55 26 723
55 27 2279
55 28 6694
55 29 2229
55 30 6963
55 31 955
55 32 3976
55 33 1589
55 34 3296
55 35 3727
55 36 4018
55 37 1131
55 38 4130
55 39 4493
55 40 1868
55 41 1000
55 42 665
55 43 665
55 44 3152
55 45 167
55 46 4677
55 47 2186
55 48 3262
55 49 758
55 50 4058
55 51 6332
55 52 4536
55 53 3166
55 54 5508
55 56 3049
55 57 2426
55 58 990
55 59 6582
55 60 3542
55 61 3241
55 62 286
55 63 5175
55 64 6049
55 65 6975
55 66 74
55 67 352
55 68 6670
55 69 6996
55 70 6053
56 1 376
56 2 88
56 3 2812
56 4 5126
56 5 4086
56 6 3413
56 7 264
56 8 3512
56 9 758
56 10 4722
56 11 4472
56 12 1824
56 13 5939
56 14 5369
56 15 4293
56 16 277
56 17 558
56 18 902
56 19 4987
56 20 2408
56 21 5165
56 22 2488
56 23 2031
56 24 6504
56 25 1361
56 26 2375
56 27 1209
56 28 1425
56 29 459
56 30 774
56 31 2074
56 32 4854
56 33 5349
56 34 1564
56 35 59
56 36 4252
56 37 5765
56 38 938
56 39 809
56 40 7242
56 41 2873
56 42 5022
56 43 5313
56 44 5053
56 45 2856
56 46 6263
56 47 3940
56 48 1054
56 49 2021
56 50 1242
56 51 783
56 52 6666
56 53 3455
56 54 3386
56 55 2653
56 57 7396
56 58 3614
56 59 4343
56 60 5115
56 61 3020
56 62 3507
56 63 5928
56 64 3783
56 65 6446
56 66 7335
56 67 5184
56 68 2726
56 69 6625
56 70 1582
57 1 2311
57 2 6432
57 3 3022
57 4 7356
57 5 2445
57 6 1113
57 7 4589
57 8 4526
57 9 2088
57 10 6715
57 11 6022
57 12 1783
57 13 5341
57 14 6809
57 15 4337
57 16 1997
57 17 887
57 18 1740
57 19 2810
57 20 4819
57 21 1368
57 22 958
57 23 6112
57 24 4221
57 25 2687
57 26 3900
57 27 1485
57 28 6383
57 29 1550
57 30 3794
57 31 5602
57 32 4014
57 33 3904
57 34 4935
57 35 3327
57 36 6297
57 37 1930
57 38 3314
57 39 3463
57 40 6395
57 41 2984
57 42 3389
57 43 4490
57 44 3397
57 45 6312
57 46 2089
57 47 1528
57 48 3990
57 49 1557
57 50 2164
57 51 3277
57 52 6843
57 53 1879
57 54 3876
57 55 945
57 56 3605
57 58 4282
57 59 5603
57 60 2934
57 61 6190
57 62 2183
57 63 3750
57 64 2338
57 65 6558
57 66 99
57 67 360
57 68 4798
57 69 3249
57 70 582
58 1 6585
58 2 5938
58 3 1213
58 4 5537
58 5 3344
58 6 1368
58 7 2772
58 8 1996
58 9 1073
58 10 2486
58 11 1309
58 12 7124
58 13 5539
58 14 2741
58 15 6987
58 16 5295
58 17 1536
58 18 4671
58 19 5016
58 20 4669
58 21 3756
58 22 6449
58 23 7133
58 24 3704
58 25 4576
58 26 3302
58 27 7120
58 28 3136
58 29 2460
58 30 3333
58 31 2030
58 32 1876
58 33 5751
58 34 3470
58 35 1251
58 36 6138
58 37 1242
58 38 36
58 39 7355
58 40 6000
58 41 5080
58 42 6026
58 43 7065
58 44 4447
58 45 905
58 46 1047
58 47 2431
58 48 551
58 49 2926
58 50 262
58 51 3137
58 52 1408
58 53 1596
58 54 1232
58 55 4982
58 56 6529
58 57 4650
58 59 7180
58 60 4208
58 61 3878
58 62 5667
58 63 6246
58 64 6123
58 65 6745
58 66 2707
58 67 1479
58 68 2713
58 69 1972
58 70 2847
59 1 4541
59 2 1495
59 3 1402
59 4 3929
59 5 4787
59 6 2
59 7 6390
59 8 6069
59 9 4494
59 10 6708
59 11 5778
59 12 4743
59 13 7419
59 14 5655
59 15 4461
59 16 1008
59 17 6886
59 18 6801
59 19 6958
59 20 7155
59 21 7401
59 22 7008
59 23 942
59 24 4906
59 25 4004
59 26 3261
59 27 1552
59 28 3648
59 29 6474
59 30 1119
59 31 773
59 32 6514
59 33 1342
59 34 3355
59 35 5816
59 36 5490
59 37 6774
59 38 539
59 39 853
59 40 4763
59 41 5784
59 42 1763
59 43 5453
59 44 3259
59 45 6767
59 46 2489
59 47 5427
59 48 3733
59 49 2513
59 50 2943
59 51 2860
59 52 5822
59 53 3034
59 54 7122
59 55 6973
59 56 6712
59 57 5073
59 58 5077
59 60 1981
59 61 4837
59 62 2035
59 63 1218
59 64 6835
59 65 729
59 66 4446
59 67 4805
59 68 5958
59 69 6784
59 70 4346
60 1 717
60 2 631
60 3 644
60 4 6655
60 5 6719
60 6 1987
60 7 5510
60 8 3757
60 9 706
60 10 4109
60 11 1414
60 12 5197
60 13 2787
60 14 811
60 15 1856
60 16 7102
60 17 7376
60 18 4813
60 19 6314
60 20 6607
60 21 2111
60 22 829
60 23 2712
60 24 5478
60 25 4103
60 26 3950
60 27 1076
60 28 6546
60 29 3704
60 30 6291
60 31 294
60 32 1023
60 33 5217
60 34 2032
60 35 5971
60 36 2749
60 37 6812
60 38 1052
60 39 3385
60 40 5867
60 41 90
60 42 775
60 43 2358
60 44 90
60 45 5168
60 46 4284
60 47 668
60 48 3506
60 49 1803
60 50 2835
60 51 46
60 52 1826
60 53 1213
60 54 3571
60 55 2190
60 56 757
60 57 1325
60 58 1436
60 59 2954
60 61 2991
60 62 7307
60 63 1006
60 64 6494
60 65 4798
60 66 3074
60 67 6
60 68 2041
60 69 4671
60 70 3270
61 1 1288
61 2 5061
61 3 3625
61 4 2546
61 5 1528
61 6 6876
61 7 7284
61 8 5445
61 9 4074
61 10 3180
61 11 4186
61 12 47
61 13 6028
61 14 4189
61 15 4656
61 16 4059
61 17 1981
61 18 5550
61 19 91
61 20 2410
61 21 2409
61 22 1877
61 23 5831
61 24 6277
61 25 6714
61 26 2723
61 27 6639
61 28 665
61 29 3987
61 30 6142
61 31 6419
61 32 383
61 33 1226
61 34 5566
61 35 182
61 36 6228
61 37 4193
61 38 4269
61 39 1680
61 40 6299
61 41 5375
61 42 5835
61 43 1417
61 44 7255
61 45 3555
61 46 3076
61 47 2958
61 48 2154
61 49 4776
61 50 1888
61 51 4322
61 52 4207
61 53 698
61 54 2315
61 55 1375
61 56 394
61 57 3360
61 58 1673
61 59 4336
61 60 5936
61 62 4234
61 63 1313
61 64 1490
61 65 5603
61 66 530
61 67 1683
61 68 6267
61 69 5652
61 70 6642
62 1 2333
62 2 2527
62 3 5437
62 4 3243
62 5 1635
62 6 3056
62 7 6950
62 8 768
62 9 3586
62 10 3350
62 11 5039
62 12 6202
62 13 214
62 14 5288
62 15 2833
62 16 6524
62 17 3540
62 18 2073
62 19 6163
62 20 4823
62 21 7187
62 22 6754
62 23 6072
62 24 4761
62 25 5998
62 26 5588
62 27 4513
62 28 2969
62 29 1854
62 30 5641
62 31 4535
62 32 230
62 33 2151
62 34 6242
62 35 6779
62 36 3780
62 37 3814
62 38 1914
62 39 4441
62 40 3699
62 41 2314
62 42 1985
62 43 444
62 44 6528
62 45 4523
62 46 1016
62 47 459
62 48 1877
62 49 5786
62 50 4558
62 51 5331
62 52 852
62 53 4010
62 54 991
62 55 2589
62 56 6089
62 57 5001
62 58 2493
62 59 3724
62 60 1045
62 61 3020
62 63 5287
62 64 1866
62 65 7340
62 66 3327
62 67 3779
62 68 4503
62 69 5313
62 70 4919
63 1 1538
63 2 1190
63 3 1789
63 4 6053
63 5 5527
63 6 5148
63 7 6514
63 8 4148
63 9 1741
63 10 913
63 11 1380
63 12 5597
63 13 7058
63 14 1668
63 15 2669
63 16 6224
63 17 5619
63 18 7448
63 19 531
63 20 4993
63 21 5056
63 22 1394
63 23 217
63 24 4168
63 25 4710
63 26 716
63 27 5321
63 28 3644
63 29 4617
63 30 1911
63 31 2165
63 32 2764
63 33 2004
63 34 1399
63 35 2891
63 36 5017
63 37 6881
63 38 2376
63 39 563
63 40 3841
63 41 2114
63 42 6286
63 43 5905
63 44 4572
63 45 5076
63 46 5650
63 47 7198
63 48 980
63 49 2542
63 50 1740
63 51 4272
63 52 1080
63 53 132
63 54 1419
63 55 6847
63 56 3332
63 57 7310
63 58 3622
63 59 950
63 60 477
63 61 6857
63 62 7208
63 64 2071
63 65 3855
63 66 3543
63 67 4218
63 68 1416
63 69 4326
63 70 5187
64 1 2149
64 2 1775
64 3 2705
64 4 1847
64 5 4303
64 6 398
64 7 5129
64 8 4927
64 9 3178
64 10 1181
64 11 4986
64 12 1367
64 13 7364
64 14 6002
64 15 3277
64 16 479
64 17 4844
64 18 6728
64 19 6903
64 20 1635
64 21 6784
64 22 5280
64 23 4516
64 24 5520
64 25 1557
64 26 6104
64 27 7151
64 28 5639
64 29 69
64 30 6494
64 31 2796
64 32 2184
64 33 3204
64 34 1328
64 35 4707
64 36 714
64 37 5072
64 38 6496
64 39 1461
64 40 2734
64 41 4824
64 42 120
64 43 2130
64 44 486
64 45 7221
64 46 6528
64 47 713
64 48 276
64 49 920
64 50 4922
64 51 1675
64 52 3919
64 53 7450
64 54 3482
64 55 125
64 56 336
64 57 2537
64 58 1802
64 59 6352
64 60 1498
64 61 3503
64 62 4307
64 63 4433
64 65 190
64 66 3868
64 67 3427
64 68 7270
64 69 3043
64 70 5660
65 1 1327
65 2 6065
65 3 2708
65 4 4389
65 5 4561
65 6 2743
65 7 5579
65 8 2817
65 9 6916
65 10 2291
65 11 6382
65 12 1671
65 13 6260
65 14 968
65 15 5931
65 16 3340
65 17 3146
65 18 5089
65 19 1416
65 20 3529
65 21 876
65 22 5156
65 23 158
65 24 602
65 25 7348
65 26 7083
65 27 2555
65 28 1406
65 29 6721
65 30 6039
65 31 2637
65 32 6042
65 33 603
65 34 4968
65 35 1360
65 36 6047
65 37 6336
65 38 78
65 39 5960
65 40 4093
65 41 1790
65 42 7113
65 43 959
65 44 3118
65 45 2885
65 46 1467
65 47 724
65 48 3208
65 49 1031
65 50 2954
65 51 1834
65 52 4146
65 53 4336
65 54 6746
65 55 5075
65 56 6063
65 57 1062
65 58 5123
65 59 3426
65 60 5778
65 61 1418
65 62 5828
65 63 2789
65 64 946
65 66 1701
65 67 7139
65 68 5478
65 69 2614
65 70 6133
66 1 2037
66 2 334
66 3 1113
66 4 4774
66 5 696
66 6 6790
66 7 6968
66 8 5683
66 9 6532
66 10 6353
66 11 6273
66 12 3408
66 13 4871
66 14 4539
66 15 5880
66 16 6235
66 17 3788
66 18 4302
66 19 1737
66 20 7286
66 21 4692
66 22 1115
66 23 1003
66 24 3071
66 25 3947
66 26 3761
66 27 7297
66 28 5688
66 29 6561
66 30 2224
66 31 827
66 32 6507
66 33 5677
66 34 2232
66 35 3132
66 36 163
66 37 3678
66 38 819
66 39 5586
66 40 5881
66 41 1487
66 42 5166
66 43 6894
66 44 3135
66 45 4555
66 46 1439
66 47 4644
66 48 1180
66 49 4089
66 50 3401
66 51 2330
66 52 1332
66 53 4874
66 54 846
66 55 5816
66 56 1832
66 57 6367
66 58 4925
66 59 2829
66 60 24
66 61 389
66 62 3475
66 63 802
66 64 4887
66 65 4319
66 67 5045
66 68 5052
66 69 25
66 70 2665
67 1 6042
67 2 6275
67 3 2206
67 4 2855
67 5 5391
67 6 5754
67 7 2658
67 8 5104
67 9 2961
67 10 1511
67 11 2175
67 12 4491
67 13 2213
67 14 3933
67 15 6219
67 16 796
67 17 154
67 18 5589
67 19 2323
67 20 2992
67 21 2529
67 22 3307
67 23 2101
67 24 3191
67 25 6415
67 26 945
67 27 926
67 28 2189
67 29 6854
67 30 6178
67 31 6
67 32 1952
67 33 1610
67 34 1771
67 35 3921
67 36 122
67 37 7425
67 38 4114
67 39 6297
67 40 7272
67 41 3851
67 42 4721
67 43 28
67 44 899
67 45 1715
67 46 1824
67 47 2680
67 48 4482
67 49 5175
67 50 5698
67 51 6088
67 52 6709
67 53 6950
67 54 1373
67 55 6708
67 56 5889
67 57 4876
67 58 4479
67 59 6020
67 60 7067
67 61 1364
67 62 2248
67 63 4301
67 64 1213
67 65 6889
67 66 6440
67 68 2652
67 69 6040
67 70 6692
68 1 87
68 2 3087
68 3 518
68 4 1676
68 5 6854
68 6 5162
68 7 4398
68 8 1129
68 9 4677
68 10 5868
68 11 4788
68 12 1832
68 13 548
68 14 1479
68 15 381
68 16 3032
68 17 6532
68 18 3692
68 19 4856
68 20 507
68 21 6982
68 22 4020
68 23 3098
68 24 4277
68 25 686
68 26 4077
68 27 4487
68 28 225
68 29 1966
68 30 6387
68 31 4978
68 32 3224
68 33 6356
68 34 3951
68 35 3536
68 36 1515
68 37 5006
68 38 7000
68 39 4808
68 40 2556
68 41 2303
68 42 5329
68 43 5674
68 44 2787
68 45 4549
68 46 3947
68 47 715
68 48 5522
68 49 44
68 50 7140
68 51 2897
68 52 6518
68 53 402
68 54 2295
68 55 3236
68 56 7443
68 57 6935
68 58 1505
68 59 5364
68 60 5206
68 61 1542
68 62 1004
68 63 5827
68 64 5177
68 65 6384
68 66 6845
68 67 5581
68 69 2974
68 70 3859
69 1 2186
69 2 913
69 3 1486
69 4 5704
69 5 5531
69 6 4619
69 7 7181
69 8 276
69 9 1360
69 10 428
69 11 3772
69 12 7196
69 13 629
69 14 4384
69 15 1548
69 16 140
69 17 4937
69 18 1934
69 19 2160
69 20 7472
69 21 3108
69 22 3889
69 23 6298
69 24 5041
69 25 2908
69 26 2655
69 27 596
69 28 6352
69 29 1180
69 30 5043
69 31 1566
69 32 1325
69 33 6024
69 34 326
69 35 803
69 36 2721
69 37 615
69 38 407
69 39 1984
69 40 6388
69 41 6217
69 42 2410
69 43 7119
69 44 6240
69 45 1063
69 46 1688
69 47 3426
69 48 2825
69 49 4033
69 50 2736
69 51 2400
69 52 1480
69 53 4479
69 54 2551
69 55 66
69 56 6150
69 57 5917
69 58 5684
69 59 3438
69 60 6497
69 61 2982
69 62 5499
69 63 1299
69 64 6300
69 65 5973
69 66 4900
69 67 1720
69 68 4343
69 70 6288
70 1 5526
70 2 1615
70 3 1177
70 4 3174
70 5 1196
70 6 2421
70 7 2364
70 8 2516
70 9 4726
70 10 4196
70 11 5841
70 12 2527
70 13 5798
70 14 5616
70 15 3401
70 16 1300
70 17 4341
70 18 4491
70 19 4958
70 20 6431
70 21 2685
70 22 503
70 23 5124
70 24 2635
70 25 1491
70 26 6797
70 27 1493
70 28 3181
70 29 208
70 30 2812
70 31 6606
70 32 1683
70 33 3748
70 34 5760
70 35 2372
70 36 85
70 37 694
70 38 3189
70 39 5691
70 40 1555
70 41 1473
70 42 7144
70 43 100
70 44 658
70 45 1164
70 46 4582
70 47 6430
70 48 4894
70 49 6426
70 50 3262
70 51 3501
70 52 2240
70 53 5893
70 54 7387
70 55 2995
70 56 1656
70 57 1365
70 58 7293
70 59 279
70 60 6226
70 61 6023
70 62 3571
70 63 3497
70 64 2335
70 65 17
70 66 2142
70 67 335
70 68 5612
70 69 3647
