70 4830
1 2 5389
1 3 3447
1 4 4717
1 5 1092
1 6 2697
1 7 2162
1 8 3256
1 9 4676
1 10 3898
1 11 4603
1 12 770
1 13 4954
1 14 3471
1 15 2923
1 16 682
1 17 4627
1 18 5413
1 19 3596
1 20 1531
1 21 154
1 22 1352
1 23 7421
1 24 2733
1 25 3315
1 26 136
1 27 3652
1 28 199
1 29 6460
1 30 1649
1 31 3126
1 32 2507
1 33 2081
1 34 6383
1 35 2109
1 36 1368
1 37 4598
1 38 4999
1 39 7141
1 40 3341
1 41 2140
1 42 4519
1 43 6373
1 44 150
1 45 5427
1 46 4376
1 47 6740
1 48 2001
1 49 3531
1 50 7093
1 51 3478
1 52 1279
1 53 3028
1 54 7110
1 55 468
1 56 7140
1 57 387
1 58 2081
1 59 4704
1 60 5588
1 61 2140
1 62 830
1 63 2907
1 64 7362
1 65 3837
1 66 2203
1 67 557
1 68 948
1 69 1370
1 70 7443
2 1 6467
2 3 593
2 4 1637
2 5 4097
2 6 632
2 7 6174
2 8 4986
2 9 2999
2 10 5288
2 11 6407
2 12 542
2 13 61
2 14 5472
2 15 852
2 16 1401
2 17 862
2 18 2312
2 19 4566
2 20 3165
2 21 3775
2 22 4310
2 23 6380
2 24 2234
2 25 6027
2 26 72
2 27 2922
2 28 5163
2 29 1795
2 30 4007
2 31 6487
2 32 114
2 33 1943
2 34 2514
2 35 1791
2 36 2322
2 37 1808
2 38 2925
2 39 6624
2 40 4618
2 41 169
2 42 6342
2 43 1071
2 44 420
2 45 1890
2 46 4983
2 47 7010
2 48 1497
2 49 5729
2 50 5458
2 51 3967
2 52 5592
2 53 438
2 54 5117
2 55 589
2 56 4885
2 57 2420
2 58 6543
2 59 881
2 60 5149
2 61 4525
2 62 6850
2 63 5533
2 64 6512
2 65 3606
2 66 1123
2 67 3784
2 68 2110
2 69 921
2 70 5516
3 1 2350
3 2 4039
3 4 7201
3 5 6841
3 6 4909
3 7 1987
3 8 4220
3 9 6188
3 10 805
3 11 825
3 12 357
3 13 260
3 14 2415
3 15 1792
3 16 6402
3 17 5965
3 18 7478
3 19 5136
3 20 789
3 21 7378
3 22 5821
3 23 3946
3 24 1603
3 25 5389
3 26 5989
3 27 3762
3 28 5966
3 29 4491
3 30 7445
3 31 5108
3 32 3554
3 33 4900
3 34 1607
3 35 6422
3 36 5470
3 37 6018
3 38 3053
3 39 2330
3 40 7405
3 41 536
3 42 3334
3 43 4544
3 44 4384
3 45 3600
3 46 3407
3 47 7318
3 48 1512
3 49 137
3 50 286
3 51 4859
3 52 2774
3 53 6570
3 54 2353
3 55 6029
3 56 186
3 57 1128
3 58 797
3 59 4961
3 60 6071
3 61 6653
3 62 2735
3 63 994
3 64 6235
3 65 1899
3 66 6744
3 67 2322
3 68 97
3 69 5267
3 70 5656
4 1 2714
4 2 4270
4 3 5503
4 5 7137
4 6 3867
4 7 2756
4 8 2506
4 9 4621
4 10 4662
4 11 7258
4 12 6012
4 13 1967
4 14 4063
4 15 1337
4 16 6690
4 17 6056
4 18 5308
4 19 21
4 20 6372
4 21 7110
4 22 2788
4 23 5236
4 24 6927
4 25 3284
4 26 6854
4 27 6481
4 28 3460
4 29 4955
4 30 5244
4 31 1306
4 32 4842
4 33 6856
4 34 7353
4 35 1629
4 36 1379
4 37 858
4 38 3626
4 39 3794
4 40 2983
4 41 6378
4 42 791
4 43 6769
4 44 1191
4 45 5234
4 46 1284
4 47 469
4 48 7021
4 49 2890
4 50 3922
4 51 3742
4 52 4765
4 53 6818
4 54 2082
4 55 7330
4 56 1917
4 57 7000
4 58 4749
4 59 4373
4 60 4084
4 61 4787
4 62 4992
4 63 4328
4 64 3889
4 65 5036
4 66 3189
4 67 2817
4 68 1708
4 69 1261
4 70 878
5 1 2279
5 2 5478
5 3 4485
5 4 2657
5 6 3630
5 7 4127
5 8 3240
5 9 575
5 10 5180
5 11 2660
5 12 4965
5 13 4985
5 14 1354
5 15 227
5 16 6669
5 17 2890
5 18 6306
5 19 4090
5 20 4831
5 21 4382
5 22 4111
5 23 7308
5 24 6395
5 25 5516
5 26 3372
5 27 1352
5 28 459
5 29 1984
5 30 3889
5 31 6599
5 32 4280
5 33 1035
5 34 1133
5 35 2480
5 36 4706
5 37 1798
5 38 3929
5 39 552
5 40 7013
5 41 5525
5 42 1857
5 43 7055
5 44 2792
5 45 216
5 46 4672
5 47 934
5 48 6227
5 49 3872
5 50 4673
5 51 5951
5 52 5002
5 53 4624
5 54 6356
5 55 578
5 56 1736
5 57 2528
5 58 6054
5 59 6763
5 60 3821
5 61 7228
5 62 5179
5 63 3693
5 64 7268
5 65 4863
5 66 115
5 67 4606
5 68 6239
5 69 5687
5 70 7261
6 1 2196
6 2 3097
6 3 5368
6 4 4807
6 5 3661
6 7 910
6 8 1938
6 9 4521
6 10 849
6 11 6852
6 12 3532
6 13 4601
6 14 2148
6 15 6984
6 16 7101
6 17 5410
6 18 6297
6 19 3533
6 20 6946
6 21 7225
6 22 869
6 23 2760
6 24 7452
6 25 2938
6 26 5105
6 27 1480
6 28 3481
6 29 6794
6 30 4697
6 31 898
6 32 7125
6 33 660
6 34 1973
6 35 1873
6 36 1336
6 37 2948
6 38 3958
6 39 1796
6 40 900
6 41 3097
6 42 3239
6 43 2155
6 44 2673
6 45 5856
6 46 4031
6 47 530
6 48 2517
6 49 4095
6 50 1612
6 51 4244
6 52 580
6 53 3187
6 54 2775
6 55 4459
6 56 3804
6 57 595
6 58 7260
6 59 4219
6 60 703
6 61 3433
6 62 3483
6 63 6409
6 64 6797
6 65 7041
6 66 2255
6 67 158
6 68 949
6 69 3377
6 70 4831
7 1 1124
7 2 305
7 3 5371
7 4 7245
7 5 1478
7 6 3561
7 8 2137
7 9 2541
7 10 3761
7 11 4125
7 12 5514
7 13 703
7 14 3833
7 15 2860
7 16 3011
7 17 6749
7 18 6448
7 19 6280
7 20 7209
7 21 1989
7 22 4289
7 23 4447
7 24 503
7 25 4988
7 26 5430
7 27 7251
7 28 6608
7 29 2812
7 30 6969
7 31 6179
7 32 4438
7 33 1342
7 34 7116
7 35 388
7 36 1978
7 37 3322
7 38 5151
7 39 5851
7 40 6672
7 41 4320
7 42 2935
7 43 6770
7 44 6549
7 45 6316
7 46 2061
7 47 6902
7 48 5112
7 49 5133
7 50 4627
7 51 6106
7 52 3846
7 53 5596
7 54 1879
7 55 1766
7 56 7310
7 57 4344
7 58 4540
7 59 1363
7 60 6986
7 61 4231
7 62 2793
7 63 1504
7 64 6355
7 65 5887
7 66 4746
7 67 513
7 68 3998
7 69 5174
7 70 4799
8 1 681
8 2 708
8 3 1654
8 4 1445
8 5 726
8 6 5014
8 7 6270
8 9 164
8 10 2462
8 11 7498
8 12 479
8 13 6539
8 14 4955
8 15 2238
8 16 7291
8 17 2252
8 18 2849
8 19 5618
8 20 289
8 21 6563
8 22 5235
8 23 3437
8 24 3632
8 25 3823
8 26 1167
8 27 4793
8 28 2186
8 29 3582
8 30 6289
8 31 2451
8 32 676
8 33 6801
8 34 6153
8 35 6846
8 36 4242
8 37 4251
8 38 156
8 39 1944
8 40 2940
8 41 2129
8 42 3176
8 43 2392
8 44 5829
8 45 1078
8 46 2164
8 47 6569
8 48 6395
8 49 4519
8 50 1356
8 51 7430
8 52 969
8 53 568
8 54 4473
8 55 5227
8 56 5787
8 57 6527
8 58 4436
8 59 7025
8 60 1944
8 61 1977
8 62 2613
8 63 3246
8 64 6435
8 65 5037
8 66 1198
8 67 3107
8 68 3565
8 69 4502
8 70 275
9 1 2279
9 2 376
9 3 5032
9 4 4930
9 5 6318
9 6 3359
9 7 4749
9 8 7411
9 10 6471
9 11 5202
9 12 4594
9 13 2572
9 14 4904
9 15 2185
9 16 7064
9 17 4220
9 18 3720
9 19 5700
9 20 7238
9 21 794
9 22 5366
9 23 476
9 24 7084
9 25 4155
9 26 4512
9 27 5760
9 28 4709
9 29 3259
9 30 4147
9 31 6691
9 32 5703
9 33 913
9 34 7149
9 35 3428
9 36 2148
9 37 6128
9 38 6231
9 39 3047
9 40 3055
9 41 1629
9 42 961
9 43 2299
9 44 3522
9 45 6935
9 46 5076
9 47 3872
9 48 5569
9 49 4903
9 50 3036
9 51 4226
9 52 2569
9 53 2441
9 54 7205
9 55 7026
9 56 54
9 57 6983
9 58 5005
9 59 520
9 60 1013
9 61 4786
9 62 2786
9 63 6281
9 64 1065
9 65 2618
9 66 1636
9 67 3229
9 68 5869
9 69 1515
9 70 7308
10 1 93
10 2 2998
10 3 152
10 4 7191
10 5 4445
10 6 7443
10 7 4771
10 8 3272
10 9 2754
10 11 767
10 12 6942
10 13 3758
10 14 2651
10 15 5246
10 16 3981
10 17 5580
10 18 1158
10 19 2399
10 20 2607
10 21 4567
10 22 4483
10 23 6863
10 24 1025
10 25 5295
10 26 4652
10 27 566
10 28 2406
10 29 5168
10 30 5585
10 31 1803
10 32 4655
10 33 3061
10 34 4385
10 35 2169
10 36 7216
10 37 3381
10 38 4759
10 39 2836
10 40 4548
10 41 2404
10 42 2084
10 43 5692
10 44 5438
10 45 758
10 46 3100
10 47 4731
10 48 4239
10 49 497
10 50 5522
10 51 4689
10 52 710
10 53 7423
10 54 4222
10 55 4552
10 56 3822
10 57 1405
10 58 899
10 59 5807
10 60 2516
10 61 7194
10 62 2318
10 63 2230
10 64 7210
10 65 7119
10 66 1951
10 67 6329
10 68 6274
10 69 6165
10 70 170
11 1 3202
11 2 148
11 3 1287
11 4 4964
11 5 1482
11 6 6159
11 7 6268
11 8 2953
11 9 6917
11 10 4722
11 12 6623
11 13 4909
11 14 6674
11 15 364
11 16 3750
11 17 4328
11 18 5604
11 19 5931
11 20 1199
11 21 2526
11 22 7387
11 23 1940
11 24 5190
11 25 1565
11 26 5446
11 27 5521
11 28 7411
11 29 3672
11 30 257
11 31 832
11 32 224
11 33 6580
11 34 26
11 35 3653
11 36 3738
11 37 5618
11 38 5401
11 39 4845
11 40 1479
11 41 2537
11 42 2281
11 43 2012
11 44 6992
11 45 2102
11 46 1699
11 47 5506
11 48 4723
11 49 6578
11 50 1892
11 51 179
11 52 7333
11 53 1579
11 54 291
11 55 3077
11 56 3985
11 57 6666
11 58 3090
11 59 1175
11 60 1165
11 61 5320
11 62 4741
11 63 2884
11 64 1748
11 65 5704
11 66 1082
11 67 3105
11 68 1793
11 69 74
11 70 2819
12 1 1080
12 2 3474
12 3 6487
12 4 344
12 5 2739
12 6 1818
12 7 1095
12 8 2090
12 9 6792
12 10 2449
12 11 7065
12 13 1026
12 14 2140
12 15 5574
12 16 4995
12 17 1340
12 18 5377
12 19 621
12 20 6611
12 21 6618
12 22 3169
12 23 1349
12 24 3546
12 25 5114
12 26 997
12 27 475
12 28 2642
12 29 3539
12 30 2854
12 31 2320
12 32 1598
12 33 2649
12 34 1436
12 35 2663
12 36 4047
12 37 3985
12 38 6919
12 39 3775
12 40 72
12 41 6172
12 42 3938
12 43 6001
12 44 5680
12 45 6067
12 46 5435
12 47 1207
12 48 6615
12 49 768
12 50 3774
12 51 5788
12 52 2175
12 53 3124
12 54 5411
12 55 1973
12 56 94
12 57 371
12 58 7199
12 59 5530
12 60 130
12 61 3866
12 62 484
12 63 3608
12 64 7390
12 65 4059
12 66 6371
12 67 2863
12 68 2977
12 69 181
12 70 4137
13 1 2915
13 2 3260
13 3 4837
13 4 1918
13 5 2847
13 6 1076
13 7 3313
13 8 4008
13 9 3140
13 10 3312
13 11 6892
13 12 6011
13 14 5483
13 15 7189
13 16 5869
13 17 424
13 18 3658
13 19 5791
13 20 941
13 21 96
13 22 232
13 23 2366
13 24 338
13 25 6644
13 26 938
13 27 6719
13 28 5361
13 29 244
13 30 99
13 31 3692
13 32 1709
13 33 5684
13 34 3428
13 35 217
13 36 2240
13 37 6180
13 38 4127
13 39 6433
13 40 2072
13 41 7379
13 42 5797
13 43 7261
13 44 2314
13 45 1727
13 46 1331
13 47 2970
13 48 3198
13 49 3411
13 50 5211
13 51 1624
13 52 6961
13 53 4209
13 54 7481
13 55 6628
13 56 6748
13 57 1148
13 58 7496
13 59 4988
13 60 6655
13 61 4599
13 62 5570
13 63 5680
13 64 1817
13 65 1663
13 66 6416
13 67 2402
13 68 5838
13 69 5584
13 70 387
14 1 2978
14 2 3564
14 3 1750
14 4 2739
14 5 3021
14 6 4205
14 7 2763
14 8 2597
14 9 6481
14 10 6814
14 11 4380
14 12 2316
14 13 2243
14 15 3049
14 16 5062
14 17 3390
14 18 5742
14 19 6994
14 20 6177
14 21 1308
14 22 2549
14 23 4238
14 24 1547
14 25 4545
14 26 1819
14 27 6020
14 28 3095
14 29 1131
14 30 1162
14 31 5598
14 32 2905
14 33 4442
14 34 5555
14 35 5162
14 36 6838
14 37 4912
14 38 1591
14 39 4746
14 40 4418
14 41 4073
14 42 7489
14 43 3792
14 44 5493
14 45 2466
14 46 7175
14 47 3595
14 48 4270
14 49 1250
14 50 5178
14 51 6208
14 52 5545
14 53 2487
14 54 5272
14 55 943
14 56 4203
14 57 4139
14 58 4752
14 59 6969
14 60 6434
14 61 7283
14 62 1550
14 63 316
14 64 2884
14 65 3186
14 66 2080
14 67 1058
14 68 2617
14 69 1045
14 70 6653
15 1 5718
15 2 4655
15 3 3603
15 4 713
15 5 4519
15 6 3469
15 7 1016
15 8 4887
15 9 190
15 10 5650
15 11 5925
15 12 58
15 13 2143
15 14 5052
15 16 3823
15 17 4011
15 18 4207
15 19 2543
15 20 2036
15 21 5734
15 22 380
15 23 5371
15 24 431
15 25 50
15 26 1624
15 27 6934
15 28 3438
15 29 787
15 30 6292
15 31 2590
15 32 7276
15 33 4272
15 34 102
15 35 3187
15 36 2398
15 37 7228
15 38 1015
15 39 7050
15 40 1554
15 41 5088
15 42 3633
15 43 1828
15 44 558
15 45 3040
15 46 1364
15 47 4041
15 48 5736
15 49 1142
15 50 1363
15 51 5206
15 52 6633
15 53 507
15 54 7044
15 55 2180
15 56 5929
15 57 1642
15 58 6396
15 59 2270
15 60 4129
15 61 4965
15 62 6512
15 63 4297
15 64 821
15 65 3296
15 66 4723
15 67 5806
15 68 4293
15 69 1409
15 70 5434
16 1 3658
16 2 6109
16 3 1902
16 4 4248
16 5 3782
16 6 2014
16 7 702
16 8 2640
16 9 4284
16 10 3986
16 11 1098
16 12 4106
16 13 1343
16 14 1444
16 15 5596
16 17 3737
16 18 5479
16 19 895
16 20 5709
16 21 1013
16 22 5550
16 23 235
16 24 4548
16 25 5388
16 26 6539
16 27 3061
16 28 4432
16 29 2833
16 30 6887
16 31 6105
16 32 5796
16 33 3665
16 34 4790
16 35 7461
16 36 2735
16 37 2632
16 38 3376
16 39 1052
16 40 6383
16 41 3723
16 42 4912
16 43 2245
16 44 543
16 45 1536
16 46 3448
16 47 5021
16 48 4287
16 49 3274
16 50 4428
16 51 6592
16 52 431
16 53 3754
16 54 1566
16 55 4178
16 56 6219
16 57 1226
16 58 6042
16 59 6596
16 60 5550
16 61 2331
16 62 1931
16 63 5612
16 64 5803
16 65 5142
16 66 3535
16 67 3605
16 68 5171
16 69 5034
16 70 2387
17 1 2683
17 2 2946
17 3 319
17 4 1864
17 5 4861
17 6 516
17 7 18
17 8 1050
17 9 5484
17 10 2325
17 11 5962
17 12 4158
17 13 3300
17 14 3435
17 15 4485
17 16 1631
17 18 5433
17 19 7062
17 20 2840
17 21 6742
17 22 5169
17 23 6311
17 24 6740
17 25 2258
17 26 7310
17 27 5957
17 28 4877
17 29 5245
17 30 1157
17 31 5764
17 32 15
17 33 1015
17 34 6207
17 35 577
17 36 5366
17 37 2013
17 38 2106
17 39 1181
17 40 827
17 41 480
17 42 1791
17 43 6039
17 44 4719
17 45 1585
17 46 2780
17 47 7204
17 48 4427
17 49 4448
17 50 892
17 51 5949
17 52 3042
17 53 6886
17 54 1506
17 55 5249
17 56 6495
17 57 6085
17 58 7246
17 59 3573
17 60 5869
17 61 696
17 62 1044
17 63 4478
17 64 4612
17 65 7293
17 66 5402
17 67 4161
17 68 5270
17 69 2402
17 70 4646
18 1 3908
18 2 1929
18 3 646
18 4 2258
18 5 3059
18 6 5865
18 7 2768
18 8 725
18 9 3002
18 10 4526
18 11 3243
18 12 4284
18 13 1035
18 14 1967
18 15 5545
18 16 5507
18 17 2305
18 19 975
18 20 6608
18 21 697
18 22 2635
18 23 5212
18 24 4098
18 25 1801
18 26 4581
18 27 4872
18 28 3417
18 29 303
18 30 3741
18 31 899
18 32 6043
18 33 5112
18 34 5533
18 35 6596
18 36 2065
18 37 7404
18 38 2958
18 39 2661
18 40 103
18 41 3232
18 42 5959
18 43 1091
18 44 2368
18 45 862
18 46 3952
18 47 590
18 48 5966
18 49 982
18 50 778
18 51 5924
18 52 155
18 53 202
18 54 1655
18 55 5198
18 56 546
18 57 959
18 58 5656
18 59 6066
18 60 6716
18 61 4879
18 62 3215
18 63 3501
18 64 4987
18 65 4539
18 66 5445
18 67 5131
18 68 2849
18 69 1979
18 70 4996
19 1 222
19 2 2518
19 3 6396
19 4 297
19 5 5243
19 6 1049
19 7 5069
19 8 3757
19 9 4135
19 10 1361
19 11 3824
19 12 3612
19 13 6171
19 14 4616
19 15 257
19 16 2832
19 17 157
19 18 7408
19 20 4664
19 21 991
19 22 2878
19 23 3778
19 24 2099
19 25 3503
19 26 6375
19 27 4051
19 28 3484
19 29 6680
19 30 4336
19 31 7119
19 32 667
19 33 2254
19 34 3426
19 35 1628
19 36 4472
19 37 5711
19 38 6190
19 39 63
19 40 3653
19 41 6006
19 42 2524
19 43 169
19 44 1368
19 45 6017
19 46 6338
19 47 881
19 48 1372
19 49 3473
19 50 3923
19 51 4335
19 52 250
19 53 1590
19 54 1650
19 55 3855
19 56 6731
19 57 4957
19 58 4605
19 59 5591
19 60 3303
19 61 6492
19 62 4596
19 63 3063
19 64 7223
19 65 579
19 66 235
19 67 468
19 68 5754
19 69 4995
19 70 454
20 1 4415
20 2 1072
20 3 414
20 4 4171
20 5 2322
20 6 6898
20 7 4091
20 8 345
20 9 1793
20 10 6410
20 11 3361
20 12 3205
20 13 760
20 14 770
20 15 1916
20 16 3691
20 17 104
20 18 4858
20 19 117
20 21 2362
20 22 3499
20 23 5133
20 24 3858
20 25 7284
20 26 2531
20 27 2428
20 28 5879
20 29 1341
20 30 253
20 31 2734
20 32 6978
20 33 4690
20 34 5349
20 35 4537
20 36 4873
20 37 5505
20 38 7241
20 39 815
20 40 928
20 41 2175
20 42 3075
20 43 7252
20 44 4895
20 45 655
20 46 7144
20 47 4064
20 48 192
20 49 6670
20 50 6682
20 51 1930
20 52 5720
20 53 577
20 54 2630
20 55 6002
20 56 6796
20 57 6984
20 58 2747
20 59 6837
20 60 6708
20 61 6028
20 62 3573
20 63 2710
20 64 3650
20 65 191
20 66 3548
20 67 1355
20 68 1670
20 69 5847
20 70 2430
21 1 5184
21 2 3451
21 3 4137
21 4 4723
21 5 3224
21 6 1117
21 7 183
21 8 5624
21 9 152
21 10 7234
21 11 921
21 12 4658
21 13 7026
21 14 1076
21 15 6422
21 16 5210
21 17 2410
21 18 6354
21 19 3908
21 20 1656
21 22 819
21 23 4672
21 24 1231
21 25 2161
21 26 2527
21 27 7457
21 28 176
21 29 7066
21 30 2036
21 31 154
21 32 6016
21 33 18
21 34 4437
21 35 3908
21 36 3328
21 37 7006
21 38 1140
21 39 882
21 40 2090
21 41 3656
21 42 2058
21 43 3555
21 44 6632
21 45 807
21 46 5172
21 47 3902
21 48 5130
21 49 141
21 50 7470
21 51 5310
21 52 1993
21 53 2726
21 54 6276
21 55 4342
21 56 10
21 57 6
21 58 3256
21 59 6112
21 60 2772
21 61 1514
21 62 3823
21 63 3479
21 64 1609
21 65 2058
21 66 5930
21 67 512
21 68 599
21 69 2825
21 70 3164
22 1 4964
22 2 6746
22 3 3652
22 4 6513
22 5 3346
22 6 4319
22 7 5858
22 8 5206
22 9 1738
22 10 6336
22 11 6697
22 12 766
22 13 3247
22 14 2722
22 15 3633
22 16 4747
22 17 7014
22 18 6938
22 19 5583
22 20 2994
22 21 6648
22 23 6878
22 24 7047
22 25 1182
22 26 6144
22 27 924
22 28 5526
22 29 1451
22 30 6228
22 31 3651
22 32 219
22 33 5916
22 34 3921
22 35 1788
22 36 2200
22 37 7473
22 38 7491
22 39 1710
22 40 824
22 41 830
22 42 2922
22 43 1658
22 44 4264
22 45 3155
22 46 5987
22 47 6347
22 48 2527
22 49 4667
22 50 5154
22 51 5959
22 52 605
22 53 3000
22 54 41
22 55 3827
22 56 3949
22 57 962
22 58 783
22 59 2671
22 60 6052
22 61 464
22 62 5553
22 63 327
22 64 4218
22 65 3579
22 66 4967
22 67 931
22 68 1735
22 69 3457
22 70 6424
23 1 2023
23 2 2995
23 3 3424
23 4 6792
23 5 7023
23 6 1432
23 7 6776
23 8 5347
23 9 7186
23 10 5932
23 11 3798
23 12 5102
23 13 5348
23 14 1100
23 15 1334
23 16 4304
23 17 2678
23 18 5211
23 19 2543
23 20 3521
23 21 7219
23 22 3722
23 24 1292
23 25 4419
23 26 4115
23 27 6094
23 28 4865
23 29 1538
23 30 7431
23 31 1082
23 32 5264
23 33 2714
23 34 5779
23 35 2067
23 36 3351
23 37 4824
23 38 2819
23 39 4147
23 40 7369
23 41 5756
23 42 6139
23 43 156
23 44 2369
23 45 6594
23 46 4626
23 47 1215
23 48 2652
23 49 379
23 50 1858
23 51 7121
23 52 1109
23 53 6516
23 54 2325
23 55 2837
23 56 6995
23 57 5062
23 58 2187
23 59 2853
23 60 102
23 61 2677
23 62 5478
23 63 673
23 64 5815
23 65 1693
23 66 6539
23 67 6462
23 68 64
23 69 684
23 70 6459
24 1 3464
24 2 6436
24 3 4394
24 4 3174
24 5 2609
24 6 3841
24 7 3506
24 8 1505
24 9 382
24 10 3872
24 11 4525
24 12 3156
24 13 954
24 14 189
24 15 4777
24 16 6212
24 17 5075
24 18 3684
24 19 421
24 20 7304
24 21 1330
24 22 3412
24 23 6975
24 25 1471
24 26 3368
24 27 2724
24 28 373
24 29 3857
24 30 2691
24 31 6901
24 32 4843
24 33 2384
24 34 4265
24 35 5332
24 36 4777
24 37 5123
24 38 2829
24 39 1372
24 40 2727
24 41 6915
24 42 5952
24 43 3367
24 44 2321
24 45 6011
24 46 4355
24 47 6814
24 48 7497
24 49 1885
24 50 4781
24 51 7104
24 52 3825
24 53 5766
24 54 3621
24 55 842
24 56 985
24 57 2928
24 58 4479
24 59 2418
24 60 128
24 61 1251
24 62 3806
24 63 4172
24 64 5224
24 65 2641
24 66 1145
24 67 443
24 68 3586
24 69 6013
24 70 734
25 1 5290
25 2 6812
25 3 6466
25 4 6672
25 5 1430
25 6 1042
25 7 4372
25 8 235
25 9 2579
25 10 6580
25 11 339
25 12 5436
25 13 6265
25 14 7382
25 15 4412
25 16 6558
25 17 1887
25 18 2083
25 19 3836
25 20 5998
25 21 4289
25 22 7004
25 23 2230
25 24 5885
25 26 1736
25 27 6893
25 28 3268
25 29 5949
25 30 3383
25 31 6077
25 32 5549
25 33 554
25 34 1808
25 35 4104
25 36 5328
25 37 4357
25 38 2026
25 39 6949
25 40 5391
25 41 121
25 42 2583
25 43 3420
25 44 1708
25 45 6752
25 46 7389
25 47 5418
25 48 5916
25 49 5174
25 50 667
25 51 6135
25 52 4310
25 53 4749
25 54 4450
25 55 6393
25 56 5614
25 57 4951
25 58 7321
25 59 1805
25 60 5708
25 61 2381
25 62 2176
25 63 1157
25 64 2450
25 65 1945
25 66 4998
25 67 4613
25 68 1878
25 69 3374
25 70 1555
26 1 2294
26 2 4535
26 3 6803
26 4 1734
26 5 154
26 6 2681
26 7 1784
26 8 1068
26 9 860
26 10 3682
26 11 2318
26 12 2643
26 13 5508
26 14 5980
26 15 2067
26 16 4832
26 17 3757
26 18 1759
26 19 3009
26 20 1572
26 21 85
26 22 164
26 23 564
26 24 1039
26 25 4588
26 27 1092
26 28 828
26 29 2578
26 30 980
26 31 6124
26 32 4953
26 33 4748
26 34 4883
26 35 4180
26 36 6011
26 37 7217
26 38 5239
26 39 1197
26 40 3371
26 41 3302
26 42 1789
26 43 6139
26 44 7244
26 45 4354
26 46 1963
26 47 3217
26 48 6210
26 49 4682
26 50 3227
26 51 1825
26 52 4871
26 53 5093
26 54 4432
26 55 7175
26 56 7360
26 57 875
26 58 1579
26 59 1688
26 60 6766
26 61 6856
26 62 5255
26 63 3630
26 64 3637
26 65 5755
26 66 6995
26 67 2799
26 68 6509
26 69 4545
26 70 3883
27 1 6833
27 2 6569
27 3 452
27 4 1892
27 5 2821
27 6 6608
27 7 3758
27 8 2571
27 9 6608
27 10 3428
27 11 4571
27 12 3730
27 13 1266
27 14 2064
27 15 7361
27 16 494
27 17 1051
27 18 3580
27 19 4030
27 20 5733
27 21 5013
27 22 5597
27 23 4491
27 24 6286
27 25 3525
27 26 4672
27 28 5647
27 29 7368
27 30 4269
27 31 286
27 32 3568
27 33 6690
27 34 6691
27 35 6339
27 36 6726
27 37 6846
27 38 3124
27 39 6131
27 40 5417
27 41 6179
27 42 7333
27 43 6946
27 44 1166
27 45 1236
27 46 7325
27 47 6288
27 48 2978
27 49 1919
27 50 6416
27 51 4477
27 52 1145
27 53 1959
27 54 5059
27 55 1305
27 56 7377
27 57 6693
27 58 481
27 59 4271
27 60 5946
27 61 6906
27 62 5285
27 63 1612
27 64 3824
27 65 3953
27 66 5371
27 67 2550
27 68 4213
27 69 5492
27 70 1160
28 1 484
28 2 5702
28 3 5799
28 4 3226
28 5 2824
28 6 1255
28 7 5971
28 8 2122
28 9 6266
28 10 1896
28 11 5225
28 12 7318
28 13 2535
28 14 6852
28 15 13
28 16 4788
28 17 6748
28 18 1174
28 19 1148
28 20 5170
28 21 4207
28 22 4590
28 23 1342
28 24 4787
28 25 3869
28 26 4671
28 27 5576
28 29 300
28 30 6190
28 31 4643
28 32 1437
28 33 2826
28 34 4451
28 35 4298
28 36 4893
28 37 3545
28 38 1333
28 39 2857
28 40 1112
28 41 3319
28 42 7060
28 43 3165
28 44 4064
28 45 4840
28 46 2972
28 47 1133
28 48 6392
28 49 7374
28 50 2421
28 51 5110
28 52 2363
28 53 2861
28 54 6841
28 55 6635
28 56 5318
28 57 4469
28 58 4672
28 59 1007
28 60 5993
28 61 6442
28 62 1792
28 63 1008
28 64 1568
28 65 4688
28 66 1355
28 67 5101
28 68 1113
28 69 1992
28 70 3409
29 1 632
29 2 406
29 3 6881
29 4 3182
29 5 5336
29 6 5204
29 7 875
29 8 4525
29 9 349
29 10 1693
29 11 3643
29 12 4920
29 13 3431
29 14 1878
29 15 6354
29 16 3832
29 17 6335
29 18 6857
29 19 2509
29 20 6657
29 21 2335
29 22 143
29 23 7139
29 24 6961
29 25 1013
29 26 4836
29 27 815
29 28 2571
29 30 4518
29 31 1467
29 32 2807
29 33 3864
29 34 1376
29 35 3752
29 36 2003
29 37 1526
29 38 1780
29 39 2374
29 40 996
29 41 825
29 42 4934
29 43 2088
29 44 4096
29 45 4315
29 46 134
29 47 6023
29 48 4901
29 49 607
29 50 6147
29 51 4685
29 52 7470
29 53 5940
29 54 4478
29 55 3914
29 56 5038
29 57 6417
29 58 6326
29 59 5200
29 60 4583
29 61 5618
29 62 1105
29 63 4779
29 64 3255
29 65 2896
29 66 2856
29 67 3744
29 68 895
29 69 5954
29 70 1548
30 1 4005
30 2 2462
30 3 1846
30 4 3849
30 5 3080
30 6 7298
30 7 2961
30 8 6149
30 9 7259
30 10 6761
30 11 4754
30 12 2564
30 13 434
30 14 3853
30 15 4256
30 16 270
30 17 4894
30 18 364
30 19 91
30 20 110
30 21 6433
30 22 5633
30 23 6276
30 24 4944
30 25 3833
30 26 879
30 27 2365
30 28 1543
30 29 1491
30 31 538
30 32 5735
30 33 1730
30 34 1417
30 35 5243
30 36 7031
30 37 6537
30 38 874
30 39 955
30 40 2712
30 41 1682
30 42 6810
30 43 7190
30 44 5691
30 45 7215
30 46 3448
30 47 5513
30 48 3797
30 49 3891
30 50 1408
30 51 4292
30 52 2892
30 53 6619
30 54 3392
30 55 6824
30 56 1274
30 57 138
30 58 1716
30 59 5860
30 60 2392
30 61 3134
30 62 6914
30 63 235
30 64 144
30 65 5235
30 66 3433
30 67 5571
30 68 3009
30 69 828
30 70 1176
31 1 490
31 2 3718
31 3 6105
31 4 7008
31 5 2854
31 6 4518
31 7 3610
31 8 2122
31 9 7132
31 10 1533
31 11 1267
31 12 2880
31 13 6319
31 14 1106
31 15 4595
31 16 3401
31 17 7000
31 18 2869
31 19 7061
31 20 3892
31 21 3343
31 22 6253
31 23 4762
31 24 2446
31 25 5376
31 26 4267
31 27 1252
31 28 3633
31 29 268
31 30 5585
31 32 4544
31 33 3335
31 34 2011
31 35 1839
31 36 3832
31 37 3902
31 38 1003
31 39 5568
31 40 3772
31 41 2173
31 42 4057
31 43 868
31 44 6704
31 45 4413
31 46 145
31 47 2061
31 48 5264
31 49 580
31 50 15
31 51 2205
31 52 1803
31 53 5437
31 54 4962
31 55 6450
31 56 861
31 57 4829
31 58 5792
31 59 4249
31 60 2126
31 61 6098
31 62 4466
31 63 3555
31 64 3401
31 65 4804
31 66 3386
31 67 6218
31 68 5750
31 69 6338
31 70 7198
32 1 7136
32 2 550
32 3 5592
32 4 3882
32 5 2495
32 6 1162
32 7 4795
32 8 1507
32 9 5354
32 10 5592
32 11 3142
32 12 3595
32 13 7226
32 14 4900
32 15 2088
32 16 1150
32 17 3737
32 18 2061
32 19 6816
32 20 1149
32 21 3888
32 22 4908
32 23 5835
32 24 5808
32 25 5117
32 26 1680
32 27 6440
32 28 6198
32 29 7016
32 30 410
32 31 821
32 33 4307
32 34 6419
32 35 1329
32 36 2279
32 37 6179
32 38 5051
32 39 6479
32 40 4734
32 41 1856
32 42 6589
32 43 3226
32 44 2355
32 45 3359
32 46 536
32 47 2813
32 48 3408
32 49 6077
32 50 5226
32 51 4342
32 52 4387
32 53 3517
32 54 5864
32 55 3540
32 56 3061
32 57 7377
32 58 381
32 59 4634
32 60 791
32 61 5850
32 62 4029
32 63 2591
32 64 6335
32 65 4406
32 66 3840
32 67 4195
32 68 2424
32 69 5103
32 70 889
33 1 1846
33 2 3413
33 3 3794
33 4 4572
33 5 5473
33 6 5056
33 7 1662
33 8 4495
33 9 1536
33 10 2039
33 11 762
33 12 3600
33 13 4708
33 14 409
33 15 3794
33 16 46
33 17 4152
33 18 2188
33 19 7344
33 20 1076
33 21 6070
33 22 3507
33 23 7002
33 24 1995
33 25 7017
33 26 332
33 27 1536
33 28 5168
33 29 605
33 30 3188
33 31 4661
33 32 3597
33 34 212
33 35 5198
33 36 7432
33 37 4914
33 38 6980
33 39 5234
33 40 393
33 41 1258
33 42 6075
33 43 4850
33 44 5108
33 45 1282
33 46 6814
33 47 5118
33 48 5922
33 49 3940
33 50 7315
33 51 6164
33 52 2934
33 53 172
33 54 97
33 55 3495
33 56 2065
33 57 5917
33 58 5771
33 59 1296
33 60 610
33 61 5228
33 62 3490
33 63 2799
33 64 1946
33 65 6561
33 66 2686
33 67 4412
33 68 1967
33 69 2164
33 70 4723
34 1 5596
34 2 808
34 3 2253
34 4 2692
34 5 204
34 6 6341
34 7 365
34 8 436
34 9 3017
34 10 1309
34 11 7039
34 12 3265
34 13 518
34 14 3985
34 15 125
34 16 996
34 17 577
34 18 5638
34 19 3502
34 20 4508
34 21 7315
34 22 1951
34 23 2810
34 24 6161
34 25 2522
34 26 1104
34 27 2001
34 28 1483
34 29 6761
34 30 6462
34 31 3054
34 32 1053
34 33 3183
34 35 3789
34 36 6177
34 37 6629
34 38 1208
34 39 4415
34 40 4673
34 41 6123
34 42 6875
34 43 3996
34 44 46
34 45 1986
34 46 1104
34 47 4633
34 48 2139
34 49 5348
34 50 3845
34 51 2019
34 52 7104
34 53 4255
34 54 7423
34 55 127
34 56 4205
34 57 4360
34 58 5177
34 59 1958
34 60 3029
34 61 2529
34 62 1231
34 63 400
34 64 845
34 65 6761
34 66 1030
34 67 3685
34 68 6881
34 69 7113
34 70 2020
35 1 1922
35 2 3706
35 3 3221
35 4 6738
35 5 346
35 6 5698
35 7 3016
35 8 3821
35 9 582
35 10 6652
35 11 2692
35 12 2188
35 13 6761
35 14 590
35 15 5812
35 16 2367
35 17 475
35 18 5434
35 19 3304
35 20 539
35 21 3827
35 22 6263
35 23 3738
35 24 4504
35 25 3820
35 26 7292
35 27 4453
35 28 149
35 29 2440
35 30 2453
35 31 5239
35 32 2101
35 33 599
35 34 1504
35 36 1914
35 37 6674
35 38 5203
35 39 667
35 40 2346
35 41 6042
35 42 7316
35 43 1233
35 44 4103
35 45 826
35 46 6928
35 47 6018
35 48 6378
35 49 6876
35 50 5581
35 51 612
35 52 946
35 53 4724
35 54 1050
35 55 591
35 56 4894
35 57 4203
35 58 834
35 59 1017
35 60 3264
35 61 7295
35 62 6362
35 63 7399
35 64 7105
35 65 588
35 66 1508
35 67 3085
35 68 6796
35 69 2489
35 70 5773
36 1 2891
36 2 4390
36 3 6173
36 4 4686
36 5 4385
36 6 6857
36 7 5833
36 8 4564
36 9 3864
36 10 2594
36 11 1803
36 12 3533
36 13 584
36 14 6090
36 15 5396
36 16 3917
36 17 3016
36 18 5701
36 19 6289
36 20 752
36 21 3978
36 22 428
36 23 6225
36 24 171
36 25 5667
36 26 1406
36 27 2643
36 28 6600
36 29 3039
36 30 386
36 31 3355
36 32 4006
36 33 1276
36 34 2577
36 35 2451
36 37 6925
36 38 7352
36 39 1293
36 40 1498
36 41 684
36 42 6966
36 43 105
36 44 1553
36 45 1496
36 46 3004
36 47 6533
36 48 7413
36 49 4510
36 50 3680
36 51 5400
36 52 64
36 53 3218
36 54 4903
36 55 3325
36 56 6650
36 57 142
36 58 132
36 59 4442
36 60 571
36 61 453
36 62 3736
36 63 2094
36 64 7144
36 65 4201
36 66 4243
36 67 374
36 68 2196
36 69 994
36 70 2258
37 1 1798
37 2 1982
37 3 3316
37 4 3003
37 5 6923
37 6 2615
37 7 5868
37 8 7184
37 9 5961
37 10 7009
37 11 6851
37 12 5144
37 13 2132
37 14 4337
37 15 2871
37 16 1246
37 17 3724
37 18 5630
37 19 6290
37 20 5065
37 21 3334
37 22 1627
37 23 7464
37 24 3200
37 25 1053
37 26 7435
37 27 6611
37 28 7172
37 29 2848
37 30 6743
37 31 7472
37 32 365
37 33 4306
37 34 5843
37 35 5461
37 36 7305
37 38 5409
37 39 2311
37 40 1770
37 41 1969
37 42 166
37 43 4383
37 44 3563
37 45 3417
37 46 2887
37 47 3000
37 48 408
37 49 5697
37 50 1415
37 51 890
37 52 3604
37 53 4683
37 54 3943
37 55 4956
37 56 6254
37 57 3643
37 58 3359
37 59 915
37 60 2340
37 61 6594
37 62 2972
37 63 3486
37 64 6256
37 65 6937
37 66 2203
37 67 4458
37 68 718
37 69 5617
37 70 6896
38 1 559
38 2 4667
38 3 3669
38 4 3711
38 5 1192
38 6 4086
38 7 5953
38 8 4817
38 9 1021
38 10 4367
38 11 5328
38 12 7439
38 13 314
38 14 2265
38 15 3509
38 16 51
38 17 4772
38 18 132
38 19 7114
38 20 2080
38 21 420
38 22 6194
38 23 6678
38 24 1720
38 25 5567
38 26 6763
38 27 4707
38 28 3826
38 29 3398
38 30 3429
38 31 1709
38 32 1190
38 33 669
38 34 1221
38 35 1626
38 36 2060
38 37 4564
38 39 6492
38 40 6001
38 41 1325
38 42 1480
38 43 3975
38 44 3407
38 45 4431
38 46 2444
38 47 5233
38 48 4574
38 49 3097
38 50 4526
38 51 6325
38 52 1193
38 53 7078
38 54 3712
38 55 3341
38 56 809
38 57 3571
38 58 704
38 59 5809
38 60 1857
38 61 6496
38 62 3725
38 63 4465
38 64 3117
38 65 3167
38 66 6490
38 67 5756
38 68 4471
38 69 3435
38 70 2300
39 1 4493
39 2 993
39 3 1063
39 4 2595
39 5 824
39 6 6543
39 7 4159
39 8 1091
39 9 5014
39 10 4216
39 11 4207
39 12 3642
39 13 3310
39 14 1841
39 15 7269
39 16 6888
39 17 832
39 18 4635
39 19 7294
39 20 5192
39 21 4630
39 22 5424
39 23 812
39 24 6226
39 25 737
39 26 2120
39 27 771
39 28 6976
39 29 5123
39 30 1530
39 31 567
39 32 627
39 33 6913
39 34 6853
39 35 519
39 36 3634
39 37 4453
39 38 2090
39 40 4618
39 41 5748
39 42 3417
39 43 631
39 44 939
39 45 809
39 46 6383
39 47 5727
39 48 71
39 49 1394
39 50 3537
39 51 3457
39 52 7111
39 53 581
39 54 4434
39 55 3893
39 56 1034
39 57 3294
39 58 4342
39 59 3270
39 60 7011
39 61 3831
39 62 3232
39 63 3740
39 64 4885
39 65 182
39 66 1479
39 67 1667
39 68 4482
39 69 1040
39 70 2264
40 1 2472
40 2 4243
40 3 2268
40 4 2980
40 5 4119
40 6 1172
40 7 4915
40 8 181
40 9 91
40 10 2251
40 11 7463
40 12 4397
40 13 538
40 14 903
40 15 3841
40 16 6250
40 17 217
40 18 6936
40 19 7477
40 20 4502
40 21 2118
40 22 1023
40 23 6095
40 24 3886
40 25 7384
40 26 1737
40 27 7410
40 28 2985
40 29 578
40 30 5753
40 31 1563
40 32 6247
40 33 5328
40 34 2972
40 35 2396
40 36 2958
40 37 1927
40 38 7383
40 39 4805
40 41 4248
40 42 728
40 43 6339
40 44 1831
40 45 6277
40 46 4428
40 47 700
40 48 2271
40 49 1648
40 50 1074
40 51 4282
40 52 4256
40 53 7071
40 54 7425
40 55 2148
40 56 2786
40 57 2696
40 58 4719
40 59 5052
40 60 3313
40 61 1125
40 62 3579
40 63 893
40 64 581
40 65 7030
40 66 2482
40 67 6219
40 68 1470
40 69 3842
40 70 4493
41 1 4982
41 2 4979
41 3 2737
41 4 5523
41 5 1542
41 6 3905
41 7 2125
41 8 5883
41 9 4090
41 10 2327
41 11 2801
41 12 2339
41 13 6337
41 14 2202
41 15 3197
41 16 5609
41 17 1043
41 18 5742
41 19 6657
41 20 4261
41 21 5455
41 22 1951
41 23 3327
41 24 793
41 25 5279
41 26 7115
41 27 4650
41 28 5117
41 29 3210
41 30 6169
41 31 7394
41 32 2435
41 33 990
41 34 2289
41 35 5717
41 36 4379
41 37 1252
41 38 3444
41 39 4955
41 40 2315
41 42 2979
41 43 4444
41 44 1319
41 45 4859
41 46 351
41 47 5463
41 48 3841
41 49 5298
41 50 1505
41 51 7413
41 52 3952
41 53 2749
41 54 3625
41 55 3843
41 56 5363
41 57 739
41 58 2310
41 59 6953
41 60 1343
41 61 1570
41 62 216
41 63 3716
41 64 3924
41 65 1623
41 66 5239
41 67 1896
41 68 922
41 69 605
41 70 3806
42 1 4150
42 2 6310
42 3 4466
42 4 2878
42 5 4236
42 6 5315
42 7 788
42 8 410
42 9 5142
42 10 6064
42 11 2304
42 12 969
42 13 1046
42 14 2443
42 15 6682
42 16 2974
42 17 5043
42 18 6579
42 19 1047
42 20 1730
42 21 705
42 22 4734
42 23 6738
42 24 6575
42 25 3292
42 26 368
42 27 707
42 28 3261
42 29 4736
42 30 5721
42 31 3898
42 32 4929
42 33 6242
42 34 3254
42 35 4474
42 36 2930
42 37 2246
42 38 6322
42 39 4110
42 40 4235
42 41 7399
42 43 6556
42 44 1720
42 45 3226
42 46 6611
42 47 3787
42 48 3988
42 49 2509
42 50 1971
42 51 5936
42 52 6030
42 53 7448
42 54 4670
42 55 1609
42 56 3699
42 57 5554
42 58 1834
42 59 5428
42 60 5524
42 61 536
42 62 3138
42 63 1623
42 64 1750
42 65 5255
42 66 2680
42 67 5565
42 68 4815
42 69 48
42 70 7166
43 1 523
43 2 3443
43 3 1156
43 4 5067
43 5 4329
43 6 5262
43 7 1779
43 8 4865
43 9 5396
43 10 2981
43 11 1967
43 12 3448
43 13 2333
43 14 1203
43 15 5522
43 16 4232
43 17 150
43 18 7201
43 19 5592
43 20 6011
43 21 6467
43 22 4765
43 23 5632
43 24 520
43 25 3591
43 26 5331
43 27 2323
43 28 6730
43 29 5656
43 30 5338
43 31 5059
43 32 5030
43 33 7319
43 34 1247
43 35 1905
43 36 5375
43 37 6720
43 38 5961
43 39 5794
43 40 5826
43 41 494
43 42 2007
43 44 6988
43 45 3382
43 46 3535
43 47 4631
43 48 1517
43 49 2829
43 50 1566
43 51 7069
43 52 2378
43 53 875
43 54 7354
43 55 5483
43 56 4314
43 57 1281
43 58 6702
43 59 4156
43 60 7241
43 61 2933
43 62 316
43 63 1663
43 64 3726
43 65 7401
43 66 2627
43 67 2824
43 68 5628
43 69 2941
43 70 1978
44 1 4133
44 2 6000
44 3 5223
44 4 5435
44 5 733
44 6 1387
44 7 6643
44 8 569
44 9 6337
44 10 5531
44 11 1359
44 12 6238
44 13 1543
44 14 7322
44 15 49
44 16 5399
44 17 6935
44 18 7058
44 19 6059
44 20 817
44 21 5811
44 22 3815
44 23 2448
44 24 1380
44 25 3010
44 26 3193
44 27 321
44 28 729
44 29 1993
44 30 1454
44 31 5995
44 32 2396
44 33 6406
44 34 5236
44 35 2796
44 36 4548
44 37 1072
44 38 4037
44 39 6243
44 40 7446
44 41 331
44 42 5119
44 43 712
44 45 4711
44 46 5970
44 47 7474
44 48 4137
44 49 6893
44 50 3473
44 51 7080
44 52 3949
44 53 3663
44 54 7371
44 55 80
44 56 1764
44 57 2766
44 58 5333
44 59 482
44 60 1402
44 61 5089
44 62 4911
44 63 5513
44 64 2335
44 65 4115
44 66 6403
44 67 1818
44 68 1705
44 69 1168
44 70 3014
45 1 4544
45 2 2914
45 3 934
45 4 2740
45 5 3001
45 6 1001
45 7 4477
45 8 6610
45 9 5223
45 10 6509
45 11 6002
45 12 1938
45 13 5146
45 14 1079
45 15 1932
45 16 4045
45 17 6721
45 18 7375
45 19 4268
45 20 2059
45 21 6136
45 22 5745
45 23 4753
45 24 685
45 25 1482
45 26 935
45 27 2210
45 28 7347
45 29 1224
45 30 4441
45 31 6511
45 32 2054
45 33 4446
45 34 15
45 35 7500
45 36 3210
45 37 174
45 38 2732
45 39 2441
45 40 2305
45 41 6658
45 42 5696
45 43 3696
45 44 376
45 46 435
45 47 3424
45 48 734
45 49 1167
45 50 4622
45 51 6146
45 52 1641
45 53 6545
45 54 5455
45 55 4275
45 56 4772
45 57 4013
45 58 3022
45 59 4550
45 60 3213
45 61 5848
45 62 6497
45 63 5082
45 64 4226
45 65 5558
45 66 1876
45 67 1402
45 68 5481
45 69 5929
45 70 1265
46 1 865
46 2 6363
46 3 5476
46 4 6456
46 5 3097
46 6 6941
46 7 5935
46 8 6797
46 9 3962
46 10 5045
46 11 2360
46 12 2639
46 13 4263
46 14 4988
46 15 2300
46 16 2057
46 17 21
46 18 6030
46 19 6976
46 20 5578
46 21 3063
46 22 3000
46 23 5177
46 24 6797
46 25 7423
46 26 1216
46 27 3432
46 28 3517
46 29 664
46 30 1046
46 31 1155
46 32 3727
46 33 6746
46 34 4414
46 35 2618
46 36 1916
46 37 5296
46 38 6235
46 39 44
46 40 5668
46 41 4434
46 42 2105
46 43 3718
46 44 1221
46 45 1611
46 47 2226
46 48 5825
46 49 5941
46 50 1085
46 51 6205
46 52 5105
46 53 4906
46 54 2920
46 55 4362
46 56 1093
46 57 5890
46 58 2525
46 59 1625
46 60 7446
46 61 5078
46 62 6044
46 63 7179
46 64 2543
46 65 479
46 66 4753
46 67 322
46 68 6101
46 69 2107
46 70 6868
47 1 466
47 2 4007
47 3 224
47 4 6351
47 5 2850
47 6 3863
47 7 4441
47 8 1270
47 9 3190
47 10 4723
47 11 490
47 12 6702
47 13 3731
47 14 4508
47 15 2192
47 16 6825
47 17 7160
47 18 668
47 19 6579
47 20 1855
47 21 5587
47 22 1256
47 23 3415
47 24 3337
47 25 6328
47 26 587
47 27 5819
47 28 1795
47 29 4067
47 30 1878
47 31 2517
47 32 4428
47 33 2927
47 34 3360
47 35 2594
47 36 3709
47 37 4209
47 38 5413
47 39 974
47 40 3584
47 41 5304
47 42 4397
47 43 6298
47 44 6640
47 45 7199
47 46 7387
47 48 1245
47 49 2344
47 50 2204
47 51 659
47 52 6163
47 53 7033
47 54 6261
47 55 1792
47 56 3616
47 57 2844
47 58 4686
47 59 1907
47 60 5224
47 61 7262
47 62 5674
47 63 7134
47 64 3809
47 65 7383
47 66 3946
47 67 4741
47 68 3364
47 69 6688
47 70 1135
48 1 6330
48 2 1123
48 3 4058
48 4 1990
48 5 3
48 6 6284
48 7 139
48 8 3372
48 9 4960
48 10 1162
48 11 1694
48 12 2146
48 13 2819
48 14 598
48 15 6935
48 16 586
48 17 3535
48 18 5566
48 19 1693
48 20 5916
48 21 178
48 22 7433
48 23 1471
48 24 1969
48 25 6433
48 26 3543
48 27 5795
48 28 57
48 29 1625
48 30 2054
48 31 1336
48 32 6828
48 33 491
48 34 7454
48 35 5874
48 36 4935
48 37 1161
48 38 4220
48 39 3874
48 40 1387
48 41 6571
48 42 5971
48 43 5308
48 44 6487
48 45 7
48 46 2264
48 47 2703
48 49 2884
48 50 6623
48 51 4627
48 52 4162
48 53 2177
48 54 2985
48 55 4461
48 56 3131
48 57 880
48 58 4392
48 59 5714
48 60 5235
48 61 5807
48 62 646
48 63 4100
48 64 4582
48 65 905
48 66 7423
48 67 2321
48 68 4429
48 69 231
48 70 1906
49 1 63
49 2 2482
49 3 1506
49 4 1978
49 5 3812
49 6 5450
49 7 6276
49 8 314
49 9 1368
49 10 2834
49 11 6937
49 12 2989
49 13 4902
49 14 3662
49 15 2747
49 16 5014
49 17 3360
49 18 1068
49 19 5111
49 20 5282
49 21 214
49 22 1859
49 23 2432
49 24 1255
49 25 1746
49 26 1141
49 27 1847
49 28 4784
49 29 5095
49 30 1006
49 31 5176
49 32 6926
49 33 7484
49 34 2483
49 35 7229
49 36 510
49 37 562
49 38 389
49 39 966
49 40 1107
49 41 260
49 42 3380
49 43 5852
49 44 1225
49 45 4910
49 46 948
49 47 6924
49 48 6065
49 50 3196
49 51 119
49 52 6691
49 53 1426
49 54 4239
49 55 4242
49 56 5697
49 57 7448
49 58 5137
49 59 7107
49 60 953
49 61 4755
49 62 5264
49 63 5755
49 64 1776
49 65 3829
49 66 54
49 67 6349
49 68 6473
49 69 1027
49 70 2306
50 1 4778
50 2 3152
50 3 3207
50 4 6934
50 5 4552
50 6 2411
50 7 3863
50 8 1904
50 9 4856
50 10 2200
50 11 7406
50 12 2282
50 13 5737
50 14 1047
50 15 3314
50 16 1909
50 17 3313
50 18 565
50 19 3536
50 20 7292
50 21 1005
50 22 191
50 23 4070
50 24 4290
50 25 2318
50 26 5786
50 27 1500
50 28 5283
50 29 4161
50 30 636
50 31 4986
50 32 7443
50 33 5673
50 34 571
50 35 2089
50 36 2354
50 37 6497
50 38 6529
50 39 5098
50 40 6627
50 41 4381
50 42 7273
50 43 6431
50 44 3148
50 45 1698
50 46 929
50 47 4282
50 48 4655
50 49 1323
50 51 6960
50 52 6378
50 53 4000
50 54 394
50 55 4211
50 56 3102
50 57 3506
50 58 311
50 59 451
50 60 3333
50 61 1263
50 62 3734
50 63 3722
50 64 4772
50 65 1374
50 66 2663
50 67 2059
50 68 6108
50 69 4817
50 70 6907
51 1 1828
51 2 6386
51 3 5931
51 4 578
51 5 3491
51 6 4119
51 7 5220
51 8 2699
51 9 4413
51 10 2736
51 11 5592
51 12 6679
51 13 4755
51 14 5169
51 15 1790
51 16 497
51 17 5677
51 18 283
51 19 1550
51 20 2319
51 21 1592
51 22 5348
51 23 5681
51 24 3619
51 25 2158
51 26 2124
51 27 6800
51 28 2168
51 29 1423
51 30 229
51 31 1319
51 32 4920
51 33 6761
51 34 3341
51 35 5771
51 36 1539
51 37 257
51 38 1319
51 39 3547
51 40 351
51 41 7222
51 42 873
51 43 2474
51 44 1893
51 45 4620
51 46 1955
51 47 6826
51 48 7465
51 49 5864
51 50 2156
51 52 3114
51 53 5544
51 54 168
51 55 4562
51 56 156
51 57 839
51 58 3578
51 59 4154
51 60 1508
51 61 786
51 62 6062
51 63 958
51 64 1064
51 65 2567
51 66 4789
51 67 2066
51 68 3922
51 69 222
51 70 4764
52 1 387
52 2 6183
52 3 1448
52 4 1432
52 5 1642
52 6 1169
52 7 4095
52 8 1669
52 9 5521
52 10 7127
52 11 6398
52 12 4260
52 13 361
52 14 4317
52 15 1317
52 16 6316
52 17 7171
52 18 6007
52 19 7416
52 20 2334
52 21 6499
52 22 4871
52 23 3502
52 24 1295
52 25 4000
52 26 1433
52 27 1870
52 28 7303
52 29 6162
52 30 6195
52 31 2873
52 32 5354
52 33 193
52 34 1042
52 35 2409
52 36 3748
52 37 4622
52 38 3705
52 39 954
52 40 6615
52 41 4826
52 42 1857
52 43 6182
52 44 4522
52 45 1570
52 46 3662
52 47 6292
52 48 6840
52 49 2205
52 50 1240
52 51 4016
52 53 4881
52 54 7291
52 55 6939
52 56 7222
52 57 6766
52 58 244
52 59 4523
52 60 7158
52 61 6136
52 62 6030
52 63 1960
52 64 5874
52 65 6832
52 66 6903
52 67 2247
52 68 2790
52 69 1452
52 70 4039
53 1 6458
53 2 5768
53 3 529
53 4 766
53 5 1392
53 6 7351
53 7 3861
53 8 1529
53 9 3481
53 10 862
53 11 931
53 12 906
53 13 1764
53 14 2297
53 15 2116
53 16 2812
53 17 3509
53 18 5306
53 19 3638
53 20 2579
53 21 66
53 22 1150
53 23 3599
53 24 679
53 25 161
53 26 5929
53 27 4902
53 28 5416
53 29 6207
53 30 4649
53 31 3704
53 32 6912
53 33 3093
53 34 61
53 35 485
53 36 3883
53 37 4038
53 38 6800
53 39 1057
53 40 7249
53 41 4849
53 42 170
53 43 1982
53 44 983
53 45 5773
53 46 2248
53 47 1280
53 48 7108
53 49 6093
53 50 4548
53 51 3720
53 52 1427
53 54 3193
53 55 1941
53 56 4435
53 57 5748
53 58 501
53 59 5213
53 60 6780
53 61 3055
53 62 4278
53 63 5914
53 64 5788
53 65 6798
53 66 3572
53 67 1039
53 68 1812
53 69 3181
53 70 4548
54 1 2988
54 2 6434
54 3 506
54 4 3460
54 5 2778
54 6 7256
54 7 1040
54 8 729
54 9 7244
54 10 3193
54 11 6688
54 12 5749
54 13 6067
54 14 3504
54 15 5168
54 16 1077
54 17 5549
54 18 4211
54 19 692
54 20 458
54 21 5083
54 22 2243
54 23 1959
54 24 3480
54 25 5665
54 26 3606
54 27 6542
54 28 7150
54 29 3384
54 30 63
54 31 1519
54 32 1936
54 33 1908
54 34 2279
54 35 603
54 36 5952
54 37 1444
54 38 2160
54 39 1054
54 40 3486
54 41 2370
54 42 1707
54 43 2465
54 44 1415
54 45 4073
54 46 4839
54 47 7288
54 48 3731
54 49 1357
54 50 4324
54 51 4817
54 52 3727
54 53 7094
54 55 6349
54 56 4968
54 57 6447
54 58 6061
54 59 479
54 60 6205
54 61 5124
54 62 1358
54 63 5415
54 64 2626
54 65 6806
54 66 5650
54 67 2235
54 68 6743
54 69 5484
54 70 2349
55 1 2886
55 2 5107
55 3 4709
55 4 4954
55 5 1986
55 6 2132
55 7 3922
55 8 5237
55 9 6753
55 10 1922
55 11 5931
55 12 487
55 13 5141
55 14 1669
55 15 2213
55 16 1093
55 17 6300
55 18 6510
55 19 908
55 20 5393
55 21 592
55 22 5421
55 23 3868
55 24 1315
55 25 4357
55 26 4969
55 27 5549
55 28 3037
55 29 4652
55 30 6640
55 31 5429
55 32 121
55 33 3655
55 34 1258
55 35 4362
55 36 6326
55 37 1562
55 38 1158
55 39 1618
55 40 2218
55 41 3127
55 42 6426
55 43 7316
55 44 4494
55 45 3074
55 46 6790
55 47 1011
55 48 847
55 49 2623
55 50 4208
55 51 4644
55 52 1986
55 53 1472
55 54 2368
55 56 5927
55 57 1059
55 58 5155
55 59 4301
55 60 5142
55 61 5430
55 62 3318
55 63 1944
55 64 1107
55 65 4666
55 66 1300
55 67 459
55 68 4132
55 69 4332
55 70 6243
56 1 2028
56 2 7106
56 3 3278
56 4 2737
56 5 3514
56 6 1193
56 7 6982
56 8 5895
56 9 526
56 10 2784
56 11 7211
56 12 3186
56 13 4279
56 14 7221
56 15 2756
56 16 3569
56 17 4465
56 18 1363
56 19 5892
56 20 1379
56 21 6117
56 22 5756
56 23 3405
56 24 6214
56 25 5027
56 26 4689
56 27 5259
56 28 2171
56 29 6140
56 30 6063
56 31 3030
56 32 4519
56 33 967
56 34 403
56 35 679
56 36 6549
56 37 4068
56 38 1014
56 39 2594
56 40 3033
56 41 1334
56 42 4048
56 43 476
56 44 1014
56 45 4674
56 46 3569
56 47 3970
56 48 2749
56 49 2260
56 50 3891
56 51 1904
56 52 3442
56 53 2230
56 54 6094
56 55 7450
56 57 2936
56 58 228
56 59 4129
56 60 6634
56 61 1148
56 62 282
56 63 5742
56 64 6913
56 65 3508
56 66 5741
56 67 3835
56 68 237
56 69 6249
56 70 6469
57 1 3803
57 2 2885
57 3 6255
57 4 3483
57 5 4486
57 6 560
57 7 2705
57 8 5980
57 9 937
57 10 6220
57 11 1267
57 12 1401
57 13 678
57 14 5042
57 15 7271
57 16 616
57 17 1132
57 18 4597
57 19 3601
57 20 2780
57 21 4235
57 22 6394
57 23 4135
57 24 3106
57 25 4907
57 26 4261
57 27 7138
57 28 2509
57 29 2042
57 30 5344
57 31 1979
57 32 3629
57 33 6568
57 34 6108
57 35 2486
57 36 5990
57 37 7127
57 38 6974
57 39 1587
57 40 3296
57 41 4276
57 42 5952
57 43 1029
57 44 3556
57 45 4977
57 46 313
57 47 3383
57 48 4114
57 49 4650
57 50 4357
57 51 4567
57 52 4059
57 53 4384
57 54 5186
57 55 4472
57 56 4511
57 58 1565
57 59 4475
57 60 7430
57 61 146
57 62 6496
57 63 1298
57 64 3863
57 65 1878
57 66 6590
57 67 416
57 68 3074
57 69 6539
57 70 244
58 1 4004
58 2 4855
58 3 2763
58 4 408
58 5 4167
58 6 545
58 7 6921
58 8 4172
58 9 1700
58 10 2253
58 11 6505
58 12 787
58 13 7000
58 14 4269
58 15 1447
58 16 5501
58 17 2815
58 18 5937
58 19 2196
58 20 6697
58 21 51
58 22 4380
58 23 4524
58 24 5714
58 25 6173
58 26 5196
58 27 384
58 28 4028
58 29 6199
58 30 6059
58 31 6291
58 32 1613
58 33 2142
58 34 7470
58 35 224
58 36 6948
58 37 5039
58 38 2300
58 39 1253
58 40 7064
58 41 7367
58 42 7041
58 43 4761
58 44 1650
58 45 1762
58 46 5418
58 47 2294
58 48 5497
58 49 6995
58 50 3748
58 51 2896
58 52 3862
58 53 5982
58 54 5667
58 55 3507
58 56 7091
58 57 4185
58 59 5926
58 60 4933
58 61 5953
58 62 2966
58 63 2239
58 64 1320
58 65 3703
58 66 4848
58 67 5311
58 68 752
58 69 3096
58 70 5835
59 1 1706
59 2 3138
59 3 6047
59 4 980
59 5 4192
59 6 1593
59 7 3366
59 8 1685
59 9 5404
59 10 4156
59 11 6153
59 12 2848
59 13 4693
59 14 2596
59 15 5459
59 16 5612
59 17 3009
59 18 1895
59 19 3989
59 20 2343
59 21 6201
59 22 4667
59 23 3107
59 24 4138
59 25 3042
59 26 5127
59 27 648
59 28 452
59 29 5416
59 30 461
59 31 7283
59 32 6750
59 33 3061
59 34 1808
59 35 5430
59 36 3420
59 37 5512
59 38 3053
59 39 6972
59 40 2145
59 41 6323
59 42 7381
59 43 4945
59 44 3654
59 45 3893
59 46 4984
59 47 352
59 48 2618
59 49 6825
59 50 1225
59 51 7118
59 52 5587
59 53 4103
59 54 2180
59 55 4410
59 56 2376
59 57 514
59 58 1669
59 60 3404
59 61 3290
59 62 3119
59 63 3541
59 64 2003
59 65 6234
59 66 5087
59 67 2862
59 68 4940
59 69 483
59 70 7296
60 1 6302
60 2 2859
60 3 2848
60 4 2964
60 5 6552
60 6 3786
60 7 2021
60 8 7006
60 9 672
60 10 994
60 11 2771
60 12 2009
60 13 5431
60 14 1455
60 15 5895
60 16 6360
60 17 7018
60 18 4772
60 19 6203
60 20 5719
60 21 3165
60 22 2857
60 23 7313
60 24 397
60 25 7416
60 26 56
60 27 3292
60 28 5524
60 29 1459
60 30 6248
60 31 150
60 32 7097
60 33 922
60 34 233
60 35 4362
60 36 6514
60 37 3756
60 38 7477
60 39 6503
60 40 5614
60 41 6165
60 42 6968
60 43 404
60 44 6231
60 45 4387
60 46 5290
60 47 70
60 48 5089
60 49 738
60 50 3759
60 51 3483
60 52 1590
60 53 1295
60 54 1708
60 55 2283
60 56 4621
60 57 5115
60 58 4040
60 59 795
60 61 4931
60 62 6221
60 63 3624
60 64 110
60 65 6232
60 66 1876
60 67 4487
60 68 2065
60 69 4311
60 70 5320
61 1 1758
61 2 1104
61 3 4457
61 4 4619
61 5 6167
61 6 4735
61 7 1167
61 8 4400
61 9 3530
61 10 1319
61 11 5463
61 12 3512
61 13 1434
61 14 3098
61 15 7043
61 16 541
61 17 4293
61 18 5784
61 19 595
61 20 6137
61 21 6509
61 22 5006
61 23 6425
61 24 3103
61 25 4240
61 26 3430
61 27 6990
61 28 4797
61 29 2446
61 30 1663
61 31 381
61 32 4891
61 33 4920
61 34 3223
61 35 6787
61 36 842
61 37 5793
61 38 5663
61 39 4622
61 40 6715
61 41 5758
61 42 6418
61 43 7065
61 44 4025
61 45 3591
61 46 1221
61 47 3647
61 48 4472
61 49 2500
61 50 3438
61 51 6123
61 52 5400
61 53 443
61 54 2610
61 55 3826
61 56 1212
61 57 3087
61 58 411
61 59 453
61 60 5736
61 62 6545
61 63 56
61 64 5398
61 65 6955
61 66 4579
61 67 6816
61 68 3605
61 69 6004
61 70 5555
62 1 3395
62 2 5629
62 3 1844
62 4 1841
62 5 311
62 6 3562
62 7 692
62 8 6008
62 9 7497
62 10 4043
62 11 1448
62 12 4679
62 13 6367
62 14 425
62 15 4709
62 16 5594
62 17 34
62 18 963
62 19 90
62 20 771
62 21 5147
62 22 7064
62 23 5083
62 24 6014
62 25 4677
62 26 21
62 27 4491
62 28 7182
62 29 993
62 30 5832
62 31 5576
62 32 3692
62 33 2083
62 34 1201
62 35 5015
62 36 1481
62 37 4849
62 38 1276
62 39 154
62 40 5616
62 41 376
62 42 515
62 43 3686
62 44 7312
62 45 4357
62 46 2749
62 47 2562
62 48 3598
62 49 6179
62 50 1369
62 51 2479
62 52 7397
62 53 5391
62 54 7142
62 55 6462
62 56 333
62 57 2099
62 58 4739
62 59 4364
62 60 7049
62 61 661
62 63 4665
62 64 980
62 65 7143
62 66 5694
62 67 4160
62 68 530
62 69 1416
62 70 6108
63 1 5067
63 2 2398
63 3 4936
63 4 3581
63 5 7474
63 6 5047
63 7 4796
63 8 3707
63 9 6665
63 10 2724
63 11 1336
63 12 6003
63 13 2729
63 14 272
63 15 1127
63 16 4049
63 17 126
63 18 3063
63 19 1491
63 20 5460
63 21 4560
63 22 6455
63 23 1044
63 24 3827
63 25 4621
63 26 1180
63 27 5054
63 28 3465
63 29 6202
63 30 4218
63 31 516
63 32 5508
63 33 2699
63 34 1592
63 35 483
63 36 5539
63 37 5781
63 38 6980
63 39 4734
63 40 2785
63 41 2833
63 42 2830
63 43 4332
63 44 5471
63 45 463
63 46 3087
63 47 4397
63 48 7188
63 49 6126
63 50 5191
63 51 5147
63 52 4464
63 53 4822
63 54 2149
63 55 3423
63 56 773
63 57 6561
63 58 3993
63 59 3330
63 60 332
63 61 5586
63 62 170
63 64 768
63 65 2302
63 66 1951
63 67 2868
63 68 5583
63 69 3167
63 70 5134
64 1 5930
64 2 5044
64 3 6634
64 4 50
64 5 7418
64 6 1146
64 7 860
64 8 6098
64 9 3081
64 10 1377
64 11 3432
64 12 2153
64 13 2139
64 14 2318
64 15 1947
64 16 3402
64 17 6759
64 18 5510
64 19 2647
64 20 886
64 21 4733
64 22 6299
64 23 1941
64 24 6720
64 25 6032
64 26 3161
64 27 6327
64 28 5381
64 29 2388
64 30 6814
64 31 3608
64 32 5362
64 33 89
64 34 965
64 35 4003
64 36 2275
64 37 2063
64 38 1701
64 39 5831
64 40 5502
64 41 4430
64 42 4371
64 43 6105
64 44 3719
64 45 4744
64 46 2866
64 47 2440
64 48 498
64 49 3675
64 50 4034
64 51 4394
64 52 4088
64 53 2569
64 54 3210
64 55 5575
64 56 2210
64 57 5239
64 58 5284
64 59 4034
64 60 3695
64 61 42
64 62 6059
64 63 5517
64 65 6480
64 66 4345
64 67 3967
64 68 813
64 69 3738
64 70 7240
65 1 2302
65 2 5663
65 3 1891
65 4 2463
65 5 6992
65 6 6663
65 7 3287
65 8 3107
65 9 6867
65 10 7268
65 11 5125
65 12 6786
65 13 2103
65 14 7484
65 15 7159
65 16 3471
65 17 2148
65 18 6283
65 19 6525
65 20 3017
65 21 1427
65 22 3453
65 23 6035
65 24 4718
65 25 5703
65 26 887
65 27 3706
65 28 5970
65 29 4039
65 30 984
65 31 1305
65 32 6179
65 33 7120
65 34 6403
65 35 3056
65 36 2433
65 37 2837
65 38 3495
65 39 3678
65 40 271
65 41 6021
65 42 3319
65 43 3739
65 44 2107
65 45 6874
65 46 6680
65 47 1986
65 48 6080
65 49 2001
65 50 6982
65 51 2354
65 52 1604
65 53 6689
65 54 797
65 55 1956
65 56 4988
65 57 4283
65 58 4280
65 59 6404
65 60 5017
65 61 6937
65 62 4528
65 63 3480
65 64 7154
65 66 4512
65 67 4784
65 68 2526
65 69 4325
65 70 2998
66 1 869
66 2 5074
66 3 1028
66 4 1415
66 5 3295
66 6 2394
66 7 7136
66 8 6773
66 9 1188
66 10 5976
66 11 7236
66 12 5352
66 13 6279
66 14 408
66 15 2139
66 16 414
66 17 2919
66 18 498
66 19 3900
66 20 801
66 21 1324
66 22 2956
66 23 7178
66 24 5089
66 25 1168
66 26 6926
66 27 1544
66 28 2408
66 29 1635
66 30 3822
66 31 5825
66 32 156
66 33 2961
66 34 4916
66 35 6286
66 36 7034
66 37 2706
66 38 6560
66 39 2385
66 40 1552
66 41 1437
66 42 255
66 43 4404
66 44 5264
66 45 569
66 46 3389
66 47 223
66 48 3251
66 49 1285
66 50 4556
66 51 4426
66 52 3422
66 53 4632
66 54 6797
66 55 7318
66 56 3702
66 57 1165
66 58 5516
66 59 6051
66 60 3449
66 61 1122
66 62 5022
66 63 1599
66 64 3280
66 65 6694
66 67 6138
66 68 2484
66 69 2933
66 70 545
67 1 785
67 2 7466
67 3 2538
67 4 7033
67 5 7231
67 6 6972
67 7 5862
67 8 807
67 9 5421
67 10 1029
67 11 4374
67 12 3403
67 13 776
67 14 6815
67 15 6099
67 16 3523
67 17 3398
67 18 5074
67 19 5291
67 20 6331
67 21 4414
67 22 6717
67 23 4030
67 24 2044
67 25 690
67 26 3357
67 27 6057
67 28 5509
67 29 1028
67 30 1505
67 31 2246
67 32 4924
67 33 6059
67 34 1094
67 35 6293
67 36 4206
67 37 5768
67 38 2013
67 39 5813
67 40 5156
67 41 2335
67 42 2866
67 43 3319
67 44 2443
67 45 2105
67 46 6359
67 47 4975
67 48 2270
67 49 1824
67 50 3879
67 51 2246
67 52 550
67 53 2838
67 54 6702
67 55 723
67 56 1742
67 57 3074
67 58 105
67 59 7055
67 60 1982
67 61 2795
67 62 4657
67 63 4176
67 64 2417
67 65 353
67 66 2071
67 68 7476
67 69 3963
67 70 6530
68 1 4722
68 2 2099
68 3 3781
68 4 2598
68 5 7144
68 6 7392
68 7 4888
68 8 4408
68 9 3687
68 10 5473
68 11 6504
68 12 4126
68 13 5953
68 14 5072
68 15 306
68 16 4851
68 17 4028
68 18 2006
68 19 1330
68 20 3391
68 21 5812
68 22 457
68 23 1568
68 24 607
68 25 4443
68 26 1264
68 27 5718
68 28 636
68 29 3822
68 30 7450
68 31 1472
68 32 6722
68 33 4441
68 34 5751
68 35 2617
68 36 2607
68 37 5371
68 38 4435
68 39 6150
68 40 6102
68 41 3623
68 42 7435
68 43 2781
68 44 3490
68 45 6833
68 46 1844
68 47 4137
68 48 43
68 49 4112
68 50 3361
68 51 1198
68 52 3260
68 53 164
68 54 6848
68 55 1290
68 56 734
68 57 5327
68 58 2228
68 59 217
68 60 3676
68 61 4495
68 62 5216
68 63 5336
68 64 1237
68 65 3567
68 66 4803
68 67 6488
68 69 3133
68 70 5115
69 1 4200
69 2 505
69 3 6949
69 4 1270
69 5 3523
69 6 2906
69 7 5657
69 8 5905
69 9 960
69 10 4105
69 11 1724
69 12 2375
69 13 4067
69 14 2549
69 15 4520
69 16 6311
69 17 5452
69 18 1272
69 19 2242
69 20 2397
69 21 31
69 22 3469
69 23 1403
69 24 4940
69 25 3584
69 26 2912
69 27 1805
69 28 640
69 29 3332
69 30 3349
69 31 849
69 32 5940
69 33 1377
69 34 5985
69 35 2358
69 36 2944
69 37 1643
69 38 3874
69 39 5335
69 40 3440
69 41 5723
69 42 1396
69 43 1471
69 44 3577
69 45 7068
69 46 4449
69 47 3601
69 48 1151
69 49 4457
69 50 6276
69 51 3720
69 52 2230
69 53 3571
69 54 4208
69 55 2033
69 56 4873
69 57 6595
69 58 3895
69 59 5667
69 60 4096
69 61 3525
69 62 6351
69 63 1676
69 64 5490
69 65 4216
69 66 3538
69 67 3750
69 68 868
69 70 5739
70 1 5274
70 2 4994
70 3 4116
70 4 5577
70 5 612
70 6 3184
70 7 926
70 8 2747
70 9 3213
70 10 4700
70 11 4368
70 12 1554
70 13 423
70 14 5882
70 15 3957
70 16 2750
70 17 389
70 18 2833
70 19 5033
70 20 2048
70 21 2563
70 22 1217
70 23 613
70 24 2087
70 25 5591
70 26 4205
70 27 2922
70 28 2783
70 29 5908
70 30 7140
70 31 4871
70 32 4123
70 33 1521
70 34 4851
70 35 1922
70 36 902
70 37 1242
70 38 4759
70 39 5822
70 40 2020
70 41 5013
70 42 4882
70 43 5494
70 44 330
70 45 2845
70 46 4720
70 47 212
70 48 3744
70 49 3598
70 50 1560
70 51 6205
70 52 5444
70 53 690
70 54 1458
70 55 1687
70 56 5978
70 57 2117
70 58 4660
70 59 982
70 60 3566
70 61 1610
70 62 6307
70 63 4087
70 64 870
70 65 788
70 66 3093
70 67 6371
70 68 2903
70 69 5673
