70 4830
1 2 2847
1 3 5269
1 4 2921
1 5 2388
1 6 57
1 7 5180
1 8 4634
1 9 34
1 10 5174
1 11 6798
1 12 4306
1 13 6488
1 14 6088
1 15 1653
1 16 1573
1 17 2128
1 18 5673
1 19 5174
1 20 1107
1 21 5076
1 22 6812
1 23 3251
1 24 993
1 25 3646
1 26 4942
1 27 7358
1 28 2296
1 29 4050
1 30 4730
1 31 6733
1 32 5047
1 33 5610
1 34 2150
1 35 5847
1 36 1582
1 37 5331
1 38 7048
1 39 6067
1 40 5112
1 41 7397
1 42 4893
1 43 4451
1 44 5078
1 45 4214
1 46 4569
1 47 1839
1 48 4308
1 49 5651
1 50 5874
1 51 6980
1 52 5620
1 53 1230
1 54 4253
1 55 6710
1 56 7494
1 57 7044
1 58 3972
1 59 6068
1 60 849
1 61 5258
1 62 7307
1 63 4980
1 64 7074
1 65 6599
1 66 3215
1 67 1403
1 68 1849
1 69 4041
1 70 5543
2 1 4655
2 3 7056
2 4 7261
2 5 94
2 6 2501
2 7 477
2 8 5577
2 9 1655
2 10 1156
2 11 4446
2 12 6602
2 13 4272
2 14 2336
2 15 3304
2 16 6530
2 17 1711
2 18 1539
2 19 726
2 20 4634
2 21 1371
2 22 3337
2 23 5653
2 24 2755
2 25 2509
2 26 3414
2 27 5151
2 28 5917
2 29 4627
2 30 7500
2 31 2290
2 32 796
2 33 5187
2 34 2418
2 35 6629
2 36 471
2 37 6815
2 38 859
2 39 6336
2 40 1404
2 41 2677
2 42 6086
2 43 5323
2 44 2968
2 45 5320
2 46 2116
2 47 1514
2 48 508
2 49 5583
2 50 6836
2 51 763
2 52 2749
2 53 2095
2 54 4965
2 55 5828
2 56 6708
2 57 144
2 58 1666
2 59 2159
2 60 1630
2 61 1873
2 62 5354
2 63 985
2 64 5466
2 65 7003
2 66 668
2 67 2697
2 68 1346
2 69 1283
2 70 4020
3 1 4923
3 2 5412
3 4 5135
3 5 3846
3 6 4508
3 7 6768
3 8 1038
3 9 6483
3 10 1964
3 11 6097
3 12 5502
3 13 5096
3 14 3955
3 15 3986
3 16 6629
3 17 5958
3 18 3685
3 19 7161
3 20 406
3 21 1706
3 22 607
3 23 62
3 24 4540
3 25 2766
3 26 495
3 27 3670
3 28 6170
3 29 6697
3 30 3352
3 31 1328
3 32 1314
3 33 5325
3 34 2483
3 35 3268
3 36 6888
3 37 4056
3 38 5227
3 39 5902
3 40 1111
3 41 6281
3 42 2977
3 43 4815
3 44 2068
3 45 2636
3 46 1053
3 47 1201
3 48 2190
3 49 5146
3 50 206
3 51 4791
3 52 4707
3 53 1764
3 54 4924
3 55 426
3 56 6042
3 57 5904
3 58 6087
3 59 2359
3 60 5863
3 61 4653
3 62 5243
3 63 2408
3 64 208
3 65 1091
3 66 2025
3 67 5099
3 68 3916
3 69 3238
3 70 1882
4 1 3124
4 2 4214
4 3 5284
4 5 3853
4 6 1468
4 7 5033
4 8 5926
4 9 4847
4 10 7191
4 11 5785
4 12 748
4 13 6660
4 14 4062
4 15 2630
4 16 687
4 17 6849
4 18 4725
4 19 1624
4 20 1801
4 21 7235
4 22 1851
4 23 129
4 24 6755
4 25 1994
4 26 1646
4 27 1864
4 28 2278
4 29 7102
4 30 5336
4 31 5418
4 32 2051
4 33 4895
4 34 1396
4 35 5249
4 36 6636
4 37 4159
4 38 7203
4 39 5542
4 40 5395
4 41 5643
4 42 1609
4 43 4302
4 44 3822
4 45 5820
4 46 1276
4 47 4646
4 48 4412
4 49 2298
4 50 5724
4 51 79
4 52 691
4 53 3520
4 54 7041
4 55 4918
4 56 6444
4 57 7127
4 58 6171
4 59 5505
4 60 1761
4 61 2940
4 62 1212
4 63 1493
4 64 1833
4 65 7389
4 66 6157
4 67 6175
4 68 586
4 69 1060
4 70 4910
5 1 6200
5 2 5715
5 3 3403
5 4 1936
5 6 6930
5 7 2113
5 8 4501
5 9 6069
5 10 1761
5 11 3874
5 12 5215
5 13 1765
5 14 7037
5 15 3857
5 16 5460
5 17 3487
5 18 2870
5 19 2943
5 20 1426
5 21 1134
5 22 309
5 23 3255
5 24 3403
5 25 3133
5 26 2283
5 27 2085
5 28 5476
5 29 6490
5 30 5147
5 31 6558
5 32 577
5 33 6515
5 34 1200
5 35 2529
5 36 856
5 37 7402
5 38 3933
5 39 2459
5 40 1330
5 41 989
5 42 2934
5 43 4278
5 44 512
5 45 3830
5 46 2306
5 47 6144
5 48 1117
5 49 3607
5 50 3719
5 51 2753
5 52 5090
5 53 5167
5 54 4761
5 55 6620
5 56 5229
5 57 4044
5 58 5908
5 59 1027
5 60 4653
5 61 1897
5 62 2769
5 63 301
5 64 5240
5 65 6916
5 66 3206
5 67 7191
5 68 1090
5 69 3747
5 70 6045
6 1 541
6 2 633
6 3 3592
6 4 4593
6 5 4779
6 7 5293
6 8 1279
6 9 1576
6 10 2120
6 11 6460
6 12 6616
6 13 7166
6 14 4711
6 15 734
6 16 4636
6 17 2902
6 18 1016
6 19 6740
6 20 7280
6 21 5460
6 22 3720
6 23 3128
6 24 4726
6 25 6967
6 26 7147
6 27 5039
6 28 3498
6 29 127
6 30 7306
6 31 5163
6 32 4255
6 33 4247
6 34 6479
6 35 6157
6 36 2386
6 37 5231
6 38 5693
6 39 4780
6 40 4152
6 41 3687
6 42 1763
6 43 6318
6 44 1050
6 45 2922
6 46 1040
6 47 5329
6 48 5020
6 49 1613
6 50 5040
6 51 4426
6 52 503
6 53 1914
6 54 5944
6 55 2949
6 56 5581
6 57 6351
6 58 6976
6 59 6596
6 60 2946
6 61 6647
6 62 7232
6 63 5438
6 64 5326
6 65 1312
6 66 1885
6 67 5144
6 68 1434
6 69 5992
6 70 4832
7 1 4928
7 2 6518
7 3 4857
7 4 2425
7 5 3854
7 6 4773
7 8 987
7 9 5595
7 10 7463
7 11 4128
7 12 2769
7 13 1788
7 14 6429
7 15 2686
7 16 1408
7 17 6193
7 18 5767
7 19 4870
7 20 1826
7 21 7066
7 22 6104
7 23 205
7 24 237
7 25 198
7 26 5718
7 27 2437
7 28 1461
7 29 5830
7 30 2215
7 31 4248
7 32 704
7 33 1458
7 34 1532
7 35 1724
7 36 1820
7 37 3877
7 38 1805
7 39 5284
7 40 1769
7 41 5127
7 42 3613
7 43 6200
7 44 2426
7 45 6480
7 46 369
7 47 123
7 48 893
7 49 914
7 50 7396
7 51 1820
7 52 7185
7 53 7281
7 54 582
7 55 252
7 56 5709
7 57 6432
7 58 5516
7 59 732
7 60 3985
7 61 1855
7 62 7270
7 63 6565
7 64 378
7 65 7260
7 66 7021
7 67 1496
7 68 5947
7 69 3005
7 70 6184
8 1 3957
8 2 2382
8 3 3112
8 4 4739
8 5 668
8 6 7282
8 7 394
8 9 5733
8 10 5882
8 11 1141
8 12 5983
8 13 2712
8 14 3548
8 15 97
8 16 6245
8 17 7383
8 18 6349
8 19 5606
8 20 2473
8 21 1219
8 22 2444
8 23 6646
8 24 1412
8 25 5721
8 26 7156
8 27 3235
8 28 7418
8 29 2317
8 30 6480
8 31 5632
8 32 4066
8 33 4821
8 34 4533
8 35 3462
8 36 6851
8 37 3663
8 38 1884
8 39 4130
8 40 5024
8 41 557
8 42 5842
8 43 1150
8 44 4005
8 45 1651
8 46 864
8 47 6404
8 48 1962
8 49 777
8 50 2657
8 51 3734
8 52 5592
8 53 2709
8 54 2773
8 55 4779
8 56 2169
8 57 3150
8 58 6831
8 59 1095
8 60 5849
8 61 6376
8 62 2392
8 63 6686
8 64 6786
8 65 6373
8 66 2399
8 67 5250
8 68 4270
8 69 6157
8 70 2232
9 1 182
9 2 549
9 3 1471
9 4 7193
9 5 5842
9 6 3566
9 7 1050
9 8 1918
9 10 1852
9 11 3543
9 12 5098
9 13 3139
9 14 4807
9 15 2498
9 16 1862
9 17 7083
9 18 1715
9 19 4886
9 20 1705
9 21 1567
9 22 6893
9 23 5245
9 24 1837
9 25 3373
9 26 7326
9 27 5491
9 28 1040
9 29 6067
9 30 6890
9 31 4450
9 32 5957
9 33 386
9 34 478
9 35 3030
9 36 5010
9 37 2322
9 38 4454
9 39 4673
9 40 7275
9 41 3953
9 42 746
9 43 7320
9 44 7025
9 45 6905
9 46 4353
9 47 4981
9 48 6075
9 49 5048
9 50 4388
9 51 6079
9 52 1358
9 53 671
9 54 7263
9 55 4346
9 56 2207
9 57 129
9 58 4333
9 59 3970
9 60 5640
9 61 985
9 62 2130
9 63 3527
9 64 4302
9 65 4471
9 66 3949
9 67 1415
9 68 1460
9 69 3520
9 70 2180
10 1 3402
10 2 5392
10 3 4155
10 4 4978
10 5 2906
10 6 1133
10 7 3908
10 8 2777
10 9 1036
10 11 3648
10 12 3232
10 13 7090
10 14 2441
10 15 5217
10 16 6306
10 17 2265
10 18 2114
10 19 3257
10 20 85
10 21 1460
10 22 7235
10 23 1311
10 24 1446
10 25 3558
10 26 5887
10 27 3114
10 28 2088
10 29 1967
10 30 5920
10 31 2306
10 32 3060
10 33 7226
10 34 4490
10 35 4083
10 36 2931
10 37 267
10 38 5342
10 39 6252
10 40 1654
10 41 2130
10 42 5890
10 43 6940
10 44 2800
10 45 5491
10 46 4516
10 47 652
10 48 269
10 49 2168
10 50 6159
10 51 6786
10 52 5307
10 53 1652
10 54 4802
10 55 6633
10 56 6484
10 57 439
10 58 6960
10 59 4765
10 60 6583
10 61 6734
10 62 2360
10 63 564
10 64 4635
10 65 3050
10 66 1609
10 67 1333
10 68 3958
10 69 61
10 70 6805
11 1 5914
11 2 2010
11 3 7114
11 4 3001
11 5 1728
11 6 2743
11 7 3484
11 8 2327
11 9 1987
11 10 3666
11 12 1570
11 13 1106
11 14 2481
11 15 314
11 16 5901
11 17 5421
11 18 5711
11 19 4917
11 20 3584
11 21 1450
11 22 2620
11 23 3157
11 24 63
11 25 2242
11 26 3211
11 27 5812
11 28 3717
11 29 1678
11 30 1190
11 31 4307
11 32 4474
11 33 6110
11 34 3147
11 35 20
11 36 5316
11 37 5587
11 38 7006
11 39 5711
11 40 2778
11 41 4076
11 42 5101
11 43 356
11 44 7499
11 45 2376
11 46 1504
11 47 3497
11 48 1771
11 49 4438
11 50 3669
11 51 6064
11 52 2661
11 53 3045
11 54 2257
11 55 135
11 56 6366
11 57 4151
11 58 949
11 59 386
11 60 5894
11 61 4143
11 62 7111
11 63 1443
11 64 2337
11 65 6188
11 66 5195
11 67 3014
11 68 481
11 69 2550
11 70 3601
12 1 5032
12 2 6429
12 3 3528
12 4 2413
12 5 6495
12 6 7490
12 7 1442
12 8 4930
12 9 6737
12 10 5709
12 11 725
12 13 4824
12 14 5338
12 15 3703
12 16 7334
12 17 787
12 18 2710
12 19 445
12 20 1059
12 21 4560
12 22 4713
12 23 6150
12 24 3305
12 25 5485
12 26 862
12 27 4008
12 28 5672
12 29 6952
12 30 668
12 31 5852
12 32 7155
12 33 4430
12 34 2547
12 35 6669
12 36 1133
12 37 4792
12 38 731
12 39 287
12 40 6403
12 41 7011
12 42 4037
12 43 6137
12 44 6802
12 45 1493
12 46 4446
12 47 4098
12 48 4101
12 49 630
12 50 2893
12 51 5721
12 52 4459
12 53 6351
12 54 2869
12 55 6819
12 56 4123
12 57 6499
12 58 2017
12 59 2478
12 60 4073
12 61 4755
12 62 1362
12 63 2855
12 64 742
12 65 6182
12 66 4994
12 67 2648
12 68 3440
12 69 2350
12 70 6180
13 1 6673
13 2 1825
13 3 6227
13 4 4022
13 5 244
13 6 3412
13 7 7145
13 8 3347
13 9 6528
13 10 5898
13 11 3947
13 12 767
13 14 2916
13 15 6176
13 16 317
13 17 4562
13 18 2245
13 19 6753
13 20 1543
13 21 4301
13 22 6815
13 23 2687
13 24 282
13 25 7158
13 26 3716
13 27 2660
13 28 1994
13 29 392
13 30 6396
13 31 4655
13 32 6374
13 33 4644
13 34 1124
13 35 1952
13 36 5658
13 37 1007
13 38 5466
13 39 4384
13 40 157
13 41 1667
13 42 3617
13 43 6845
13 44 5210
13 45 1864
13 46 2606
13 47 6080
13 48 4363
13 49 6045
13 50 991
13 51 2226
13 52 7119
13 53 6888
13 54 5365
13 55 5512
13 56 4947
13 57 3978
13 58 1619
13 59 4582
13 60 3041
13 61 6774
13 62 112
13 63 5941
13 64 3876
13 65 1206
13 66 6608
13 67 7036
13 68 2008
13 69 2181
13 70 735
14 1 2966
14 2 3940
14 3 2555
14 4 1009
14 5 3906
14 6 5220
14 7 1323
14 8 410
14 9 5216
14 10 3019
14 11 2771
14 12 2604
14 13 4473
14 15 689
14 16 6096
14 17 855
14 18 1097
14 19 5070
14 20 6637
14 21 1898
14 22 3500
14 23 4136
14 24 4429
14 25 1014
14 26 3104
14 27 5376
14 28 3837
14 29 6235
14 30 6635
14 31 6498
14 32 7432
14 33 3185
14 34 4046
14 35 7439
14 36 4285
14 37 3761
14 38 1774
14 39 5907
14 40 3143
14 41 173
14 42 1472
14 43 6140
14 44 1725
14 45 5067
14 46 1119
14 47 4191
14 48 7093
14 49 5923
14 50 5193
14 51 4917
14 52 2785
14 53 2134
14 54 6332
14 55 1876
14 56 414
14 57 3389
14 58 5532
14 59 901
14 60 663
14 61 4319
14 62 7371
14 63 3181
14 64 5204
14 65 5255
14 66 5844
14 67 5054
14 68 5800
14 69 1256
14 70 5584
15 1 6363
15 2 5210
15 3 1221
15 4 1369
15 5 2252
15 6 6478
15 7 4293
15 8 6968
15 9 6636
15 10 863
15 11 4813
15 12 3368
15 13 5169
15 14 4070
15 16 144
15 17 89
15 18 3440
15 19 4354
15 20 7396
15 21 4757
15 22 5063
15 23 3668
15 24 2373
15 25 560
15 26 2041
15 27 100
15 28 6764
15 29 1614
15 30 5830
15 31 3135
15 32 5454
15 33 1968
15 34 5407
15 35 3102
15 36 2023
15 37 2257
15 38 6370
15 39 1092
15 40 5614
15 41 2841
15 42 2351
15 43 4126
15 44 5532
15 45 1451
15 46 1928
15 47 5356
15 48 5838
15 49 4451
15 50 1932
15 51 2423
15 52 6072
15 53 2880
15 54 339
15 55 2598
15 56 3985
15 57 1856
15 58 4374
15 59 6493
15 60 6072
15 61 6948
15 62 1743
15 63 607
15 64 2097
15 65 3890
15 66 1831
15 67 1622
15 68 100
15 69 4851
15 70 7116
16 1 2519
16 2 4827
16 3 3390
16 4 1129
16 5 6955
16 6 4477
16 7 2365
16 8 1765
16 9 4428
16 10 1969
16 11 5335
16 12 4170
16 13 6683
16 14 6612
16 15 3456
16 17 2910
16 18 4038
16 19 2660
16 20 2987
16 21 4501
16 22 5651
16 23 6907
16 24 463
16 25 7248
16 26 5605
16 27 2427
16 28 1077
16 29 2590
16 30 4783
16 31 3345
16 32 2618
16 33 4551
16 34 2862
16 35 3415
16 36 2936
16 37 2412
16 38 1444
16 39 7317
16 40 2497
16 41 3077
16 42 415
16 43 4681
16 44 6473
16 45 858
16 46 7420
16 47 6208
16 48 7099
16 49 5862
16 50 4439
16 51 4161
16 52 4896
16 53 4776
16 54 1448
16 55 4123
16 56 1229
16 57 2272
16 58 233
16 59 5076
16 60 2275
16 61 1549
16 62 1766
16 63 5497
16 64 6508
16 65 961
16 66 3347
16 67 2099
16 68 2435
16 69 4395
16 70 172
17 1 4264
17 2 2867
17 3 3904
17 4 2711
17 5 5865
17 6 1703
17 7 4384
17 8 6327
17 9 833
17 10 7367
17 11 6502
17 12 6116
17 13 2339
17 14 6555
17 15 6066
17 16 7433
17 18 479
17 19 2089
17 20 127
17 21 3206
17 22 4888
17 23 17
17 24 569
17 25 6614
17 26 2009
17 27 1580
17 28 5341
17 29 2704
17 30 4761
17 31 6866
17 32 2477
17 33 2783
17 34 538
17 35 4188
17 36 2725
17 37 4424
17 38 4258
17 39 4306
17 40 4592
17 41 5526
17 42 2578
17 43 4778
17 44 5068
17 45 1176
17 46 3173
17 47 2222
17 48 5812
17 49 6794
17 50 2214
17 51 5525
17 52 349
17 53 2498
17 54 2171
17 55 6962
17 56 4931
17 57 3332
17 58 1152
17 59 5617
17 60 1053
17 61 6401
17 62 4296
17 63 5249
17 64 5029
17 65 2873
17 66 4627
17 67 1686
17 68 6291
17 69 1174
17 70 5154
18 1 4550
18 2 3259
18 3 1938
18 4 2426
18 5 402
18 6 950
18 7 1918
18 8 4589
18 9 4852
18 10 282
18 11 331
18 12 3848
18 13 205
18 14 1326
18 15 1697
18 16 2543
18 17 2390
18 19 6608
18 20 2889
18 21 80
18 22 2721
18 23 5339
18 24 1837
18 25 2431
18 26 799
18 27 657
18 28 7054
18 29 2166
18 30 4679
18 31 6526
18 32 985
18 33 4709
18 34 2861
18 35 2655
18 36 1827
18 37 2412
18 38 4868
18 39 7211
18 40 7393
18 41 7080
18 42 810
18 43 6360
18 44 1230
18 45 7200
18 46 2153
18 47 4721
18 48 5601
18 49 5744
18 50 6259
18 51 2060
18 52 4158
18 53 5426
18 54 376
18 55 632
18 56 4529
18 57 5835
18 58 2001
18 59 978
18 60 1860
18 61 2292
18 62 5413
18 63 2680
18 64 1377
18 65 2779
18 66 3655
18 67 3507
18 68 4966
18 69 3266
18 70 2607
19 1 5305
19 2 4370
19 3 4990
19 4 1804
19 5 5537
19 6 7000
19 7 596
19 8 2139
19 9 1836
19 10 3091
19 11 7456
19 12 3114
19 13 1935
19 14 2118
19 15 2113
19 16 7074
19 17 6593
19 18 5387
19 20 2639
19 21 3406
19 22 1484
19 23 7189
19 24 3936
19 25 2414
19 26 4082
19 27 5656
19 28 7327
19 29 4916
19 30 3619
19 31 7486
19 32 5098
19 33 2064
19 34 1198
19 35 2102
19 36 5090
19 37 7449
19 38 4983
19 39 873
19 40 3789
19 41 6201
19 42 4832
19 43 618
19 44 2683
19 45 5825
19 46 4369
19 47 6382
19 48 1364
19 49 1162
19 50 1563
19 51 855
19 52 3565
19 53 949
19 54 7386
19 55 7413
19 56 2502
19 57 4046
19 58 2356
19 59 1375
19 60 992
19 61 4870
19 62 3262
19 63 7340
19 64 5278
19 65 1047
19 66 2349
19 67 7318
19 68 6
19 69 2260
19 70 5404
20 1 688
20 2 4205
20 3 4853
20 4 6538
20 5 849
20 6 7076
20 7 4868
20 8 2896
20 9 3005
20 10 7232
20 11 6640
20 12 4931
20 13 1824
20 14 4100
20 15 3723
20 16 6160
20 17 2552
20 18 6271
20 19 5222
20 21 1720
20 22 7312
20 23 6399
20 24 7080
20 25 2961
20 26 5551
20 27 501
20 28 3980
20 29 6571
20 30 67
20 31 3262
20 32 1782
20 33 2993
20 34 1764
20 35 7165
20 36 1064
20 37 4908
20 38 694
20 39 5570
20 40 1207
20 41 7376
20 42 5437
20 43 4886
20 44 1090
20 45 2141
20 46 1934
20 47 1160
20 48 5204
20 49 320
20 50 4817
20 51 7457
20 52 4758
20 53 6660
20 54 6584
20 55 2151
20 56 3629
20 57 4522
20 58 2329
20 59 2875
20 60 5415
20 61 6919
20 62 7110
20 63 2026
20 64 198
20 65 4410
20 66 7415
20 67 2230
20 68 648
20 69 762
20 70 3905
21 1 6791
21 2 4472
21 3 3544
21 4 3063
21 5 944
21 6 3021
21 7 1445
21 8 842
21 9 5780
21 10 3468
21 11 453
21 12 2759
21 13 3578
21 14 4144
21 15 6566
21 16 5312
21 17 5956
21 18 1906
21 19 6559
21 20 4321
21 22 4524
21 23 6350
21 24 1467
21 25 3113
21 26 292
21 27 387
21 28 6527
21 29 4069
21 30 3902
21 31 5628
21 32 102
21 33 5724
21 34 6627
21 35 1641
21 36 500
21 37 6287
21 38 2120
21 39 3922
21 40 2046
21 41 4899
21 42 5989
21 43 574
21 44 2453
21 45 7364
21 46 7427
21 47 3835
21 48 4700
21 49 5618
21 50 1486
21 51 4319
21 52 2255
21 53 2776
21 54 4693
21 55 3169
21 56 1640
21 57 5720
21 58 2260
21 59 5603
21 60 506
21 61 700
21 62 6582
21 63 2191
21 64 4316
21 65 327
21 66 5834
21 67 875
21 68 5372
21 69 5742
21 70 955
22 1 4884
22 2 3091
22 3 4780
22 4 345
22 5 4093
22 6 966
22 7 2243
22 8 6661
22 9 5523
22 10 6601
22 11 6146
22 12 1510
22 13 7076
22 14 140
22 15 2987
22 16 1679
22 17 3535
22 18 413
22 19 4363
22 20 5363
22 21 1063
22 23 2330
22 24 3605
22 25 2063
22 26 5702
22 27 2016
22 28 6789
22 29 6923
22 30 7053
22 31 2119
22 32 450
22 33 349
22 34 586
22 35 67
22 36 243
22 37 469
22 38 2146
22 39 7405
22 40 4825
22 41 843
22 42 380
22 43 2302
22 44 2483
22 45 446
22 46 4335
22 47 1533
22 48 1710
22 49 2900
22 50 3456
22 51 4673
22 52 4438
22 53 489
22 54 1534
22 55 3582
22 56 1594
22 57 3073
22 58 324
22 59 2546
22 60 3753
22 61 536
22 62 1131
22 63 3550
22 64 7398
22 65 754
22 66 4903
22 67 1840
22 68 6618
22 69 7087
22 70 1671
23 1 1557
23 2 3120
23 3 5368
23 4 1016
23 5 5231
23 6 6436
23 7 1691
23 8 115
23 9 3701
23 10 5353
23 11 6355
23 12 68
23 13 1791
23 14 427
23 15 4010
23 16 498
23 17 5480
23 18 1666
23 19 5173
23 20 2002
23 21 6730
23 22 7166
23 24 5867
23 25 2841
23 26 3186
23 27 4483
23 28 4342
23 29 3863
23 30 5604
23 31 2847
23 32 2509
23 33 3344
23 34 2389
23 35 3049
23 36 5016
23 37 217
23 38 6303
23 39 3526
23 40 2156
23 41 185
23 42 2093
23 43 5308
23 44 765
23 45 1246
23 46 2728
23 47 2972
23 48 6328
23 49 2735
23 50 1870
23 51 4751
23 52 30
23 53 5332
23 54 979
23 55 5086
23 56 5413
23 57 3222
23 58 7492
23 59 4911
23 60 3283
23 61 2770
23 62 4364
23 63 6773
23 64 3378
23 65 7262
23 66 4291
23 67 5417
23 68 3195
23 69 5548
23 70 1430
24 1 4013
24 2 7172
24 3 6361
24 4 1041
24 5 3983
24 6 153
24 7 5398
24 8 4948
24 9 47
24 10 3476
24 11 3130
24 12 1404
24 13 2633
24 14 5418
24 15 229
24 16 2114
24 17 4740
24 18 1791
24 19 4757
24 20 1963
24 21 3889
24 22 5632
24 23 3064
24 25 1688
24 26 7282
24 27 1535
24 28 2466
24 29 4404
24 30 4105
24 31 4650
24 32 1685
24 33 4736
24 34 3598
24 35 3380
24 36 552
24 37 4944
24 38 1132
24 39 4935
24 40 1165
24 41 392
24 42 5817
24 43 5812
24 44 3401
24 45 4614
24 46 6646
24 47 7224
24 48 2057
24 49 3740
24 50 845
24 51 2104
24 52 2176
24 53 74
24 54 955
24 55 3019
24 56 2569
24 57 5564
24 58 5403
24 59 6905
24 60 4624
24 61 7422
24 62 3104
24 63 2264
24 64 5149
24 65 4670
24 66 3035
24 67 2197
24 68 4277
24 69 6655
24 70 5029
25 1 6854
25 2 6056
25 3 3991
25 4 3800
25 5 3926
25 6 6329
25 7 5096
25 8 4890
25 9 7484
25 10 3395
25 11 6005
25 12 2325
25 13 1793
25 14 6254
25 15 1527
25 16 1514
25 17 5073
25 18 536
25 19 1906
25 20 735
25 21 6509
25 22 1703
25 23 6446
25 24 4953
25 26 152
25 27 188
25 28 635
25 29 1601
25 30 6776
25 31 1574
25 32 2670
25 33 4627
25 34 6508
25 35 284
25 36 7162
25 37 3138
25 38 1146
25 39 6242
25 40 4252
25 41 3731
25 42 4675
25 43 2110
25 44 4340
25 45 5741
25 46 1462
25 47 4064
25 48 6847
25 49 2718
25 50 6450
25 51 358
25 52 2134
25 53 4847
25 54 1684
25 55 1709
25 56 6755
25 57 2931
25 58 4867
25 59 7240
25 60 4109
25 61 7096
25 62 7428
25 63 5322
25 64 5006
25 65 4803
25 66 6466
25 67 3453
25 68 2161
25 69 2728
25 70 4787
26 1 3135
26 2 2363
26 3 1846
26 4 5270
26 5 4219
26 6 6848
26 7 4015
26 8 3799
26 9 3150
26 10 3037
26 11 4012
26 12 1236
26 13 7070
26 14 6826
26 15 1073
26 16 4278
26 17 7403
26 18 6201
26 19 25
26 20 3115
26 21 5397
26 22 3382
26 23 2945
26 24 35
26 25 4941
26 27 3189
26 28 7167
26 29 2893
26 30 4617
26 31 1595
26 32 4097
26 33 5412
26 34 6424
26 35 1069
26 36 1335
26 37 6417
26 38 2992
26 39 2726
26 40 1863
26 41 5094
26 42 3227
26 43 6489
26 44 617
26 45 35
26 46 2546
26 47 1800
26 48 6651
26 49 4253
26 50 6660
26 51 2680
26 52 3394
26 53 7007
26 54 1486
26 55 5332
26 56 3801
26 57 6982
26 58 5400
26 59 694
26 60 4330
26 61 918
26 62 927
26 63 6210
26 64 6016
26 65 3300
26 66 3078
26 67 1461
26 68 7204
26 69 6591
26 70 1731
27 1 312
27 2 6435
27 3 2842
27 4 6847
27 5 6514
27 6 1762
27 7 672
27 8 72
27 9 1624
27 10 6407
27 11 5843
27 12 3590
27 13 4248
27 14 729
27 15 5303
27 16 4657
27 17 2969
27 18 7054
27 19 1844
27 20 5990
27 21 464
27 22 2640
27 23 1540
27 24 4170
27 25 1559
27 26 3886
27 28 5834
27 29 6419
27 30 4875
27 31 1496
27 32 4451
27 33 410
27 34 6332
27 35 2879
27 36 5048
27 37 6009
27 38 550
27 39 5587
27 40 4720
27 41 7301
27 42 1980
27 43 1377
27 44 3756
27 45 5293
27 46 4762
27 47 5522
27 48 6711
27 49 7173
27 50 4835
27 51 7083
27 52 5423
27 53 2641
27 54 3150
27 55 5573
27 56 2705
27 57 6660
27 58 1359
27 59 307
27 60 688
27 61 4429
27 62 4284
27 63 3510
27 64 6345
27 65 5901
27 66 6787
27 67 2692
27 68 682
27 69 1292
27 70 1301
28 1 1452
28 2 3629
28 3 7440
28 4 4752
28 5 3425
28 6 6110
28 7 1887
28 8 4664
28 9 3027
28 10 6930
28 11 5284
28 12 5392
28 13 6632
28 14 6415
28 15 376
28 16 1858
28 17 3574
28 18 1142
28 19 3907
28 20 7224
28 21 1137
28 22 2269
28 23 1842
28 24 3080
28 25 760
28 26 6252
28 27 5652
28 29 3165
28 30 5986
28 31 4589
28 32 5886
28 33 1257
28 34 1223
28 35 2641
28 36 3402
28 37 3085
28 38 4064
28 39 2948
28 40 3614
28 41 4248
28 42 5166
28 43 155
28 44 5272
28 45 7380
28 46 6778
28 47 317
28 48 2562
28 49 4694
28 50 7418
28 51 1743
28 52 5233
28 53 6042
28 54 818
28 55 6826
28 56 6712
28 57 3413
28 58 5157
28 59 4351
28 60 6576
28 61 719
28 62 778
28 63 1928
28 64 3316
28 65 2639
28 66 6595
28 67 2484
28 68 288
28 69 788
28 70 6943
29 1 1838
29 2 981
29 3 953
29 4 289
29 5 1453
29 6 6704
29 7 6088
29 8 7127
29 9 925
29 10 7025
29 11 1637
29 12 6701
29 13 1963
29 14 4897
29 15 6607
29 16 4866
29 17 2510
29 18 7307
29 19 3879
29 20 5182
29 21 132
29 22 4580
29 23 761
29 24 5185
29 25 2427
29 26 1946
29 27 2293
29 28 142
29 30 1665
29 31 6966
29 32 6188
29 33 4401
29 34 3533
29 35 302
29 36 7471
29 37 7095
29 38 4692
29 39 2158
29 40 5839
29 41 2327
29 42 4368
29 43 7463
29 44 4589
29 45 4141
29 46 6184
29 47 4830
29 48 5672
29 49 5877
29 50 3847
29 51 7057
29 52 4875
29 53 5555
29 54 1969
29 55 3790
29 56 4341
29 57 45
29 58 5020
29 59 6002
29 60 4891
29 61 1417
29 62 1542
29 63 2331
29 64 3699
29 65 7349
29 66 1808
29 67 3721
29 68 4089
29 69 341
29 70 7316
30 1 6290
30 2 6206
30 3 4283
30 4 6558
30 5 1492
30 6 6876
30 7 6238
30 8 4328
30 9 765
30 10 1712
30 11 4079
30 12 4913
30 13 2256
30 14 91
30 15 5969
30 16 5756
30 17 2095
30 18 5178
30 19 483
30 20 2414
30 21 2953
30 22 1460
30 23 5809
30 24 5752
30 25 6365
30 26 4596
30 27 3151
30 28 1903
30 29 7238
30 31 4060
30 32 5671
30 33 3613
30 34 6856
30 35 4234
30 36 6299
30 37 5635
30 38 1458
30 39 2511
30 40 2158
30 41 3356
30 42 1618
30 43 2290
30 44 1133
30 45 3366
30 46 4800
30 47 1077
30 48 2753
30 49 3559
30 50 2249
30 51 6842
30 52 2454
30 53 3730
30 54 1054
30 55 1768
30 56 2384
30 57 5378
30 58 4355
30 59 3075
30 60 5954
30 61 1067
30 62 3399
30 63 3224
30 64 4942
30 65 2994
30 66 2840
30 67 7109
30 68 6580
30 69 968
30 70 5542
31 1 1020
31 2 1074
31 3 5894
31 4 2206
31 5 5570
31 6 6445
31 7 5121
31 8 2713
31 9 5271
31 10 1170
31 11 993
31 12 6098
31 13 1839
31 14 7317
31 15 7278
31 16 2338
31 17 542
31 18 2609
31 19 7259
31 20 1020
31 21 5235
31 22 3063
31 23 2915
31 24 1133
31 25 259
31 26 4121
31 27 3119
31 28 4655
31 29 6458
31 30 7412
31 32 3463
31 33 6600
31 34 5546
31 35 3185
31 36 7285
31 37 594
31 38 6072
31 39 2502
31 40 5540
31 41 4706
31 42 5538
31 43 4259
31 44 1649
31 45 3043
31 46 3337
31 47 4847
31 48 6186
31 49 1131
31 50 6619
31 51 2565
31 52 3220
31 53 1264
31 54 1664
31 55 5794
31 56 3883
31 57 5293
31 58 671
31 59 6278
31 60 4596
31 61 6452
31 62 2196
31 63 2793
31 64 2836
31 65 3963
31 66 4759
31 67 2369
31 68 434
31 69 3852
31 70 1378
32 1 1618
32 2 4820
32 3 7471
32 4 1532
32 5 2755
32 6 470
32 7 948
32 8 3688
32 9 1811
32 10 3616
32 11 1919
32 12 1308
32 13 5275
32 14 6975
32 15 1012
32 16 5171
32 17 144
32 18 1
32 19 161
32 20 3943
32 21 5895
32 22 6419
32 23 7126
32 24 773
32 25 1234
32 26 6794
32 27 4639
32 28 5100
32 29 6664
32 30 1669
32 31 3814
32 33 607
32 34 4835
32 35 257
32 36 1141
32 37 1803
32 38 6148
32 39 4241
32 40 4065
32 41 6354
32 42 5230
32 43 7169
32 44 3889
32 45 2054
32 46 5237
32 47 6219
32 48 1225
32 49 789
32 50 747
32 51 5842
32 52 982
32 53 450
32 54 5535
32 55 5839
32 56 433
32 57 4915
32 58 3621
32 59 2470
32 60 7175
32 61 3560
32 62 7200
32 63 2746
32 64 542
32 65 2132
32 66 175
32 67 6343
32 68 3042
32 69 2702
32 70 547
33 1 2868
33 2 1136
33 3 193
33 4 1580
33 5 3572
33 6 5048
33 7 5696
33 8 5913
33 9 3366
33 10 2430
33 11 2046
33 12 1770
33 13 2839
33 14 2683
33 15 4757
33 16 5115
33 17 7107
33 18 1687
33 19 1286
33 20 1758
33 21 3556
33 22 1507
33 23 5152
33 24 649
33 25 4981
33 26 3519
33 27 856
33 28 6638
33 29 1016
33 30 6350
33 31 1552
33 32 496
33 34 1145
33 35 7132
33 36 159
33 37 2143
33 38 2563
33 39 984
33 40 2347
33 41 3112
33 42 2164
33 43 6109
33 44 2893
33 45 2090
33 46 5738
33 47 2114
33 48 1819
33 49 2611
33 50 4786
33 51 5172
33 52 3869
33 53 217
33 54 5551
33 55 2601
33 56 6712
33 57 1996
33 58 3826
33 59 5180
33 60 4848
33 61 3593
33 62 3444
33 63 1002
33 64 5415
33 65 85
33 66 4261
33 67 6076
33 68 437
33 69 6963
33 70 1053
34 1 1057
34 2 2815
34 3 5357
34 4 2961
34 5 309
34 6 6838
34 7 622
34 8 5663
34 9 4280
34 10 7106
34 11 6721
34 12 4116
34 13 5398
34 14 6341
34 15 1294
34 16 1362
34 17 5774
34 18 4179
34 19 5681
34 20 1368
34 21 5568
34 22 452
34 23 4460
34 24 1519
34 25 6917
34 26 5197
34 27 519
34 28 1269
34 29 2372
34 30 3308
34 31 1016
34 32 5051
34 33 3749
34 35 2743
34 36 2026
34 37 6065
34 38 2755
34 39 6442
34 40 6918
34 41 6184
34 42 3542
34 43 5165
34 44 4228
34 45 2272
34 46 40
34 47 6922
34 48 3197
34 49 4118
34 50 5057
34 51 5102
34 52 3236
34 53 5569
34 54 1928
34 55 3445
34 56 5092
34 57 1828
34 58 2437
34 59 5043
34 60 3711
34 61 1174
34 62 5205
34 63 1370
34 64 6645
34 65 4618
34 66 4232
34 67 5048
34 68 804
34 69 3540
34 70 5012
35 1 2066
35 2 3973
35 3 890
35 4 6284
35 5 7168
35 6 1348
35 7 958
35 8 7061
35 9 404
35 10 2523
35 11 126
35 12 6503
35 13 3505
35 14 3257
35 15 5825
35 16 3378
35 17 6186
35 18 3129
35 19 1007
35 20 1119
35 21 2003
35 22 4297
35 23 7466
35 24 3273
35 25 2638
35 26 4500
35 27 3993
35 28 4867
35 29 4664
35 30 1321
35 31 1760
35 32 1714
35 33 3092
35 34 3874
35 36 393
35 37 810
35 38 6995
35 39 562
35 40 4577
35 41 3527
35 42 4329
35 43 6313
35 44 816
35 45 7199
35 46 1425
35 47 4675
35 48 1690
35 49 2142
35 50 3864
35 51 2943
35 52 2482
35 53 2971
35 54 7131
35 55 956
35 56 4201
35 57 4474
35 58 2487
35 59 374
35 60 2589
35 61 7083
35 62 1431
35 63 340
35 64 7391
35 65 373
35 66 931
35 67 1346
35 68 5782
35 69 7305
35 70 1435
36 1 336
36 2 4111
36 3 5053
36 4 5689
36 5 2603
36 6 900
36 7 258
36 8 7195
36 9 5995
36 10 4427
36 11 1422
36 12 2466
36 13 3759
36 14 3713
36 15 6904
36 16 7450
36 17 2243
36 18 6864
36 19 5127
36 20 5245
36 21 3041
36 22 4193
36 23 604
36 24 3592
36 25 4321
36 26 4618
36 27 1544
36 28 6299
36 29 7101
36 30 143
36 31 888
36 32 1496
36 33 5380
36 34 33
36 35 476
36 37 5521
36 38 3189
36 39 384
36 40 2712
36 41 6701
36 42 5203
36 43 69
36 44 7357
36 45 6332
36 46 3723
36 47 4706
36 48 1786
36 49 6931
36 50 4642
36 51 390
36 52 6686
36 53 2664
36 54 33
36 55 17
36 56 4222
36 57 7015
36 58 2203
36 59 6704
36 60 4216
36 61 7437
36 62 6210
36 63 7112
36 64 7216
36 65 3259
36 66 5133
36 67 1795
36 68 1207
36 69 6154
36 70 3214
37 1 7148
37 2 6615
37 3 6524
37 4 2368
37 5 5219
37 6 7420
37 7 4987
37 8 1983
37 9 5982
37 10 1167
37 11 3150
37 12 1282
37 13 455
37 14 7097
37 15 6966
37 16 3252
37 17 3071
37 18 4627
37 19 6371
37 20 6587
37 21 7056
37 22 1114
37 23 2243
37 24 4970
37 25 7218
37 26 7292
37 27 6919
37 28 6705
37 29 6381
37 30 2202
37 31 2295
37 32 2225
37 33 6300
37 34 3681
37 35 5846
37 36 1722
37 38 1617
37 39 105
37 40 3755
37 41 6337
37 42 3574
37 43 1517
37 44 3179
37 45 2261
37 46 338
37 47 7358
37 48 161
37 49 1336
37 50 492
37 51 3479
37 52 5204
37 53 1363
37 54 5563
37 55 3027
37 56 69
37 57 3593
37 58 1614
37 59 4136
37 60 2295
37 61 1706
37 62 5897
37 63 2135
37 64 6940
37 65 3337
37 66 3786
37 67 7269
37 68 6135
37 69 637
37 70 539
38 1 1351
38 2 4984
38 3 1887
38 4 6130
38 5 4181
38 6 2
38 7 2586
38 8 141
38 9 5768
38 10 1404
38 11 1651
38 12 1873
38 13 5575
38 14 2152
38 15 3163
38 16 3323
38 17 2717
38 18 4265
38 19 605
38 20 4
38 21 7147
38 22 2703
38 23 2764
38 24 4131
38 25 4799
38 26 2493
38 27 4467
38 28 928
38 29 2092
38 30 2961
38 31 99
38 32 3720
38 33 6755
38 34 178
38 35 535
38 36 4046
38 37 1503
38 39 4309
38 40 6199
38 41 2109
38 42 6426
38 43 2051
38 44 2869
38 45 67
38 46 5809
38 47 7374
38 48 744
38 49 3172
38 50 835
38 51 4003
38 52 2675
38 53 651
38 54 3508
38 55 4217
38 56 5860
38 57 480
38 58 7124
38 59 249
38 60 4958
38 61 250
38 62 6427
38 63 1190
38 64 4684
38 65 4054
38 66 5935
38 67 4222
38 68 4284
38 69 4652
38 70 3853
39 1 1716
39 2 919
39 3 2638
39 4 267
39 5 6488
39 6 3354
39 7 2595
39 8 4775
39 9 382
39 10 6668
39 11 6369
39 12 7467
39 13 7196
39 14 3195
39 15 4204
39 16 2976
39 17 5451
39 18 6635
39 19 2930
39 20 3530
39 21 4578
39 22 4127
39 23 5361
39 24 2654
39 25 4253
39 26 2341
39 27 3690
39 28 2099
39 29 3205
39 30 4922
39 31 4107
39 32 4097
39 33 6931
39 34 944
39 35 249
39 36 303
39 37 2970
39 38 6752
39 40 1719
39 41 2124
39 42 3377
39 43 6208
39 44 964
39 45 602
39 46 6693
39 47 6247
39 48 3846
39 49 2792
39 50 6198
39 51 1253
39 52 1917
39 53 1787
39 54 2110
39 55 2726
39 56 4
39 57 6509
39 58 1746
39 59 7033
39 60 1099
39 61 4822
39 62 3003
39 63 3394
39 64 5780
39 65 137
39 66 5545
39 67 5113
39 68 6846
39 69 858
39 70 5047
40 1 4325
40 2 7073
40 3 345
40 4 3654
40 5 3557
40 6 732
40 7 4800
40 8 6734
40 9 947
40 10 691
40 11 6585
40 12 4992
40 13 6930
40 14 3235
40 15 5879
40 16 4362
40 17 5672
40 18 4031
40 19 1250
40 20 7235
40 21 2381
40 22 2757
40 23 4839
40 24 2646
40 25 7373
40 26 4477
40 27 1016
40 28 6955
40 29 6828
40 30 2136
40 31 2484
40 32 6160
40 33 6666
40 34 1013
40 35 6563
40 36 5882
40 37 4182
40 38 258
40 39 674
40 41 5344
40 42 4293
40 43 419
40 44 6410
40 45 4986
40 46 2323
40 47 491
40 48 2506
40 49 1174
40 50 3028
40 51 2077
40 52 2448
40 53 4059
40 54 2546
40 55 1332
40 56 6895
40 57 1813
40 58 2524
40 59 971
40 60 5564
40 61 7372
40 62 517
40 63 3387
40 64 5677
40 65 2012
40 66 3637
40 67 3487
40 68 5737
40 69 1405
40 70 6108
41 1 6999
41 2 5881
41 3 5935
41 4 5691
41 5 5640
41 6 2620
41 7 972
41 8 5943
41 9 766
41 10 3601
41 11 1113
41 12 1604
41 13 738
41 14 6373
41 15 6318
41 16 4595
41 17 6222
41 18 5312
41 19 5478
41 20 2377
41 21 2887
41 22 5264
41 23 1317
41 24 1483
41 25 1199
41 26 1878
41 27 7460
41 28 2821
41 29 4223
41 30 215
41 31 7140
41 32 7296
41 33 6774
41 34 1020
41 35 5987
41 36 3022
41 37 6996
41 38 3425
41 39 1135
41 40 5610
41 42 1460
41 43 2330
41 44 553
41 45 2890
41 46 6048
41 47 4800
41 48 4221
41 49 5383
41 50 3707
41 51 463
41 52 6785
41 53 2730
41 54 4517
41 55 6603
41 56 1029
41 57 371
41 58 4584
41 59 4931
41 60 305
41 61 5891
41 62 1759
41 63 3296
41 64 758
41 65 7416
41 66 5675
41 67 243
41 68 5769
41 69 6845
41 70 5240
42 1 3499
42 2 6097
42 3 5681
42 4 2411
42 5 4434
42 6 1714
42 7 2387
42 8 3659
42 9 3662
42 10 5116
42 11 1505
42 12 6995
42 13 3639
42 14 5396
42 15 1431
42 16 5768
42 17 5059
42 18 2197
42 19 422
42 20 1946
42 21 6581
42 22 4390
42 23 758
42 24 6302
42 25 6264
42 26 5827
42 27 4266
42 28 4482
42 29 1618
42 30 352
42 31 559
42 32 3238
42 33 1478
42 34 7413
42 35 5676
42 36 3833
42 37 7159
42 38 4732
42 39 3683
42 40 2111
42 41 2134
42 43 2836
42 44 1765
42 45 4220
42 46 983
42 47 627
42 48 445
42 49 3348
42 50 4267
42 51 3575
42 52 4099
42 53 5154
42 54 5533
42 55 3223
42 56 6050
42 57 2162
42 58 4861
42 59 75
42 60 4561
42 61 3251
42 62 3625
42 63 4283
42 64 855
42 65 2612
42 66 5560
42 67 351
42 68 4068
42 69 6959
42 70 3963
43 1 4139
43 2 2828
43 3 1152
43 4 7406
43 5 5123
43 6 7329
43 7 5594
43 8 3449
43 9 3221
43 10 449
43 11 5596
43 12 5621
43 13 1892
43 14 4488
43 15 6936
43 16 1461
43 17 274
43 18 6814
43 19 6815
43 20 7367
43 21 6677
43 22 6675
43 23 4818
43 24 4054
43 25 2869
43 26 7259
43 27 1352
43 28 7185
43 29 3516
43 30 3090
43 31 3713
43 32 4689
43 33 1492
43 34 6563
43 35 6741
43 36 546
43 37 5704
43 38 252
43 39 5192
43 40 5054
43 41 7094
43 42 1251
43 44 1583
43 45 2763
43 46 3369
43 47 6868
43 48 290
43 49 6361
43 50 1308
43 51 2698
43 52 7033
43 53 2789
43 54 7326
43 55 719
43 56 4129
43 57 966
43 58 6714
43 59 3916
43 60 3235
43 61 2844
43 62 2397
43 63 2841
43 64 2647
43 65 494
43 66 3854
43 67 5644
43 68 3226
43 69 940
43 70 4173
44 1 3068
44 2 927
44 3 3658
44 4 2213
44 5 1072
44 6 2844
44 7 7053
44 8 7356
44 9 4564
44 10 1126
44 11 5878
44 12 334
44 13 5452
44 14 4653
44 15 5325
44 16 7408
44 17 6335
44 18 614
44 19 6470
44 20 193
44 21 293
44 22 6207
44 23 3091
44 24 785
44 25 1303
44 26 5236
44 27 2799
44 28 3921
44 29 4085
44 30 1288
44 31 3339
44 32 3874
44 33 1896
44 34 4371
44 35 4034
44 36 2464
44 37 842
44 38 2707
44 39 3339
44 40 5020
44 41 3886
44 42 5843
44 43 4587
44 45 3564
44 46 3201
44 47 4007
44 48 4818
44 49 5136
44 50 391
44 51 5483
44 52 1144
44 53 3217
44 54 1201
44 55 3055
44 56 5797
44 57 6368
44 58 2441
44 59 5842
44 60 4546
44 61 5484
44 62 3647
44 63 2766
44 64 6990
44 65 395
44 66 4908
44 67 2264
44 68 3009
44 69 4367
44 70 6973
45 1 321
45 2 1373
45 3 3952
45 4 3934
45 5 2274
45 6 2109
45 7 6740
45 8 435
45 9 530
45 10 6751
45 11 3208
45 12 3472
45 13 245
45 14 4784
45 15 2094
45 16 1855
45 17 4453
45 18 254
45 19 3522
45 20 1306
45 21 5025
45 22 235
45 23 1306
45 24 5064
45 25 2501
45 26 2124
45 27 6681
45 28 5946
45 29 5764
45 30 4303
45 31 758
45 32 1386
45 33 6910
45 34 7012
45 35 7409
45 36 6635
45 37 6115
45 38 5272
45 39 4015
45 40 6297
45 41 5099
45 42 6530
45 43 5180
45 44 1315
45 46 6986
45 47 6772
45 48 4155
45 49 2411
45 50 5217
45 51 435
45 52 4344
45 53 6983
45 54 4194
45 55 6757
45 56 552
45 57 257
45 58 79
45 59 954
45 60 2574
45 61 1316
45 62 4367
45 63 2631
45 64 3176
45 65 4815
45 66 1471
45 67 1331
45 68 111
45 69 2780
45 70 6101
46 1 6909
46 2 2983
46 3 6446
46 4 2501
46 5 4584
46 6 2507
46 7 6602
46 8 1685
46 9 7474
46 10 4036
46 11 2880
46 12 498
46 13 680
46 14 1034
46 15 716
46 16 1569
46 17 1828
46 18 7401
46 19 2982
46 20 5465
46 21 5231
46 22 3916
46 23 598
46 24 1785
46 25 4534
46 26 4623
46 27 2850
46 28 2291
46 29 4365
46 30 5552
46 31 7110
46 32 5538
46 33 4992
46 34 6823
46 35 4991
46 36 7494
46 37 334
46 38 403
46 39 7218
46 40 5023
46 41 1358
46 42 4288
46 43 2692
46 44 5542
46 45 1942
46 47 3388
46 48 4077
46 49 4290
46 50 2613
46 51 6041
46 52 651
46 53 5358
46 54 4017
46 55 5093
46 56 2617
46 57 3939
46 58 3136
46 59 833
46 60 1788
46 61 6956
46 62 3861
46 63 4307
46 64 2453
46 65 2024
46 66 2105
46 67 4942
46 68 4741
46 69 5323
46 70 245
47 1 1166
47 2 932
47 3 641
47 4 3355
47 5 6900
47 6 3232
47 7 2774
47 8 754
47 9 7493
47 10 2422
47 11 335
47 12 2660
47 13 6306
47 14 2722
47 15 6319
47 16 5297
47 17 5392
47 18 1311
47 19 31
47 20 5148
47 21 2905
47 22 3672
47 23 518
47 24 4705
47 25 5310
47 26 2419
47 27 2815
47 28 2200
47 29 7039
47 30 2882
47 31 5011
47 32 5893
47 33 4591
47 34 1469
47 35 2320
47 36 3914
47 37 7029
47 38 134
47 39 4925
47 40 6949
47 41 6590
47 42 3178
47 43 1269
47 44 5462
47 45 2651
47 46 3428
47 48 7499
47 49 1433
47 50 894
47 51 1223
47 52 1320
47 53 419
47 54 2826
47 55 5768
47 56 7398
47 57 5724
47 58 3783
47 59 2523
47 60 6865
47 61 3817
47 62 5856
47 63 3345
47 64 6559
47 65 6603
47 66 4839
47 67 6223
47 68 4442
47 69 2130
47 70 1248
48 1 6452
48 2 2714
48 3 6932
48 4 4062
48 5 2274
48 6 2471
48 7 5991
48 8 915
48 9 618
48 10 775
48 11 3106
48 12 5802
48 13 536
48 14 5994
48 15 7048
48 16 2703
48 17 4149
48 18 4570
48 19 4877
48 20 1001
48 21 7143
48 22 6127
48 23 1333
48 24 7175
48 25 34
48 26 5688
48 27 5653
48 28 5231
48 29 3544
48 30 1043
48 31 3489
48 32 2445
48 33 1856
48 34 6670
48 35 6818
48 36 621
48 37 6067
48 38 6875
48 39 1914
48 40 583
48 41 3466
48 42 6341
48 43 1569
48 44 6244
48 45 5704
48 46 7086
48 47 4761
48 49 7239
48 50 4717
48 51 4286
48 52 6260
48 53 1429
48 54 4176
48 55 2015
48 56 5708
48 57 4196
48 58 134
48 59 7303
48 60 579
48 61 5063
48 62 3683
48 63 7098
48 64 5306
48 65 1042
48 66 2960
48 67 5411
48 68 5679
48 69 3493
48 70 740
49 1 1724
49 2 5314
49 3 1102
49 4 31
49 5 2012
49 6 4241
49 7 3628
49 8 1489
49 9 6872
49 10 731
49 11 4252
49 12 327
49 13 4024
49 14 6432
49 15 612
49 16 1022
49 17 781
49 18 2646
49 19 2475
49 20 3856
49 21 1833
49 22 6277
49 23 6190
49 24 6004
49 25 4792
49 26 5779
49 27 52
49 28 2221
49 29 6924
49 30 3427
49 31 2746
49 32 5826
49 33 6516
49 34 6528
49 35 1151
49 36 6489
49 37 5532
49 38 4058
49 39 1995
49 40 3019
49 41 164
49 42 2729
49 43 154
49 44 1356
49 45 3687
49 46 3285
49 47 4840
49 48 1983
49 50 3801
49 51 5467
49 52 7170
49 53 12
49 54 110
49 55 5880
49 56 501
49 57 6905
49 58 2871
49 59 4856
49 60 5503
49 61 382
49 62 5827
49 63 4700
49 64 4511
49 65 4265
49 66 6876
49 67 2135
49 68 6317
49 69 6404
49 70 2551
50 1 661
50 2 4215
50 3 3706
50 4 3481
50 5 6089
50 6 907
50 7 1013
50 8 4608
50 9 6171
50 10 7270
50 11 5849
50 12 1372
50 13 1231
50 14 1161
50 15 7321
50 16 5559
50 17 1773
50 18 4725
50 19 1420
50 20 1081
50 21 5135
50 22 669
50 23 2678
50 24 4240
50 25 1365
50 26 5214
50 27 7431
50 28 6739
50 29 1688
50 30 4612
50 31 452
50 32 4321
50 33 7018
50 34 5856
50 35 4840
50 36 4069
50 37 7283
50 38 5347
50 39 536
50 40 7124
50 41 2861
50 42 1323
50 43 682
50 44 4662
50 45 1525
50 46 3614
50 47 3731
50 48 26
50 49 4916
50 51 6150
50 52 3085
50 53 4131
50 54 882
50 55 4590
50 56 3157
50 57 4695
50 58 2676
50 59 3617
50 60 2968
50 61 1935
50 62 5859
50 63 5132
50 64 6970
50 65 3455
50 66 4292
50 67 1751
50 68 7462
50 69 6203
50 70 6495
51 1 2634
51 2 4505
51 3 1390
51 4 2679
51 5 3725
51 6 3396
51 7 4074
51 8 605
51 9 2588
51 10 953
51 11 1192
51 12 1239
51 13 2637
51 14 6398
51 15 1099
51 16 5605
51 17 2600
51 18 736
51 19 20
51 20 6936
51 21 3856
51 22 4949
51 23 23
51 24 1351
51 25 4271
51 26 6199
51 27 6093
51 28 5981
51 29 3661
51 30 6122
51 31 5060
51 32 4188
51 33 7051
51 34 5951
51 35 2589
51 36 7074
51 37 162
51 38 2306
51 39 4815
51 40 645
51 41 6843
51 42 7487
51 43 4840
51 44 3327
51 45 3442
51 46 6131
51 47 2174
51 48 3290
51 49 6960
51 50 2984
51 52 3964
51 53 3928
51 54 1605
51 55 745
51 56 2805
51 57 3795
51 58 3589
51 59 2686
51 60 2162
51 61 3578
51 62 71
51 63 2735
51 64 4489
51 65 3418
51 66 7224
51 67 1381
51 68 919
51 69 1258
51 70 490
52 1 7085
52 2 4928
52 3 3331
52 4 6184
52 5 7499
52 6 5946
52 7 2213
52 8 5230
52 9 506
52 10 996
52 11 2635
52 12 4257
52 13 4021
52 14 3358
52 15 7354
52 16 5700
52 17 37
52 18 2416
52 19 2754
52 20 7029
52 21 2633
52 22 2030
52 23 265
52 24 2017
52 25 5898
52 26 4458
52 27 3111
52 28 4032
52 29 6050
52 30 4303
52 31 6689
52 32 4273
52 33 6575
52 34 1068
52 35 679
52 36 4964
52 37 6232
52 38 7497
52 39 5349
52 40 4239
52 41 3046
52 42 6037
52 43 5276
52 44 2214
52 45 2767
52 46 3621
52 47 334
52 48 6764
52 49 7140
52 50 3475
52 51 1570
52 53 6796
52 54 3220
52 55 3466
52 56 6358
52 57 1954
52 58 7303
52 59 4230
52 60 6775
52 61 6793
52 62 5292
52 63 4712
52 64 2993
52 65 7041
52 66 5354
52 67 2141
52 68 2048
52 69 5261
52 70 3879
53 1 4328
53 2 1423
53 3 6021
53 4 2528
53 5 2874
53 6 4959
53 7 1272
53 8 6036
53 9 5415
53 10 6621
53 11 2026
53 12 1683
53 13 825
53 14 4984
53 15 3663
53 16 4519
53 17 1904
53 18 177
53 19 2023
53 20 3049
53 21 7371
53 22 5398
53 23 6919
53 24 5792
53 25 2142
53 26 3253
53 27 4457
53 28 4593
53 29 1672
53 30 6130
53 31 3193
53 32 1264
53 33 7113
53 34 7110
53 35 3373
53 36 5151
53 37 1994
53 38 6885
53 39 5486
53 40 5951
53 41 3023
53 42 4847
53 43 7170
53 44 3739
53 45 2997
53 46 5197
53 47 6997
53 48 5532
53 49 1930
53 50 6059
53 51 5829
53 52 1571
53 54 158
53 55 3184
53 56 1203
53 57 1830
53 58 5707
53 59 1966
53 60 2185
53 61 5383
53 62 5762
53 63 3151
53 64 2652
53 65 2911
53 66 2987
53 67 6587
53 68 2528
53 69 6094
53 70 7424
54 1 3018
54 2 4063
54 3 2977
54 4 6309
54 5 7276
54 6 5730
54 7 7495
54 8 4711
54 9 4179
54 10 6290
54 11 7146
54 12 5189
54 13 2021
54 14 6706
54 15 6377
54 16 4763
54 17 5453
54 18 415
54 19 3626
54 20 2340
54 21 983
54 22 4111
54 23 4363
54 24 965
54 25 4415
54 26 1718
54 27 362
54 28 1598
54 29 3251
54 30 5633
54 31 337
54 32 4970
54 33 2309
54 34 6302
54 35 4725
54 36 3565
54 37 3038
54 38 7399
54 39 5240
54 40 4190
54 41 6264
54 42 6711
54 43 2417
54 44 436
54 45 6967
54 46 4098
54 47 844
54 48 6609
54 49 658
54 50 171
54 51 5832
54 52 1280
54 53 6131
54 55 6756
54 56 1543
54 57 7306
54 58 1597
54 59 1906
54 60 2549
54 61 114
54 62 4127
54 63 1452
54 64 403
54 65 1830
54 66 3914
54 67 5751
54 68 2560
54 69 4868
54 70 7374
55 1 3725
55 2 1630
55 3 7110
55 4 7299
55 5 4053
55 6 6667
55 7 1703
55 8 2385
55 9 4818
55 10 5373
55 11 322
55 12 3083
55 13 5779
55 14 6323
55 15 2043
55 16 3540
55 17 3527
55 18 6874
55 19 6566
55 20 2677
55 21 6618
55 22 6091
55 23 2800
55 24 450
55 25 2106
55 26 604
55 27 3811
55 28 1682
55 29 3822
55 30 1257
55 31 1027
55 32 3052
55 33 5640
55 34 4013
55 35 4524
55 36 4466
55 37 6685
55 38 4072
55 39 2356
55 40 5833
55 41 6072
55 42 5868
55 43 4946
55 44 2983
55 45 4680
55 46 3813
55 47 5665
55 48 1437
55 49 5563
55 50 6856
55 51 6159
55 52 6739
55 53 5001
55 54 456
55 56 2820
55 57 731
55 58 1635
55 59 3088
55 60 2581
55 61 5299
55 62 1452
55 63 3606
55 64 4544
55 65 231
55 66 6594
55 67 1579
55 68 2971
55 69 2990
55 70 6615
56 1 61
56 2 2775
56 3 3155
56 4 5497
56 5 6817
56 6 3626
56 7 285
56 8 3058
56 9 4620
56 10 7314
56 11 592
56 12 7027
56 13 6181
56 14 6824
56 15 6169
56 16 698
56 17 4233
56 18 7087
56 19 3553
56 20 147
56 21 5576
56 22 1411
56 23 1741
56 24 6931
56 25 4021
56 26 4587
56 27 1235
56 28 5206
56 29 3139
56 30 3490
56 31 6406
56 32 4258
56 33 2620
56 34 1535
56 35 3532
56 36 3615
56 37 3219
56 38 2575
56 39 76
56 40 6583
56 41 1880
56 42 3736
56 43 2875
56 44 6427
56 45 1507
56 46 4154
56 47 6842
56 48 5155
56 49 2397
56 50 1424
56 51 2202
56 52 4144
56 53 2052
56 54 2668
56 55 4471
56 57 2359
56 58 4339
56 59 1900
56 60 6625
56 61 1743
56 62 2870
56 63 467
56 64 3758
56 65 107
56 66 6883
56 67 6175
56 68 6561
56 69 3816
56 70 6621
57 1 3456
57 2 4986
57 3 3316
57 4 6698
57 5 7183
57 6 2627
57 7 1236
57 8 2113
57 9 1681
57 10 3342
57 11 6891
57 12 6763
57 13 6272
57 14 3564
57 15 5573
57 16 5588
57 17 7063
57 18 2313
57 19 70
57 20 6563
57 21 4082
57 22 46
57 23 5438
57 24 237
57 25 4487
57 26 5301
57 27 7386
57 28 4826
57 29 7004
57 30 1973
57 31 1214
57 32 6001
57 33 4000
57 34 1495
57 35 3846
57 36 1294
57 37 1337
57 38 3247
57 39 2417
57 40 3799
57 41 4795
57 42 1939
57 43 264
57 44 3148
57 45 1095
57 46 3311
57 47 1912
57 48 5138
57 49 6231
57 50 774
57 51 1578
57 52 5987
57 53 551
57 54 2833
57 55 4509
57 56 2437
57 58 974
57 59 4894
57 60 296
57 61 4337
57 62 3924
57 63 5903
57 64 3933
57 65 1867
57 66 2950
57 67 6973
57 68 7075
57 69 5878
57 70 3124
58 1 146
58 2 7263
58 3 1592
58 4 5208
58 5 2030
58 6 2876
58 7 5772
58 8 3188
58 9 6967
58 10 4793
58 11 1028
58 12 7
58 13 3373
58 14 694
58 15 134
58 16 2015
58 17 3528
58 18 4646
58 19 4172
58 20 360
58 21 704
58 22 1941
58 23 7068
58 24 3154
58 25 1628
58 26 7477
58 27 812
58 28 1464
58 29 3299
58 30 4039
58 31 3762
58 32 5269
58 33 1436
58 34 2484
58 35 2471
58 36 6336
58 37 4663
58 38 3360
58 39 1176
58 40 7327
58 41 2758
58 42 629
58 43 5366
58 44 2916
58 45 1274
58 46 1265
58 47 505
58 48 1713
58 49 5133
58 50 3355
58 51 5622
58 52 6334
58 53 174
58 54 3920
58 55 2183
58 56 4577
58 57 680
58 59 2414
58 60 3440
58 61 3352
58 62 4868
58 63 3078
58 64 6199
58 65 2807
58 66 1892
58 67 2035
58 68 1419
58 69 1655
58 70 1484
59 1 3535
59 2 3046
59 3 5140
59 4 5813
59 5 6926
59 6 3528
59 7 4472
59 8 5874
59 9 6908
59 10 3447
59 11 6859
59 12 4397
59 13 2757
59 14 6027
59 15 679
59 16 2721
59 17 4500
59 18 2938
59 19 6030
59 20 7392
59 21 1403
59 22 1678
59 23 1718
59 24 5256
59 25 5028
59 26 4898
59 27 6790
59 28 4033
59 29 4787
59 30 4141
59 31 1060
59 32 412
59 33 7115
59 34 5555
59 35 7307
59 36 1082
59 37 3313
59 38 721
59 39 4157
59 40 6761
59 41 6688
59 42 6118
59 43 4756
59 44 4526
59 45 6265
59 46 2851
59 47 5740
59 48 690
59 49 3739
59 50 2399
59 51 97
59 52 5008
59 53 7234
59 54 3633
59 55 6124
59 56 3332
59 57 4178
59 58 2793
59 60 1906
59 61 5999
59 62 1349
59 63 3548
59 64 1360
59 65 7207
59 66 1503
59 67 421
59 68 4272
59 69 7425
59 70 5714
60 1 2823
60 2 1095
60 3 4767
60 4 2227
60 5 6064
60 6 3355
60 7 3452
60 8 2734
60 9 1908
60 10 5800
60 11 3670
60 12 1986
60 13 4906
60 14 5198
60 15 128
60 16 3144
60 17 3924
60 18 5281
60 19 965
60 20 480
60 21 4424
60 22 2652
60 23 3277
60 24 6909
60 25 1437
60 26 6631
60 27 6473
60 28 3660
60 29 7044
60 30 5149
60 31 5999
60 32 4843
60 33 461
60 34 7383
60 35 86
60 36 7001
60 37 5998
60 38 64
60 39 1466
60 40 6122
60 41 2246
60 42 76
60 43 1009
60 44 3104
60 45 5607
60 46 5450
60 47 7172
60 48 6840
60 49 5262
60 50 3949
60 51 4381
60 52 7047
60 53 6895
60 54 5529
60 55 3755
60 56 1498
60 57 1098
60 58 1636
60 59 497
60 61 240
60 62 5137
60 63 4080
60 64 1928
60 65 5867
60 66 1336
60 67 3711
60 68 1379
60 69 2344
60 70 6535
61 1 192
61 2 1376
61 3 4543
61 4 6181
61 5 6944
61 6 5576
61 7 1205
61 8 1901
61 9 2721
61 10 5556
61 11 5220
61 12 5089
61 13 6441
61 14 1316
61 15 2824
61 16 4440
61 17 3640
61 18 7447
61 19 4060
61 20 1123
61 21 6582
61 22 154
61 23 7016
61 24 475
61 25 888
61 26 4273
61 27 7039
61 28 5219
61 29 4702
61 30 6172
61 31 2079
61 32 751
61 33 7368
61 34 519
61 35 783
61 36 5857
61 37 328
61 38 6990
61 39 3485
61 40 4501
61 41 7137
61 42 2202
61 43 3719
61 44 1557
61 45 2279
61 46 4411
61 47 81
61 48 3632
61 49 4382
61 50 2328
61 51 4251
61 52 3797
61 53 4594
61 54 5243
61 55 4679
61 56 1904
61 57 6605
61 58 5967
61 59 1442
61 60 3394
61 62 3994
61 63 4790
61 64 4496
61 65 3921
61 66 6664
61 67 7078
61 68 3924
61 69 4936
61 70 2255
62 1 738
62 2 6178
62 3 3667
62 4 6119
62 5 4023
62 6 2974
62 7 5799
62 8 5463
62 9 1657
62 10 1706
62 11 4734
62 12 4891
62 13 6239
62 14 5443
62 15 4854
62 16 4887
62 17 1486
62 18 330
62 19 6357
62 20 1609
62 21 355
62 22 5425
62 23 4828
62 24 3249
62 25 5988
62 26 2527
62 27 3116
62 28 281
62 29 2505
62 30 4952
62 31 2444
62 32 4555
62 33 6757
62 34 600
62 35 2151
62 36 7018
62 37 7264
62 38 1059
62 39 589
62 40 7264
62 41 3844
62 42 2155
62 43 4338
62 44 6589
62 45 4864
62 46 7357
62 47 3203
62 48 3517
62 49 5529
62 50 3801
62 51 644
62 52 1373
62 53 5990
62 54 2739
62 55 280
62 56 2894
62 57 1230
62 58 1637
62 59 519
62 60 4641
62 61 6207
62 63 3540
62 64 5033
62 65 4369
62 66 2145
62 67 5575
62 68 2899
62 69 4158
62 70 4818
63 1 5367
63 2 6706
63 3 2392
63 4 2692
63 5 3542
63 6 1106
63 7 3787
63 8 2974
63 9 4042
63 10 4556
63 11 525
63 12 5099
63 13 2487
63 14 7412
63 15 6894
63 16 6108
63 17 5214
63 18 6200
63 19 4289
63 20 5043
63 21 3942
63 22 6733
63 23 3311
63 24 2713
63 25 5743
63 26 4941
63 27 4635
63 28 7342
63 29 5514
63 30 6069
63 31 2178
63 32 71
63 33 3278
63 34 2112
63 35 6638
63 36 3026
63 37 3638
63 38 5895
63 39 2163
63 40 3168
63 41 5112
63 42 3750
63 43 4574
63 44 3528
63 45 395
63 46 3462
63 47 4911
63 48 5047
63 49 5010
63 50 5774
63 51 2916
63 52 1830
63 53 2595
63 54 2337
63 55 2544
63 56 2252
63 57 6906
63 58 3259
63 59 5614
63 60 649
63 61 6534
63 62 5844
63 64 2533
63 65 5622
63 66 698
63 67 120
63 68 2080
63 69 3171
63 70 3036
64 1 5949
64 2 2395
64 3 1813
64 4 6171
64 5 3435
64 6 3497
64 7 1760
64 8 5944
64 9 4902
64 10 2213
64 11 4271
64 12 5546
64 13 6378
64 14 3943
64 15 5208
64 16 3346
64 17 2432
64 18 1710
64 19 257
64 20 897
64 21 4826
64 22 3767
64 23 7381
64 24 5283
64 25 3883
64 26 3042
64 27 871
64 28 1159
64 29 5928
64 30 4995
64 31 4197
64 32 3912
64 33 4590
64 34 5554
64 35 6968
64 36 4620
64 37 7409
64 38 4641
64 39 1051
64 40 3924
64 41 5507
64 42 5196
64 43 651
64 44 3712
64 45 5761
64 46 1678
64 47 2713
64 48 633
64 49 1959
64 50 7042
64 51 2767
64 52 7461
64 53 4759
64 54 2959
64 55 312
64 56 639
64 57 1320
64 58 1901
64 59 5344
64 60 7249
64 61 3689
64 62 6426
64 63 782
64 65 5158
64 66 4374
64 67 4881
64 68 7271
64 69 5690
64 70 6010
65 1 2073
65 2 443
65 3 795
65 4 7468
65 5 4437
65 6 5317
65 7 3761
65 8 586
65 9 5422
65 10 7321
65 11 7387
65 12 4002
65 13 5533
65 14 1577
65 15 5231
65 16 2400
65 17 3054
65 18 148
65 19 289
65 20 1240
65 21 5510
65 22 4254
65 23 4128
65 24 5505
65 25 622
65 26 6843
65 27 99
65 28 1341
65 29 7099
65 30 3102
65 31 6233
65 32 3076
65 33 2830
65 34 5521
65 35 3080
65 36 7179
65 37 1227
65 38 4242
65 39 1064
65 40 434
65 41 2753
65 42 6229
65 43 5069
65 44 812
65 45 252
65 46 2857
65 47 519
65 48 6548
65 49 6851
65 50 7302
65 51 2353
65 52 5302
65 53 1822
65 54 6746
65 55 2528
65 56 6886
65 57 5839
65 58 2357
65 59 1528
65 60 1594
65 61 3317
65 62 6484
65 63 1753
65 64 5498
65 66 971
65 67 1848
65 68 1351
65 69 6164
65 70 3444
66 1 1047
66 2 68
66 3 6527
66 4 3587
66 5 5351
66 6 2162
66 7 7325
66 8 5296
66 9 502
66 10 2760
66 11 6941
66 12 6156
66 13 5269
66 14 5274
66 15 3784
66 16 5560
66 17 2479
66 18 390
66 19 5024
66 20 126
66 21 1700
66 22 1629
66 23 7293
66 24 789
66 25 6692
66 26 4268
66 27 1761
66 28 3012
66 29 7444
66 30 1406
66 31 1150
66 32 1079
66 33 6387
66 34 7458
66 35 6134
66 36 5475
66 37 675
66 38 5476
66 39 2711
66 40 1895
66 41 1542
66 42 615
66 43 1292
66 44 5985
66 45 5587
66 46 3484
66 47 5591
66 48 3255
66 49 530
66 50 6587
66 51 3000
66 52 4328
66 53 6547
66 54 6092
66 55 2737
66 56 4095
66 57 1277
66 58 5022
66 59 4799
66 60 896
66 61 6890
66 62 537
66 63 5397
66 64 3768
66 65 4539
66 67 7326
66 68 1723
66 69 4714
66 70 6889
67 1 1873
67 2 1273
67 3 6195
67 4 3128
67 5 798
67 6 6935
67 7 3173
67 8 5625
67 9 6962
67 10 3714
67 11 2370
67 12 473
67 13 1105
67 14 148
67 15 2759
67 16 3363
67 17 2774
67 18 4194
67 19 5261
67 20 5133
67 21 2559
67 22 6674
67 23 6543
67 24 3163
67 25 2350
67 26 1970
67 27 1100
67 28 6195
67 29 2175
67 30 6463
67 31 4407
67 32 5340
67 33 4188
67 34 2540
67 35 6908
67 36 2881
67 37 5469
67 38 6456
67 39 1962
67 40 6265
67 41 1435
67 42 6234
67 43 3746
67 44 5382
67 45 5202
67 46 532
67 47 3737
67 48 1229
67 49 1721
67 50 1864
67 51 189
67 52 1859
67 53 564
67 54 2559
67 55 1087
67 56 5597
67 57 4870
67 58 6180
67 59 1329
67 60 7160
67 61 1741
67 62 1065
67 63 2428
67 64 7354
67 65 260
67 66 3073
67 68 1957
67 69 1569
67 70 501
68 1 112
68 2 6190
68 3 393
68 4 5571
68 5 3494
68 6 3058
68 7 7004
68 8 3761
68 9 3008
68 10 6489
68 11 7400
68 12 5297
68 13 6788
68 14 4671
68 15 2208
68 16 3862
68 17 2351
68 18 2604
68 19 2185
68 20 738
68 21 5025
68 22 2476
68 23 503
68 24 3951
68 25 1397
68 26 4559
68 27 7420
68 28 267
68 29 6660
68 30 4800
68 31 4290
68 32 5355
68 33 4731
68 34 6010
68 35 134
68 36 7025
68 37 3258
68 38 6323
68 39 2804
68 40 5487
68 41 7384
68 42 7325
68 43 1883
68 44 678
68 45 1255
68 46 4296
68 47 5029
68 48 4580
68 49 4480
68 50 4731
68 51 7333
68 52 4507
68 53 6526
68 54 421
68 55 3963
68 56 579
68 57 3842
68 58 3001
68 59 2841
68 60 5575
68 61 2967
68 62 1537
68 63 2496
68 64 7048
68 65 5079
68 66 1080
68 67 4698
68 69 4904
68 70 1012
69 1 3241
69 2 4662
69 3 6495
69 4 714
69 5 788
69 6 5351
69 7 7185
69 8 6822
69 9 5579
69 10 4456
69 11 2174
69 12 5108
69 13 1370
69 14 4189
69 15 6239
69 16 1365
69 17 7204
69 18 6492
69 19 736
69 20 8
69 21 7148
69 22 7024
69 23 2567
69 24 3317
69 25 3656
69 26 3034
69 27 6619
69 28 1253
69 29 2004
69 30 7362
69 31 1228
69 32 3151
69 33 4263
69 34 4015
69 35 6197
69 36 573
69 37 6105
69 38 2429
69 39 4419
69 40 4294
69 41 7178
69 42 1952
69 43 6440
69 44 6099
69 45 5421
69 46 6959
69 47 3287
69 48 5243
69 49 6990
69 50 2773
69 51 3989
69 52 4270
69 53 2842
69 54 5598
69 55 4343
69 56 1252
69 57 5594
69 58 1121
69 59 392
69 60 2971
69 61 2000
69 62 6360
69 63 4672
69 64 5785
69 65 4153
69 66 4072
69 67 3336
69 68 2107
69 70 2059
70 1 4096
70 2 7464
70 3 6977
70 4 2515
70 5 1228
70 6 5402
70 7 1745
70 8 2497
70 9 7295
70 10 4944
70 11 3029
70 12 901
70 13 4850
70 14 210
70 15 5079
70 16 62
70 17 2222
70 18 2951
70 19 7063
70 20 798
70 21 391
70 22 1209
70 23 6171
70 24 3547
70 25 1570
70 26 5878
70 27 2453
70 28 6787
70 29 6314
70 30 7267
70 31 4303
70 32 1812
70 33 3639
70 34 6604
70 35 6006
70 36 4044
70 37 523
70 38 5388
70 39 5014
70 40 6054
70 41 68
70 42 6871
70 43 5832
70 44 2650
70 45 3609
70 46 7129
70 47 2033
70 48 4676
70 49 3762
70 50 7365
70 51 6663
70 52 7435
70 53 3102
70 54 4693
70 55 6370
70 56 5246
70 57 104
70 58 3451
70 59 6472
70 60 973
70 61 3274
70 62 1120
70 63 6890
70 64 7301
70 65 4078
70 66 4837
70 67 220
70 68 3824
70 69 4751
