70 4830
1 2 1117
1 3 5115
1 4 4961
1 5 4814
1 6 187
1 7 1344
1 8 2335
1 9 5899
1 10 3015
1 11 5892
1 12 6560
1 13 4824
1 14 808
1 15 7096
1 16 598
1 17 1793
1 18 2002
1 19 56
1 20 3378
1 21 5085
1 22 5604
1 23 3266
1 24 5548
1 25 7095
1 26 6637
1 27 1584
1 28 4100
1 29 6921
1 30 5914
1 31 5326
1 32 6107
1 33 3260
1 34 6274
1 35 5326
1 36 2070
1 37 7093
1 38 7490
1 39 5092
1 40 7106
1 41 5201
1 42 4727
1 43 2053
1 44 4347
1 45 4882
1 46 3926
1 47 4699
1 48 6769
1 49 2965
1 50 6674
1 51 7347
1 52 6973
1 53 4769
1 54 3159
1 55 5527
1 56 3694
1 57 6934
1 58 6461
1 59 1651
1 60 1714
1 61 767
1 62 5268
1 63 5637
1 64 7208
1 65 1467
1 66 5605
1 67 5085
1 68 2408
1 69 1997
1 70 1017
2 1 3902
2 3 4614
2 4 5406
2 5 4156
2 6 5128
2 7 2805
2 8 6637
2 9 5702
2 10 3484
2 11 7423
2 12 4314
2 13 7036
2 14 6941
2 15 334
2 16 3324
2 17 6490
2 18 6565
2 19 4219
2 20 7214
2 21 5779
2 22 4033
2 23 2500
2 24 6262
2 25 3185
2 26 49
2 27 6274
2 28 4777
2 29 3151
2 30 2603
2 31 6380
2 32 5709
2 33 4178
2 34 3898
2 35 7234
2 36 6620
2 37 4195
2 38 4063
2 39 4876
2 40 6190
2 41 3032
2 42 808
2 43 3658
2 44 3757
2 45 5381
2 46 3808
2 47 2766
2 48 997
2 49 6032
2 50 3867
2 51 2346
2 52 1858
2 53 6758
2 54 5740
2 55 1017
2 56 7454
2 57 4542
2 58 5977
2 59 7219
2 60 6117
2 61 2546
2 62 3183
2 63 107
2 64 1638
2 65 5093
2 66 522
2 67 612
2 68 2611
2 69 6946
2 70 5437
3 1 3293
3 2 4388
3 4 249
3 5 5362
3 6 333
3 7 5128
3 8 6070
3 9 3632
3 10 2036
3 11 6503
3 12 5374
3 13 3688
3 14 6915
3 15 5257
3 16 5108
3 17 7065
3 18 5078
3 19 5917
3 20 554
3 21 1085
3 22 2843
3 23 5532
3 24 6941
3 25 4952
3 26 3273
3 27 5431
3 28 5568
3 29 3865
3 30 1087
3 31 597
3 32 5789
3 33 6821
3 34 4687
3 35 992
3 36 5340
3 37 6575
3 38 4009
3 39 1209
3 40 2612
3 41 2936
3 42 22
3 43 3003
3 44 2952
3 45 1565
3 46 4607
3 47 866
3 48 2598
3 49 199
3 50 5178
3 51 6498
3 52 478
3 53 6114
3 54 2398
3 55 4197
3 56 3559
3 57 6113
3 58 2620
3 59 997
3 60 513
3 61 5694
3 62 843
3 63 6078
3 64 2152
3 65 5049
3 66 2491
3 67 254
3 68 2829
3 69 1699
3 70 3710
4 1 5563
4 2 6698
4 3 4024
4 5 6256
4 6 5258
4 7 3188
4 8 5453
4 9 1097
4 10 150
4 11 3792
4 12 113
4 13 709
4 14 4569
4 15 2716
4 16 2719
4 17 1566
4 18 4416
4 19 6778
4 20 3315
4 21 1916
4 22 2831
4 23 2494
4 24 7250
4 25 2592
4 26 1687
4 27 2682
4 28 465
4 29 174
4 30 4823
4 31 6407
4 32 3418
4 33 5586
4 34 7153
4 35 4921
4 36 2132
4 37 3341
4 38 6986
4 39 1747
4 40 1552
4 41 5625
4 42 2757
4 43 4648
4 44 2098
4 45 3692
4 46 121
4 47 769
4 48 4747
4 49 363
4 50 2036
4 51 4670
4 52 4133
4 53 4429
4 54 4233
4 55 1878
4 56 1179
4 57 4614
4 58 1251
4 59 5715
4 60 6345
4 61 4174
4 62 7226
4 63 4319
4 64 500
4 65 7285
4 66 336
4 67 3682
4 68 21
4 69 7341
4 70 5497
5 1 2838
5 2 2295
5 3 2124
5 4 6097
5 6 7275
5 7 2546
5 8 709
5 9 7408
5 10 4991
5 11 4146
5 12 6656
5 13 5271
5 14 2730
5 15 5193
5 16 2399
5 17 4911
5 18 2812
5 19 6548
5 20 856
5 21 2312
5 22 1666
5 23 3567
5 24 6397
5 25 7007
5 26 5649
5 27 5039
5 28 6407
5 29 669
5 30 4632
5 31 5418
5 32 3865
5 33 6792
5 34 5222
5 35 5863
5 36 1779
5 37 7004
5 38 2778
5 39 4154
5 40 7482
5 41 444
5 42 6882
5 43 6204
5 44 3874
5 45 2651
5 46 619
5 47 5249
5 48 3449
5 49 2643
5 50 1441
5 51 2404
5 52 1807
5 53 518
5 54 5559
5 55 1083
5 56 3188
5 57 4947
5 58 4873
5 59 2251
5 60 3776
5 61 6599
5 62 5893
5 63 4596
5 64 2015
5 65 6430
5 66 627
5 67 5379
5 68 5224
5 69 6604
5 70 2582
6 1 946
6 2 4515
6 3 3960
6 4 746
6 5 1997
6 7 3997
6 8 6380
6 9 5203
6 10 4181
6 11 4487
6 12 5438
6 13 7440
6 14 4331
6 15 1599
6 16 2115
6 17 6052
6 18 5080
6 19 1619
6 20 1539
6 21 2820
6 22 1622
6 23 3859
6 24 7091
6 25 5130
6 26 3465
6 27 631
6 28 6378
6 29 354
6 30 2527
6 31 1369
6 32 6746
6 33 3832
6 34 2229
6 35 1091
6 36 5305
6 37 6691
6 38 1955
6 39 367
6 40 5832
6 41 6166
6 42 569
6 43 5945
6 44 1478
6 45 2589
6 46 6125
6 47 2381
6 48 6660
6 49 80
6 50 3786
6 51 1531
6 52 1382
6 53 2490
6 54 5157
6 55 666
6 56 6886
6 57 5835
6 58 3771
6 59 1861
6 60 2362
6 61 1127
6 62 4326
6 63 3350
6 64 1392
6 65 6066
6 66 4135
6 67 4994
6 68 1272
6 69 5023
6 70 885
7 1 1262
7 2 7144
7 3 2987
7 4 1838
7 5 5252
7 6 532
7 8 635
7 9 3400
7 10 187
7 11 2356
7 12 4691
7 13 81
7 14 5459
7 15 939
7 16 6076
7 17 556
7 18 6475
7 19 3822
7 20 5806
7 21 934
7 22 938
7 23 7077
7 24 716
7 25 1870
7 26 5434
7 27 5143
7 28 6898
7 29 1932
7 30 4995
7 31 2979
7 32 1991
7 33 3683
7 34 76
7 35 1210
7 36 5956
7 37 1944
7 38 2255
7 39 2376
7 40 3680
7 41 3015
7 42 237
7 43 4022
7 44 6018
7 45 6058
7 46 7080
7 47 4823
7 48 3552
7 49 6188
7 50 318
7 51 2881
7 52 4663
7 53 3903
7 54 1627
7 55 6254
7 56 4713
7 57 6831
7 58 2919
7 59 3595
7 60 5314
7 61 2677
7 62 660
7 63 6254
7 64 5917
7 65 7447
7 66 5029
7 67 4355
7 68 2886
7 69 543
7 70 2182
8 1 1957
8 2 6976
8 3 3342
8 4 3351
8 5 3957
8 6 2790
8 7 6965
8 9 6256
8 10 2488
8 11 3664
8 12 6045
8 13 112
8 14 4075
8 15 4573
8 16 1165
8 17 6775
8 18 22
8 19 7049
8 20 3763
8 21 4114
8 22 7014
8 23 5799
8 24 2790
8 25 2541
8 26 1148
8 27 1908
8 28 6599
8 29 6858
8 30 4711
8 31 6453
8 32 2921
8 33 3445
8 34 2760
8 35 827
8 36 2905
8 37 6041
8 38 2283
8 39 501
8 40 4036
8 41 951
8 42 5524
8 43 3737
8 44 237
8 45 537
8 46 6624
8 47 7274
8 48 6248
8 49 1693
8 50 3487
8 51 745
8 52 5384
8 53 2398
8 54 3143
8 55 83
8 56 5893
8 57 1199
8 58 6511
8 59 4752
8 60 5806
8 61 466
8 62 378
8 63 4083
8 64 1162
8 65 2128
8 66 7071
8 67 5638
8 68 1583
8 69 1362
8 70 6116
9 1 1381
9 2 6076
9 3 27
9 4 2343
9 5 3380
9 6 704
9 7 4151
9 8 141
9 10 3780
9 11 6049
9 12 1184
9 13 4405
9 14 2219
9 15 6114
9 16 4990
9 17 2480
9 18 1997
9 19 1463
9 20 1720
9 21 6323
9 22 7037
9 23 1200
9 24 140
9 25 7327
9 26 2200
9 27 1526
9 28 3850
9 29 7129
9 30 3604
9 31 5745
9 32 7425
9 33 3650
9 34 2240
9 35 2279
9 36 3114
9 37 6985
9 38 82
9 39 6531
9 40 1652
9 41 712
9 42 5076
9 43 7414
9 44 5941
9 45 4698
9 46 2516
9 47 4081
9 48 4419
9 49 1308
9 50 1198
9 51 5988
9 52 1846
9 53 3367
9 54 5940
9 55 5546
9 56 2544
9 57 5457
9 58 250
9 59 5625
9 60 3056
9 61 3791
9 62 7364
9 63 6190
9 64 3413
9 65 4563
9 66 4569
9 67 3527
9 68 5999
9 69 2535
9 70 2410
10 1 810
10 2 3544
10 3 47
10 4 3200
10 5 753
10 6 1968
10 7 3345
10 8 4298
10 9 5360
10 11 2140
10 12 3309
10 13 6088
10 14 3581
10 15 1543
10 16 4556
10 17 4409
10 18 2761
10 19 5286
10 20 2783
10 21 4702
10 22 1259
10 23 4746
10 24 7014
10 25 4467
10 26 6622
10 27 4297
10 28 4879
10 29 1658
10 30 5479
10 31 4321
10 32 3373
10 33 5828
10 34 1829
10 35 2687
10 36 3574
10 37 2013
10 38 6432
10 39 3250
10 40 4988
10 41 1495
10 42 4286
10 43 682
10 44 4708
10 45 2977
10 46 3875
10 47 4734
10 48 2091
10 49 3913
10 50 2713
10 51 5764
10 52 5694
10 53 6296
10 54 4608
10 55 1209
10 56 6809
10 57 5614
10 58 256
10 59 2295
10 60 3215
10 61 3629
10 62 590
10 63 1869
10 64 2559
10 65 5789
10 66 644
10 67 472
10 68 3162
10 69 6242
10 70 4330
11 1 7168
11 2 2482
11 3 933
11 4 6215
11 5 7363
11 6 5584
11 7 7064
11 8 594
11 9 1942
11 10 269
11 12 7454
11 13 5515
11 14 106
11 15 6820
11 16 7474
11 17 3250
11 18 6108
11 19 6539
11 20 7202
11 21 4526
11 22 1863
11 23 4260
11 24 3994
11 25 404
11 26 5534
11 27 5243
11 28 6001
11 29 2858
11 30 2804
11 31 2933
11 32 2079
11 33 2607
11 34 6294
11 35 6538
11 36 407
11 37 1983
11 38 2637
11 39 4284
11 40 1538
11 41 4443
11 42 1715
11 43 6068
11 44 6494
11 45 4235
11 46 6849
11 47 5674
11 48 811
11 49 6619
11 50 1654
11 51 4735
11 52 2305
11 53 7107
11 54 2065
11 55 2804
11 56 1188
11 57 5282
11 58 2872
11 59 2898
11 60 4458
11 61 5151
11 62 4480
11 63 188
11 64 1426
11 65 4201
11 66 4987
11 67 2377
11 68 2990
11 69 3104
11 70 2046
12 1 5950
12 2 6985
12 3 864
12 4 3438
12 5 1910
12 6 5415
12 7 2749
12 8 443
12 9 6780
12 10 5448
12 11 6948
12 13 2363
12 14 2973
12 15 1711
12 16 1075
12 17 4389
12 18 5265
12 19 4361
12 20 6349
12 21 4788
12 22 774
12 23 3847
12 24 1405
12 25 6309
12 26 3305
12 27 7134
12 28 5961
12 29 3523
12 30 6812
12 31 4772
12 32 7422
12 33 266
12 34 6011
12 35 2764
12 36 3711
12 37 4918
12 38 6924
12 39 6626
12 40 978
12 41 724
12 42 3835
12 43 5157
12 44 4515
12 45 464
12 46 1247
12 47 4495
12 48 5408
12 49 7008
12 50 3417
12 51 6885
12 52 7413
12 53 312
12 54 2699
12 55 4190
12 56 338
12 57 5910
12 58 2531
12 59 6072
12 60 703
12 61 3025
12 62 1405
12 63 3074
12 64 619
12 65 6248
12 66 3916
12 67 4583
12 68 290
12 69 3009
12 70 3628
13 1 4489
13 2 2753
13 3 7357
13 4 4204
13 5 3831
13 6 3551
13 7 6775
13 8 1538
13 9 3743
13 10 3899
13 11 2457
13 12 4401
13 14 4557
13 15 3272
13 16 1609
13 17 3367
13 18 2843
13 19 1811
13 20 6760
13 21 5664
13 22 3146
13 23 4022
13 24 3496
13 25 7161
13 26 656
13 27 710
13 28 1668
13 29 1122
13 30 5883
13 31 5835
13 32 1884
13 33 2242
13 34 5497
13 35 1643
13 36 2405
13 37 6759
13 38 3007
13 39 81
13 40 3188
13 41 4895
13 42 4740
13 43 4410
13 44 5915
13 45 6605
13 46 1147
13 47 7404
13 48 363
13 49 7284
13 50 7208
13 51 5257
13 52 5130
13 53 87
13 54 6558
13 55 4412
13 56 1064
13 57 6203
13 58 6940
13 59 4148
13 60 1603
13 61 6559
13 62 3331
13 63 7123
13 64 2806
13 65 7191
13 66 1066
13 67 2914
13 68 6203
13 69 2678
13 70 154
14 1 2496
14 2 5637
14 3 3013
14 4 6405
14 5 2131
14 6 386
14 7 300
14 8 1863
14 9 4031
14 10 760
14 11 6828
14 12 2733
14 13 4689
14 15 4249
14 16 2335
14 17 1234
14 18 2093
14 19 6057
14 20 2230
14 21 3334
14 22 997
14 23 2437
14 24 1283
14 25 4045
14 26 157
14 27 2388
14 28 1034
14 29 1009
14 30 368
14 31 1167
14 32 4506
14 33 2669
14 34 1209
14 35 6844
14 36 679
14 37 4556
14 38 7062
14 39 4941
14 40 4454
14 41 3255
14 42 1159
14 43 787
14 44 7038
14 45 3193
14 46 6937
14 47 981
14 48 1233
14 49 614
14 50 5
14 51 6382
14 52 4799
14 53 3471
14 54 5161
14 55 2150
14 56 7157
14 57 5782
14 58 5261
14 59 1406
14 60 6617
14 61 5783
14 62 6659
14 63 6039
14 64 5130
14 65 4579
14 66 4345
14 67 5541
14 68 437
14 69 3197
14 70 39
15 1 6334
15 2 4272
15 3 7143
15 4 4988
15 5 3416
15 6 4785
15 7 5899
15 8 3544
15 9 223
15 10 128
15 11 1271
15 12 2258
15 13 4153
15 14 1158
15 16 5987
15 17 3433
15 18 4858
15 19 4589
15 20 2553
15 21 7433
15 22 1304
15 23 1200
15 24 5246
15 25 4201
15 26 5942
15 27 1757
15 28 302
15 29 6741
15 30 6446
15 31 3865
15 32 2307
15 33 6446
15 34 4102
15 35 2624
15 36 6026
15 37 4506
15 38 2058
15 39 6432
15 40 2379
15 41 3207
15 42 5999
15 43 5544
15 44 3405
15 45 4324
15 46 5421
15 47 3422
15 48 7075
15 49 3580
15 50 2494
15 51 1604
15 52 4065
15 53 94
15 54 5061
15 55 5846
15 56 5246
15 57 636
15 58 431
15 59 6084
15 60 4121
15 61 3066
15 62 5511
15 63 7459
15 64 3189
15 65 823
15 66 659
15 67 667
15 68 201
15 69 6904
15 70 7317
16 1 843
16 2 3401
16 3 2979
16 4 529
16 5 1347
16 6 3185
16 7 2101
16 8 2939
16 9 6626
16 10 6357
16 11 2114
16 12 1040
16 13 5692
16 14 4104
16 15 1716
16 17 1918
16 18 45
16 19 1263
16 20 6208
16 21 3114
16 22 1737
16 23 786
16 24 2058
16 25 5573
16 26 5546
16 27 256
16 28 1164
16 29 2009
16 30 3980
16 31 7169
16 32 856
16 33 5267
16 34 7170
16 35 538
16 36 6482
16 37 1390
16 38 1891
16 39 4785
16 40 755
16 41 5926
16 42 2630
16 43 4674
16 44 6344
16 45 7026
16 46 1411
16 47 5500
16 48 1629
16 49 7179
16 50 1067
16 51 2906
16 52 6565
16 53 7074
16 54 1052
16 55 1142
16 56 5998
16 57 427
16 58 3715
16 59 178
16 60 7241
16 61 327
16 62 236
16 63 4942
16 64 3924
16 65 7087
16 66 5081
16 67 3608
16 68 5751
16 69 4198
16 70 6279
17 1 1713
17 2 3739
17 3 1615
17 4 2175
17 5 406
17 6 4455
17 7 7076
17 8 6189
17 9 3929
17 10 2199
17 11 3495
17 12 142
17 13 6111
17 14 1442
17 15 4902
17 16 6878
17 18 4467
17 19 1816
17 20 2010
17 21 4217
17 22 6931
17 23 5308
17 24 6074
17 25 3528
17 26 6506
17 27 5961
17 28 1160
17 29 1300
17 30 6918
17 31 1095
17 32 4338
17 33 76
17 34 2907
17 35 4872
17 36 1152
17 37 1346
17 38 6336
17 39 4509
17 40 3850
17 41 4953
17 42 4801
17 43 4535
17 44 1247
17 45 3975
17 46 4689
17 47 2259
17 48 5676
17 49 5151
17 50 1309
17 51 6218
17 52 148
17 53 5935
17 54 3351
17 55 5969
17 56 7052
17 57 2580
17 58 6467
17 59 7071
17 60 6666
17 61 6904
17 62 2082
17 63 1451
17 64 6381
17 65 6197
17 66 7088
17 67 2095
17 68 5563
17 69 6454
17 70 6730
18 1 4971
18 2 989
18 3 1608
18 4 2367
18 5 3601
18 6 729
18 7 5139
18 8 967
18 9 79
18 10 4452
18 11 6907
18 12 4126
18 13 4200
18 14 1716
18 15 1663
18 16 3936
18 17 5615
18 19 2588
18 20 1768
18 21 1644
18 22 4234
18 23 2574
18 24 261
18 25 1345
18 26 2501
18 27 982
18 28 7342
18 29 2882
18 30 2312
18 31 5225
18 32 118
18 33 1047
18 34 3315
18 35 7071
18 36 3910
18 37 1802
18 38 3430
18 39 5535
18 40 3762
18 41 4262
18 42 3873
18 43 2970
18 44 5854
18 45 3884
18 46 5058
18 47 2357
18 48 121
18 49 4045
18 50 2472
18 51 6879
18 52 5373
18 53 6772
18 54 250
18 55 7044
18 56 6008
18 57 5938
18 58 333
18 59 5466
18 60 1791
18 61 7241
18 62 2269
18 63 817
18 64 3096
18 65 3208
18 66 6112
18 67 6176
18 68 3561
18 69 5427
18 70 2685
19 1 2865
19 2 3150
19 3 1280
19 4 882
19 5 3198
19 6 1992
19 7 127
19 8 5781
19 9 5047
19 10 4635
19 11 3061
19 12 7465
19 13 1001
19 14 4576
19 15 4860
19 16 3179
19 17 6232
19 18 1654
19 20 2711
19 21 3848
19 22 4338
19 23 2278
19 24 1473
19 25 3784
19 26 2265
19 27 7061
19 28 3362
19 29 6112
19 30 1788
19 31 5744
19 32 1739
19 33 5418
19 34 5469
19 35 621
19 36 926
19 37 6173
19 38 6143
19 39 4636
19 40 6103
19 41 1689
19 42 7063
19 43 3396
19 44 6020
19 45 3163
19 46 736
19 47 1194
19 48 7352
19 49 291
19 50 746
19 51 6733
19 52 816
19 53 5986
19 54 3764
19 55 1929
19 56 7160
19 57 2681
19 58 1191
19 59 7165
19 60 7402
19 61 1783
19 62 3456
19 63 2315
19 64 5769
19 65 4351
19 66 534
19 67 2065
19 68 751
19 69 7398
19 70 5613
20 1 554
20 2 3282
20 3 4034
20 4 4035
20 5 4154
20 6 683
20 7 5176
20 8 1144
20 9 5796
20 10 3547
20 11 3436
20 12 1776
20 13 4982
20 14 5555
20 15 4780
20 16 4420
20 17 4027
20 18 6448
20 19 3140
20 21 993
20 22 1180
20 23 1197
20 24 4842
20 25 2992
20 26 5783
20 27 1125
20 28 592
20 29 4320
20 30 3861
20 31 1363
20 32 2005
20 33 2723
20 34 2186
20 35 3779
20 36 1639
20 37 3240
20 38 2704
20 39 2795
20 40 2538
20 41 3168
20 42 3643
20 43 4435
20 44 4902
20 45 2456
20 46 2473
20 47 5203
20 48 2243
20 49 5954
20 50 1917
20 51 6339
20 52 7013
20 53 21
20 54 1232
20 55 7116
20 56 514
20 57 4524
20 58 4336
20 59 7322
20 60 1878
20 61 1608
20 62 7236
20 63 7008
20 64 3419
20 65 5043
20 66 144
20 67 119
20 68 1691
20 69 1867
20 70 4797
21 1 2410
21 2 7245
21 3 7276
21 4 4357
21 5 2393
21 6 2888
21 7 6790
21 8 6428
21 9 865
21 10 1070
21 11 5689
21 12 1030
21 13 2443
21 14 7399
21 15 5060
21 16 3756
21 17 2994
21 18 867
21 19 6242
21 20 2794
21 22 6733
21 23 2057
21 24 3086
21 25 7471
21 26 4133
21 27 4839
21 28 1692
21 29 4794
21 30 6121
21 31 571
21 32 4333
21 33 3218
21 34 4672
21 35 3906
21 36 6675
21 37 4409
21 38 1012
21 39 6964
21 40 1432
21 41 4066
21 42 2835
21 43 6268
21 44 1195
21 45 894
21 46 1031
21 47 5136
21 48 6270
21 49 5390
21 50 4738
21 51 3372
21 52 5838
21 53 850
21 54 2387
21 55 3333
21 56 2172
21 57 4716
21 58 4884
21 59 2800
21 60 4747
21 61 7007
21 62 4095
21 63 5971
21 64 272
21 65 6314
21 66 1002
21 67 2780
21 68 2718
21 69 5003
21 70 1653
22 1 6221
22 2 6866
22 3 65
22 4 7008
22 5 4371
22 6 894
22 7 67
22 8 756
22 9 3827
22 10 4044
22 11 2369
22 12 6855
22 13 6768
22 14 6583
22 15 6468
22 16 5262
22 17 3452
22 18 2913
22 19 4059
22 20 7181
22 21 5253
22 23 110
22 24 3889
22 25 4252
22 26 6916
22 27 1191
22 28 5661
22 29 4541
22 30 6405
22 31 1788
22 32 156
22 33 4871
22 34 5330
22 35 557
22 36 3236
22 37 2031
22 38 1685
22 39 1906
22 40 3116
22 41 6964
22 42 3632
22 43 1089
22 44 1696
22 45 295
22 46 743
22 47 3693
22 48 2379
22 49 271
22 50 2944
22 51 6323
22 52 5107
22 53 5043
22 54 7284
22 55 1558
22 56 4776
22 57 6619
22 58 947
22 59 1494
22 60 2874
22 61 2861
22 62 526
22 63 2580
22 64 6808
22 65 5249
22 66 3171
22 67 4519
22 68 7226
22 69 4625
22 70 3924
23 1 2740
23 2 4187
23 3 2708
23 4 6003
23 5 2624
23 6 2464
23 7 5748
23 8 2679
23 9 4492
23 10 2739
23 11 1500
23 12 3847
23 13 5160
23 14 5796
23 15 3607
23 16 4166
23 17 5736
23 18 1964
23 19 1506
23 20 1015
23 21 719
23 22 4761
23 24 6110
23 25 2335
23 26 888
23 27 2237
23 28 2356
23 29 751
23 30 6508
23 31 1089
23 32 2115
23 33 248
23 34 4424
23 35 2492
23 36 7481
23 37 2665
23 38 534
23 39 2581
23 40 436
23 41 810
23 42 4304
23 43 4366
23 44 7194
23 45 6804
23 46 4904
23 47 1816
23 48 6464
23 49 1329
23 50 477
23 51 4822
23 52 7319
23 53 677
23 54 3497
23 55 7065
23 56 4651
23 57 708
23 58 385
23 59 2116
23 60 4675
23 61 4193
23 62 6427
23 63 4669
23 64 5817
23 65 2732
23 66 1195
23 67 2974
23 68 1871
23 69 6258
23 70 2157
24 1 3312
24 2 2177
24 3 1009
24 4 2573
24 5 5124
24 6 5561
24 7 2345
24 8 1545
24 9 915
24 10 179
24 11 4451
24 12 5748
24 13 5937
24 14 4511
24 15 5533
24 16 6758
24 17 6595
24 18 5065
24 19 5283
24 20 6909
24 21 3487
24 22 4927
24 23 647
24 25 1992
24 26 1873
24 27 3105
24 28 3365
24 29 1353
24 30 2405
24 31 4868
24 32 4208
24 33 3546
24 34 565
24 35 4448
24 36 5519
24 37 2955
24 38 3204
24 39 4254
24 40 2284
24 41 3878
24 42 6856
24 43 5658
24 44 3220
24 45 335
24 46 2852
24 47 2529
24 48 3077
24 49 3029
24 50 4559
24 51 5271
24 52 2818
24 53 1325
24 54 4491
24 55 2668
24 56 2712
24 57 4195
24 58 4501
24 59 6656
24 60 4079
24 61 1135
24 62 3755
24 63 7110
24 64 2021
24 65 5260
24 66 460
24 67 3500
24 68 340
24 69 321
24 70 6902
25 1 288
25 2 3093
25 3 6927
25 4 4221
25 5 2734
25 6 7183
25 7 5702
25 8 6124
25 9 5690
25 10 877
25 11 3766
25 12 3129
25 13 2200
25 14 1757
25 15 1483
25 16 3163
25 17 5589
25 18 5857
25 19 421
25 20 3290
25 21 3411
25 22 5091
25 23 1301
25 24 4578
25 26 5457
25 27 6896
25 28 4894
25 29 903
25 30 7036
25 31 2336
25 32 6559
25 33 2641
25 34 5864
25 35 2971
25 36 134
25 37 1003
25 38 7452
25 39 4654
25 40 2742
25 41 3416
25 42 4591
25 43 6726
25 44 1216
25 45 2264
25 46 7389
25 47 5105
25 48 2301
25 49 3672
25 50 2611
25 51 1408
25 52 1901
25 53 2964
25 54 2090
25 55 5485
25 56 1552
25 57 3781
25 58 4385
25 59 3922
25 60 4400
25 61 435
25 62 6437
25 63 1772
25 64 5385
25 65 6018
25 66 6870
25 67 3917
25 68 3469
25 69 3759
25 70 4723
26 1 5697
26 2 4437
26 3 4481
26 4 2803
26 5 821
26 6 6057
26 7 932
26 8 3279
26 9 3006
26 10 4594
26 11 6380
26 12 2255
26 13 5293
26 14 3151
26 15 4590
26 16 1975
26 17 2676
26 18 306
26 19 6270
26 20 3682
26 21 3875
26 22 5837
26 23 4216
26 24 6118
26 25 6110
26 27 1294
26 28 5482
26 29 1054
26 30 1396
26 31 6114
26 32 2055
26 33 6374
26 34 7080
26 35 6516
26 36 3069
26 37 1554
26 38 5434
26 39 1849
26 40 5063
26 41 6195
26 42 1804
26 43 328
26 44 2599
26 45 703
26 46 3009
26 47 6698
26 48 532
26 49 5284
26 50 3373
26 51 2212
26 52 3820
26 53 4770
26 54 6767
26 55 4182
26 56 6498
26 57 3822
26 58 3547
26 59 6316
26 60 3061
26 61 2687
26 62 698
26 63 4950
26 64 4001
26 65 4854
26 66 3499
26 67 2731
26 68 7038
26 69 2777
26 70 5342
27 1 7233
27 2 74
27 3 2666
27 4 2025
27 5 6322
27 6 7072
27 7 2045
27 8 3646
27 9 3614
27 10 2358
27 11 6510
27 12 1185
27 13 3463
27 14 4874
27 15 923
27 16 6350
27 17 145
27 18 3721
27 19 683
27 20 3303
27 21 4807
27 22 4179
27 23 279
27 24 3397
27 25 1341
27 26 682
27 28 359
27 29 1830
27 30 5158
27 31 1639
27 32 3149
27 33 5090
27 34 5206
27 35 95
27 36 3311
27 37 3055
27 38 5953
27 39 2221
27 40 5968
27 41 2647
27 42 5097
27 43 7112
27 44 5194
27 45 1626
27 46 6833
27 47 7247
27 48 7267
27 49 3443
27 50 2089
27 51 2050
27 52 5167
27 53 5107
27 54 3694
27 55 4512
27 56 3782
27 57 227
27 58 6631
27 59 1408
27 60 3866
27 61 2762
27 62 4301
27 63 2465
27 64 7348
27 65 3959
27 66 4475
27 67 1366
27 68 6318
27 69 52
27 70 5726
28 1 3237
28 2 6431
28 3 1740
28 4 4206
28 5 6572
28 6 3825
28 7 1121
28 8 6971
28 9 6197
28 10 5034
28 11 4850
28 12 4373
28 13 84
28 14 5112
28 15 4980
28 16 5638
28 17 3539
28 18 5686
28 19 1677
28 20 6865
28 21 6456
28 22 4914
28 23 890
28 24 697
28 25 1548
28 26 4608
28 27 1396
28 29 4426
28 30 4027
28 31 5595
28 32 1148
28 33 1844
28 34 7176
28 35 3434
28 36 2771
28 37 5249
28 38 2023
28 39 6758
28 40 3598
28 41 368
28 42 909
28 43 1256
28 44 192
28 45 944
28 46 2160
28 47 2833
28 48 3439
28 49 486
28 50 4038
28 51 6810
28 52 846
28 53 968
28 54 2089
28 55 4198
28 56 705
28 57 6895
28 58 3061
28 59 1278
28 60 4160
28 61 4738
28 62 2006
28 63 599
28 64 320
28 65 4485
28 66 1316
28 67 6649
28 68 4982
28 69 7158
28 70 7169
29 1 4612
29 2 6160
29 3 4909
29 4 1362
29 5 5420
29 6 3936
29 7 2706
29 8 4653
29 9 7434
29 10 7181
29 11 472
29 12 18
29 13 3622
29 14 2627
29 15 3598
29 16 1574
29 17 4341
29 18 5594
29 19 131
29 20 813
29 21 6283
29 22 1765
29 23 231
29 24 3732
29 25 2544
29 26 3026
29 27 1491
29 28 4073
29 30 2213
29 31 687
29 32 6322
29 33 3190
29 34 1762
29 35 2999
29 36 3835
29 37 6084
29 38 3728
29 39 3337
29 40 1716
29 41 1598
29 42 608
29 43 5747
29 44 20
29 45 5809
29 46 2097
29 47 16
29 48 881
29 49 4939
29 50 1632
29 51 6490
29 52 6895
29 53 7219
29 54 3934
29 55 5659
29 56 5291
29 57 2117
29 58 4702
29 59 3816
29 60 4992
29 61 758
29 62 3723
29 63 5291
29 64 502
29 65 5142
29 66 5376
29 67 5272
29 68 3666
29 69 3894
29 70 6171
30 1 4496
30 2 4795
30 3 3248
30 4 6401
30 5 6510
30 6 245
30 7 7465
30 8 2895
30 9 1894
30 10 833
30 11 1101
30 12 1021
30 13 3348
30 14 7469
30 15 5172
30 16 3674
30 17 5986
30 18 2880
30 19 1205
30 20 7142
30 21 2426
30 22 4841
30 23 1067
30 24 3961
30 25 5057
30 26 5504
30 27 3255
30 28 557
30 29 508
30 31 3757
30 32 1479
30 33 1584
30 34 4280
30 35 7069
30 36 2312
30 37 3135
30 38 4710
30 39 905
30 40 1822
30 41 4193
30 42 6332
30 43 1328
30 44 99
30 45 5007
30 46 6698
30 47 2297
30 48 2357
30 49 3062
30 50 6943
30 51 5247
30 52 5651
30 53 7193
30 54 6226
30 55 1731
30 56 6051
30 57 952
30 58 7163
30 59 1119
30 60 6784
30 61 6948
30 62 841
30 63 3508
30 64 4617
30 65 5094
30 66 6179
30 67 5084
30 68 6964
30 69 3567
30 70 6261
31 1 6084
31 2 55
31 3 4424
31 4 1554
31 5 2520
31 6 51
31 7 2432
31 8 3609
31 9 3747
31 10 2165
31 11 3641
31 12 3309
31 13 6536
31 14 2474
31 15 4021
31 16 4425
31 17 2772
31 18 4606
31 19 3947
31 20 1282
31 21 6972
31 22 2939
31 23 7200
31 24 5528
31 25 4642
31 26 4893
31 27 972
31 28 722
31 29 3826
31 30 2525
31 32 2200
31 33 202
31 34 2322
31 35 6196
31 36 6361
31 37 878
31 38 256
31 39 4131
31 40 2474
31 41 2678
31 42 1614
31 43 3981
31 44 5572
31 45 3801
31 46 3099
31 47 5743
31 48 321
31 49 5777
31 50 2021
31 51 621
31 52 3895
31 53 6685
31 54 5559
31 55 3984
31 56 3216
31 57 7397
31 58 3882
31 59 4164
31 60 717
31 61 5193
31 62 6094
31 63 3262
31 64 121
31 65 435
31 66 6696
31 67 2554
31 68 230
31 69 1746
31 70 2822
32 1 5070
32 2 6836
32 3 2515
32 4 6502
32 5 6566
32 6 3349
32 7 7057
32 8 742
32 9 4073
32 10 2761
32 11 1863
32 12 482
32 13 283
32 14 6149
32 15 5340
32 16 2268
32 17 7099
32 18 659
32 19 6236
32 20 4987
32 21 1291
32 22 99
32 23 5166
32 24 5013
32 25 5203
32 26 2241
32 27 2846
32 28 868
32 29 1886
32 30 1143
32 31 3272
32 33 2250
32 34 1306
32 35 5616
32 36 4680
32 37 4529
32 38 1329
32 39 4154
32 40 3225
32 41 1388
32 42 2593
32 43 4239
32 44 1117
32 45 723
32 46 3823
32 47 737
32 48 1399
32 49 4661
32 50 817
32 51 1622
32 52 1798
32 53 3078
32 54 2606
32 55 2276
32 56 5680
32 57 5897
32 58 3362
32 59 7208
32 60 371
32 61 5230
32 62 944
32 63 2901
32 64 3434
32 65 2505
32 66 6106
32 67 2606
32 68 876
32 69 2440
32 70 254
33 1 3999
33 2 2528
33 3 5148
33 4 1961
33 5 6644
33 6 1412
33 7 1424
33 8 2415
33 9 7001
33 10 5304
33 11 6821
33 12 4698
33 13 4861
33 14 2245
33 15 7245
33 16 904
33 17 4303
33 18 4117
33 19 2141
33 20 1097
33 21 4950
33 22 1537
33 23 6007
33 24 3535
33 25 3617
33 26 7046
33 27 191
33 28 3984
33 29 1681
33 30 3855
33 31 1031
33 32 201
33 34 5652
33 35 874
33 36 5652
33 37 6547
33 38 3008
33 39 2059
33 40 762
33 41 1476
33 42 4736
33 43 3728
33 44 4247
33 45 2128
33 46 2962
33 47 2769
33 48 481
33 49 705
33 50 1388
33 51 1641
33 52 7365
33 53 2566
33 54 1484
33 55 3931
33 56 4890
33 57 6037
33 58 2320
33 59 4925
33 60 6596
33 61 4680
33 62 5847
33 63 3129
33 64 4285
33 65 54
33 66 2587
33 67 2594
33 68 5657
33 69 5315
33 70 2645
34 1 2982
34 2 1286
34 3 6368
34 4 6826
34 5 264
34 6 470
34 7 3533
34 8 1455
34 9 1151
34 10 3769
34 11 298
34 12 4897
34 13 5978
34 14 3789
34 15 7471
34 16 6069
34 17 6479
34 18 5436
34 19 5628
34 20 3612
34 21 4882
34 22 4002
34 23 6612
34 24 4178
34 25 4835
34 26 4807
34 27 1324
34 28 1100
34 29 6289
34 30 603
34 31 3162
34 32 1253
34 33 7352
34 35 2801
34 36 397
34 37 822
34 38 5422
34 39 446
34 40 2616
34 41 1705
34 42 936
34 43 676
34 44 4595
34 45 6997
34 46 6600
34 47 6180
34 48 3364
34 49 7267
34 50 4503
34 51 658
34 52 5666
34 53 5914
34 54 4147
34 55 4545
34 56 2009
34 57 601
34 58 797
34 59 6677
34 60 863
34 61 3092
34 62 3772
34 63 6502
34 64 2848
34 65 6792
34 66 3808
34 67 4920
34 68 745
34 69 5704
34 70 79
35 1 420
35 2 5759
35 3 5443
35 4 2346
35 5 2453
35 6 1990
35 7 1548
35 8 4527
35 9 4140
35 10 4043
35 11 2006
35 12 750
35 13 1928
35 14 7476
35 15 4121
35 16 6419
35 17 5177
35 18 3862
35 19 2729
35 20 1190
35 21 3682
35 22 2747
35 23 7230
35 24 835
35 25 4206
35 26 4512
35 27 2288
35 28 1107
35 29 2807
35 30 2674
35 31 2529
35 32 4781
35 33 4399
35 34 3786
35 36 4071
35 37 721
35 38 2944
35 39 1248
35 40 4391
35 41 6606
35 42 2768
35 43 3980
35 44 6160
35 45 5767
35 46 3951
35 47 3570
35 48 5572
35 49 1456
35 50 1763
35 51 3850
35 52 4739
35 53 1435
35 54 1468
35 55 3844
35 56 732
35 57 4323
35 58 6222
35 59 1927
35 60 7331
35 61 1983
35 62 4221
35 63 4772
35 64 1038
35 65 362
35 66 75
35 67 6283
35 68 4759
35 69 5015
35 70 6604
36 1 1646
36 2 652
36 3 3336
36 4 680
36 5 7176
36 6 4963
36 7 5010
36 8 2032
36 9 6451
36 10 1020
36 11 4771
36 12 3358
36 13 6902
36 14 5017
36 15 1370
36 16 2405
36 17 4398
36 18 6066
36 19 1760
36 20 7297
36 21 1337
36 22 3193
36 23 3646
36 24 2011
36 25 955
36 26 854
36 27 6148
36 28 6782
36 29 5784
36 30 1957
36 31 3851
36 32 1877
36 33 85
36 34 1457
36 35 4249
36 37 13
36 38 3830
36 39 324
36 40 983
36 41 7080
36 42 6369
36 43 7241
36 44 598
36 45 7276
36 46 614
36 47 6206
36 48 96
36 49 174
36 50 5310
36 51 86
36 52 6547
36 53 2990
36 54 5214
36 55 4668
36 56 4107
36 57 3034
36 58 1861
36 59 5461
36 60 4053
36 61 5185
36 62 4945
36 63 2984
36 64 4837
36 65 2584
36 66 7267
36 67 3471
36 68 5341
36 69 992
36 70 3862
37 1 130
37 2 5517
37 3 657
37 4 6849
37 5 5054
37 6 6546
37 7 6438
37 8 5376
37 9 7121
37 10 6872
37 11 6776
37 12 3257
37 13 5818
37 14 2636
37 15 2412
37 16 4227
37 17 3928
37 18 2081
37 19 1225
37 20 1371
37 21 7018
37 22 5213
37 23 921
37 24 416
37 25 6273
37 26 3213
37 27 2761
37 28 6434
37 29 1753
37 30 2374
37 31 1958
37 32 2888
37 33 1342
37 34 1617
37 35 5644
37 36 552
37 38 6046
37 39 4858
37 40 667
37 41 3485
37 42 5589
37 43 1724
37 44 4047
37 45 858
37 46 255
37 47 3144
37 48 5344
37 49 5685
37 50 1821
37 51 3893
37 52 5444
37 53 5004
37 54 6725
37 55 4246
37 56 147
37 57 418
37 58 2262
37 59 2429
37 60 5921
37 61 7433
37 62 2808
37 63 2918
37 64 1484
37 65 5621
37 66 719
37 67 5261
37 68 3999
37 69 4143
37 70 3324
38 1 2278
38 2 1598
38 3 231
38 4 4318
38 5 5273
38 6 2653
38 7 1055
38 8 3267
38 9 2540
38 10 5622
38 11 7383
38 12 6107
38 13 4174
38 14 2981
38 15 1368
38 16 2330
38 17 2568
38 18 1913
38 19 7219
38 20 2661
38 21 1162
38 22 1545
38 23 6804
38 24 4627
38 25 2627
38 26 260
38 27 2448
38 28 4592
38 29 6062
38 30 4515
38 31 1009
38 32 4811
38 33 3222
38 34 2058
38 35 5297
38 36 2900
38 37 1896
38 39 6747
38 40 22
38 41 360
38 42 4127
38 43 6216
38 44 3839
38 45 350
38 46 1054
38 47 1534
38 48 3402
38 49 2055
38 50 1424
38 51 6786
38 52 4223
38 53 5774
38 54 3169
38 55 6335
38 56 6716
38 57 600
38 58 2823
38 59 2924
38 60 4085
38 61 5705
38 62 5805
38 63 3745
38 64 5482
38 65 2259
38 66 911
38 67 1345
38 68 7260
38 69 5866
38 70 3633
39 1 4803
39 2 5955
39 3 3873
39 4 2394
39 5 4032
39 6 6715
39 7 749
39 8 7367
39 9 4818
39 10 5143
39 11 1674
39 12 1772
39 13 7486
39 14 5886
39 15 4258
39 16 3431
39 17 2360
39 18 2847
39 19 4040
39 20 3426
39 21 6254
39 22 5554
39 23 4264
39 24 1900
39 25 4872
39 26 4199
39 27 5978
39 28 1589
39 29 5513
39 30 5354
39 31 5123
39 32 6898
39 33 5375
39 34 1662
39 35 3919
39 36 2396
39 37 7239
39 38 1330
39 40 4686
39 41 5161
39 42 2842
39 43 7398
39 44 2681
39 45 481
39 46 4512
39 47 4577
39 48 4599
39 49 6038
39 50 5086
39 51 5540
39 52 5337
39 53 4868
39 54 3339
39 55 5374
39 56 3091
39 57 2117
39 58 129
39 59 6903
39 60 6746
39 61 3291
39 62 7358
39 63 6702
39 64 6369
39 65 2941
39 66 3725
39 67 3810
39 68 6188
39 69 6638
39 70 2707
40 1 6351
40 2 4814
40 3 6096
40 4 7138
40 5 3925
40 6 4090
40 7 6249
40 8 7236
40 9 4366
40 10 6888
40 11 3522
40 12 2215
40 13 6194
40 14 1115
40 15 2762
40 16 5933
40 17 1715
40 18 6903
40 19 1924
40 20 7467
40 21 3522
40 22 6360
40 23 4700
40 24 7316
40 25 6462
40 26 479
40 27 2605
40 28 2744
40 29 3825
40 30 284
40 31 4824
40 32 2345
40 33 2440
40 34 6532
40 35 5378
40 36 6615
40 37 4691
40 38 413
40 39 7199
40 41 627
40 42 2644
40 43 7368
40 44 887
40 45 5853
40 46 621
40 47 963
40 48 6799
40 49 3064
40 50 4301
40 51 1102
40 52 3271
40 53 1539
40 54 113
40 55 3934
40 56 3149
40 57 4306
40 58 1042
40 59 7175
40 60 6643
40 61 6157
40 62 713
40 63 6640
40 64 2240
40 65 3946
40 66 1652
40 67 158
40 68 3650
40 69 4332
40 70 180
41 1 6936
41 2 3897
41 3 1388
41 4 6213
41 5 3849
41 6 970
41 7 117
41 8 4454
41 9 5464
41 10 210
41 11 5885
41 12 529
41 13 2252
41 14 6810
41 15 5762
41 16 1318
41 17 538
41 18 467
41 19 1339
41 20 1905
41 21 5322
41 22 6680
41 23 5214
41 24 1135
41 25 7427
41 26 6877
41 27 6181
41 28 4302
41 29 6438
41 30 6641
41 31 554
41 32 7005
41 33 4003
41 34 1802
41 35 1842
41 36 3827
41 37 5033
41 38 5040
41 39 3588
41 40 5786
41 42 3348
41 43 2193
41 44 6575
41 45 2866
41 46 3528
41 47 3667
41 48 4650
41 49 6817
41 50 6537
41 51 3925
41 52 1234
41 53 1056
41 54 3074
41 55 2134
41 56 4430
41 57 6709
41 58 2817
41 59 6696
41 60 2797
41 61 1574
41 62 3299
41 63 7144
41 64 5691
41 65 1700
41 66 116
41 67 775
41 68 7221
41 69 7327
41 70 2027
42 1 3006
42 2 843
42 3 4793
42 4 847
42 5 6697
42 6 4930
42 7 352
42 8 2130
42 9 175
42 10 1587
42 11 4090
42 12 365
42 13 6385
42 14 3614
42 15 6874
42 16 1202
42 17 3097
42 18 6037
42 19 3887
42 20 1844
42 21 417
42 22 2286
42 23 1481
42 24 5619
42 25 3461
42 26 151
42 27 880
42 28 1996
42 29 5015
42 30 2718
42 31 1529
42 32 4579
42 33 1314
42 34 1445
42 35 4067
42 36 6795
42 37 6266
42 38 4332
42 39 971
42 40 4486
42 41 1466
42 43 2418
42 44 7427
42 45 6986
42 46 1506
42 47 6080
42 48 78
42 49 121
42 50 4005
42 51 2632
42 52 5152
42 53 6092
42 54 5454
42 55 3015
42 56 4943
42 57 1295
42 58 5278
42 59 3174
42 60 128
42 61 5141
42 62 5632
42 63 977
42 64 4710
42 65 6874
42 66 5972
42 67 1187
42 68 1687
42 69 946
42 70 1732
43 1 2812
43 2 4588
43 3 1873
43 4 1547
43 5 1503
43 6 5627
43 7 5732
43 8 3347
43 9 4485
43 10 5400
43 11 4115
43 12 2813
43 13 7498
43 14 6236
43 15 1968
43 16 2491
43 17 6989
43 18 1331
43 19 1468
43 20 66
43 21 2519
43 22 2170
43 23 7177
43 24 6294
43 25 545
43 26 2501
43 27 1128
43 28 559
43 29 2564
43 30 692
43 31 4981
43 32 2614
43 33 4249
43 34 6115
43 35 3205
43 36 761
43 37 573
43 38 6944
43 39 6722
43 40 7067
43 41 2476
43 42 367
43 44 2346
43 45 2296
43 46 3896
43 47 1046
43 48 608
43 49 2796
43 50 7302
43 51 6066
43 52 3904
43 53 6738
43 54 6530
43 55 2978
43 56 7319
43 57 5751
43 58 1184
43 59 7068
43 60 6967
43 61 5899
43 62 6372
43 63 3948
43 64 1383
43 65 6183
43 66 2175
43 67 1432
43 68 1712
43 69 706
43 70 3603
44 1 5381
44 2 6559
44 3 7102
44 4 5286
44 5 4758
44 6 1759
44 7 6332
44 8 3263
44 9 3720
44 10 551
44 11 4530
44 12 36
44 13 5213
44 14 229
44 15 6502
44 16 5922
44 17 6326
44 18 483
44 19 1121
44 20 6775
44 21 95
44 22 5090
44 23 1162
44 24 1902
44 25 5060
44 26 4469
44 27 4591
44 28 6277
44 29 2399
44 30 4268
44 31 6834
44 32 4186
44 33 5842
44 34 5148
44 35 4109
44 36 389
44 37 7171
44 38 621
44 39 2423
44 40 4460
44 41 4269
44 42 1881
44 43 5558
44 45 239
44 46 274
44 47 442
44 48 2007
44 49 108
44 50 6700
44 51 43
44 52 6799
44 53 5367
44 54 7210
44 55 6751
44 56 6091
44 57 4543
44 58 6733
44 59 3212
44 60 3412
44 61 5095
44 62 602
44 63 2469
44 64 3356
44 65 5127
44 66 5633
44 67 4653
44 68 115
44 69 6363
44 70 1080
45 1 3154
45 2 6083
45 3 4300
45 4 1186
45 5 3871
45 6 4801
45 7 1189
45 8 5204
45 9 1965
45 10 7112
45 11 894
45 12 2502
45 13 5251
45 14 1892
45 15 4839
45 16 6007
45 17 1917
45 18 787
45 19 4926
45 20 6573
45 21 5708
45 22 6667
45 23 6186
45 24 5658
45 25 6272
45 26 2073
45 27 4507
45 28 4921
45 29 7041
45 30 3482
45 31 342
45 32 5907
45 33 3545
45 34 5644
45 35 3969
45 36 1868
45 37 5395
45 38 600
45 39 7457
45 40 5355
45 41 3676
45 42 6794
45 43 2786
45 44 5022
45 46 2230
45 47 6234
45 48 7460
45 49 719
45 50 861
45 51 1215
45 52 6216
45 53 628
45 54 3483
45 55 3723
45 56 2781
45 57 271
45 58 3112
45 59 3753
45 60 3550
45 61 7376
45 62 2706
45 63 2105
45 64 3353
45 65 36
45 66 4981
45 67 2275
45 68 6052
45 69 1788
45 70 1357
46 1 5471
46 2 7468
46 3 644
46 4 2203
46 5 6490
46 6 6358
46 7 3700
46 8 4530
46 9 6309
46 10 3525
46 11 2951
46 12 873
46 13 1822
46 14 3864
46 15 6824
46 16 5763
46 17 3726
46 18 6149
46 19 2132
46 20 1253
46 21 2260
46 22 7188
46 23 7379
46 24 4072
46 25 1775
46 26 5449
46 27 184
46 28 2202
46 29 2860
46 30 7044
46 31 4297
46 32 5387
46 33 1825
46 34 424
46 35 3202
46 36 2434
46 37 4724
46 38 5706
46 39 6020
46 40 431
46 41 6461
46 42 4665
46 43 992
46 44 1800
46 45 290
46 47 3808
46 48 3231
46 49 2994
46 50 4777
46 51 5647
46 52 4766
46 53 1712
46 54 2555
46 55 7498
46 56 3990
46 57 2176
46 58 4307
46 59 4798
46 60 998
46 61 6643
46 62 5009
46 63 6147
46 64 2661
46 65 4791
46 66 2520
46 67 1563
46 68 5341
46 69 1371
46 70 3601
47 1 1506
47 2 4381
47 3 2814
47 4 3989
47 5 7246
47 6 7096
47 7 7029
47 8 7216
47 9 7276
47 10 1159
47 11 3169
47 12 576
47 13 225
47 14 3991
47 15 6675
47 16 239
47 17 2801
47 18 4406
47 19 2332
47 20 894
47 21 6045
47 22 5425
47 23 1220
47 24 3824
47 25 1841
47 26 3284
47 27 753
47 28 520
47 29 4326
47 30 733
47 31 3201
47 32 5133
47 33 1516
47 34 2495
47 35 6325
47 36 1092
47 37 2245
47 38 2303
47 39 1995
47 40 4003
47 41 2200
47 42 240
47 43 5922
47 44 2358
47 45 5423
47 46 983
47 48 5770
47 49 6846
47 50 6941
47 51 3646
47 52 4417
47 53 559
47 54 1375
47 55 210
47 56 3118
47 57 4361
47 58 7233
47 59 6493
47 60 7278
47 61 4961
47 62 2604
47 63 6357
47 64 1868
47 65 4744
47 66 3804
47 67 6929
47 68 2838
47 69 2134
47 70 7361
48 1 3970
48 2 2597
48 3 1027
48 4 1822
48 5 6372
48 6 3422
48 7 1507
48 8 3725
48 9 7240
48 10 6649
48 11 3283
48 12 906
48 13 2648
48 14 1793
48 15 4855
48 16 2320
48 17 3948
48 18 881
48 19 724
48 20 781
48 21 4674
48 22 1612
48 23 754
48 24 2790
48 25 684
48 26 6239
48 27 3506
48 28 3306
48 29 7095
48 30 5218
48 31 2338
48 32 5724
48 33 5233
48 34 3499
48 35 3630
48 36 3111
48 37 5621
48 38 916
48 39 3489
48 40 3404
48 41 3556
48 42 4043
48 43 1944
48 44 2960
48 45 1877
48 46 1315
48 47 5955
48 49 5958
48 50 2866
48 51 3083
48 52 5359
48 53 3100
48 54 1055
48 55 3137
48 56 2219
48 57 512
48 58 6650
48 59 7314
48 60 413
48 61 6668
48 62 1908
48 63 943
48 64 6523
48 65 4267
48 66 6388
48 67 1027
48 68 3296
48 69 7272
48 70 2097
49 1 5510
49 2 6917
49 3 19
49 4 7438
49 5 7012
49 6 2423
49 7 7384
49 8 1746
49 9 6975
49 10 7009
49 11 4619
49 12 4871
49 13 6605
49 14 6614
49 15 4873
49 16 3346
49 17 4465
49 18 6792
49 19 4243
49 20 5075
49 21 4896
49 22 426
49 23 2329
49 24 522
49 25 3799
49 26 4344
49 27 5567
49 28 5436
49 29 7461
49 30 6339
49 31 1340
49 32 2888
49 33 5708
49 34 5213
49 35 4494
49 36 673
49 37 4463
49 38 1119
49 39 3012
49 40 6073
49 41 7375
49 42 2747
49 43 3814
49 44 6688
49 45 6044
49 46 2679
49 47 221
49 48 4389
49 50 6581
49 51 5843
49 52 843
49 53 2092
49 54 1981
49 55 2354
49 56 1586
49 57 6818
49 58 5077
49 59 6482
49 60 2296
49 61 625
49 62 2164
49 63 4214
49 64 1383
49 65 3708
49 66 3286
49 67 2146
49 68 3268
49 69 5813
49 70 971
50 1 5927
50 2 3022
50 3 4758
50 4 4392
50 5 1859
50 6 2719
50 7 2355
50 8 761
50 9 3241
50 10 6485
50 11 5348
50 12 6378
50 13 3705
50 14 5821
50 15 4702
50 16 4724
50 17 3437
50 18 1688
50 19 643
50 20 900
50 21 4627
50 22 3756
50 23 1431
50 24 1887
50 25 595
50 26 7426
50 27 1055
50 28 2070
50 29 3437
50 30 2280
50 31 1106
50 32 528
50 33 6471
50 34 7399
50 35 5081
50 36 3123
50 37 6118
50 38 236
50 39 3685
50 40 2406
50 41 4392
50 42 3079
50 43 6166
50 44 4141
50 45 1731
50 46 7257
50 47 206
50 48 5973
50 49 81
50 51 2930
50 52 699
50 53 3961
50 54 1126
50 55 1674
50 56 2635
50 57 3605
50 58 4153
50 59 178
50 60 7017
50 61 1251
50 62 304
50 63 4032
50 64 3007
50 65 1290
50 66 5400
50 67 2036
50 68 4995
50 69 3123
50 70 2705
51 1 286
51 2 852
51 3 667
51 4 6254
51 5 3926
51 6 4150
51 7 5873
51 8 1500
51 9 2218
51 10 3688
51 11 3901
51 12 4879
51 13 771
51 14 5963
51 15 3931
51 16 2520
51 17 4162
51 18 2104
51 19 3241
51 20 3065
51 21 564
51 22 6162
51 23 5309
51 24 5358
51 25 3088
51 26 5370
51 27 4546
51 28 5212
51 29 4020
51 30 2026
51 31 1741
51 32 2633
51 33 1155
51 34 5447
51 35 4221
51 36 6281
51 37 7142
51 38 3768
51 39 3206
51 40 1483
51 41 7366
51 42 2400
51 43 7260
51 44 4532
51 45 2603
51 46 505
51 47 6228
51 48 829
51 49 6317
51 50 2236
51 52 4007
51 53 7348
51 54 5207
51 55 228
51 56 4014
51 57 109
51 58 1184
51 59 6363
51 60 2564
51 61 5462
51 62 3270
51 63 217
51 64 4932
51 65 4534
51 66 6771
51 67 5013
51 68 1014
51 69 4140
51 70 3564
52 1 871
52 2 1053
52 3 2259
52 4 4718
52 5 7133
52 6 7019
52 7 2306
52 8 1976
52 9 6715
52 10 7211
52 11 3057
52 12 493
52 13 7319
52 14 1454
52 15 1071
52 16 6989
52 17 6876
52 18 1213
52 19 1867
52 20 2969
52 21 4214
52 22 4548
52 23 1238
52 24 164
52 25 461
52 26 6242
52 27 4014
52 28 2999
52 29 2578
52 30 703
52 31 3262
52 32 6194
52 33 2519
52 34 5068
52 35 1823
52 36 2138
52 37 7023
52 38 5933
52 39 5284
52 40 6456
52 41 2307
52 42 7476
52 43 4460
52 44 3664
52 45 3580
52 46 238
52 47 2683
52 48 6714
52 49 6646
52 50 6383
52 51 2300
52 53 1963
52 54 3304
52 55 91
52 56 6744
52 57 14
52 58 1213
52 59 4321
52 60 1365
52 61 2613
52 62 3871
52 63 5494
52 64 4700
52 65 1939
52 66 2507
52 67 1713
52 68 7036
52 69 5319
52 70 6427
53 1 7052
53 2 4617
53 3 175
53 4 2371
53 5 418
53 6 3608
53 7 7051
53 8 1137
53 9 4931
53 10 3431
53 11 2641
53 12 7150
53 13 6082
53 14 237
53 15 2942
53 16 1765
53 17 3979
53 18 4570
53 19 4409
53 20 2601
53 21 3222
53 22 1846
53 23 5535
53 24 5871
53 25 5451
53 26 6551
53 27 6108
53 28 3111
53 29 2244
53 30 3330
53 31 1411
53 32 7470
53 33 2248
53 34 2805
53 35 4117
53 36 1726
53 37 2208
53 38 4891
53 39 1119
53 40 2096
53 41 7351
53 42 4139
53 43 409
53 44 5846
53 45 1810
53 46 6231
53 47 4522
53 48 4724
53 49 6325
53 50 6282
53 51 112
53 52 6591
53 54 1682
53 55 2045
53 56 2113
53 57 1908
53 58 3906
53 59 7365
53 60 2263
53 61 1216
53 62 3623
53 63 4285
53 64 2386
53 65 505
53 66 1189
53 67 2316
53 68 470
53 69 7472
53 70 7063
54 1 4286
54 2 4311
54 3 198
54 4 6523
54 5 6730
54 6 6090
54 7 2399
54 8 5146
54 9 1637
54 10 4090
54 11 7188
54 12 1429
54 13 2989
54 14 4714
54 15 3441
54 16 6193
54 17 4359
54 18 1237
54 19 6968
54 20 6126
54 21 6894
54 22 4151
54 23 423
54 24 4874
54 25 6066
54 26 4878
54 27 101
54 28 1533
54 29 2
54 30 333
54 31 5347
54 32 4364
54 33 4388
54 34 2730
54 35 1604
54 36 2758
54 37 7295
54 38 6719
54 39 1376
54 40 597
54 41 6337
54 42 6873
54 43 2233
54 44 1769
54 45 5296
54 46 6058
54 47 1108
54 48 7420
54 49 3498
54 50 5596
54 51 3764
54 52 6091
54 53 5686
54 55 6134
54 56 6971
54 57 6280
54 58 3718
54 59 4406
54 60 2002
54 61 5116
54 62 1367
54 63 5702
54 64 1168
54 65 2026
54 66 2454
54 67 1327
54 68 1448
54 69 5440
54 70 528
55 1 4699
55 2 3744
55 3 6173
55 4 5620
55 5 4211
55 6 4335
55 7 6041
55 8 1112
55 9 4119
55 10 3156
55 11 714
55 12 338
55 13 3868
55 14 539
55 15 3918
55 16 4241
55 17 206
55 18 4560
55 19 4188
55 20 5268
55 21 3485
55 22 6406
55 23 5019
55 24 1513
55 25 1838
55 26 6855
55 27 3614
55 28 3667
55 29 5474
55 30 7163
55 31 7486
55 32 436
55 33 4134
55 34 530
55 35 4308
55 36 2614
55 37 3737
55 38 274
55 39 3228
55 40 3353
55 41 4613
55 42 708
55 43 3186
55 44 2905
55 45 3369
55 46 4392
55 47 1258
55 48 5829
55 49 7142
55 50 6972
55 51 3551
55 52 1929
55 53 2809
55 54 5322
55 56 4055
55 57 1884
55 58 638
55 59 1291
55 60 4616
55 61 5879
55 62 5141
55 63 5398
55 64 2758
55 65 6279
55 66 4909
55 67 4730
55 68 1809
55 69 5236
55 70 3234
56 1 6285
56 2 1603
56 3 3852
56 4 3185
56 5 4691
56 6 3508
56 7 1655
56 8 1828
56 9 3793
56 10 5519
56 11 5985
56 12 1054
56 13 6325
56 14 5050
56 15 3362
56 16 5236
56 17 2910
56 18 5688
56 19 7071
56 20 6940
56 21 6705
56 22 7405
56 23 5790
56 24 6931
56 25 415
56 26 4890
56 27 6051
56 28 2575
56 29 5085
56 30 2251
56 31 7132
56 32 1073
56 33 4701
56 34 6267
56 35 4097
56 36 2712
56 37 2383
56 38 5976
56 39 3555
56 40 4372
56 41 1482
56 42 598
56 43 4671
56 44 4727
56 45 1961
56 46 6653
56 47 1669
56 48 3271
56 49 3413
56 50 6660
56 51 3173
56 52 108
56 53 2187
56 54 6612
56 55 70
56 57 3271
56 58 3647
56 59 6702
56 60 3203
56 61 85
56 62 437
56 63 1255
56 64 5670
56 65 2281
56 66 4721
56 67 710
56 68 4270
56 69 3596
56 70 3022
57 1 5281
57 2 2595
57 3 1835
57 4 5694
57 5 3864
57 6 5800
57 7 3150
57 8 7480
57 9 6566
57 10 938
57 11 1936
57 12 2980
57 13 3463
57 14 7277
57 15 3576
57 16 1222
57 17 677
57 18 3011
57 19 7012
57 20 5643
57 21 506
57 22 4749
57 23 3715
57 24 1330
57 25 4956
57 26 7073
57 27 4197
57 28 4984
57 29 3197
57 30 2523
57 31 1435
57 32 4828
57 33 2598
57 34 5568
57 35 1240
57 36 2817
57 37 6291
57 38 277
57 39 2396
57 40 5738
57 41 2241
57 42 1316
57 43 6516
57 44 5313
57 45 5179
57 46 865
57 47 6023
57 48 3489
57 49 7003
57 50 23
57 51 1743
57 52 102
57 53 5153
57 54 2399
57 55 2398
57 56 4884
57 58 3419
57 59 3168
57 60 4434
57 61 5814
57 62 6871
57 63 3503
57 64 3563
57 65 4720
57 66 4257
57 67 5710
57 68 1043
57 69 747
57 70 1143
58 1 7171
58 2 2489
58 3 4630
58 4 5048
58 5 3997
58 6 4765
58 7 6694
58 8 1943
58 9 590
58 10 1406
58 11 1294
58 12 5752
58 13 7356
58 14 3858
58 15 3225
58 16 4028
58 17 5831
58 18 6944
58 19 2381
58 20 5164
58 21 4398
58 22 4508
58 23 2585
58 24 4020
58 25 4225
58 26 1589
58 27 403
58 28 1448
58 29 2560
58 30 5723
58 31 4101
58 32 3139
58 33 6996
58 34 3107
58 35 1207
58 36 2368
58 37 2464
58 38 1412
58 39 6393
58 40 2805
58 41 4500
58 42 4702
58 43 4504
58 44 210
58 45 3998
58 46 1687
58 47 2350
58 48 663
58 49 1642
58 50 1275
58 51 4855
58 52 1535
58 53 1016
58 54 5999
58 55 1006
58 56 2949
58 57 2403
58 59 338
58 60 7291
58 61 6622
58 62 956
58 63 1878
58 64 4789
58 65 1626
58 66 4340
58 67 7021
58 68 2489
58 69 6502
58 70 5745
59 1 7271
59 2 3758
59 3 5820
59 4 4815
59 5 5975
59 6 4834
59 7 6902
59 8 4918
59 9 4197
59 10 6869
59 11 4885
59 12 1882
59 13 4690
59 14 4774
59 15 5451
59 16 4400
59 17 5909
59 18 3829
59 19 5862
59 20 2292
59 21 1093
59 22 2006
59 23 1095
59 24 2978
59 25 4883
59 26 2843
59 27 2478
59 28 5861
59 29 3271
59 30 369
59 31 3833
59 32 6636
59 33 5528
59 34 7241
59 35 2526
59 36 5168
59 37 4141
59 38 4279
59 39 7481
59 40 4507
59 41 483
59 42 6186
59 43 867
59 44 2382
59 45 4449
59 46 5573
59 47 309
59 48 738
59 49 1334
59 50 1177
59 51 2357
59 52 5263
59 53 869
59 54 6739
59 55 3208
59 56 851
59 57 4235
59 58 7377
59 60 2743
59 61 415
59 62 630
59 63 2532
59 64 1295
59 65 5653
59 66 2974
59 67 2631
59 68 171
59 69 2175
59 70 5662
60 1 4317
60 2 5410
60 3 3910
60 4 4860
60 5 2970
60 6 4468
60 7 566
60 8 953
60 9 2462
60 10 7323
60 11 4833
60 12 3557
60 13 5437
60 14 6881
60 15 6492
60 16 6934
60 17 2246
60 18 4544
60 19 5725
60 20 3199
60 21 7457
60 22 2396
60 23 5807
60 24 1208
60 25 3860
60 26 4765
60 27 5997
60 28 7064
60 29 4986
60 30 6563
60 31 3763
60 32 4736
60 33 3766
60 34 964
60 35 236
60 36 5341
60 37 7141
60 38 7184
60 39 4809
60 40 2758
60 41 7176
60 42 3456
60 43 1500
60 44 5249
60 45 6514
60 46 3477
60 47 3741
60 48 4616
60 49 4274
60 50 4959
60 51 6406
60 52 145
60 53 6677
60 54 5256
60 55 1438
60 56 2466
60 57 7164
60 58 4562
60 59 1640
60 61 4981
60 62 6529
60 63 2683
60 64 4197
60 65 6173
60 66 5855
60 67 428
60 68 140
60 69 2231
60 70 5992
61 1 5138
61 2 6975
61 3 2175
61 4 1550
61 5 761
61 6 3050
61 7 2357
61 8 5005
61 9 1201
61 10 1704
61 11 4863
61 12 834
61 13 3953
61 14 4528
61 15 3591
61 16 6737
61 17 2723
61 18 2923
61 19 3270
61 20 2758
61 21 591
61 22 890
61 23 1360
61 24 1597
61 25 4
61 26 4535
61 27 7204
61 28 1209
61 29 6902
61 30 393
61 31 6967
61 32 573
61 33 2131
61 34 50
61 35 1340
61 36 3922
61 37 5280
61 38 2141
61 39 403
61 40 2798
61 41 2818
61 42 3536
61 43 6516
61 44 4516
61 45 4329
61 46 296
61 47 864
61 48 3920
61 49 1427
61 50 3452
61 51 6763
61 52 2201
61 53 435
61 54 4615
61 55 4366
61 56 394
61 57 728
61 58 2629
61 59 4856
61 60 3473
61 62 3910
61 63 5290
61 64 1824
61 65 5186
61 66 1416
61 67 7263
61 68 3251
61 69 7216
61 70 3181
62 1 5736
62 2 4882
62 3 2048
62 4 6192
62 5 4733
62 6 3218
62 7 5552
62 8 4290
62 9 2251
62 10 5893
62 11 1496
62 12 7137
62 13 3675
62 14 1910
62 15 6111
62 16 2158
62 17 5035
62 18 1239
62 19 1900
62 20 6830
62 21 948
62 22 3154
62 23 2402
62 24 5717
62 25 4761
62 26 5290
62 27 389
62 28 533
62 29 2757
62 30 5340
62 31 2611
62 32 7058
62 33 5304
62 34 6704
62 35 19
62 36 1844
62 37 4183
62 38 333
62 39 1955
62 40 5861
62 41 4277
62 42 505
62 43 3059
62 44 1706
62 45 6732
62 46 4392
62 47 6204
62 48 4909
62 49 5999
62 50 313
62 51 1352
62 52 233
62 53 5662
62 54 1609
62 55 2213
62 56 7449
62 57 2006
62 58 1010
62 59 6407
62 60 7090
62 61 7168
62 63 1192
62 64 6483
62 65 7180
62 66 2899
62 67 7116
62 68 5147
62 69 1045
62 70 4600
63 1 3983
63 2 3376
63 3 1126
63 4 2656
63 5 7280
63 6 1526
63 7 6810
63 8 2238
63 9 5024
63 10 490
63 11 6298
63 12 141
63 13 6000
63 14 1979
63 15 4009
63 16 5945
63 17 137
63 18 4104
63 19 7279
63 20 3146
63 21 3750
63 22 6167
63 23 6123
63 24 5283
63 25 1426
63 26 3732
63 27 6727
63 28 1090
63 29 1715
63 30 986
63 31 4582
63 32 5164
63 33 3889
63 34 9
63 35 3252
63 36 1685
63 37 5435
63 38 5006
63 39 2494
63 40 6332
63 41 5156
63 42 3316
63 43 4031
63 44 6106
63 45 6628
63 46 5902
63 47 6346
63 48 6745
63 49 7170
63 50 1331
63 51 2894
63 52 2578
63 53 1419
63 54 2819
63 55 2064
63 56 2451
63 57 3359
63 58 7051
63 59 310
63 60 5454
63 61 1561
63 62 6638
63 64 3009
63 65 1299
63 66 1272
63 67 6243
63 68 7416
63 69 2692
63 70 6716
64 1 941
64 2 6142
64 3 6650
64 4 3475
64 5 7136
64 6 2889
64 7 702
64 8 3110
64 9 295
64 10 6326
64 11 3041
64 12 2525
64 13 2281
64 14 3706
64 15 1653
64 16 6853
64 17 322
64 18 5876
64 19 1148
64 20 5954
64 21 3221
64 22 2721
64 23 5042
64 24 7356
64 25 5048
64 26 3829
64 27 7365
64 28 3818
64 29 3717
64 30 1132
64 31 3433
64 32 4866
64 33 6158
64 34 3831
64 35 138
64 36 733
64 37 1452
64 38 2409
64 39 4168
64 40 4825
64 41 4528
64 42 5218
64 43 768
64 44 1810
64 45 3071
64 46 4306
64 47 3768
64 48 4020
64 49 4933
64 50 1563
64 51 965
64 52 2095
64 53 348
64 54 5483
64 55 3767
64 56 5399
64 57 5185
64 58 2024
64 59 1853
64 60 2644
64 61 4869
64 62 1232
64 63 2139
64 65 5
64 66 7474
64 67 5550
64 68 1438
64 69 7447
64 70 623
65 1 3259
65 2 3561
65 3 6078
65 4 1744
65 5 5400
65 6 4823
65 7 2595
65 8 3781
65 9 7210
65 10 4030
65 11 6541
65 12 716
65 13 3876
65 14 6389
65 15 4562
65 16 4576
65 17 2563
65 18 4156
65 19 3274
65 20 5789
65 21 4275
65 22 867
65 23 3298
65 24 6970
65 25 3948
65 26 1995
65 27 2527
65 28 6860
65 29 533
65 30 6292
65 31 874
65 32 812
65 33 1439
65 34 3923
65 35 1468
65 36 3398
65 37 1971
65 38 3409
65 39 820
65 40 927
65 41 6983
65 42 1419
65 43 4611
65 44 4810
65 45 5042
65 46 1187
65 47 3658
65 48 7163
65 49 5085
65 50 7035
65 51 5303
65 52 4420
65 53 4745
65 54 1000
65 55 2210
65 56 1278
65 57 7215
65 58 3537
65 59 2696
65 60 327
65 61 2980
65 62 102
65 63 4649
65 64 4317
65 66 6120
65 67 5318
65 68 4688
65 69 2140
65 70 6975
66 1 4570
66 2 4199
66 3 3991
66 4 424
66 5 1743
66 6 6376
66 7 7383
66 8 7163
66 9 6059
66 10 7056
66 11 6232
66 12 3301
66 13 4220
66 14 479
66 15 2037
66 16 4205
66 17 5532
66 18 4973
66 19 3755
66 20 3089
66 21 4097
66 22 5747
66 23 2161
66 24 2485
66 25 6235
66 26 3830
66 27 3652
66 28 3780
66 29 6450
66 30 3863
66 31 2522
66 32 3882
66 33 1233
66 34 5562
66 35 2947
66 36 2641
66 37 2971
66 38 1525
66 39 4116
66 40 5170
66 41 2775
66 42 1921
66 43 7249
66 44 4680
66 45 798
66 46 6455
66 47 1810
66 48 4666
66 49 6393
66 50 4170
66 51 4094
66 52 5157
66 53 323
66 54 7207
66 55 53
66 56 900
66 57 249
66 58 4279
66 59 4737
66 60 2603
66 61 2067
66 62 2185
66 63 3644
66 64 3573
66 65 6083
66 67 552
66 68 697
66 69 881
66 70 5154
67 1 2890
67 2 899
67 3 1398
67 4 1933
67 5 4132
67 6 6769
67 7 6409
67 8 261
67 9 2925
67 10 830
67 11 2345
67 12 4103
67 13 5842
67 14 6359
67 15 586
67 16 218
67 17 513
67 18 7193
67 19 7386
67 20 6437
67 21 341
67 22 2669
67 23 5258
67 24 6953
67 25 2222
67 26 6387
67 27 5824
67 28 6960
67 29 4961
67 30 5371
67 31 4599
67 32 5516
67 33 6192
67 34 1411
67 35 2399
67 36 5144
67 37 2659
67 38 2321
67 39 6771
67 40 2182
67 41 475
67 42 5598
67 43 5840
67 44 642
67 45 26
67 46 7427
67 47 3568
67 48 262
67 49 2978
67 50 537
67 51 1799
67 52 3352
67 53 538
67 54 2255
67 55 6248
67 56 4948
67 57 4120
67 58 5319
67 59 7490
67 60 1644
67 61 1274
67 62 3129
67 63 2257
67 64 6521
67 65 1869
67 66 2768
67 68 5247
67 69 5824
67 70 2845
68 1 5924
68 2 5042
68 3 4105
68 4 2743
68 5 3847
68 6 4073
68 7 4914
68 8 6998
68 9 1307
68 10 1598
68 11 4148
68 12 5195
68 13 7280
68 14 6494
68 15 5510
68 16 2433
68 17 599
68 18 750
68 19 1810
68 20 5355
68 21 6605
68 22 723
68 23 4006
68 24 2031
68 25 6940
68 26 350
68 27 5398
68 28 1143
68 29 5663
68 30 6189
68 31 2890
68 32 6474
68 33 3163
68 34 556
68 35 2361
68 36 807
68 37 4762
68 38 194
68 39 1838
68 40 35
68 41 5888
68 42 7248
68 43 2883
68 44 5529
68 45 3586
68 46 7421
68 47 4014
68 48 6339
68 49 2886
68 50 7297
68 51 7125
68 52 6775
68 53 5302
68 54 7147
68 55 1797
68 56 5423
68 57 5424
68 58 5961
68 59 1947
68 60 4850
68 61 2443
68 62 2346
68 63 6235
68 64 854
68 65 625
68 66 1466
68 67 2397
68 69 558
68 70 5732
69 1 4442
69 2 2858
69 3 7177
69 4 2113
69 5 1224
69 6 7000
69 7 1061
69 8 874
69 9 3329
69 10 5254
69 11 6644
69 12 7444
69 13 2102
69 14 636
69 15 1788
69 16 6732
69 17 3750
69 18 1895
69 19 732
69 20 6407
69 21 5463
69 22 3435
69 23 93
69 24 6129
69 25 6091
69 26 7285
69 27 562
69 28 3550
69 29 7020
69 30 6141
69 31 7303
69 32 4830
69 33 6399
69 34 4306
69 35 5329
69 36 1126
69 37 2977
69 38 5681
69 39 3014
69 40 13
69 41 5404
69 42 2068
69 43 5767
69 44 2180
69 45 2781
69 46 6433
69 47 2007
69 48 2327
69 49 2538
69 50 1212
69 51 2263
69 52 3411
69 53 39
69 54 4832
69 55 6380
69 56 3131
69 57 7245
69 58 4643
69 59 2111
69 60 6042
69 61 3463
69 62 34
69 63 6141
69 64 1367
69 65 2313
69 66 3715
69 67 3205
69 68 5670
69 70 7494
70 1 336
70 2 4357
70 3 676
70 4 170
70 5 985
70 6 7191
70 7 3826
70 8 1795
70 9 4496
70 10 951
70 11 1930
70 12 7100
70 13 4092
70 14 5455
70 15 6948
70 16 6486
70 17 3686
70 18 3015
70 19 2301
70 20 2722
70 21 5977
70 22 600
70 23 6860
70 24 3565
70 25 7322
70 26 5827
70 27 2366
70 28 3261
70 29 4459
70 30 1382
70 31 7318
70 32 1672
70 33 4446
70 34 942
70 35 1687
70 36 2543
70 37 778
70 38 6076
70 39 6982
70 40 3164
70 41 1839
70 42 7446
70 43 3952
70 44 4913
70 45 1399
70 46 6055
70 47 6753
70 48 600
70 49 2877
70 50 4393
70 51 7395
70 52 6757
70 53 6648
70 54 3611
70 55 4159
70 56 6617
70 57 2282
70 58 5526
70 59 3242
70 60 942
70 61 6409
70 62 163
70 63 3675
70 64 1502
70 65 5087
70 66 69
70 67 3322
70 68 6377
70 69 4132
