70 4830
1 2 223
1 3 1251
1 4 5989
1 5 507
1 6 5069
1 7 209
1 8 6681
1 9 4037
1 10 2792
1 11 577
1 12 2675
1 13 210
1 14 6830
1 15 986
1 16 5761
1 17 2739
1 18 6565
1 19 3013
1 20 2475
1 21 1173
1 22 5000
1 23 5058
1 24 5973
1 25 4103
1 26 7478
1 27 6953
1 28 5351
1 29 4686
1 30 2697
1 31 7047
1 32 3839
1 33 5450
1 34 52
1 35 2828
1 36 1720
1 37 1697
1 38 7013
1 39 3360
1 40 2170
1 41 5199
1 42 5965
1 43 3264
1 44 119
1 45 3535
1 46 3724
1 47 5854
1 48 7357
1 49 5673
1 50 7473
1 51 5881
1 52 947
1 53 7112
1 54 2870
1 55 5630
1 56 6928
1 57 6415
1 58 2546
1 59 6986
1 60 1197
1 61 4847
1 62 4816
1 63 5188
1 64 6272
1 65 4027
1 66 2508
1 67 289
1 68 3678
1 69 4571
1 70 588
2 1 3289
2 3 5986
2 4 3637
2 5 6089
2 6 2326
2 7 795
2 8 2504
2 9 7459
2 10 6719
2 11 238
2 12 4975
2 13 3981
2 14 4315
2 15 6355
2 16 5602
2 17 1465
2 18 6860
2 19 1980
2 20 184
2 21 6500
2 22 7386
2 23 4245
2 24 6434
2 25 3884
2 26 6278
2 27 936
2 28 6782
2 29 5446
2 30 6231
2 31 3386
2 32 5633
2 33 4978
2 34 5217
2 35 7204
2 36 5756
2 37 3664
2 38 3085
2 39 6928
2 40 4728
2 41 5597
2 42 3885
2 43 3022
2 44 6209
2 45 551
2 46 7025
2 47 7255
2 48 1706
2 49 85
2 50 1923
2 51 3020
2 52 1908
2 53 3299
2 54 6162
2 55 7092
2 56 5190
2 57 6041
2 58 1248
2 59 3731
2 60 3271
2 61 1362
2 62 3165
2 63 2710
2 64 102
2 65 5509
2 66 1990
2 67 6511
2 68 6083
2 69 6474
2 70 2444
3 1 2532
3 2 6927
3 4 4197
3 5 6672
3 6 6713
3 7 3128
3 8 892
3 9 5231
3 10 1678
3 11 1929
3 12 6621
3 13 6189
3 14 2143
3 15 2315
3 16 976
3 17 1066
3 18 5866
3 19 4158
3 20 6516
3 21 1295
3 22 5365
3 23 5168
3 24 4244
3 25 6677
3 26 3036
3 27 5071
3 28 1724
3 29 4208
3 30 21
3 31 4940
3 32 2823
3 33 2786
3 34 529
3 35 7351
3 36 6643
3 37 7107
3 38 951
3 39 2796
3 40 2776
3 41 1358
3 42 4159
3 43 387
3 44 4925
3 45 5528
3 46 6850
3 47 1994
3 48 5580
3 49 4840
3 50 678
3 51 4229
3 52 3250
3 53 5553
3 54 1779
3 55 1593
3 56 7185
3 57 7299
3 58 5367
3 59 2492
3 60 6698
3 61 1676
3 62 2594
3 63 5863
3 64 4086
3 65 6199
3 66 4849
3 67 2679
3 68 6935
3 69 1479
3 70 4083
4 1 5165
4 2 1323
4 3 2190
4 5 1368
4 6 6202
4 7 3100
4 8 1978
4 9 5631
4 10 832
4 11 4589
4 12 3038
4 13 1398
4 14 3473
4 15 1067
4 16 2500
4 17 247
4 18 3542
4 19 3210
4 20 6952
4 21 5740
4 22 5241
4 23 4735
4 24 1270
4 25 5943
4 26 997
4 27 2357
4 28 1653
4 29 2866
4 30 433
4 31 1187
4 32 3052
4 33 7405
4 34 186
4 35 4565
4 36 6316
4 37 5968
4 38 5059
4 39 2790
4 40 1510
4 41 3281
4 42 1617
4 43 4848
4 44 3413
4 45 4394
4 46 4984
4 47 506
4 48 3564
4 49 6558
4 50 5088
4 51 3428
4 52 3875
4 53 5459
4 54 5490
4 55 4599
4 56 4681
4 57 4637
4 58 6395
4 59 3900
4 60 816
4 61 2224
4 62 6841
4 63 4522
4 64 1159
4 65 4781
4 66 7443
4 67 4079
4 68 457
4 69 5180
4 70 2379
5 1 7067
5 2 4375
5 3 5949
5 4 2249
5 6 4788
5 7 3461
5 8 4674
5 9 3659
5 10 3964
5 11 5815
5 12 2942
5 13 155
5 14 2779
5 15 7084
5 16 6525
5 17 1909
5 18 3313
5 19 5286
5 20 4299
5 21 7289
5 22 4725
5 23 1013
5 24 4923
5 25 2687
5 26 5061
5 27 2141
5 28 3792
5 29 86
5 30 3021
5 31 4636
5 32 4440
5 33 4367
5 34 4071
5 35 6552
5 36 1839
5 37 3374
5 38 3024
5 39 3101
5 40 1036
5 41 4418
5 42 2010
5 43 240
5 44 5265
5 45 3728
5 46 4463
5 47 4539
5 48 6607
5 49 4741
5 50 551
5 51 3684
5 52 2845
5 53 5156
5 54 6315
5 55 1503
5 56 4169
5 57 5471
5 58 3138
5 59 7184
5 60 3836
5 61 3580
5 62 143
5 63 7031
5 64 7394
5 65 2226
5 66 3035
5 67 936
5 68 5593
5 69 1323
5 70 2243
6 1 83
6 2 1170
6 3 1642
6 4 3767
6 5 5091
6 7 11
6 8 2496
6 9 1099
6 10 375
6 11 3656
6 12 5757
6 13 1681
6 14 6891
6 15 5091
6 16 1644
6 17 120
6 18 1998
6 19 4097
6 20 5799
6 21 5244
6 22 7448
6 23 693
6 24 2509
6 25 6641
6 26 2840
6 27 6051
6 28 3378
6 29 3054
6 30 3378
6 31 1016
6 32 2684
6 33 6814
6 34 7048
6 35 6955
6 36 153
6 37 931
6 38 5126
6 39 5007
6 40 6151
6 41 7353
6 42 5898
6 43 5483
6 44 1
6 45 5695
6 46 907
6 47 6735
6 48 5834
6 49 4942
6 50 5898
6 51 6431
6 52 3099
6 53 517
6 54 6565
6 55 2924
6 56 4124
6 57 2244
6 58 5892
6 59 940
6 60 5401
6 61 2702
6 62 5757
6 63 6854
6 64 5066
6 65 924
6 66 1058
6 67 5090
6 68 2652
6 69 3055
6 70 1252
7 1 682
7 2 3832
7 3 5213
7 4 5878
7 5 3705
7 6 5949
7 8 2516
7 9 6698
7 10 5601
7 11 414
7 12 5352
7 13 4909
7 14 970
7 15 239
7 16 5055
7 17 1119
7 18 6379
7 19 5248
7 20 2918
7 21 3553
7 22 624
7 23 784
7 24 1135
7 25 3676
7 26 4770
7 27 6943
7 28 3535
7 29 1305
7 30 3202
7 31 4198
7 32 6651
7 33 3115
7 34 5464
7 35 687
7 36 1711
7 37 5591
7 38 4443
7 39 3096
7 40 127
7 41 6610
7 42 4641
7 43 737
7 44 4457
7 45 1278
7 46 5929
7 47 2793
7 48 1817
7 49 6097
7 50 867
7 51 1191
7 52 5527
7 53 497
7 54 6249
7 55 6105
7 56 5459
7 57 45
7 58 5903
7 59 243
7 60 6776
7 61 6054
7 62 1049
7 63 4136
7 64 4047
7 65 777
7 66 2568
7 67 5058
7 68 6828
7 69 5266
7 70 6545
8 1 2247
8 2 5363
8 3 3064
8 4 5973
8 5 4553
8 6 7346
8 7 2587
8 9 5271
8 10 555
8 11 2580
8 12 2927
8 13 5615
8 14 6077
8 15 1393
8 16 7184
8 17 5063
8 18 3394
8 19 5147
8 20 6641
8 21 3141
8 22 3259
8 23 728
8 24 4478
8 25 371
8 26 4210
8 27 2965
8 28 664
8 29 20
8 30 2652
8 31 1847
8 32 3634
8 33 2418
8 34 1686
8 35 5614
8 36 1418
8 37 3595
8 38 602
8 39 6870
8 40 6246
8 41 7103
8 42 2981
8 43 666
8 44 590
8 45 4657
8 46 2956
8 47 6909
8 48 5019
8 49 5998
8 50 5956
8 51 5026
8 52 7342
8 53 5398
8 54 4052
8 55 4671
8 56 1757
8 57 6759
8 58 3681
8 59 3429
8 60 5291
8 61 4560
8 62 2628
8 63 5617
8 64 6116
8 65 24
8 66 18
8 67 1746
8 68 2669
8 69 2813
8 70 5269
9 1 2764
9 2 7337
9 3 1253
9 4 6862
9 5 2126
9 6 5891
9 7 2493
9 8 5864
9 10 7133
9 11 2418
9 12 1545
9 13 4215
9 14 7439
9 15 2617
9 16 2551
9 17 1754
9 18 7347
9 19 1786
9 20 6615
9 21 3981
9 22 5769
9 23 6296
9 24 6968
9 25 3869
9 26 1799
9 27 1866
9 28 6016
9 29 6371
9 30 2242
9 31 4656
9 32 2894
9 33 4877
9 34 1260
9 35 2194
9 36 7104
9 37 3968
9 38 1683
9 39 3608
9 40 976
9 41 545
9 42 7109
9 43 5713
9 44 4777
9 45 1677
9 46 3741
9 47 5303
9 48 5734
9 49 6118
9 50 2551
9 51 613
9 52 5305
9 53 6843
9 54 1627
9 55 1965
9 56 3563
9 57 7252
9 58 4887
9 59 3199
9 60 5045
9 61 593
9 62 6401
9 63 3131
9 64 6491
9 65 3847
9 66 867
9 67 6465
9 68 974
9 69 6177
9 70 6966
10 1 7422
10 2 1934
10 3 5370
10 4 764
10 5 3594
10 6 3689
10 7 4499
10 8 1656
10 9 1454
10 11 489
10 12 6918
10 13 4571
10 14 4220
10 15 159
10 16 203
10 17 5412
10 18 1209
10 19 5466
10 20 29
10 21 3966
10 22 6887
10 23 746
10 24 4391
10 25 1103
10 26 7093
10 27 2255
10 28 2442
10 29 2653
10 30 5220
10 31 3620
10 32 2030
10 33 1879
10 34 5597
10 35 3466
10 36 1031
10 37 1334
10 38 2555
10 39 600
10 40 304
10 41 1702
10 42 3755
10 43 3847
10 44 7193
10 45 4232
10 46 4497
10 47 6850
10 48 1729
10 49 1040
10 50 5649
10 51 926
10 52 4906
10 53 7125
10 54 464
10 55 7326
10 56 7137
10 57 1334
10 58 3876
10 59 1854
10 60 2189
10 61 3461
10 62 5444
10 63 5377
10 64 835
10 65 1560
10 66 859
10 67 574
10 68 1811
10 69 6047
10 70 6610
11 1 1002
11 2 4092
11 3 6035
11 4 4271
11 5 2191
11 6 5088
11 7 2411
11 8 114
11 9 6749
11 10 747
11 12 5910
11 13 143
11 14 7332
11 15 5602
11 16 1265
11 17 145
11 18 2203
11 19 3040
11 20 422
11 21 4361
11 22 6827
11 23 946
11 24 808
11 25 7485
11 26 2879
11 27 5461
11 28 35
11 29 5888
11 30 1581
11 31 2921
11 32 6562
11 33 2317
11 34 5942
11 35 7337
11 36 5554
11 37 196
11 38 2116
11 39 756
11 40 4913
11 41 1277
11 42 4965
11 43 6226
11 44 601
11 45 1935
11 46 7082
11 47 3381
11 48 144
11 49 5337
11 50 4794
11 51 5678
11 52 289
11 53 681
11 54 4933
11 55 2224
11 56 4388
11 57 2864
11 58 6623
11 59 6502
11 60 2765
11 61 6764
11 62 6918
11 63 513
11 64 2677
11 65 6104
11 66 1448
11 67 1513
11 68 3397
11 69 3997
11 70 2677
12 1 4583
12 2 4674
12 3 5994
12 4 7447
12 5 4232
12 6 6188
12 7 429
12 8 5298
12 9 3156
12 10 4172
12 11 1983
12 13 3026
12 14 6722
12 15 1921
12 16 5038
12 17 2404
12 18 6080
12 19 5511
12 20 1069
12 21 7032
12 22 6430
12 23 668
12 24 3286
12 25 932
12 26 2829
12 27 5282
12 28 857
12 29 5506
12 30 7246
12 31 4684
12 32 3939
12 33 3470
12 34 4076
12 35 7021
12 36 4079
12 37 76
12 38 2142
12 39 1984
12 40 5706
12 41 4636
12 42 1364
12 43 5429
12 44 4659
12 45 3262
12 46 2513
12 47 6136
12 48 4601
12 49 4605
12 50 216
12 51 3372
12 52 2220
12 53 7385
12 54 4982
12 55 2934
12 56 3233
12 57 1305
12 58 6286
12 59 2123
12 60 5023
12 61 6384
12 62 408
12 63 3736
12 64 44
12 65 2216
12 66 3623
12 67 6828
12 68 5756
12 69 3982
12 70 4247
13 1 3818
13 2 4012
13 3 6839
13 4 1513
13 5 5064
13 6 4820
13 7 5664
13 8 5498
13 9 6440
13 10 2081
13 11 2103
13 12 3840
13 14 2632
13 15 2076
13 16 6045
13 17 2147
13 18 7210
13 19 3032
13 20 4786
13 21 886
13 22 1217
13 23 3286
13 24 6943
13 25 6759
13 26 5842
13 27 4359
13 28 7074
13 29 4023
13 30 2835
13 31 3675
13 32 7062
13 33 6473
13 34 5577
13 35 3981
13 36 1367
13 37 1700
13 38 5796
13 39 6186
13 40 4198
13 41 5719
13 42 1149
13 43 1397
13 44 6034
13 45 563
13 46 2597
13 47 6416
13 48 4764
13 49 5
13 50 6637
13 51 6993
13 52 271
13 53 480
13 54 6181
13 55 4632
13 56 4497
13 57 7083
13 58 1505
13 59 4125
13 60 6368
13 61 3891
13 62 4671
13 63 4243
13 64 6234
13 65 4045
13 66 2630
13 67 6335
13 68 5983
13 69 5241
13 70 6962
14 1 5492
14 2 1055
14 3 1736
14 4 1621
14 5 5621
14 6 4139
14 7 6845
14 8 7316
14 9 6716
14 10 5443
14 11 3640
14 12 271
14 13 2336
14 15 4574
14 16 3158
14 17 2466
14 18 227
14 19 3706
14 20 626
14 21 1234
14 22 5313
14 23 4857
14 24 1440
14 25 2398
14 26 1590
14 27 2925
14 28 803
14 29 1444
14 30 1692
14 31 4049
14 32 3047
14 33 5023
14 34 6986
14 35 4825
14 36 3262
14 37 2724
14 38 441
14 39 6725
14 40 5552
14 41 942
14 42 4481
14 43 4527
14 44 348
14 45 2776
14 46 2482
14 47 1291
14 48 6348
14 49 2306
14 50 23
14 51 3793
14 52 5988
14 53 527
14 54 5833
14 55 4486
14 56 525
14 57 5930
14 58 2427
14 59 3942
14 60 3794
14 61 1715
14 62 2949
14 63 3752
14 64 64
14 65 3724
14 66 2143
14 67 6243
14 68 4472
14 69 2538
14 70 7223
15 1 1099
15 2 5519
15 3 6731
15 4 79
15 5 7387
15 6 3284
15 7 6425
15 8 1488
15 9 1443
15 10 6848
15 11 6305
15 12 548
15 13 6680
15 14 4270
15 16 3571
15 17 575
15 18 4081
15 19 4824
15 20 1251
15 21 7224
15 22 1975
15 23 4743
15 24 6568
15 25 2691
15 26 7331
15 27 3387
15 28 6760
15 29 1097
15 30 3458
15 31 7142
15 32 980
15 33 5598
15 34 6159
15 35 180
15 36 7028
15 37 514
15 38 581
15 39 1680
15 40 1818
15 41 6379
15 42 5043
15 43 3567
15 44 3272
15 45 5667
15 46 7227
15 47 6712
15 48 2536
15 49 4045
15 50 5748
15 51 3818
15 52 1200
15 53 878
15 54 7042
15 55 1369
15 56 5751
15 57 4469
15 58 5708
15 59 6398
15 60 5376
15 61 1043
15 62 4283
15 63 6010
15 64 4357
15 65 2050
15 66 5780
15 67 2690
15 68 2201
15 69 330
15 70 5122
16 1 2435
16 2 2376
16 3 5362
16 4 3297
16 5 7062
16 6 5098
16 7 6870
16 8 1398
16 9 2320
16 10 1565
16 11 1300
16 12 803
16 13 541
16 14 2302
16 15 1523
16 17 3268
16 18 5411
16 19 3176
16 20 5107
16 21 4621
16 22 464
16 23 5476
16 24 4962
16 25 2283
16 26 1824
16 27 3857
16 28 1702
16 29 3408
16 30 7377
16 31 4593
16 32 3770
16 33 6236
16 34 4151
16 35 6909
16 36 6220
16 37 1161
16 38 6826
16 39 5559
16 40 3507
16 41 5900
16 42 2949
16 43 253
16 44 2905
16 45 1975
16 46 4553
16 47 1286
16 48 5173
16 49 6299
16 50 3002
16 51 1527
16 52 1042
16 53 6736
16 54 7098
16 55 6606
16 56 6187
16 57 5417
16 58 7147
16 59 3634
16 60 1752
16 61 5769
16 62 5187
16 63 3048
16 64 6023
16 65 6604
16 66 211
16 67 3123
16 68 729
16 69 119
16 70 7486
17 1 3715
17 2 7317
17 3 7222
17 4 3866
17 5 4128
17 6 7280
17 7 1940
17 8 7108
17 9 6369
17 10 1111
17 11 7191
17 12 826
17 13 2084
17 14 5340
17 15 7429
17 16 6471
17 18 4534
17 19 75
17 20 849
17 21 34
17 22 6360
17 23 4817
17 24 1657
17 25 3994
17 26 1510
17 27 2458
17 28 7006
17 29 6342
17 30 3023
17 31 222
17 32 4786
17 33 1128
17 34 538
17 35 2671
17 36 3535
17 37 6300
17 38 5752
17 39 3469
17 40 2596
17 41 2748
17 42 2912
17 43 1820
17 44 6226
17 45 2312
17 46 2701
17 47 6368
17 48 2426
17 49 389
17 50 2615
17 51 56
17 52 6495
17 53 1830
17 54 5727
17 55 2459
17 56 656
17 57 1289
17 58 6698
17 59 4761
17 60 957
17 61 5367
17 62 943
17 63 60
17 64 4610
17 65 2306
17 66 1457
17 67 3640
17 68 5085
17 69 509
17 70 402
18 1 1918
18 2 4225
18 3 6929
18 4 1412
18 5 4744
18 6 6861
18 7 1184
18 8 4262
18 9 2970
18 10 5126
18 11 94
18 12 7008
18 13 1012
18 14 1572
18 15 4051
18 16 5328
18 17 4381
18 19 7031
18 20 3557
18 21 4710
18 22 5471
18 23 3033
18 24 2198
18 25 7485
18 26 6022
18 27 1977
18 28 5026
18 29 4913
18 30 693
18 31 58
18 32 3717
18 33 5215
18 34 3582
18 35 6122
18 36 4389
18 37 7282
18 38 4549
18 39 7157
18 40 2809
18 41 237
18 42 4358
18 43 7276
18 44 6972
18 45 1576
18 46 6506
18 47 4208
18 48 1909
18 49 4760
18 50 4951
18 51 2734
18 52 5940
18 53 2449
18 54 3313
18 55 2883
18 56 1121
18 57 3392
18 58 253
18 59 4151
18 60 6035
18 61 4048
18 62 4111
18 63 5166
18 64 2540
18 65 1185
18 66 3294
18 67 3754
18 68 2756
18 69 7380
18 70 4684
19 1 3499
19 2 246
19 3 1388
19 4 6084
19 5 645
19 6 6755
19 7 2116
19 8 6832
19 9 7209
19 10 6190
19 11 3313
19 12 1080
19 13 5798
19 14 3389
19 15 827
19 16 5217
19 17 191
19 18 5958
19 20 5151
19 21 3920
19 22 7313
19 23 2127
19 24 2236
19 25 2250
19 26 171
19 27 2513
19 28 7499
19 29 4006
19 30 2727
19 31 152
19 32 2404
19 33 5346
19 34 1481
19 35 3916
19 36 2481
19 37 6066
19 38 6692
19 39 2125
19 40 7279
19 41 2101
19 42 2669
19 43 2131
19 44 5022
19 45 3234
19 46 2624
19 47 6427
19 48 7
19 49 4501
19 50 1822
19 51 6886
19 52 4401
19 53 4041
19 54 2336
19 55 269
19 56 5788
19 57 7031
19 58 939
19 59 2475
19 60 6501
19 61 5531
19 62 2413
19 63 3397
19 64 171
19 65 2777
19 66 2981
19 67 7436
19 68 3901
19 69 5275
19 70 2718
20 1 4249
20 2 6045
20 3 1519
20 4 2142
20 5 1463
20 6 2011
20 7 6398
20 8 6364
20 9 7136
20 10 1757
20 11 442
20 12 5933
20 13 3394
20 14 1869
20 15 282
20 16 4647
20 17 3233
20 18 2387
20 19 1748
20 21 7270
20 22 1644
20 23 6097
20 24 3040
20 25 2978
20 26 4790
20 27 4116
20 28 4846
20 29 1590
20 30 1219
20 31 4918
20 32 1957
20 33 417
20 34 6614
20 35 7264
20 36 4959
20 37 1529
20 38 2579
20 39 5700
20 40 3418
20 41 2810
20 42 3828
20 43 6779
20 44 3486
20 45 6019
20 46 3697
20 47 6936
20 48 2044
20 49 2689
20 50 4218
20 51 379
20 52 2036
20 53 5065
20 54 5417
20 55 1109
20 56 4931
20 57 4193
20 58 1562
20 59 4309
20 60 4421
20 61 7373
20 62 1792
20 63 910
20 64 742
20 65 6552
20 66 969
20 67 3950
20 68 3712
20 69 1875
20 70 1122
21 1 99
21 2 5223
21 3 6352
21 4 5168
21 5 4585
21 6 6813
21 7 6078
21 8 66
21 9 4061
21 10 7321
21 11 284
21 12 6092
21 13 4073
21 14 3695
21 15 6932
21 16 5061
21 17 1587
21 18 5798
21 19 2146
21 20 1388
21 22 2495
21 23 1023
21 24 1749
21 25 5010
21 26 4736
21 27 7139
21 28 5385
21 29 31
21 30 3061
21 31 3363
21 32 7081
21 33 4234
21 34 6335
21 35 3720
21 36 1949
21 37 6786
21 38 2891
21 39 2937
21 40 395
21 41 4971
21 42 6037
21 43 5683
21 44 6208
21 45 5383
21 46 416
21 47 6437
21 48 2514
21 49 6924
21 50 3006
21 51 2471
21 52 7205
21 53 3337
21 54 2214
21 55 303
21 56 1087
21 57 4475
21 58 6682
21 59 3093
21 60 7292
21 61 857
21 62 1859
21 63 3431
21 64 1305
21 65 4131
21 66 2474
21 67 3788
21 68 619
21 69 5784
21 70 3842
22 1 2596
22 2 7050
22 3 1320
22 4 3220
22 5 2412
22 6 5578
22 7 4142
22 8 1675
22 9 4802
22 10 2354
22 11 6149
22 12 7088
22 13 6188
22 14 4060
22 15 292
22 16 1778
22 17 3816
22 18 451
22 19 4452
22 20 6796
22 21 3921
22 23 1555
22 24 7483
22 25 3819
22 26 1280
22 27 5754
22 28 5997
22 29 6304
22 30 5101
22 31 3694
22 32 4231
22 33 71
22 34 411
22 35 3969
22 36 4922
22 37 1465
22 38 2930
22 39 3414
22 40 1215
22 41 6386
22 42 2651
22 43 739
22 44 2723
22 45 2594
22 46 5542
22 47 6591
22 48 2883
22 49 2907
22 50 4721
22 51 1479
22 52 4102
22 53 2569
22 54 3466
22 55 3749
22 56 3364
22 57 1432
22 58 1672
22 59 611
22 60 6940
22 61 3319
22 62 3043
22 63 6425
22 64 4570
22 65 6144
22 66 5641
22 67 908
22 68 3935
22 69 4216
22 70 5694
23 1 3134
23 2 6180
23 3 6528
23 4 3568
23 5 724
23 6 2807
23 7 578
23 8 4761
23 9 4483
23 10 5985
23 11 6277
23 12 4210
23 13 2767
23 14 5336
23 15 724
23 16 7069
23 17 5792
23 18 3258
23 19 4784
23 20 3166
23 21 2746
23 22 5973
23 24 1477
23 25 3866
23 26 2166
23 27 3029
23 28 453
23 29 7384
23 30 373
23 31 6258
23 32 6804
23 33 6820
23 34 748
23 35 6845
23 36 990
23 37 6132
23 38 1590
23 39 4114
23 40 495
23 41 4949
23 42 4096
23 43 4594
23 44 2752
23 45 1938
23 46 1681
23 47 7012
23 48 6835
23 49 6623
23 50 3423
23 51 4634
23 52 1679
23 53 4331
23 54 5160
23 55 2382
23 56 6756
23 57 2701
23 58 6439
23 59 4932
23 60 1054
23 61 1611
23 62 2312
23 63 3375
23 64 7433
23 65 5191
23 66 7289
23 67 7212
23 68 6961
23 69 4324
23 70 3446
24 1 3637
24 2 3524
24 3 4240
24 4 4167
24 5 3391
24 6 7405
24 7 4225
24 8 664
24 9 350
24 10 3710
24 11 6624
24 12 244
24 13 1094
24 14 1622
24 15 2040
24 16 3765
24 17 2662
24 18 6471
24 19 2206
24 20 189
24 21 6325
24 22 6507
24 23 3261
24 25 6183
24 26 5303
24 27 5182
24 28 983
24 29 3268
24 30 6137
24 31 3069
24 32 2594
24 33 2534
24 34 2358
24 35 2514
24 36 246
24 37 6001
24 38 3743
24 39 6586
24 40 7284
24 41 2165
24 42 1840
24 43 5955
24 44 7454
24 45 6812
24 46 7319
24 47 5516
24 48 4196
24 49 1298
24 50 702
24 51 2076
24 52 2405
24 53 6824
24 54 976
24 55 2196
24 56 1139
24 57 6843
24 58 3576
24 59 876
24 60 7371
24 61 3544
24 62 2222
24 63 4000
24 64 4441
24 65 2613
24 66 3823
24 67 2448
24 68 5494
24 69 975
24 70 2677
25 1 4342
25 2 6771
25 3 1593
25 4 4430
25 5 3549
25 6 1471
25 7 839
25 8 830
25 9 898
25 10 359
25 11 5779
25 12 3037
25 13 1135
25 14 6751
25 15 4993
25 16 5338
25 17 6961
25 18 5928
25 19 3552
25 20 5528
25 21 3035
25 22 1108
25 23 2378
25 24 3779
25 26 3096
25 27 3702
25 28 299
25 29 491
25 30 4947
25 31 3957
25 32 3581
25 33 3937
25 34 5289
25 35 2086
25 36 602
25 37 4187
25 38 2080
25 39 2970
25 40 4390
25 41 1041
25 42 2094
25 43 6273
25 44 5689
25 45 14
25 46 46
25 47 1796
25 48 7401
25 49 1249
25 50 1344
25 51 6657
25 52 2195
25 53 2229
25 54 6990
25 55 4989
25 56 1144
25 57 840
25 58 3901
25 59 4511
25 60 891
25 61 575
25 62 3230
25 63 7342
25 64 7362
25 65 6207
25 66 1681
25 67 5845
25 68 6062
25 69 6410
25 70 5590
26 1 6488
26 2 6753
26 3 4784
26 4 6738
26 5 2199
26 6 4193
26 7 1635
26 8 1284
26 9 3874
26 10 1337
26 11 3828
26 12 3277
26 13 3005
26 14 2506
26 15 4951
26 16 692
26 17 141
26 18 1957
26 19 3066
26 20 4618
26 21 180
26 22 2434
26 23 5565
26 24 4737
26 25 2486
26 27 4231
26 28 5805
26 29 5012
26 30 1347
26 31 1498
26 32 7335
26 33 4801
26 34 6821
26 35 7382
26 36 5338
26 37 5497
26 38 1076
26 39 3747
26 40 7208
26 41 3053
26 42 5595
26 43 3495
26 44 5957
26 45 5408
26 46 1228
26 47 5398
26 48 82
26 49 1475
26 50 6112
26 51 3757
26 52 2714
26 53 4383
26 54 6466
26 55 6747
26 56 556
26 57 6264
26 58 3759
26 59 1637
26 60 3225
26 61 1407
26 62 5206
26 63 4884
26 64 4947
26 65 2160
26 66 896
26 67 4347
26 68 5528
26 69 3215
26 70 6894
27 1 6806
27 2 6233
27 3 2057
27 4 3949
27 5 3943
27 6 1688
27 7 4478
27 8 3803
27 9 6043
27 10 1950
27 11 2381
27 12 4617
27 13 592
27 14 760
27 15 5832
27 16 5069
27 17 1093
27 18 5456
27 19 3249
27 20 7133
27 21 2115
27 22 7298
27 23 4164
27 24 5057
27 25 7387
27 26 3402
27 28 6057
27 29 776
27 30 6632
27 31 3141
27 32 2586
27 33 5435
27 34 731
27 35 4671
27 36 6011
27 37 3812
27 38 6248
27 39 5946
27 40 1187
27 41 360
27 42 2003
27 43 1981
27 44 7423
27 45 1939
27 46 7474
27 47 2367
27 48 7147
27 49 6562
27 50 7197
27 51 4421
27 52 1827
27 53 6642
27 54 6605
27 55 4983
27 56 3297
27 57 3873
27 58 5504
27 59 2938
27 60 1984
27 61 2668
27 62 6467
27 63 4913
27 64 5092
27 65 4159
27 66 1210
27 67 120
27 68 6506
27 69 6037
27 70 1748
28 1 3970
28 2 247
28 3 7394
28 4 3862
28 5 5043
28 6 6098
28 7 7
28 8 6361
28 9 5508
28 10 6291
28 11 311
28 12 6240
28 13 681
28 14 5346
28 15 1279
28 16 2689
28 17 6038
28 18 4749
28 19 6991
28 20 4314
28 21 1463
28 22 3268
28 23 3046
28 24 5066
28 25 4751
28 26 4844
28 27 444
28 29 6322
28 30 2508
28 31 1677
28 32 4970
28 33 6817
28 34 2104
28 35 1711
28 36 7386
28 37 5794
28 38 6717
28 39 535
28 40 1216
28 41 6973
28 42 3064
28 43 365
28 44 4224
28 45 6939
28 46 3270
28 47 761
28 48 5002
28 49 2211
28 50 5642
28 51 4761
28 52 4537
28 53 807
28 54 1868
28 55 3171
28 56 3122
28 57 2849
28 58 2363
28 59 6394
28 60 4111
28 61 4153
28 62 3296
28 63 5986
28 64 6221
28 65 5885
28 66 4848
28 67 5425
28 68 988
28 69 4746
28 70 465
29 1 2655
29 2 6745
29 3 4492
29 4 4180
29 5 163
29 6 3926
29 7 4175
29 8 6777
29 9 137
29 10 2672
29 11 4875
29 12 3338
29 13 1717
29 14 6814
29 15 2421
29 16 6251
29 17 6586
29 18 5757
29 19 3284
29 20 993
29 21 4276
29 22 806
29 23 511
29 24 6507
29 25 857
29 26 2618
29 27 4490
29 28 136
29 30 4494
29 31 1924
29 32 3251
29 33 1901
29 34 6919
29 35 7296
29 36 6012
29 37 5041
29 38 3141
29 39 2598
29 40 3113
29 41 1770
29 42 1080
29 43 3613
29 44 3852
29 45 7484
29 46 70
29 47 2338
29 48 3063
29 49 1659
29 50 6268
29 51 2810
29 52 1680
29 53 7397
29 54 356
29 55 1453
29 56 565
29 57 4299
29 58 1391
29 59 2628
29 60 2155
29 61 691
29 62 7400
29 63 2734
29 64 2588
29 65 2687
29 66 4906
29 67 6724
29 68 1997
29 69 3879
29 70 6904
30 1 5484
30 2 6718
30 3 766
30 4 1150
30 5 4397
30 6 6021
30 7 4012
30 8 2139
30 9 6131
30 10 6011
30 11 2114
30 12 471
30 13 4414
30 14 107
30 15 6135
30 16 892
30 17 961
30 18 5439
30 19 3431
30 20 1241
30 21 5535
30 22 4158
30 23 4776
30 24 6493
30 25 3137
30 26 6551
30 27 1878
30 28 73
30 29 963
30 31 5086
30 32 1943
30 33 5250
30 34 5979
30 35 5956
30 36 1471
30 37 4597
30 38 3882
30 39 581
30 40 2697
30 41 4899
30 42 2826
30 43 6103
30 44 3821
30 45 4688
30 46 2889
30 47 5014
30 48 1687
30 49 2234
30 50 3293
30 51 6149
30 52 6530
30 53 938
30 54 2665
30 55 2140
30 56 5746
30 57 6945
30 58 7250
30 59 2862
30 60 1064
30 61 511
30 62 4672
30 63 3109
30 64 2602
30 65 1583
30 66 130
30 67 5059
30 68 3622
30 69 7066
30 70 7469
31 1 1200
31 2 3670
31 3 1438
31 4 5974
31 5 3907
31 6 7183
31 7 2135
31 8 367
31 9 5853
31 10 2723
31 11 6351
31 12 5990
31 13 12
31 14 1698
31 15 2900
31 16 1787
31 17 4077
31 18 4744
31 19 5300
31 20 5613
31 21 2696
31 22 2832
31 23 1347
31 24 4797
31 25 1642
31 26 2765
31 27 2979
31 28 6129
31 29 2422
31 30 3780
31 32 6210
31 33 6979
31 34 4713
31 35 2731
31 36 2198
31 37 4836
31 38 5997
31 39 1791
31 40 1120
31 41 6131
31 42 353
31 43 6247
31 44 2480
31 45 6824
31 46 6961
31 47 3205
31 48 3088
31 49 4703
31 50 5001
31 51 1049
31 52 2734
31 53 3403
31 54 1722
31 55 2796
31 56 3537
31 57 3670
31 58 5716
31 59 4122
31 60 5284
31 61 2387
31 62 674
31 63 3069
31 64 938
31 65 2271
31 66 2206
31 67 4849
31 68 5248
31 69 1356
31 70 1128
32 1 6739
32 2 4525
32 3 578
32 4 1333
32 5 2384
32 6 3538
32 7 2903
32 8 6298
32 9 813
32 10 2632
32 11 1845
32 12 1765
32 13 315
32 14 3258
32 15 3144
32 16 371
32 17 1492
32 18 1679
32 19 4971
32 20 2735
32 21 2139
32 22 2265
32 23 2196
32 24 4986
32 25 5411
32 26 1142
32 27 6611
32 28 4484
32 29 3336
32 30 7028
32 31 1376
32 33 147
32 34 6429
32 35 3890
32 36 2337
32 37 5174
32 38 1617
32 39 3537
32 40 4560
32 41 6419
32 42 6561
32 43 2342
32 44 6383
32 45 1662
32 46 329
32 47 5865
32 48 1929
32 49 823
32 50 3155
32 51 3773
32 52 6673
32 53 1600
32 54 6942
32 55 6689
32 56 882
32 57 3738
32 58 1384
32 59 2670
32 60 4777
32 61 1368
32 62 6789
32 63 1992
32 64 2963
32 65 7012
32 66 1961
32 67 2483
32 68 1816
32 69 6052
32 70 585
33 1 7243
33 2 3996
33 3 1260
33 4 2650
33 5 5149
33 6 3021
33 7 6112
33 8 2036
33 9 2406
33 10 4520
33 11 6991
33 12 4738
33 13 2452
33 14 3451
33 15 2993
33 16 6692
33 17 5476
33 18 5342
33 19 1343
33 20 7247
33 21 5238
33 22 2433
33 23 2161
33 24 6103
33 25 6146
33 26 4912
33 27 3920
33 28 2783
33 29 5764
33 30 440
33 31 2481
33 32 3536
33 34 583
33 35 4370
33 36 4695
33 37 4326
33 38 3748
33 39 5222
33 40 7018
33 41 4875
33 42 3499
33 43 4836
33 44 876
33 45 5590
33 46 4995
33 47 2286
33 48 2791
33 49 1170
33 50 4496
33 51 7125
33 52 2583
33 53 3205
33 54 3459
33 55 3423
33 56 7131
33 57 1037
33 58 4352
33 59 2368
33 60 2733
33 61 1305
33 62 6987
33 63 3537
33 64 7076
33 65 5151
33 66 3944
33 67 3158
33 68 5127
33 69 4816
33 70 3612
34 1 1326
34 2 7491
34 3 6798
34 4 6394
34 5 6101
34 6 1123
34 7 620
34 8 4874
34 9 707
34 10 4844
34 11 2031
34 12 5868
34 13 6594
34 14 1352
34 15 858
34 16 1038
34 17 1644
34 18 6817
34 19 13
34 20 472
34 21 7003
34 22 826
34 23 5996
34 24 6535
34 25 5818
34 26 4480
34 27 4591
34 28 2682
34 29 481
34 30 6304
34 31 6262
34 32 2825
34 33 3382
34 35 2153
34 36 3405
34 37 4423
34 38 152
34 39 4727
34 40 5415
34 41 1007
34 42 3148
34 43 5948
34 44 597
34 45 3938
34 46 6752
34 47 5266
34 48 5535
34 49 4213
34 50 2686
34 51 5847
34 52 5185
34 53 1389
34 54 5152
34 55 1642
34 56 2093
34 57 4067
34 58 4351
34 59 2463
34 60 3256
34 61 589
34 62 3841
34 63 66
34 64 2938
34 65 3842
34 66 3847
34 67 2913
34 68 7405
34 69 6118
34 70 2882
35 1 7432
35 2 3628
35 3 6624
35 4 5387
35 5 5286
35 6 5410
35 7 3296
35 8 1677
35 9 3877
35 10 6225
35 11 2280
35 12 7012
35 13 4198
35 14 3738
35 15 5344
35 16 6348
35 17 7098
35 18 7275
35 19 3672
35 20 2757
35 21 6361
35 22 1338
35 23 2180
35 24 1504
35 25 4722
35 26 2823
35 27 3680
35 28 7500
35 29 3894
35 30 897
35 31 1826
35 32 5008
35 33 6826
35 34 1974
35 36 1502
35 37 556
35 38 7230
35 39 4663
35 40 453
35 41 5630
35 42 5879
35 43 2881
35 44 3161
35 45 3139
35 46 532
35 47 4194
35 48 5412
35 49 3385
35 50 7336
35 51 1160
35 52 7148
35 53 6877
35 54 4157
35 55 4808
35 56 4752
35 57 1326
35 58 1081
35 59 3539
35 60 4881
35 61 4704
35 62 1151
35 63 2197
35 64 1720
35 65 7060
35 66 1942
35 67 5246
35 68 1315
35 69 3761
35 70 48
36 1 2311
36 2 6168
36 3 4956
36 4 6061
36 5 3784
36 6 1375
36 7 3500
36 8 4156
36 9 7078
36 10 2571
36 11 3712
36 12 1645
36 13 2577
36 14 2661
36 15 935
36 16 2908
36 17 5806
36 18 4536
36 19 1731
36 20 2162
36 21 1776
36 22 2836
36 23 116
36 24 1127
36 25 7377
36 26 1818
36 27 6754
36 28 1324
36 29 6902
36 30 5767
36 31 6674
36 32 562
36 33 3006
36 34 4052
36 35 772
36 37 2910
36 38 7386
36 39 1522
36 40 6658
36 41 6653
36 42 6289
36 43 471
36 44 2381
36 45 3386
36 46 2648
36 47 6925
36 48 7197
36 49 910
36 50 3552
36 51 611
36 52 829
36 53 6255
36 54 1032
36 55 2477
36 56 5746
36 57 2340
36 58 405
36 59 4519
36 60 4957
36 61 7431
36 62 7034
36 63 1187
36 64 2736
36 65 1775
36 66 6971
36 67 2186
36 68 453
36 69 4875
36 70 2126
37 1 2014
37 2 2933
37 3 2740
37 4 7238
37 5 5985
37 6 636
37 7 4661
37 8 7380
37 9 2895
37 10 5506
37 11 2899
37 12 719
37 13 6623
37 14 1834
37 15 2563
37 16 7155
37 17 4809
37 18 6049
37 19 1003
37 20 4930
37 21 5726
37 22 4813
37 23 363
37 24 2387
37 25 6677
37 26 3394
37 27 4509
37 28 5833
37 29 6317
37 30 5709
37 31 6535
37 32 2095
37 33 5801
37 34 7461
37 35 991
37 36 1903
37 38 2528
37 39 717
37 40 6281
37 41 6303
37 42 4142
37 43 4834
37 44 7431
37 45 2840
37 46 2957
37 47 7303
37 48 3708
37 49 6634
37 50 1115
37 51 4270
37 52 849
37 53 6133
37 54 832
37 55 5491
37 56 7036
37 57 2482
37 58 5383
37 59 3794
37 60 1568
37 61 991
37 62 5790
37 63 3381
37 64 5413
37 65 869
37 66 528
37 67 1496
37 68 6669
37 69 5024
37 70 6947
38 1 1473
38 2 4249
38 3 4925
38 4 6038
38 5 4438
38 6 4793
38 7 2218
38 8 2172
38 9 2606
38 10 5205
38 11 7436
38 12 6486
38 13 708
38 14 351
38 15 243
38 16 5699
38 17 1144
38 18 1041
38 19 7409
38 20 264
38 21 1461
38 22 2499
38 23 4644
38 24 4433
38 25 4760
38 26 3843
38 27 5049
38 28 6766
38 29 7184
38 30 1428
38 31 3657
38 32 6577
38 33 2402
38 34 1632
38 35 1087
38 36 1629
38 37 975
38 39 6556
38 40 6826
38 41 2163
38 42 6391
38 43 1035
38 44 1350
38 45 1232
38 46 714
38 47 368
38 48 3128
38 49 6399
38 50 2198
38 51 1153
38 52 5729
38 53 1750
38 54 6635
38 55 5890
38 56 2727
38 57 3244
38 58 7412
38 59 1276
38 60 5377
38 61 2188
38 62 5669
38 63 819
38 64 7306
38 65 6622
38 66 2676
38 67 192
38 68 6581
38 69 3456
38 70 293
39 1 3139
39 2 3088
39 3 5539
39 4 7105
39 5 3882
39 6 168
39 7 3609
39 8 2555
39 9 6051
39 10 4007
39 11 305
39 12 523
39 13 262
39 14 5676
39 15 5507
39 16 2142
39 17 6064
39 18 5081
39 19 3314
39 20 1309
39 21 7058
39 22 4821
39 23 5116
39 24 7446
39 25 4413
39 26 2063
39 27 1678
39 28 6402
39 29 797
39 30 516
39 31 2922
39 32 5840
39 33 3423
39 34 2199
39 35 3664
39 36 6384
39 37 3369
39 38 999
39 40 735
39 41 5048
39 42 839
39 43 4097
39 44 2523
39 45 1510
39 46 1674
39 47 4853
39 48 6669
39 49 1972
39 50 164
39 51 4679
39 52 5991
39 53 4387
39 54 5577
39 55 4406
39 56 4661
39 57 1315
39 58 622
39 59 1199
39 60 2925
39 61 1248
39 62 4829
39 63 13
39 64 2037
39 65 870
39 66 4290
39 67 7020
39 68 4280
39 69 4069
39 70 651
40 1 193
40 2 4210
40 3 3694
40 4 6604
40 5 6807
40 6 1080
40 7 6633
40 8 4613
40 9 1545
40 10 3042
40 11 4152
40 12 5668
40 13 2391
40 14 7448
40 15 2741
40 16 3863
40 17 1271
40 18 6216
40 19 3373
40 20 1404
40 21 3027
40 22 5620
40 23 7408
40 24 4519
40 25 1115
40 26 3783
40 27 1261
40 28 2890
40 29 6331
40 30 5919
40 31 2600
40 32 7131
40 33 3051
40 34 6007
40 35 3098
40 36 5432
40 37 3090
40 38 6405
40 39 507
40 41 2985
40 42 5163
40 43 4686
40 44 5092
40 45 5062
40 46 54
40 47 387
40 48 161
40 49 1499
40 50 2326
40 51 5356
40 52 2782
40 53 6925
40 54 5767
40 55 4167
40 56 1482
40 57 6569
40 58 2427
40 59 6328
40 60 7024
40 61 1844
40 62 5998
40 63 4706
40 64 5823
40 65 1718
40 66 4015
40 67 2923
40 68 61
40 69 3661
40 70 2306
41 1 2315
41 2 7438
41 3 5485
41 4 1439
41 5 457
41 6 4104
41 7 5600
41 8 6848
41 9 3985
41 10 6480
41 11 3728
41 12 5231
41 13 7468
41 14 2961
41 15 4960
41 16 5648
41 17 1410
41 18 1092
41 19 1561
41 20 1211
41 21 1484
41 22 7213
41 23 1487
41 24 1999
41 25 4631
41 26 3242
41 27 6381
41 28 431
41 29 6198
41 30 2827
41 31 7415
41 32 2026
41 33 4312
41 34 6371
41 35 4829
41 36 7082
41 37 6654
41 38 3194
41 39 6657
41 40 4105
41 42 2806
41 43 5582
41 44 480
41 45 5215
41 46 6422
41 47 4291
41 48 3870
41 49 3604
41 50 1944
41 51 5022
41 52 7387
41 53 6238
41 54 6498
41 55 3446
41 56 223
41 57 1825
41 58 1306
41 59 1769
41 60 4926
41 61 7227
41 62 7323
41 63 3647
41 64 1398
41 65 2922
41 66 5568
41 67 6420
41 68 3678
41 69 1169
41 70 2799
42 1 5637
42 2 6992
42 3 485
42 4 2029
42 5 5259
42 6 5773
42 7 2015
42 8 4869
42 9 5058
42 10 2939
42 11 2260
42 12 4283
42 13 117
42 14 3369
42 15 2717
42 16 7090
42 17 3669
42 18 4028
42 19 1198
42 20 7370
42 21 6501
42 22 3137
42 23 7066
42 24 6351
42 25 5300
42 26 36
42 27 1701
42 28 5566
42 29 1355
42 30 4669
42 31 7035
42 32 2358
42 33 4419
42 34 4305
42 35 4580
42 36 5134
42 37 3193
42 38 3299
42 39 3143
42 40 5930
42 41 4895
42 43 7455
42 44 5851
42 45 1113
42 46 600
42 47 7291
42 48 3053
42 49 6251
42 50 4894
42 51 6591
42 52 3175
42 53 6322
42 54 6128
42 55 4595
42 56 5511
42 57 2025
42 58 6417
42 59 7026
42 60 610
42 61 4709
42 62 1379
42 63 2786
42 64 5673
42 65 7217
42 66 6941
42 67 6251
42 68 4422
42 69 7246
42 70 2950
43 1 6091
43 2 3885
43 3 5264
43 4 1724
43 5 1188
43 6 3569
43 7 6476
43 8 5168
43 9 2375
43 10 4070
43 11 1820
43 12 5085
43 13 7278
43 14 4226
43 15 3883
43 16 6487
43 17 6341
43 18 3903
43 19 6848
43 20 2388
43 21 5948
43 22 6488
43 23 6996
43 24 7391
43 25 5174
43 26 3050
43 27 6374
43 28 2736
43 29 2151
43 30 6514
43 31 771
43 32 6711
43 33 691
43 34 1144
43 35 3583
43 36 5144
43 37 2868
43 38 5427
43 39 1516
43 40 2893
43 41 6499
43 42 898
43 44 428
43 45 3645
43 46 2360
43 47 839
43 48 6613
43 49 2243
43 50 2101
43 51 1797
43 52 948
43 53 2671
43 54 3597
43 55 1774
43 56 7444
43 57 374
43 58 2759
43 59 6700
43 60 6069
43 61 1360
43 62 6115
43 63 5531
43 64 4666
43 65 5692
43 66 4683
43 67 4290
43 68 3389
43 69 5270
43 70 2551
44 1 4922
44 2 3994
44 3 4894
44 4 1913
44 5 6184
44 6 2073
44 7 5304
44 8 5598
44 9 3446
44 10 2746
44 11 3760
44 12 5929
44 13 3507
44 14 3793
44 15 6586
44 16 5232
44 17 2126
44 18 2361
44 19 2373
44 20 5104
44 21 4394
44 22 7334
44 23 6875
44 24 5912
44 25 5849
44 26 6887
44 27 2603
44 28 40
44 29 2761
44 30 1307
44 31 4918
44 32 5956
44 33 4728
44 34 3390
44 35 796
44 36 649
44 37 131
44 38 4663
44 39 2570
44 40 2085
44 41 6540
44 42 649
44 43 6394
44 45 3832
44 46 3884
44 47 4928
44 48 2877
44 49 670
44 50 3811
44 51 4760
44 52 1322
44 53 398
44 54 3791
44 55 2056
44 56 5615
44 57 7012
44 58 6552
44 59 2627
44 60 4325
44 61 3455
44 62 4583
44 63 1213
44 64 40
44 65 3828
44 66 1280
44 67 3767
44 68 6016
44 69 552
44 70 6343
45 1 2556
45 2 806
45 3 2461
45 4 3139
45 5 997
45 6 2290
45 7 784
45 8 1942
45 9 3096
45 10 3769
45 11 5440
45 12 1669
45 13 1623
45 14 7138
45 15 2622
45 16 5698
45 17 459
45 18 6022
45 19 3151
45 20 4189
45 21 5220
45 22 6411
45 23 4593
45 24 7291
45 25 2434
45 26 5409
45 27 6977
45 28 6184
45 29 5803
45 30 5550
45 31 4965
45 32 6225
45 33 2192
45 34 2234
45 35 6522
45 36 150
45 37 1733
45 38 165
45 39 1246
45 40 6135
45 41 6948
45 42 334
45 43 7433
45 44 6594
45 46 3014
45 47 3761
45 48 6720
45 49 4659
45 50 5
45 51 2783
45 52 26
45 53 4477
45 54 962
45 55 6810
45 56 2282
45 57 5
45 58 4988
45 59 1154
45 60 5001
45 61 5523
45 62 2474
45 63 919
45 64 3487
45 65 5414
45 66 3009
45 67 860
45 68 1926
45 69 3078
45 70 7427
46 1 606
46 2 750
46 3 6108
46 4 3828
46 5 6020
46 6 10
46 7 5408
46 8 3403
46 9 2326
46 10 3820
46 11 94
46 12 5814
46 13 619
46 14 215
46 15 3693
46 16 6736
46 17 5332
46 18 3889
46 19 4913
46 20 3404
46 21 3911
46 22 6398
46 23 3842
46 24 4352
46 25 554
46 26 2914
46 27 4977
46 28 7225
46 29 1783
46 30 1325
46 31 1007
46 32 3055
46 33 6866
46 34 3369
46 35 836
46 36 1545
46 37 4765
46 38 1862
46 39 3963
46 40 4475
46 41 7423
46 42 6919
46 43 5409
46 44 1220
46 45 3335
46 47 7209
46 48 1734
46 49 69
46 50 5813
46 51 4278
46 52 4937
46 53 1220
46 54 2454
46 55 4198
46 56 6936
46 57 2871
46 58 1825
46 59 5274
46 60 6610
46 61 6502
46 62 4224
46 63 7394
46 64 4891
46 65 3893
46 66 6280
46 67 5962
46 68 1823
46 69 1669
46 70 4309
47 1 242
47 2 3814
47 3 7235
47 4 6338
47 5 3759
47 6 4746
47 7 2363
47 8 4858
47 9 6823
47 10 2092
47 11 4885
47 12 1044
47 13 6042
47 14 7392
47 15 6371
47 16 812
47 17 7289
47 18 3062
47 19 4640
47 20 358
47 21 3450
47 22 1957
47 23 6039
47 24 1247
47 25 2450
47 26 4729
47 27 4977
47 28 6372
47 29 1237
47 30 2832
47 31 1041
47 32 15
47 33 2297
47 34 1832
47 35 123
47 36 6841
47 37 4829
47 38 6546
47 39 2740
47 40 2753
47 41 5213
47 42 618
47 43 3865
47 44 3693
47 45 4833
47 46 3251
47 48 4704
47 49 7441
47 50 999
47 51 5012
47 52 3332
47 53 5266
47 54 1062
47 55 7385
47 56 383
47 57 5001
47 58 3939
47 59 1015
47 60 1541
47 61 651
47 62 4004
47 63 3506
47 64 5442
47 65 2618
47 66 3670
47 67 2388
47 68 5320
47 69 6278
47 70 2658
48 1 4470
48 2 6415
48 3 5479
48 4 4238
48 5 839
48 6 3820
48 7 4087
48 8 2376
48 9 5697
48 10 5484
48 11 6213
48 12 2320
48 13 7275
48 14 3535
48 15 4423
48 16 2407
48 17 7114
48 18 946
48 19 6261
48 20 3365
48 21 2407
48 22 898
48 23 2044
48 24 2725
48 25 2785
48 26 4716
48 27 1964
48 28 3536
48 29 4536
48 30 4747
48 31 835
48 32 4126
48 33 741
48 34 6431
48 35 2349
48 36 4298
48 37 2914
48 38 5924
48 39 737
48 40 3497
48 41 2390
48 42 7251
48 43 4836
48 44 7311
48 45 6388
48 46 6936
48 47 1634
48 49 6389
48 50 6750
48 51 4487
48 52 4906
48 53 3000
48 54 5043
48 55 5431
48 56 3264
48 57 721
48 58 2558
48 59 5708
48 60 2086
48 61 5277
48 62 5572
48 63 2254
48 64 6260
48 65 1481
48 66 2296
48 67 823
48 68 1624
48 69 5810
48 70 2587
49 1 5732
49 2 3320
49 3 6647
49 4 2949
49 5 3189
49 6 4997
49 7 5228
49 8 3491
49 9 19
49 10 690
49 11 5078
49 12 5181
49 13 3706
49 14 3207
49 15 7038
49 16 1704
49 17 2723
49 18 2014
49 19 1596
49 20 5440
49 21 3238
49 22 1212
49 23 2791
49 24 1506
49 25 6402
49 26 1723
49 27 3738
49 28 3285
49 29 980
49 30 6768
49 31 1955
49 32 5668
49 33 6903
49 34 3986
49 35 5349
49 36 1636
49 37 41
49 38 7469
49 39 2883
49 40 782
49 41 1744
49 42 3917
49 43 6240
49 44 5589
49 45 6040
49 46 4189
49 47 3428
49 48 7372
49 50 6502
49 51 3374
49 52 3047
49 53 2041
49 54 665
49 55 6356
49 56 5267
49 57 7172
49 58 5769
49 59 397
49 60 491
49 61 7205
49 62 2282
49 63 816
49 64 12
49 65 4224
49 66 2179
49 67 135
49 68 2924
49 69 981
49 70 2764
50 1 6289
50 2 3106
50 3 1407
50 4 2395
50 5 3570
50 6 3574
50 7 2985
50 8 5372
50 9 6339
50 10 5354
50 11 813
50 12 5808
50 13 1965
50 14 5647
50 15 7401
50 16 762
50 17 6961
50 18 412
50 19 6547
50 20 4572
50 21 7184
50 22 4933
50 23 5577
50 24 6044
50 25 7365
50 26 4316
50 27 6493
50 28 7202
50 29 5537
50 30 688
50 31 6413
50 32 1732
50 33 6417
50 34 7380
50 35 3407
50 36 5306
50 37 768
50 38 1513
50 39 1606
50 40 437
50 41 4663
50 42 4811
50 43 887
50 44 4686
50 45 3516
50 46 3928
50 47 4563
50 48 5065
50 49 5297
50 51 3748
50 52 2249
50 53 4158
50 54 3458
50 55 237
50 56 6420
50 57 3912
50 58 6366
50 59 4593
50 60 2674
50 61 1051
50 62 382
50 63 153
50 64 3910
50 65 6907
50 66 1260
50 67 6758
50 68 4503
50 69 4081
50 70 1735
51 1 2327
51 2 2062
51 3 852
51 4 7434
51 5 3745
51 6 2227
51 7 5970
51 8 867
51 9 6694
51 10 7099
51 11 957
51 12 1267
51 13 7444
51 14 379
51 15 6622
51 16 4327
51 17 5391
51 18 1492
51 19 5612
51 20 288
51 21 2288
51 22 6956
51 23 3762
51 24 5942
51 25 994
51 26 1754
51 27 5847
51 28 3027
51 29 1538
51 30 6192
51 31 698
51 32 5577
51 33 3821
51 34 923
51 35 6254
51 36 1277
51 37 3751
51 38 3672
51 39 7145
51 40 5447
51 41 2330
51 42 6457
51 43 7087
51 44 6009
51 45 3653
51 46 1807
51 47 1222
51 48 2583
51 49 6120
51 50 3753
51 52 2206
51 53 6029
51 54 4765
51 55 112
51 56 3414
51 57 4196
51 58 2543
51 59 4255
51 60 2216
51 61 303
51 62 7248
51 63 5715
51 64 2107
51 65 4569
51 66 1049
51 67 1834
51 68 945
51 69 6991
51 70 7436
52 1 7458
52 2 1020
52 3 2280
52 4 2352
52 5 297
52 6 5795
52 7 5563
52 8 7429
52 9 1179
52 10 3139
52 11 4394
52 12 6336
52 13 5803
52 14 725
52 15 5411
52 16 6906
52 17 4521
52 18 5653
52 19 7104
52 20 134
52 21 725
52 22 2131
52 23 1944
52 24 4593
52 25 4210
52 26 4362
52 27 713
52 28 6233
52 29 4781
52 30 7481
52 31 3871
52 32 1602
52 33 5769
52 34 3779
52 35 1251
52 36 4734
52 37 4969
52 38 5256
52 39 6123
52 40 910
52 41 2417
52 42 567
52 43 2328
52 44 1906
52 45 7304
52 46 1668
52 47 2986
52 48 4652
52 49 2679
52 50 3392
52 51 2028
52 53 2976
52 54 1758
52 55 1555
52 56 6375
52 57 785
52 58 4081
52 59 1453
52 60 366
52 61 315
52 62 5541
52 63 814
52 64 2224
52 65 739
52 66 7343
52 67 2489
52 68 4319
52 69 1262
52 70 5209
53 1 619
53 2 5275
53 3 7348
53 4 7425
53 5 5407
53 6 584
53 7 2010
53 8 4469
53 9 6898
53 10 5733
53 11 3833
53 12 6584
53 13 3628
53 14 6707
53 15 3567
53 16 2166
53 17 6837
53 18 1341
53 19 7077
53 20 5285
53 21 6487
53 22 1528
53 23 5424
53 24 5795
53 25 1849
53 26 7302
53 27 3798
53 28 6130
53 29 5441
53 30 629
53 31 2861
53 32 7192
53 33 1116
53 34 4713
53 35 5363
53 36 6621
53 37 7118
53 38 4709
53 39 6499
53 40 6339
53 41 1275
53 42 4786
53 43 7450
53 44 4794
53 45 501
53 46 7142
53 47 2690
53 48 1564
53 49 4411
53 50 1404
53 51 2578
53 52 2040
53 54 5851
53 55 4973
53 56 929
53 57 252
53 58 4443
53 59 876
53 60 3426
53 61 3739
53 62 3546
53 63 2693
53 64 3402
53 65 4507
53 66 4648
53 67 2019
53 68 766
53 69 1550
53 70 145
54 1 2366
54 2 5131
54 3 1030
54 4 6071
54 5 7365
54 6 3138
54 7 7121
54 8 4092
54 9 5916
54 10 779
54 11 5589
54 12 177
54 13 7128
54 14 7119
54 15 3840
54 16 6147
54 17 350
54 18 6526
54 19 5006
54 20 2596
54 21 2515
54 22 6612
54 23 5076
54 24 3160
54 25 5295
54 26 4416
54 27 2862
54 28 2930
54 29 1401
54 30 476
54 31 4
54 32 7120
54 33 7178
54 34 7231
54 35 3338
54 36 5805
54 37 3414
54 38 2444
54 39 6287
54 40 6294
54 41 6997
54 42 3695
54 43 2366
54 44 3158
54 45 6369
54 46 2887
54 47 6014
54 48 3004
54 49 7003
54 50 1534
54 51 378
54 52 3063
54 53 2073
54 55 6884
54 56 110
54 57 1359
54 58 4841
54 59 479
54 60 7096
54 61 1391
54 62 6637
54 63 1221
54 64 4430
54 65 4992
54 66 5931
54 67 1577
54 68 5901
54 69 7029
54 70 849
55 1 3578
55 2 6113
55 3 754
55 4 1040
55 5 4590
55 6 2533
55 7 3705
55 8 127
55 9 54
55 10 6584
55 11 2902
55 12 3639
55 13 5233
55 14 890
55 15 5030
55 16 6227
55 17 6383
55 18 4418
55 19 1001
55 20 4941
55 21 893
55 22 4047
55 23 1063
55 24 3429
55 25 6067
55 26 3800
55 27 444
55 28 3653
55 29 5713
55 30 7310
55 31 5804
55 32 3684
55 33 3140
55 34 2353
55 35 3459
55 36 6944
55 37 5865
55 38 4813
55 39 5395
55 40 2917
55 41 7181
55 42 7314
55 43 3175
55 44 3933
55 45 4709
55 46 6936
55 47 863
55 48 3964
55 49 3364
55 50 1738
55 51 416
55 52 4141
55 53 1408
55 54 1321
55 56 4016
55 57 807
55 58 2583
55 59 2252
55 60 3921
55 61 3472
55 62 2748
55 63 5854
55 64 3024
55 65 501
55 66 717
55 67 938
55 68 6705
55 69 2134
55 70 5663
56 1 4478
56 2 3761
56 3 6595
56 4 2609
56 5 2068
56 6 763
56 7 5701
56 8 3052
56 9 2273
56 10 3958
56 11 3261
56 12 4662
56 13 1964
56 14 1803
56 15 1504
56 16 4771
56 17 4574
56 18 1264
56 19 4747
56 20 5839
56 21 5655
56 22 4261
56 23 2027
56 24 1671
56 25 4205
56 26 4086
56 27 550
56 28 6348
56 29 4651
56 30 1457
56 31 475
56 32 396
56 33 858
56 34 385
56 35 5823
56 36 4918
56 37 3594
56 38 963
56 39 383
56 40 7015
56 41 4330
56 42 7435
56 43 5767
56 44 2125
56 45 4092
56 46 1714
56 47 5802
56 48 6096
56 49 6753
56 50 2876
56 51 5098
56 52 7305
56 53 4598
56 54 6356
56 55 4620
56 57 3238
56 58 415
56 59 6253
56 60 5920
56 61 6665
56 62 5107
56 63 404
56 64 2588
56 65 305
56 66 7311
56 67 4345
56 68 2318
56 69 1996
56 70 2887
57 1 2498
57 2 666
57 3 6489
57 4 6540
57 5 7429
57 6 4157
57 7 4621
57 8 85
57 9 6240
57 10 6343
57 11 1180
57 12 1037
57 13 6957
57 14 2503
57 15 2669
57 16 5639
57 17 7118
57 18 2464
57 19 2474
57 20 740
57 21 1968
57 22 3682
57 23 5379
57 24 2501
57 25 2856
57 26 6518
57 27 1518
57 28 4188
57 29 3080
57 30 6932
57 31 5983
57 32 6858
57 33 3453
57 34 1557
57 35 1333
57 36 5471
57 37 2611
57 38 6190
57 39 6605
57 40 2407
57 41 1630
57 42 3598
57 43 5991
57 44 3712
57 45 630
57 46 5835
57 47 1048
57 48 1364
57 49 4260
57 50 1771
57 51 3434
57 52 383
57 53 7259
57 54 4602
57 55 7062
57 56 7413
57 58 3538
57 59 6853
57 60 3198
57 61 6901
57 62 1484
57 63 1613
57 64 3839
57 65 5923
57 66 7120
57 67 7412
57 68 7101
57 69 4246
57 70 3579
58 1 2240
58 2 943
58 3 6163
58 4 3020
58 5 800
58 6 3077
58 7 2394
58 8 5772
58 9 510
58 10 261
58 11 1532
58 12 3732
58 13 4235
58 14 7344
58 15 5994
58 16 4761
58 17 273
58 18 6239
58 19 4170
58 20 2034
58 21 531
58 22 1346
58 23 6799
58 24 7359
58 25 947
58 26 7432
58 27 4660
58 28 4081
58 29 7088
58 30 858
58 31 91
58 32 5389
58 33 5045
58 34 7008
58 35 7493
58 36 2516
58 37 3118
58 38 4170
58 39 449
58 40 4675
58 41 5006
58 42 2927
58 43 2106
58 44 6406
58 45 5615
58 46 1655
58 47 7199
58 48 2429
58 49 2700
58 50 6214
58 51 983
58 52 1028
58 53 4694
58 54 421
58 55 287
58 56 3547
58 57 2562
58 59 5894
58 60 6166
58 61 2074
58 62 2681
58 63 2526
58 64 3216
58 65 7383
58 66 468
58 67 6213
58 68 3843
58 69 5433
58 70 4248
59 1 7467
59 2 4829
59 3 2916
59 4 542
59 5 4603
59 6 5403
59 7 290
59 8 7012
59 9 2461
59 10 4536
59 11 4811
59 12 4212
59 13 1606
59 14 3293
59 15 966
59 16 3014
59 17 1924
59 18 518
59 19 2102
59 20 3698
59 21 3871
59 22 3812
59 23 7398
59 24 4864
59 25 7192
59 26 2243
59 27 5103
59 28 2244
59 29 1341
59 30 6945
59 31 1838
59 32 5985
59 33 7039
59 34 7127
59 35 847
59 36 648
59 37 4921
59 38 1020
59 39 4415
59 40 5235
59 41 5982
59 42 4166
59 43 1214
59 44 1239
59 45 5443
59 46 3678
59 47 4850
59 48 1739
59 49 6097
59 50 6167
59 51 1042
59 52 1567
59 53 4354
59 54 1873
59 55 1747
59 56 6425
59 57 2826
59 58 4624
59 60 4338
59 61 2467
59 62 6325
59 63 649
59 64 5281
59 65 4869
59 66 1560
59 67 2079
59 68 2105
59 69 7018
59 70 2956
60 1 5500
60 2 2630
60 3 5353
60 4 6411
60 5 5506
60 6 3624
60 7 4244
60 8 6509
60 9 4448
60 10 5304
60 11 3677
60 12 469
60 13 4535
60 14 4325
60 15 4048
60 16 3072
60 17 1682
60 18 4026
60 19 2628
60 20 1505
60 21 5839
60 22 4751
60 23 2823
60 24 7428
60 25 5893
60 26 3408
60 27 2335
60 28 7259
60 29 6413
60 30 1824
60 31 5216
60 32 4162
60 33 1542
60 34 2874
60 35 2588
60 36 6683
60 37 3901
60 38 3223
60 39 4271
60 40 1033
60 41 3353
60 42 6778
60 43 7151
60 44 1673
60 45 2961
60 46 4037
60 47 6538
60 48 5793
60 49 2843
60 50 3559
60 51 7368
60 52 3893
60 53 7367
60 54 1087
60 55 3687
60 56 5056
60 57 4323
60 58 7324
60 59 6910
60 61 6643
60 62 1709
60 63 4384
60 64 6188
60 65 7179
60 66 292
60 67 1222
60 68 3751
60 69 6418
60 70 6652
61 1 6875
61 2 1750
61 3 1631
61 4 445
61 5 3341
61 6 3382
61 7 5659
61 8 6568
61 9 1359
61 10 39
61 11 5513
61 12 2978
61 13 1472
61 14 979
61 15 3243
61 16 5297
61 17 3557
61 18 6422
61 19 3228
61 20 6432
61 21 6448
61 22 1150
61 23 505
61 24 6345
61 25 5300
61 26 6911
61 27 2720
61 28 2382
61 29 4358
61 30 5127
61 31 3153
61 32 4367
61 33 4715
61 34 538
61 35 441
61 36 1159
61 37 1447
61 38 6563
61 39 4304
61 40 1568
61 41 4747
61 42 5321
61 43 7143
61 44 447
61 45 5648
61 46 1212
61 47 1900
61 48 4366
61 49 2406
61 50 3609
61 51 297
61 52 482
61 53 3600
61 54 7258
61 55 4434
61 56 1841
61 57 1610
61 58 6388
61 59 515
61 60 870
61 62 2656
61 63 7012
61 64 2920
61 65 5533
61 66 5997
61 67 7227
61 68 6741
61 69 4446
61 70 87
62 1 4688
62 2 6135
62 3 2587
62 4 2809
62 5 2661
62 6 6934
62 7 1499
62 8 6281
62 9 1751
62 10 5795
62 11 1307
62 12 7092
62 13 896
62 14 3047
62 15 5939
62 16 6180
62 17 5144
62 18 7176
62 19 4288
62 20 3154
62 21 4126
62 22 6973
62 23 3431
62 24 1460
62 25 2793
62 26 6499
62 27 4047
62 28 306
62 29 1405
62 30 164
62 31 455
62 32 1306
62 33 5657
62 34 5950
62 35 7014
62 36 1325
62 37 5073
62 38 5690
62 39 5968
62 40 4351
62 41 4713
62 42 994
62 43 7343
62 44 5613
62 45 6956
62 46 333
62 47 1988
62 48 5919
62 49 166
62 50 3553
62 51 2165
62 52 5395
62 53 2739
62 54 2102
62 55 4277
62 56 2705
62 57 7106
62 58 6336
62 59 6456
62 60 6783
62 61 2563
62 63 2891
62 64 3250
62 65 851
62 66 3879
62 67 4025
62 68 1226
62 69 3999
62 70 6921
63 1 6138
63 2 3446
63 3 6268
63 4 2909
63 5 5198
63 6 7161
63 7 6790
63 8 1405
63 9 2788
63 10 7348
63 11 4592
63 12 4190
63 13 2162
63 14 4366
63 15 1999
63 16 4989
63 17 4319
63 18 5988
63 19 577
63 20 763
63 21 2318
63 22 2889
63 23 2307
63 24 5420
63 25 2307
63 26 3628
63 27 7449
63 28 739
63 29 5475
63 30 1488
63 31 546
63 32 3899
63 33 6461
63 34 80
63 35 5259
63 36 6533
63 37 58
63 38 4244
63 39 5335
63 40 7477
63 41 4868
63 42 6368
63 43 5025
63 44 3931
63 45 1261
63 46 2098
63 47 3630
63 48 2232
63 49 2988
63 50 3952
63 51 1709
63 52 3547
63 53 1421
63 54 888
63 55 809
63 56 1931
63 57 1308
63 58 4045
63 59 4189
63 60 6499
63 61 4025
63 62 3121
63 64 247
63 65 5391
63 66 5616
63 67 851
63 68 7020
63 69 5286
63 70 4179
64 1 4557
64 2 7376
64 3 2387
64 4 5188
64 5 2980
64 6 5293
64 7 1524
64 8 6021
64 9 7293
64 10 6590
64 11 5376
64 12 1811
64 13 6616
64 14 4701
64 15 6650
64 16 650
64 17 3654
64 18 1363
64 19 4999
64 20 2159
64 21 2005
64 22 99
64 23 1573
64 24 2323
64 25 3675
64 26 4702
64 27 7408
64 28 7038
64 29 6511
64 30 2035
64 31 4069
64 32 1559
64 33 6431
64 34 2611
64 35 370
64 36 4905
64 37 1241
64 38 6413
64 39 6506
64 40 83
64 41 5693
64 42 2566
64 43 2677
64 44 4544
64 45 1744
64 46 5779
64 47 5859
64 48 4158
64 49 3951
64 50 3020
64 51 1179
64 52 2945
64 53 3142
64 54 746
64 55 5949
64 56 3405
64 57 7492
64 58 1006
64 59 4626
64 60 1683
64 61 3407
64 62 1195
64 63 5481
64 65 5658
64 66 2890
64 67 5330
64 68 1220
64 69 6382
64 70 7058
65 1 3525
65 2 5993
65 3 7157
65 4 6926
65 5 687
65 6 633
65 7 685
65 8 5334
65 9 2445
65 10 5542
65 11 5499
65 12 5529
65 13 2342
65 14 6898
65 15 3361
65 16 4270
65 17 1720
65 18 4682
65 19 1996
65 20 5831
65 21 2358
65 22 6638
65 23 914
65 24 794
65 25 2083
65 26 1078
65 27 3022
65 28 6654
65 29 6735
65 30 6914
65 31 1381
65 32 2564
65 33 5
65 34 4867
65 35 103
65 36 4668
65 37 1584
65 38 5884
65 39 3675
65 40 1300
65 41 3701
65 42 3180
65 43 542
65 44 5166
65 45 597
65 46 3415
65 47 1159
65 48 413
65 49 3237
65 50 1680
65 51 6333
65 52 3045
65 53 1477
65 54 144
65 55 5589
65 56 4330
65 57 1762
65 58 5239
65 59 7305
65 60 5865
65 61 7394
65 62 6348
65 63 2783
65 64 2322
65 66 3636
65 67 1855
65 68 189
65 69 6154
65 70 972
66 1 4897
66 2 3210
66 3 5136
66 4 5542
66 5 3090
66 6 6014
66 7 2043
66 8 7194
66 9 2161
66 10 7241
66 11 1593
66 12 3617
66 13 6919
66 14 5482
66 15 1418
66 16 6378
66 17 76
66 18 4431
66 19 3695
66 20 4845
66 21 3843
66 22 5188
66 23 6990
66 24 5958
66 25 5131
66 26 3252
66 27 867
66 28 4105
66 29 3987
66 30 4628
66 31 7085
66 32 4722
66 33 7065
66 34 5540
66 35 4662
66 36 1009
66 37 2476
66 38 6604
66 39 2473
66 40 2163
66 41 3474
66 42 5511
66 43 1300
66 44 4868
66 45 5064
66 46 2506
66 47 3047
66 48 3261
66 49 2241
66 50 5556
66 51 3122
66 52 5233
66 53 6526
66 54 5553
66 55 4631
66 56 2425
66 57 4415
66 58 1190
66 59 5942
66 60 1009
66 61 7294
66 62 5363
66 63 4864
66 64 2361
66 65 2504
66 67 5025
66 68 4632
66 69 6374
66 70 1436
67 1 1937
67 2 304
67 3 5460
67 4 2319
67 5 5737
67 6 6499
67 7 6369
67 8 1317
67 9 505
67 10 1395
67 11 1934
67 12 5585
67 13 5974
67 14 7150
67 15 1230
67 16 5352
67 17 4918
67 18 759
67 19 6235
67 20 5510
67 21 4951
67 22 5967
67 23 2616
67 24 3039
67 25 2885
67 26 5797
67 27 1773
67 28 1978
67 29 4451
67 30 2624
67 31 2265
67 32 179
67 33 2517
67 34 4309
67 35 3453
67 36 4171
67 37 2850
67 38 5831
67 39 2844
67 40 4344
67 41 3142
67 42 1259
67 43 5205
67 44 3644
67 45 3000
67 46 292
67 47 3953
67 48 5776
67 49 3525
67 50 7243
67 51 3261
67 52 2790
67 53 3717
67 54 6166
67 55 6066
67 56 1146
67 57 1311
67 58 4358
67 59 7263
67 60 379
67 61 1457
67 62 4896
67 63 1135
67 64 1392
67 65 7351
67 66 1861
67 68 5673
67 69 3781
67 70 2957
68 1 2106
68 2 23
68 3 2139
68 4 6125
68 5 6451
68 6 4154
68 7 4460
68 8 567
68 9 6559
68 10 7245
68 11 4907
68 12 1402
68 13 1172
68 14 2840
68 15 1661
68 16 1055
68 17 5490
68 18 1692
68 19 3507
68 20 5880
68 21 4820
68 22 627
68 23 6529
68 24 7006
68 25 303
68 26 6314
68 27 4893
68 28 3898
68 29 6140
68 30 1902
68 31 958
68 32 5495
68 33 667
68 34 2508
68 35 4715
68 36 4847
68 37 1115
68 38 1631
68 39 4092
68 40 4609
68 41 7317
68 42 1509
68 43 6898
68 44 3582
68 45 5172
68 46 3037
68 47 4790
68 48 6593
68 49 1262
68 50 6591
68 51 5531
68 52 1465
68 53 4188
68 54 1973
68 55 6686
68 56 5092
68 57 4120
68 58 1917
68 59 5533
68 60 2527
68 61 5535
68 62 6095
68 63 5131
68 64 4186
68 65 2151
68 66 3573
68 67 4180
68 69 6885
68 70 2996
69 1 2133
69 2 2291
69 3 6444
69 4 4854
69 5 543
69 6 7024
69 7 5415
69 8 2605
69 9 781
69 10 284
69 11 273
69 12 5799
69 13 6296
69 14 6874
69 15 2780
69 16 1046
69 17 3155
69 18 6112
69 19 6391
69 20 3189
69 21 6536
69 22 3056
69 23 324
69 24 2018
69 25 6660
69 26 2257
69 27 4724
69 28 5112
69 29 4454
69 30 4062
69 31 5006
69 32 2606
69 33 1676
69 34 1154
69 35 2720
69 36 2394
69 37 4933
69 38 4909
69 39 390
69 40 5496
69 41 7484
69 42 4372
69 43 3961
69 44 1445
69 45 1838
69 46 1098
69 47 2579
69 48 7092
69 49 5774
69 50 4255
69 51 4178
69 52 3794
69 53 1239
69 54 7341
69 55 4107
69 56 6395
69 57 5796
69 58 2767
69 59 7415
69 60 1244
69 61 3195
69 62 3489
69 63 5236
69 64 667
69 65 7314
69 66 97
69 67 6394
69 68 3127
69 70 1993
70 1 2725
70 2 390
70 3 4651
70 4 238
70 5 2896
70 6 1141
70 7 1289
70 8 3033
70 9 5649
70 10 3908
70 11 6483
70 12 1822
70 13 2397
70 14 3216
70 15 507
70 16 4750
70 17 299
70 18 5695
70 19 7080
70 20 3620
70 21 6502
70 22 393
70 23 1421
70 24 7360
70 25 5103
70 26 7477
70 27 874
70 28 3032
70 29 1451
70 30 2119
70 31 6917
70 32 5808
70 33 379
70 34 3093
70 35 64
70 36 7010
70 37 724
70 38 5163
70 39 6492
70 40 2904
70 41 846
70 42 1725
70 43 4004
70 44 3039
70 45 3693
70 46 6613
70 47 5171
70 48 5074
70 49 2207
70 50 1232
70 51 2134
70 52 972
70 53 4086
70 54 3425
70 55 2104
70 56 2298
70 57 4096
70 58 125
70 59 6206
70 60 4960
70 61 6062
70 62 816
70 63 3748
70 64 6975
70 65 4131
70 66 6464
70 67 426
70 68 6933
70 69 3845
