70 4830
1 2 2097
1 3 6901
1 4 4625
1 5 7364
1 6 5949
1 7 5427
1 8 6634
1 9 1525
1 10 1778
1 11 4361
1 12 4203
1 13 1417
1 14 14
1 15 5257
1 16 4245
1 17 3151
1 18 2475
1 19 3078
1 20 7030
1 21 2881
1 22 6934
1 23 4619
1 24 6082
1 25 1499
1 26 2079
1 27 7299
1 28 5342
1 29 7311
1 30 5285
1 31 2878
1 32 4703
1 33 1263
1 34 1656
1 35 640
1 36 6309
1 37 6014
1 38 302
1 39 1873
1 40 5203
1 41 4795
1 42 1105
1 43 5385
1 44 6980
1 45 3053
1 46 3017
1 47 6671
1 48 6340
1 49 2561
1 50 6089
1 51 7091
1 52 2717
1 53 539
1 54 6970
1 55 5207
1 56 3913
1 57 5639
1 58 5389
1 59 3353
1 60 7180
1 61 1779
1 62 7240
1 63 1015
1 64 5886
1 65 4368
1 66 4284
1 67 5645
1 68 3669
1 69 5
1 70 5851
2 1 212
2 3 43
2 4 5998
2 5 2557
2 6 3147
2 7 2905
2 8 3089
2 9 5575
2 10 2103
2 11 7142
2 12 5667
2 13 4252
2 14 7343
2 15 4192
2 16 63
2 17 2492
2 18 5750
2 19 3871
2 20 3549
2 21 6254
2 22 6896
2 23 6369
2 24 800
2 25 1988
2 26 402
2 27 1594
2 28 2275
2 29 2605
2 30 1481
2 31 6289
2 32 6300
2 33 956
2 34 2386
2 35 6584
2 36 4904
2 37 1923
2 38 6685
2 39 5381
2 40 6467
2 41 7297
2 42 4336
2 43 898
2 44 7060
2 45 5519
2 46 3601
2 47 4251
2 48 1807
2 49 6434
2 50 6425
2 51 2644
2 52 3577
2 53 5256
2 54 3592
2 55 7246
2 56 7271
2 57 4355
2 58 5528
2 59 3593
2 60 4718
2 61 5706
2 62 7342
2 63 6606
2 64 2242
2 65 309
2 66 5244
2 67 293
2 68 828
2 69 1382
2 70 6091
3 1 63
3 2 5609
3 4 1050
3 5 2402
3 6 1667
3 7 5945
3 8 399
3 9 5408
3 10 40
3 11 1564
3 12 2490
3 13 6971
3 14 3621
3 15 122
3 16 3605
3 17 7486
3 18 1307
3 19 6419
3 20 4129
3 21 4716
3 22 4644
3 23 2260
3 24 2932
3 25 3287
3 26 4668
3 27 2340
3 28 7215
3 29 5346
3 30 4713
3 31 1533
3 32 3607
3 33 1641
3 34 700
3 35 3693
3 36 1439
3 37 5838
3 38 3756
3 39 4736
3 40 5508
3 41 2649
3 42 4912
3 43 195
3 44 656
3 45 6963
3 46 2861
3 47 5076
3 48 686
3 49 4924
3 50 4461
3 51 2806
3 52 1830
3 53 1711
3 54 1075
3 55 5377
3 56 1632
3 57 5211
3 58 93
3 59 5713
3 60 5462
3 61 3568
3 62 1490
3 63 1449
3 64 4386
3 65 3649
3 66 402
3 67 4927
3 68 1311
3 69 5895
3 70 7155
4 1 4710
4 2 1356
4 3 4748
4 5 2727
4 6 3168
4 7 6511
4 8 1913
4 9 6896
4 10 2043
4 11 5982
4 12 6332
4 13 6489
4 14 2223
4 15 4724
4 16 6837
4 17 4592
4 18 1202
4 19 6033
4 20 4901
4 21 620
4 22 7016
4 23 132
4 24 5275
4 25 5733
4 26 6263
4 27 172
4 28 43
4 29 2682
4 30 7050
4 31 1702
4 32 4057
4 33 1256
4 34 3658
4 35 5372
4 36 1032
4 37 4252
4 38 1539
4 39 2949
4 40 1270
4 41 4357
4 42 1820
4 43 1452
4 44 6164
4 45 6873
4 46 6181
4 47 4734
4 48 3809
4 49 1687
4 50 2982
4 51 1663
4 52 743
4 53 4764
4 54 772
4 55 1238
4 56 1149
4 57 5814
4 58 4293
4 59 759
4 60 6700
4 61 4787
4 62 6724
4 63 5717
4 64 997
4 65 649
4 66 287
4 67 6272
4 68 4239
4 69 2896
4 70 5854
5 1 874
5 2 3588
5 3 7107
5 4 4869
5 6 5950
5 7 4538
5 8 669
5 9 516
5 10 2735
5 11 6840
5 12 872
5 13 3447
5 14 1060
5 15 6448
5 16 4878
5 17 2336
5 18 6790
5 19 6931
5 20 218
5 21 5857
5 22 1190
5 23 1152
5 24 6207
5 25 4193
5 26 1000
5 27 6838
5 28 4026
5 29 1814
5 30 4731
5 31 413
5 32 4976
5 33 3509
5 34 1681
5 35 6429
5 36 6130
5 37 3818
5 38 4233
5 39 2915
5 40 6451
5 41 7308
5 42 2713
5 43 583
5 44 4766
5 45 466
5 46 4426
5 47 1106
5 48 5273
5 49 7418
5 50 6223
5 51 3766
5 52 6639
5 53 1877
5 54 2667
5 55 4921
5 56 5271
5 57 2956
5 58 1470
5 59 4830
5 60 1789
5 61 1255
5 62 749
5 63 706
5 64 1883
5 65 4842
5 66 7442
5 67 851
5 68 3797
5 69 6768
5 70 7377
6 1 4210
6 2 640
6 3 168
6 4 436
6 5 5212
6 7 6728
6 8 349
6 9 444
6 10 7294
6 11 557
6 12 1466
6 13 7228
6 14 1817
6 15 5345
6 16 1045
6 17 5591
6 18 5028
6 19 7236
6 20 851
6 21 3171
6 22 2766
6 23 469
6 24 3299
6 25 2765
6 26 2032
6 27 93
6 28 1813
6 29 3457
6 30 1619
6 31 2600
6 32 7442
6 33 6861
6 34 109
6 35 7303
6 36 1792
6 37 5776
6 38 2092
6 39 4079
6 40 5559
6 41 5017
6 42 4965
6 43 4313
6 44 5422
6 45 6485
6 46 7043
6 47 2608
6 48 2591
6 49 3046
6 50 4938
6 51 4179
6 52 6583
6 53 3110
6 54 404
6 55 4132
6 56 2238
6 57 6930
6 58 1131
6 59 7426
6 60 6588
6 61 1337
6 62 4107
6 63 7296
6 64 7005
6 65 1481
6 66 2400
6 67 52
6 68 3514
6 69 3650
6 70 2590
7 1 1841
7 2 4306
7 3 7346
7 4 6318
7 5 1011
7 6 2503
7 8 483
7 9 1654
7 10 2515
7 11 3610
7 12 6975
7 13 6124
7 14 1894
7 15 5370
7 16 4567
7 17 4507
7 18 5946
7 19 5087
7 20 5642
7 21 1764
7 22 7058
7 23 5624
7 24 3359
7 25 6124
7 26 5963
7 27 1135
7 28 383
7 29 45
7 30 1857
7 31 6559
7 32 4201
7 33 541
7 34 825
7 35 896
7 36 305
7 37 6012
7 38 3529
7 39 7273
7 40 3723
7 41 2041
7 42 6442
7 43 4571
7 44 2932
7 45 4784
7 46 4799
7 47 729
7 48 4315
7 49 1551
7 50 3663
7 51 6297
7 52 7449
7 53 1926
7 54 5925
7 55 1289
7 56 6401
7 57 6757
7 58 1938
7 59 1297
7 60 1559
7 61 6845
7 62 3133
7 63 2716
7 64 1471
7 65 5019
7 66 3081
7 67 4385
7 68 858
7 69 77
7 70 1738
8 1 3532
8 2 4128
8 3 1600
8 4 25
8 5 7140
8 6 3546
8 7 7291
8 9 4521
8 10 6833
8 11 464
8 12 2683
8 13 7500
8 14 4857
8 15 6158
8 16 3061
8 17 1918
8 18 356
8 19 1327
8 20 4875
8 21 4706
8 22 446
8 23 6067
8 24 5161
8 25 6755
8 26 1400
8 27 3333
8 28 6662
8 29 5110
8 30 5677
8 31 94
8 32 1628
8 33 4915
8 34 6099
8 35 5215
8 36 4157
8 37 4886
8 38 6636
8 39 6349
8 40 3722
8 41 3251
8 42 3501
8 43 4082
8 44 3836
8 45 4470
8 46 1170
8 47 1846
8 48 4595
8 49 6110
8 50 4236
8 51 5701
8 52 4586
8 53 2835
8 54 2158
8 55 2272
8 56 1944
8 57 6607
8 58 4783
8 59 3959
8 60 641
8 61 2208
8 62 2648
8 63 1381
8 64 1699
8 65 4213
8 66 523
8 67 3609
8 68 3994
8 69 2482
8 70 3468
9 1 925
9 2 3162
9 3 3352
9 4 4874
9 5 2503
9 6 905
9 7 1605
9 8 3381
9 10 2606
9 11 4971
9 12 1176
9 13 5423
9 14 6071
9 15 7396
9 16 1067
9 17 3454
9 18 4069
9 19 1702
9 20 7434
9 21 3110
9 22 3270
9 23 2989
9 24 2057
9 25 6103
9 26 2076
9 27 7019
9 28 1734
9 29 6884
9 30 6069
9 31 3607
9 32 4760
9 33 1789
9 34 1538
9 35 3907
9 36 1837
9 37 1436
9 38 776
9 39 3121
9 40 5662
9 41 328
9 42 6081
9 43 7299
9 44 6928
9 45 3599
9 46 685
9 47 6599
9 48 1513
9 49 3097
9 50 2705
9 51 956
9 52 6733
9 53 4851
9 54 3237
9 55 3866
9 56 813
9 57 2877
9 58 6469
9 59 1891
9 60 6614
9 61 4988
9 62 3650
9 63 4592
9 64 152
9 65 2187
9 66 7301
9 67 3542
9 68 2957
9 69 6346
9 70 138
10 1 4996
10 2 2803
10 3 5916
10 4 957
10 5 1344
10 6 4716
10 7 878
10 8 5398
10 9 1348
10 11 4328
10 12 2830
10 13 1360
10 14 714
10 15 4391
10 16 3731
10 17 2133
10 18 5797
10 19 6025
10 20 1743
10 21 4288
10 22 6563
10 23 4925
10 24 4034
10 25 826
10 26 3683
10 27 787
10 28 5736
10 29 1815
10 30 2636
10 31 7433
10 32 4858
10 33 4741
10 34 6699
10 35 4743
10 36 2152
10 37 2898
10 38 399
10 39 3528
10 40 6946
10 41 5101
10 42 5205
10 43 904
10 44 6332
10 45 5802
10 46 5352
10 47 4619
10 48 518
10 49 2930
10 50 5576
10 51 7079
10 52 3196
10 53 5791
10 54 1857
10 55 5954
10 56 1535
10 57 6797
10 58 6824
10 59 2521
10 60 310
10 61 6477
10 62 5997
10 63 7421
10 64 6936
10 65 5049
10 66 3976
10 67 7434
10 68 1706
10 69 2820
10 70 6609
11 1 4997
11 2 3106
11 3 6679
11 4 3649
11 5 2062
11 6 4103
11 7 1281
11 8 4331
11 9 3542
11 10 5483
11 12 1058
11 13 6461
11 14 276
11 15 6730
11 16 4545
11 17 6886
11 18 2845
11 19 42
11 20 7445
11 21 4688
11 22 4091
11 23 568
11 24 5050
11 25 4766
11 26 369
11 27 5522
11 28 6750
11 29 5195
11 30 4919
11 31 7339
11 32 3864
11 33 4631
11 34 3000
11 35 6798
11 36 3098
11 37 2182
11 38 6309
11 39 6065
11 40 4830
11 41 5861
11 42 754
11 43 4890
11 44 4378
11 45 2537
11 46 5253
11 47 741
11 48 3866
11 49 912
11 50 1044
11 51 6358
11 52 2532
11 53 5330
11 54 5301
11 55 4780
11 56 6593
11 57 6867
11 58 3947
11 59 4836
11 60 4569
11 61 2561
11 62 856
11 63 2998
11 64 6226
11 65 2803
11 66 5826
11 67 4229
11 68 5382
11 69 7243
11 70 7163
12 1 420
12 2 2477
12 3 5646
12 4 3092
12 5 5092
12 6 4877
12 7 3048
12 8 5470
12 9 7300
12 10 1976
12 11 4805
12 13 6189
12 14 5961
12 15 6943
12 16 1816
12 17 5398
12 18 5352
12 19 3105
12 20 131
12 21 5584
12 22 6611
12 23 2585
12 24 7188
12 25 4112
12 26 1709
12 27 1609
12 28 5118
12 29 1612
12 30 412
12 31 641
12 32 724
12 33 6239
12 34 1718
12 35 1918
12 36 2754
12 37 6357
12 38 646
12 39 4227
12 40 7395
12 41 4228
12 42 4656
12 43 6003
12 44 6866
12 45 3658
12 46 7487
12 47 6843
12 48 6058
12 49 5061
12 50 249
12 51 7239
12 52 3844
12 53 2679
12 54 7019
12 55 4738
12 56 6381
12 57 3711
12 58 6161
12 59 2419
12 60 4822
12 61 4659
12 62 5290
12 63 2330
12 64 1042
12 65 4316
12 66 1183
12 67 5855
12 68 4833
12 69 4565
12 70 3901
13 1 4862
13 2 3093
13 3 1493
13 4 4809
13 5 1779
13 6 2102
13 7 6674
13 8 4364
13 9 3833
13 10 2277
13 11 6853
13 12 1234
13 14 6082
13 15 578
13 16 7070
13 17 1995
13 18 4070
13 19 26
13 20 5621
13 21 1845
13 22 3836
13 23 337
13 24 924
13 25 3685
13 26 5221
13 27 5428
13 28 6424
13 29 7178
13 30 3379
13 31 3331
13 32 2434
13 33 283
13 34 2329
13 35 5177
13 36 6514
13 37 2754
13 38 3732
13 39 3131
13 40 5417
13 41 7259
13 42 2045
13 43 3743
13 44 2121
13 45 1532
13 46 7276
13 47 1683
13 48 4546
13 49 3200
13 50 26
13 51 2253
13 52 915
13 53 3846
13 54 4617
13 55 4897
13 56 1491
13 57 6027
13 58 1130
13 59 2316
13 60 5768
13 61 3796
13 62 733
13 63 6395
13 64 6182
13 65 1933
13 66 959
13 67 2947
13 68 6657
13 69 2834
13 70 5005
14 1 5106
14 2 3825
14 3 3146
14 4 2366
14 5 3010
14 6 1031
14 7 5004
14 8 6883
14 9 2557
14 10 1140
14 11 212
14 12 1712
14 13 1905
14 15 648
14 16 34
14 17 4919
14 18 6394
14 19 4591
14 20 1481
14 21 2961
14 22 2048
14 23 6044
14 24 1023
14 25 3569
14 26 778
14 27 2469
14 28 5553
14 29 3134
14 30 1547
14 31 3411
14 32 6783
14 33 5103
14 34 2562
14 35 3081
14 36 3086
14 37 3678
14 38 6155
14 39 5969
14 40 697
14 41 3773
14 42 438
14 43 379
14 44 1864
14 45 6820
14 46 6490
14 47 5079
14 48 3718
14 49 2351
14 50 1062
14 51 1042
14 52 1468
14 53 1446
14 54 5956
14 55 5553
14 56 2498
14 57 5960
14 58 713
14 59 6151
14 60 6788
14 61 7185
14 62 7021
14 63 5732
14 64 7116
14 65 4588
14 66 3573
14 67 7174
14 68 4197
14 69 3950
14 70 2008
15 1 7215
15 2 1021
15 3 2008
15 4 5806
15 5 5923
15 6 4171
15 7 4243
15 8 5700
15 9 6769
15 10 4604
15 11 4669
15 12 2963
15 13 5815
15 14 7451
15 16 392
15 17 923
15 18 1282
15 19 5972
15 20 456
15 21 3509
15 22 4088
15 23 6719
15 24 3902
15 25 6731
15 26 4975
15 27 6456
15 28 3396
15 29 283
15 30 1804
15 31 6306
15 32 7301
15 33 2732
15 34 1221
15 35 4570
15 36 5048
15 37 7106
15 38 5460
15 39 2818
15 40 5942
15 41 3016
15 42 5330
15 43 5040
15 44 6422
15 45 397
15 46 5036
15 47 5782
15 48 5794
15 49 1516
15 50 1813
15 51 4437
15 52 271
15 53 5426
15 54 4393
15 55 2270
15 56 2548
15 57 4998
15 58 124
15 59 373
15 60 127
15 61 5971
15 62 7081
15 63 6088
15 64 237
15 65 509
15 66 5629
15 67 2525
15 68 3888
15 69 849
15 70 1954
16 1 6520
16 2 258
16 3 7211
16 4 4847
16 5 1292
16 6 778
16 7 4965
16 8 6645
16 9 229
16 10 320
16 11 1659
16 12 4159
16 13 1548
16 14 5390
16 15 62
16 17 4227
16 18 1477
16 19 820
16 20 1253
16 21 2292
16 22 1749
16 23 2869
16 24 2803
16 25 4404
16 26 6079
16 27 1841
16 28 5038
16 29 1884
16 30 2485
16 31 6970
16 32 1736
16 33 6635
16 34 7098
16 35 5423
16 36 5834
16 37 4488
16 38 3591
16 39 3220
16 40 7460
16 41 291
16 42 5520
16 43 7442
16 44 350
16 45 6026
16 46 1053
16 47 1091
16 48 689
16 49 1360
16 50 1361
16 51 4099
16 52 6083
16 53 2579
16 54 5287
16 55 3868
16 56 823
16 57 2010
16 58 47
16 59 2230
16 60 4689
16 61 2687
16 62 4216
16 63 1277
16 64 6984
16 65 5142
16 66 3519
16 67 2237
16 68 2404
16 69 1068
16 70 3736
17 1 4773
17 2 1089
17 3 671
17 4 5473
17 5 1274
17 6 3444
17 7 2765
17 8 3178
17 9 802
17 10 2656
17 11 4157
17 12 2317
17 13 1560
17 14 5760
17 15 4021
17 16 1442
17 18 1603
17 19 1478
17 20 3762
17 21 1242
17 22 4363
17 23 3023
17 24 3873
17 25 3312
17 26 3501
17 27 5663
17 28 6150
17 29 7210
17 30 5376
17 31 3230
17 32 4871
17 33 871
17 34 3518
17 35 5390
17 36 4498
17 37 2914
17 38 3625
17 39 5718
17 40 2908
17 41 7170
17 42 7184
17 43 2790
17 44 642
17 45 7223
17 46 6546
17 47 2331
17 48 3674
17 49 449
17 50 2066
17 51 4301
17 52 3513
17 53 3329
17 54 7175
17 55 3221
17 56 513
17 57 6955
17 58 5400
17 59 1733
17 60 6578
17 61 6617
17 62 5732
17 63 1389
17 64 2738
17 65 4882
17 66 135
17 67 3561
17 68 1037
17 69 3245
17 70 3070
18 1 1386
18 2 2861
18 3 4635
18 4 1379
18 5 3459
18 6 809
18 7 2690
18 8 1025
18 9 699
18 10 7094
18 11 3297
18 12 958
18 13 2085
18 14 132
18 15 5799
18 16 2843
18 17 2663
18 19 3114
18 20 1668
18 21 3708
18 22 6226
18 23 6414
18 24 7121
18 25 1832
18 26 7151
18 27 5248
18 28 6919
18 29 7189
18 30 5923
18 31 4128
18 32 6641
18 33 6646
18 34 6245
18 35 355
18 36 3554
18 37 2035
18 38 7273
18 39 5752
18 40 2057
18 41 7123
18 42 4713
18 43 4401
18 44 6709
18 45 6177
18 46 4997
18 47 4545
18 48 5640
18 49 2156
18 50 2570
18 51 7465
18 52 2637
18 53 2130
18 54 1298
18 55 4140
18 56 564
18 57 2968
18 58 6708
18 59 2608
18 60 3661
18 61 3860
18 62 4861
18 63 5942
18 64 3259
18 65 5874
18 66 5720
18 67 7048
18 68 1755
18 69 4975
18 70 3998
19 1 2611
19 2 3753
19 3 5021
19 4 1493
19 5 2509
19 6 1127
19 7 5772
19 8 7238
19 9 603
19 10 3573
19 11 3129
19 12 6259
19 13 4749
19 14 2379
19 15 2444
19 16 5074
19 17 7196
19 18 3805
19 20 6244
19 21 2887
19 22 6103
19 23 5858
19 24 5244
19 25 595
19 26 6104
19 27 696
19 28 2690
19 29 79
19 30 4621
19 31 458
19 32 752
19 33 6523
19 34 4352
19 35 3312
19 36 4029
19 37 4483
19 38 905
19 39 2365
19 40 3143
19 41 3624
19 42 4122
19 43 6614
19 44 5770
19 45 4709
19 46 4821
19 47 3006
19 48 3133
19 49 7335
19 50 4559
19 51 6082
19 52 1878
19 53 4684
19 54 3303
19 55 1056
19 56 4232
19 57 2630
19 58 6434
19 59 1628
19 60 1315
19 61 4212
19 62 4877
19 63 335
19 64 1876
19 65 3273
19 66 70
19 67 2683
19 68 1580
19 69 3187
19 70 5466
20 1 7196
20 2 4734
20 3 5967
20 4 6559
20 5 1868
20 6 754
20 7 4487
20 8 6781
20 9 4860
20 10 3349
20 11 2793
20 12 2605
20 13 1192
20 14 7461
20 15 1032
20 16 4585
20 17 5188
20 18 3019
20 19 3969
20 21 4954
20 22 4090
20 23 3837
20 24 2518
20 25 1719
20 26 1049
20 27 1124
20 28 4402
20 29 5265
20 30 1538
20 31 800
20 32 749
20 33 4967
20 34 4246
20 35 2154
20 36 2004
20 37 221
20 38 774
20 39 2976
20 40 5626
20 41 5564
20 42 6379
20 43 5798
20 44 1029
20 45 2876
20 46 6067
20 47 231
20 48 5510
20 49 3920
20 50 1756
20 51 2126
20 52 6056
20 53 3749
20 54 5046
20 55 7467
20 56 309
20 57 739
20 58 1268
20 59 4504
20 60 860
20 61 4909
20 62 686
20 63 835
20 64 3583
20 65 6574
20 66 7392
20 67 3192
20 68 6984
20 69 6031
20 70 5722
21 1 3613
21 2 963
21 3 3118
21 4 4182
21 5 6517
21 6 5926
21 7 347
21 8 4031
21 9 3469
21 10 1212
21 11 2121
21 12 1443
21 13 4284
21 14 470
21 15 6665
21 16 6951
21 17 6729
21 18 5917
21 19 7406
21 20 3584
21 22 6552
21 23 279
21 24 3573
21 25 6998
21 26 3825
21 27 5495
21 28 6591
21 29 1259
21 30 5536
21 31 2318
21 32 6887
21 33 1916
21 34 251
21 35 3183
21 36 3703
21 37 2665
21 38 81
21 39 7430
21 40 7324
21 41 6695
21 42 6823
21 43 2922
21 44 6454
21 45 527
21 46 4168
21 47 4213
21 48 4635
21 49 6072
21 50 1840
21 51 548
21 52 7350
21 53 7354
21 54 615
21 55 895
21 56 4752
21 57 4774
21 58 5925
21 59 2377
21 60 679
21 61 782
21 62 6778
21 63 3000
21 64 5889
21 65 3020
21 66 6814
21 67 6470
21 68 3769
21 69 7231
21 70 6818
22 1 6766
22 2 7181
22 3 6395
22 4 5961
22 5 2449
22 6 6166
22 7 1089
22 8 4789
22 9 4093
22 10 5539
22 11 3619
22 12 4351
22 13 950
22 14 1846
22 15 2991
22 16 4044
22 17 999
22 18 3413
22 19 446
22 20 6098
22 21 1437
22 23 133
22 24 5420
22 25 805
22 26 1037
22 27 6338
22 28 3918
22 29 5177
22 30 2728
22 31 2248
22 32 581
22 33 5465
22 34 1342
22 35 3566
22 36 4431
22 37 7382
22 38 750
22 39 7371
22 40 435
22 41 1919
22 42 4081
22 43 330
22 44 5651
22 45 1147
22 46 3959
22 47 740
22 48 6519
22 49 523
22 50 3980
22 51 48
22 52 2883
22 53 534
22 54 262
22 55 3422
22 56 6295
22 57 6892
22 58 3492
22 59 1404
22 60 6221
22 61 1366
22 62 7263
22 63 3234
22 64 1524
22 65 2804
22 66 1934
22 67 4465
22 68 4895
22 69 1939
22 70 2567
23 1 5951
23 2 1258
23 3 1994
23 4 2166
23 5 1007
23 6 3041
23 7 439
23 8 348
23 9 1927
23 10 3169
23 11 2103
23 12 5750
23 13 5918
23 14 672
23 15 425
23 16 1496
23 17 1211
23 18 6744
23 19 5150
23 20 7167
23 21 3135
23 22 6074
23 24 5405
23 25 2766
23 26 3419
23 27 7229
23 28 410
23 29 2754
23 30 2737
23 31 5287
23 32 7089
23 33 6555
23 34 1371
23 35 1602
23 36 4366
23 37 5142
23 38 3722
23 39 3002
23 40 7064
23 41 5170
23 42 2793
23 43 2941
23 44 442
23 45 4574
23 46 6819
23 47 214
23 48 4711
23 49 1482
23 50 1591
23 51 1699
23 52 6174
23 53 400
23 54 266
23 55 1538
23 56 4818
23 57 1137
23 58 6595
23 59 7368
23 60 608
23 61 560
23 62 4935
23 63 4956
23 64 637
23 65 322
23 66 1015
23 67 3934
23 68 1182
23 69 4010
23 70 2068
24 1 48
24 2 1834
24 3 5654
24 4 5781
24 5 5277
24 6 7267
24 7 6317
24 8 2688
24 9 1885
24 10 2410
24 11 6345
24 12 6374
24 13 6925
24 14 1410
24 15 1868
24 16 6552
24 17 3784
24 18 1329
24 19 333
24 20 1968
24 21 4133
24 22 2578
24 23 3465
24 25 2415
24 26 5635
24 27 1559
24 28 6266
24 29 2953
24 30 2981
24 31 2287
24 32 780
24 33 6249
24 34 4078
24 35 5265
24 36 843
24 37 6208
24 38 2481
24 39 7336
24 40 5754
24 41 490
24 42 3242
24 43 923
24 44 1025
24 45 2182
24 46 5925
24 47 5347
24 48 1087
24 49 5348
24 50 5996
24 51 5907
24 52 5510
24 53 5390
24 54 6275
24 55 315
24 56 4844
24 57 4563
24 58 5486
24 59 2624
24 60 3320
24 61 1907
24 62 3106
24 63 5748
24 64 2010
24 65 2759
24 66 4595
24 67 4610
24 68 827
24 69 4846
24 70 5158
25 1 5642
25 2 1968
25 3 7212
25 4 35
25 5 3758
25 6 7034
25 7 3935
25 8 620
25 9 6913
25 10 3348
25 11 3574
25 12 2166
25 13 5562
25 14 7219
25 15 3891
25 16 1400
25 17 686
25 18 456
25 19 5715
25 20 6465
25 21 6716
25 22 1969
25 23 5877
25 24 3420
25 26 6247
25 27 5260
25 28 3781
25 29 6354
25 30 5941
25 31 2682
25 32 3912
25 33 5633
25 34 3864
25 35 6452
25 36 5154
25 37 2390
25 38 2943
25 39 4982
25 40 6582
25 41 2577
25 42 6352
25 43 3150
25 44 4826
25 45 4038
25 46 4828
25 47 4994
25 48 3571
25 49 431
25 50 6677
25 51 2404
25 52 7076
25 53 3375
25 54 892
25 55 3160
25 56 4924
25 57 656
25 58 1551
25 59 5202
25 60 3684
25 61 1693
25 62 4193
25 63 6891
25 64 2940
25 65 2472
25 66 4667
25 67 165
25 68 3524
25 69 514
25 70 5654
26 1 6672
26 2 460
26 3 6932
26 4 1190
26 5 4218
26 6 5874
26 7 2066
26 8 1786
26 9 6744
26 10 109
26 11 294
26 12 5600
26 13 862
26 14 2133
26 15 2854
26 16 685
26 17 6957
26 18 7076
26 19 1245
26 20 6421
26 21 4545
26 22 907
26 23 6668
26 24 6285
26 25 2914
26 27 1137
26 28 1357
26 29 4500
26 30 1184
26 31 1751
26 32 6830
26 33 1212
26 34 7301
26 35 1954
26 36 5771
26 37 4236
26 38 894
26 39 4818
26 40 2753
26 41 5881
26 42 3389
26 43 3739
26 44 1180
26 45 5204
26 46 3353
26 47 133
26 48 6911
26 49 5982
26 50 2995
26 51 1019
26 52 2429
26 53 165
26 54 1064
26 55 4590
26 56 619
26 57 1915
26 58 1660
26 59 6227
26 60 4411
26 61 2621
26 62 4789
26 63 1802
26 64 3303
26 65 4787
26 66 1674
26 67 4563
26 68 6633
26 69 405
26 70 2375
27 1 2268
27 2 5482
27 3 7149
27 4 7315
27 5 1580
27 6 4008
27 7 4518
27 8 321
27 9 6560
27 10 700
27 11 2185
27 12 579
27 13 605
27 14 1459
27 15 1269
27 16 2762
27 17 878
27 18 1555
27 19 4777
27 20 1268
27 21 1496
27 22 4009
27 23 7408
27 24 4393
27 25 2526
27 26 1790
27 28 5868
27 29 3479
27 30 1158
27 31 6048
27 32 1645
27 33 5993
27 34 3237
27 35 344
27 36 423
27 37 4544
27 38 3739
27 39 7337
27 40 1513
27 41 5017
27 42 1393
27 43 308
27 44 2179
27 45 7388
27 46 7387
27 47 2766
27 48 6836
27 49 4901
27 50 1645
27 51 5024
27 52 6356
27 53 334
27 54 6852
27 55 2904
27 56 1976
27 57 1387
27 58 259
27 59 1885
27 60 2873
27 61 3833
27 62 482
27 63 5526
27 64 3045
27 65 147
27 66 1540
27 67 6566
27 68 1716
27 69 7296
27 70 408
28 1 7088
28 2 6966
28 3 4926
28 4 4126
28 5 7402
28 6 1168
28 7 2470
28 8 6445
28 9 3938
28 10 7336
28 11 6149
28 12 5855
28 13 6152
28 14 4294
28 15 1717
28 16 2700
28 17 5634
28 18 385
28 19 228
28 20 7371
28 21 4936
28 22 5135
28 23 2732
28 24 5840
28 25 6761
28 26 1993
28 27 7252
28 29 5849
28 30 587
28 31 3100
28 32 7270
28 33 3212
28 34 1381
28 35 3585
28 36 446
28 37 3953
28 38 6303
28 39 4625
28 40 2766
28 41 4495
28 42 3621
28 43 5847
28 44 5171
28 45 6066
28 46 3310
28 47 5240
28 48 5071
28 49 5852
28 50 2989
28 51 812
28 52 4149
28 53 2101
28 54 7044
28 55 6129
28 56 822
28 57 2580
28 58 3530
28 59 5796
28 60 788
28 61 7328
28 62 7296
28 63 3907
28 64 121
28 65 4120
28 66 1710
28 67 6452
28 68 1242
28 69 48
28 70 4364
29 1 3212
29 2 6308
29 3 6060
29 4 7251
29 5 5877
29 6 7225
29 7 3651
29 8 2766
29 9 2785
29 10 3952
29 11 3953
29 12 4275
29 13 5408
29 14 310
29 15 6306
29 16 2807
29 17 1319
29 18 6219
29 19 1634
29 20 3310
29 21 7361
29 22 3042
29 23 6196
29 24 7075
29 25 4667
29 26 6404
29 27 3001
29 28 2865
29 30 3453
29 31 313
29 32 1318
29 33 3697
29 34 6187
29 35 6187
29 36 1219
29 37 1118
29 38 2240
29 39 6169
29 40 2497
29 41 6596
29 42 6641
29 43 5536
29 44 30
29 45 99
29 46 7285
29 47 2450
29 48 6877
29 49 5264
29 50 5280
29 51 4742
29 52 2845
29 53 495
29 54 5235
29 55 3600
29 56 2743
29 57 4148
29 58 955
29 59 4820
29 60 2334
29 61 6279
29 62 146
29 63 6369
29 64 4837
29 65 5147
29 66 3146
29 67 5812
29 68 5865
29 69 962
29 70 3814
30 1 7030
30 2 1961
30 3 4430
30 4 4470
30 5 3439
30 6 909
30 7 5512
30 8 2600
30 9 1368
30 10 2713
30 11 3557
30 12 2192
30 13 5938
30 14 3670
30 15 4704
30 16 1341
30 17 1719
30 18 3442
30 19 5184
30 20 2154
30 21 3671
30 22 5678
30 23 2801
30 24 639
30 25 5486
30 26 3204
30 27 6017
30 28 7060
30 29 454
30 31 4843
30 32 1834
30 33 4621
30 34 7009
30 35 22
30 36 2966
30 37 803
30 38 1364
30 39 815
30 40 4508
30 41 3127
30 42 5482
30 43 3887
30 44 1595
30 45 4990
30 46 6749
30 47 5202
30 48 4088
30 49 6639
30 50 3276
30 51 6888
30 52 1160
30 53 2207
30 54 2027
30 55 2491
30 56 7385
30 57 584
30 58 5845
30 59 3931
30 60 950
30 61 71
30 62 3361
30 63 1426
30 64 2090
30 65 7234
30 66 6033
30 67 1799
30 68 2695
30 69 5532
30 70 1103
31 1 1364
31 2 6814
31 3 405
31 4 2439
31 5 3012
31 6 2031
31 7 4887
31 8 5678
31 9 2342
31 10 1024
31 11 3680
31 12 4433
31 13 7152
31 14 4582
31 15 2487
31 16 1081
31 17 5247
31 18 4383
31 19 4137
31 20 7468
31 21 5954
31 22 5208
31 23 5149
31 24 4780
31 25 6107
31 26 4547
31 27 3781
31 28 7189
31 29 7102
31 30 3047
31 32 2222
31 33 4553
31 34 2016
31 35 5031
31 36 6012
31 37 5751
31 38 2379
31 39 2402
31 40 9
31 41 6527
31 42 3447
31 43 5765
31 44 3613
31 45 4250
31 46 6860
31 47 2855
31 48 6108
31 49 6837
31 50 1361
31 51 3313
31 52 6718
31 53 5453
31 54 4507
31 55 907
31 56 1376
31 57 1262
31 58 516
31 59 4387
31 60 1714
31 61 583
31 62 6329
31 63 1866
31 64 87
31 65 6745
31 66 1904
31 67 6604
31 68 4181
31 69 1803
31 70 4618
32 1 4275
32 2 4587
32 3 1680
32 4 3647
32 5 948
32 6 66
32 7 1144
32 8 2776
32 9 1666
32 10 2084
32 11 3170
32 12 1123
32 13 5257
32 14 5648
32 15 966
32 16 957
32 17 4235
32 18 510
32 19 4324
32 20 789
32 21 5495
32 22 3273
32 23 3353
32 24 639
32 25 5097
32 26 57
32 27 1991
32 28 425
32 29 6449
32 30 1246
32 31 2745
32 33 6138
32 34 1840
32 35 7328
32 36 5486
32 37 335
32 38 567
32 39 4235
32 40 35
32 41 2868
32 42 3358
32 43 7330
32 44 833
32 45 219
32 46 2091
32 47 4935
32 48 1105
32 49 285
32 50 4531
32 51 4913
32 52 6909
32 53 6484
32 54 5277
32 55 4059
32 56 2119
32 57 2612
32 58 5808
32 59 2978
32 60 235
32 61 5945
32 62 728
32 63 2904
32 64 2881
32 65 1269
32 66 2797
32 67 1208
32 68 4377
32 69 656
32 70 1219
33 1 4543
33 2 774
33 3 339
33 4 5687
33 5 1350
33 6 734
33 7 7469
33 8 6876
33 9 5229
33 10 3561
33 11 5615
33 12 5742
33 13 885
33 14 64
33 15 7451
33 16 1090
33 17 7341
33 18 234
33 19 6260
33 20 1897
33 21 4733
33 22 2140
33 23 4871
33 24 3208
33 25 1313
33 26 4245
33 27 5151
33 28 3342
33 29 937
33 30 61
33 31 4263
33 32 1125
33 34 3349
33 35 5870
33 36 392
33 37 802
33 38 2250
33 39 2749
33 40 1791
33 41 2191
33 42 5580
33 43 6992
33 44 6043
33 45 5974
33 46 1614
33 47 2709
33 48 6390
33 49 5818
33 50 5026
33 51 6858
33 52 4667
33 53 40
33 54 7459
33 55 2861
33 56 1571
33 57 5720
33 58 4807
33 59 392
33 60 1140
33 61 4054
33 62 5818
33 63 4216
33 64 3605
33 65 4603
33 66 2943
33 67 1589
33 68 4193
33 69 939
33 70 4958
34 1 4250
34 2 1326
34 3 396
34 4 1965
34 5 2410
34 6 5880
34 7 2859
34 8 7220
34 9 5038
34 10 5587
34 11 1365
34 12 3210
34 13 7093
34 14 4499
34 15 5833
34 16 6479
34 17 3308
34 18 3726
34 19 3866
34 20 1199
34 21 4516
34 22 5237
34 23 4774
34 24 6932
34 25 1653
34 26 4924
34 27 6851
34 28 3662
34 29 3780
34 30 6120
34 31 5682
34 32 4356
34 33 4317
34 35 2965
34 36 3415
34 37 3639
34 38 6504
34 39 3972
34 40 742
34 41 4495
34 42 7087
34 43 6853
34 44 6280
34 45 3495
34 46 6109
34 47 272
34 48 5262
34 49 2624
34 50 5885
34 51 1194
34 52 1494
34 53 4024
34 54 4885
34 55 3075
34 56 6193
34 57 305
34 58 6345
34 59 5150
34 60 6688
34 61 6716
34 62 7024
34 63 3266
34 64 3051
34 65 589
34 66 5071
34 67 5796
34 68 6877
34 69 5924
34 70 2572
35 1 3369
35 2 375
35 3 2003
35 4 2652
35 5 241
35 6 4952
35 7 5634
35 8 4540
35 9 6224
35 10 5665
35 11 5362
35 12 2486
35 13 5536
35 14 6274
35 15 4359
35 16 5730
35 17 4379
35 18 3502
35 19 4865
35 20 1832
35 21 1234
35 22 4372
35 23 5666
35 24 6789
35 25 6308
35 26 4329
35 27 2865
35 28 2659
35 29 4305
35 30 3764
35 31 3089
35 32 6381
35 33 6599
35 34 3493
35 36 6960
35 37 1762
35 38 1527
35 39 6304
35 40 6932
35 41 6224
35 42 5790
35 43 1754
35 44 7163
35 45 3727
35 46 477
35 47 5962
35 48 5736
35 49 1448
35 50 1317
35 51 2107
35 52 5448
35 53 863
35 54 4232
35 55 608
35 56 3225
35 57 5367
35 58 1591
35 59 3858
35 60 4541
35 61 3445
35 62 7030
35 63 4913
35 64 2974
35 65 5138
35 66 5711
35 67 7018
35 68 4925
35 69 4170
35 70 5661
36 1 4220
36 2 7297
36 3 6816
36 4 6643
36 5 6643
36 6 4831
36 7 4498
36 8 2146
36 9 5580
36 10 2010
36 11 2528
36 12 4989
36 13 7451
36 14 6926
36 15 1810
36 16 3687
36 17 2133
36 18 3245
36 19 6115
36 20 5592
36 21 1422
36 22 4931
36 23 1901
36 24 3047
36 25 4061
36 26 7434
36 27 4620
36 28 5940
36 29 4740
36 30 5018
36 31 6745
36 32 4767
36 33 4847
36 34 260
36 35 716
36 37 306
36 38 3969
36 39 2456
36 40 5168
36 41 6432
36 42 6712
36 43 1616
36 44 3732
36 45 3126
36 46 1665
36 47 3958
36 48 1955
36 49 2510
36 50 2493
36 51 5792
36 52 908
36 53 5720
36 54 4829
36 55 3422
36 56 121
36 57 3418
36 58 1808
36 59 2795
36 60 3301
36 61 5181
36 62 4611
36 63 5489
36 64 1228
36 65 6018
36 66 5077
36 67 3342
36 68 1651
36 69 3429
36 70 2295
37 1 4666
37 2 6314
37 3 1066
37 4 6848
37 5 3745
37 6 7321
37 7 3874
37 8 5833
37 9 6695
37 10 3087
37 11 3
37 12 1067
37 13 3817
37 14 5121
37 15 170
37 16 4028
37 17 2338
37 18 6216
37 19 4216
37 20 3988
37 21 7172
37 22 3542
37 23 5853
37 24 6407
37 25 2105
37 26 2902
37 27 636
37 28 6053
37 29 4463
37 30 2655
37 31 3666
37 32 2977
37 33 118
37 34 1888
37 35 6925
37 36 4618
37 38 3308
37 39 1912
37 40 2811
37 41 3795
37 42 5186
37 43 5945
37 44 723
37 45 2409
37 46 6458
37 47 7300
37 48 2315
37 49 6395
37 50 4564
37 51 3227
37 52 955
37 53 2549
37 54 2212
37 55 2016
37 56 4489
37 57 6812
37 58 6124
37 59 150
37 60 4878
37 61 3073
37 62 2976
37 63 3282
37 64 3525
37 65 236
37 66 1435
37 67 1383
37 68 7184
37 69 2487
37 70 3894
38 1 4295
38 2 3262
38 3 188
38 4 3903
38 5 7296
38 6 3090
38 7 5301
38 8 2981
38 9 1072
38 10 6460
38 11 3870
38 12 4524
38 13 516
38 14 6425
38 15 6202
38 16 5483
38 17 2337
38 18 5750
38 19 187
38 20 5572
38 21 1723
38 22 5949
38 23 2909
38 24 6027
38 25 4208
38 26 4593
38 27 3870
38 28 2495
38 29 6594
38 30 4714
38 31 3671
38 32 6514
38 33 1258
38 34 1896
38 35 6236
38 36 4646
38 37 4843
38 39 1773
38 40 6635
38 41 1420
38 42 637
38 43 6692
38 44 5686
38 45 5675
38 46 494
38 47 1259
38 48 7125
38 49 778
38 50 2470
38 51 5064
38 52 1233
38 53 4115
38 54 6308
38 55 3563
38 56 488
38 57 2109
38 58 7428
38 59 7244
38 60 7382
38 61 138
38 62 6263
38 63 6186
38 64 18
38 65 7128
38 66 2230
38 67 2724
38 68 5602
38 69 5528
38 70 475
39 1 7131
39 2 5663
39 3 5902
39 4 5517
39 5 5627
39 6 4709
39 7 6593
39 8 4010
39 9 3941
39 10 4637
39 11 3746
39 12 2926
39 13 2412
39 14 7194
39 15 5013
39 16 1438
39 17 3458
39 18 6215
39 19 5598
39 20 5297
39 21 6237
39 22 6541
39 23 1225
39 24 5342
39 25 6850
39 26 5686
39 27 3287
39 28 7090
39 29 5907
39 30 4396
39 31 5586
39 32 293
39 33 1934
39 34 526
39 35 5422
39 36 3165
39 37 6835
39 38 1500
39 40 1164
39 41 4224
39 42 4901
39 43 1062
39 44 1750
39 45 713
39 46 5489
39 47 4480
39 48 4226
39 49 6223
39 50 840
39 51 2815
39 52 2186
39 53 4587
39 54 6474
39 55 3524
39 56 3033
39 57 275
39 58 3623
39 59 7342
39 60 6670
39 61 4675
39 62 1295
39 63 5999
39 64 284
39 65 6529
39 66 527
39 67 2518
39 68 6813
39 69 2236
39 70 1785
40 1 1855
40 2 2556
40 3 6098
40 4 7181
40 5 7197
40 6 138
40 7 4585
40 8 6992
40 9 3095
40 10 2708
40 11 5148
40 12 35
40 13 5937
40 14 5496
40 15 4533
40 16 6513
40 17 5145
40 18 2310
40 19 4048
40 20 4799
40 21 1672
40 22 3188
40 23 4395
40 24 6247
40 25 853
40 26 3348
40 27 6559
40 28 4702
40 29 2930
40 30 2222
40 31 3663
40 32 6758
40 33 3908
40 34 3796
40 35 3091
40 36 4366
40 37 6011
40 38 4056
40 39 6135
40 41 7306
40 42 2972
40 43 32
40 44 2848
40 45 1834
40 46 6537
40 47 1660
40 48 5267
40 49 5816
40 50 533
40 51 1865
40 52 445
40 53 1917
40 54 2873
40 55 7058
40 56 5310
40 57 3224
40 58 4520
40 59 4927
40 60 2144
40 61 3321
40 62 1978
40 63 3025
40 64 519
40 65 6736
40 66 6807
40 67 2075
40 68 4243
40 69 3128
40 70 929
41 1 5553
41 2 7226
41 3 4538
41 4 2216
41 5 6960
41 6 4440
41 7 5926
41 8 2191
41 9 3480
41 10 503
41 11 2061
41 12 5235
41 13 3567
41 14 472
41 15 1027
41 16 672
41 17 1056
41 18 4447
41 19 3870
41 20 3943
41 21 6176
41 22 68
41 23 3971
41 24 3987
41 25 2684
41 26 2075
41 27 1501
41 28 2376
41 29 1487
41 30 6574
41 31 5647
41 32 5821
41 33 2356
41 34 1244
41 35 3337
41 36 4897
41 37 1652
41 38 4953
41 39 1059
41 40 6504
41 42 5030
41 43 7259
41 44 1278
41 45 1094
41 46 4433
41 47 2743
41 48 1973
41 49 5679
41 50 2736
41 51 657
41 52 3131
41 53 2865
41 54 6810
41 55 2194
41 56 2981
41 57 2455
41 58 4921
41 59 5398
41 60 5991
41 61 5596
41 62 2395
41 63 4131
41 64 4167
41 65 2945
41 66 5551
41 67 5087
41 68 979
41 69 992
41 70 4881
42 1 5218
42 2 5819
42 3 1049
42 4 3424
42 5 6629
42 6 2298
42 7 7263
42 8 2863
42 9 7392
42 10 6205
42 11 6572
42 12 163
42 13 5490
42 14 166
42 15 2386
42 16 5790
42 17 7168
42 18 3833
42 19 6521
42 20 781
42 21 1847
42 22 1759
42 23 1736
42 24 855
42 25 1040
42 26 4291
42 27 5240
42 28 3127
42 29 3330
42 30 3308
42 31 4098
42 32 3147
42 33 1033
42 34 2866
42 35 7466
42 36 7348
42 37 4040
42 38 5027
42 39 4242
42 40 4184
42 41 3800
42 43 6703
42 44 6709
42 45 2819
42 46 3759
42 47 1793
42 48 6916
42 49 5147
42 50 3056
42 51 1936
42 52 70
42 53 123
42 54 5442
42 55 102
42 56 7394
42 57 6853
42 58 5080
42 59 4639
42 60 7356
42 61 6752
42 62 593
42 63 56
42 64 5450
42 65 2538
42 66 2118
42 67 6076
42 68 5637
42 69 2597
42 70 1226
43 1 4457
43 2 6381
43 3 2110
43 4 5194
43 5 4343
43 6 3030
43 7 7349
43 8 2069
43 9 2452
43 10 5728
43 11 5294
43 12 4341
43 13 1534
43 14 6479
43 15 4397
43 16 4476
43 17 2370
43 18 5229
43 19 5519
43 20 5129
43 21 783
43 22 2079
43 23 5512
43 24 5789
43 25 3910
43 26 6130
43 27 94
43 28 4527
43 29 4357
43 30 1578
43 31 3984
43 32 5405
43 33 979
43 34 1930
43 35 3203
43 36 5334
43 37 1574
43 38 431
43 39 125
43 40 1426
43 41 7182
43 42 4424
43 44 4564
43 45 5446
43 46 7051
43 47 7114
43 48 1334
43 49 374
43 50 6758
43 51 2470
43 52 2896
43 53 4325
43 54 2407
43 55 1709
43 56 7307
43 57 3863
43 58 2451
43 59 5426
43 60 3625
43 61 363
43 62 25
43 63 1879
43 64 4896
43 65 3875
43 66 3936
43 67 5831
43 68 6062
43 69 4286
43 70 633
44 1 5475
44 2 7052
44 3 723
44 4 1920
44 5 1856
44 6 3588
44 7 3094
44 8 656
44 9 5757
44 10 1417
44 11 3759
44 12 2506
44 13 4608
44 14 5948
44 15 80
44 16 804
44 17 7110
44 18 96
44 19 6507
44 20 6887
44 21 3290
44 22 6397
44 23 696
44 24 5546
44 25 3931
44 26 6415
44 27 7114
44 28 1805
44 29 1014
44 30 1979
44 31 1900
44 32 1422
44 33 2063
44 34 3833
44 35 2705
44 36 2005
44 37 3611
44 38 898
44 39 4100
44 40 1990
44 41 1262
44 42 4351
44 43 5370
44 45 630
44 46 1926
44 47 1748
44 48 1711
44 49 7410
44 50 344
44 51 950
44 52 4745
44 53 2240
44 54 1963
44 55 5288
44 56 2680
44 57 3836
44 58 856
44 59 4230
44 60 968
44 61 3173
44 62 345
44 63 1489
44 64 3397
44 65 4221
44 66 6312
44 67 104
44 68 5415
44 69 3936
44 70 3659
45 1 12
45 2 5805
45 3 5219
45 4 895
45 5 1405
45 6 289
45 7 3190
45 8 6012
45 9 1325
45 10 4886
45 11 5830
45 12 4911
45 13 4760
45 14 184
45 15 3678
45 16 938
45 17 4919
45 18 6374
45 19 2192
45 20 1569
45 21 6686
45 22 6472
45 23 6782
45 24 5412
45 25 4379
45 26 6579
45 27 3718
45 28 4990
45 29 4853
45 30 2675
45 31 939
45 32 1569
45 33 5559
45 34 3641
45 35 5169
45 36 3732
45 37 1785
45 38 4804
45 39 1730
45 40 4470
45 41 6113
45 42 3564
45 43 2944
45 44 1354
45 46 2075
45 47 2836
45 48 6743
45 49 1228
45 50 1840
45 51 5034
45 52 3769
45 53 3074
45 54 101
45 55 3228
45 56 4026
45 57 968
45 58 6647
45 59 1618
45 60 4716
45 61 3946
45 62 2121
45 63 6605
45 64 3700
45 65 1733
45 66 6360
45 67 1487
45 68 2229
45 69 3902
45 70 133
46 1 1674
46 2 7073
46 3 4254
46 4 7072
46 5 3251
46 6 4398
46 7 471
46 8 4862
46 9 4637
46 10 3559
46 11 1086
46 12 1540
46 13 3771
46 14 7023
46 15 74
46 16 792
46 17 2153
46 18 6124
46 19 2638
46 20 1546
46 21 4316
46 22 4476
46 23 5264
46 24 1839
46 25 4806
46 26 694
46 27 2007
46 28 1735
46 29 2256
46 30 88
46 31 1653
46 32 2918
46 33 1934
46 34 4662
46 35 7076
46 36 1561
46 37 5993
46 38 996
46 39 7328
46 40 750
46 41 3178
46 42 4084
46 43 3449
46 44 6250
46 45 4017
46 47 143
46 48 5338
46 49 3007
46 50 3904
46 51 1652
46 52 1929
46 53 2456
46 54 279
46 55 1957
46 56 7319
46 57 2881
46 58 6671
46 59 2739
46 60 6725
46 61 4511
46 62 148
46 63 4048
46 64 3633
46 65 5677
46 66 6177
46 67 4924
46 68 2719
46 69 244
46 70 1635
47 1 4516
47 2 7196
47 3 3866
47 4 6787
47 5 1687
47 6 6678
47 7 4700
47 8 7
47 9 1322
47 10 1919
47 11 5753
47 12 2660
47 13 4786
47 14 5968
47 15 5767
47 16 5512
47 17 1722
47 18 4632
47 19 3764
47 20 1053
47 21 1309
47 22 2442
47 23 6862
47 24 2351
47 25 610
47 26 136
47 27 2048
47 28 2309
47 29 864
47 30 6684
47 31 7472
47 32 1292
47 33 2517
47 34 3829
47 35 3433
47 36 7195
47 37 3659
47 38 524
47 39 5250
47 40 7248
47 41 4578
47 42 5418
47 43 6633
47 44 3434
47 45 7254
47 46 5045
47 48 1747
47 49 6016
47 50 6216
47 51 2164
47 52 5188
47 53 6542
47 54 4201
47 55 3785
47 56 6551
47 57 172
47 58 3869
47 59 3950
47 60 4018
47 61 949
47 62 6233
47 63 3750
47 64 452
47 65 980
47 66 3341
47 67 3738
47 68 7114
47 69 7274
47 70 3651
48 1 5466
48 2 2291
48 3 3695
48 4 3434
48 5 989
48 6 149
48 7 4826
48 8 680
48 9 6858
48 10 2621
48 11 1534
48 12 1914
48 13 4259
48 14 185
48 15 7133
48 16 3003
48 17 1036
48 18 2017
48 19 179
48 20 4817
48 21 7129
48 22 4290
48 23 807
48 24 4509
48 25 3909
48 26 6157
48 27 5062
48 28 5294
48 29 5769
48 30 7189
48 31 451
48 32 4103
48 33 4540
48 34 3684
48 35 4694
48 36 1931
48 37 4097
48 38 3769
48 39 5368
48 40 7148
48 41 5343
48 42 1181
48 43 3630
48 44 1708
48 45 1608
48 46 5490
48 47 866
48 49 3377
48 50 6204
48 51 7336
48 52 5602
48 53 3176
48 54 3204
48 55 4393
48 56 6148
48 57 3469
48 58 6711
48 59 2209
48 60 4298
48 61 6557
48 62 75
48 63 1647
48 64 4867
48 65 7220
48 66 1472
48 67 7211
48 68 5987
48 69 444
48 70 1278
49 1 2461
49 2 4402
49 3 1035
49 4 2430
49 5 4964
49 6 3633
49 7 2073
49 8 4669
49 9 4086
49 10 2598
49 11 6937
49 12 2742
49 13 6603
49 14 1273
49 15 5561
49 16 1544
49 17 1247
49 18 5574
49 19 5044
49 20 1265
49 21 2813
49 22 4115
49 23 2777
49 24 443
49 25 3713
49 26 7244
49 27 6873
49 28 1992
49 29 2551
49 30 62
49 31 7158
49 32 64
49 33 4170
49 34 729
49 35 283
49 36 2883
49 37 6823
49 38 4604
49 39 421
49 40 5710
49 41 4861
49 42 2583
49 43 3741
49 44 4326
49 45 3529
49 46 7288
49 47 5026
49 48 3083
49 50 7078
49 51 4719
49 52 3644
49 53 2960
49 54 2323
49 55 3025
49 56 4727
49 57 1118
49 58 1454
49 59 5315
49 60 6845
49 61 6117
49 62 3782
49 63 835
49 64 6945
49 65 7145
49 66 3762
49 67 216
49 68 5273
49 69 5433
49 70 6969
50 1 767
50 2 4817
50 3 3482
50 4 4026
50 5 2795
50 6 3541
50 7 2492
50 8 3172
50 9 6092
50 10 3918
50 11 5399
50 12 5375
50 13 485
50 14 4811
50 15 5254
50 16 7345
50 17 5721
50 18 4489
50 19 7486
50 20 2683
50 21 171
50 22 2751
50 23 2848
50 24 1074
50 25 4432
50 26 4755
50 27 1382
50 28 3776
50 29 321
50 30 4589
50 31 7425
50 32 4797
50 33 1198
50 34 6868
50 35 3739
50 36 6804
50 37 3007
50 38 4117
50 39 943
50 40 3355
50 41 4943
50 42 7293
50 43 566
50 44 496
50 45 1967
50 46 2841
50 47 4993
50 48 1876
50 49 2200
50 51 7238
50 52 7083
50 53 701
50 54 6389
50 55 5194
50 56 3724
50 57 240
50 58 3865
50 59 2050
50 60 6544
50 61 4767
50 62 4687
50 63 4505
50 64 739
50 65 3562
50 66 4079
50 67 2149
50 68 6385
50 69 409
50 70 5443
51 1 5527
51 2 444
51 3 2810
51 4 676
51 5 82
51 6 3508
51 7 7305
51 8 5728
51 9 1570
51 10 932
51 11 1493
51 12 6485
51 13 670
51 14 6168
51 15 4051
51 16 7408
51 17 1694
51 18 5147
51 19 3851
51 20 2012
51 21 2150
51 22 7209
51 23 4575
51 24 1684
51 25 6597
51 26 6553
51 27 4060
51 28 86
51 29 7464
51 30 4364
51 31 5519
51 32 4065
51 33 6531
51 34 4894
51 35 4308
51 36 476
51 37 5194
51 38 7309
51 39 1298
51 40 1533
51 41 443
51 42 907
51 43 3919
51 44 5685
51 45 5364
51 46 7090
51 47 2152
51 48 2182
51 49 4095
51 50 3754
51 52 4763
51 53 962
51 54 5916
51 55 2445
51 56 4091
51 57 5931
51 58 2503
51 59 344
51 60 6762
51 61 6181
51 62 5364
51 63 4137
51 64 278
51 65 2960
51 66 6926
51 67 1327
51 68 1693
51 69 3852
51 70 5534
52 1 7041
52 2 4679
52 3 5951
52 4 1008
52 5 2409
52 6 5104
52 7 2541
52 8 4617
52 9 2770
52 10 1970
52 11 576
52 12 665
52 13 2816
52 14 229
52 15 5463
52 16 2790
52 17 1862
52 18 596
52 19 6040
52 20 5137
52 21 378
52 22 2517
52 23 6639
52 24 7105
52 25 4217
52 26 1408
52 27 6037
52 28 3646
52 29 1610
52 30 2414
52 31 4466
52 32 5563
52 33 312
52 34 1722
52 35 3822
52 36 7276
52 37 1374
52 38 4541
52 39 5346
52 40 2119
52 41 4676
52 42 7077
52 43 5527
52 44 4318
52 45 7288
52 46 6145
52 47 6712
52 48 1158
52 49 966
52 50 2816
52 51 1125
52 53 5142
52 54 5606
52 55 6962
52 56 5359
52 57 1254
52 58 286
52 59 1565
52 60 5585
52 61 7110
52 62 361
52 63 1671
52 64 2069
52 65 6919
52 66 7001
52 67 539
52 68 746
52 69 2788
52 70 657
53 1 6839
53 2 3029
53 3 7400
53 4 4221
53 5 7125
53 6 1649
53 7 1503
53 8 5315
53 9 5660
53 10 6898
53 11 6348
53 12 2100
53 13 6069
53 14 7118
53 15 4014
53 16 4778
53 17 6096
53 18 6399
53 19 5335
53 20 2715
53 21 3883
53 22 5502
53 23 4138
53 24 6476
53 25 1691
53 26 3862
53 27 6207
53 28 576
53 29 1447
53 30 1213
53 31 5950
53 32 2686
53 33 3104
53 34 1806
53 35 2732
53 36 5820
53 37 2797
53 38 5528
53 39 6508
53 40 5777
53 41 2680
53 42 6101
53 43 4307
53 44 2771
53 45 2900
53 46 5295
53 47 2753
53 48 4245
53 49 1722
53 50 6746
53 51 1698
53 52 3639
53 54 386
53 55 3450
53 56 10
53 57 6261
53 58 5808
53 59 3494
53 60 471
53 61 3064
53 62 4221
53 63 5851
53 64 5500
53 65 5297
53 66 2330
53 67 2274
53 68 3375
53 69 1481
53 70 1472
54 1 2930
54 2 915
54 3 1055
54 4 278
54 5 7182
54 6 1284
54 7 1113
54 8 6613
54 9 5821
54 10 4312
54 11 4493
54 12 2853
54 13 4873
54 14 6522
54 15 3540
54 16 3635
54 17 6286
54 18 4203
54 19 5220
54 20 682
54 21 5593
54 22 1900
54 23 5299
54 24 352
54 25 1578
54 26 6658
54 27 4780
54 28 3133
54 29 417
54 30 3942
54 31 622
54 32 5378
54 33 386
54 34 2937
54 35 6157
54 36 5215
54 37 3281
54 38 981
54 39 1894
54 40 5999
54 41 2018
54 42 3694
54 43 557
54 44 5753
54 45 3795
54 46 1836
54 47 643
54 48 7311
54 49 3774
54 50 4074
54 51 1013
54 52 2599
54 53 7084
54 55 4246
54 56 7391
54 57 3290
54 58 1180
54 59 3481
54 60 1639
54 61 43
54 62 275
54 63 7459
54 64 331
54 65 412
54 66 3773
54 67 2901
54 68 4273
54 69 1625
54 70 4420
55 1 2622
55 2 6307
55 3 7106
55 4 7232
55 5 1735
55 6 6395
55 7 4392
55 8 854
55 9 5074
55 10 3771
55 11 1405
55 12 3710
55 13 4236
55 14 913
55 15 802
55 16 2559
55 17 1423
55 18 2413
55 19 1439
55 20 3884
55 21 1134
55 22 5402
55 23 1228
55 24 6178
55 25 2477
55 26 5952
55 27 4341
55 28 4522
55 29 638
55 30 4315
55 31 1150
55 32 3638
55 33 7310
55 34 1127
55 35 5301
55 36 2847
55 37 5031
55 38 3776
55 39 2850
55 40 3179
55 41 6068
55 42 3919
55 43 925
55 44 2163
55 45 2804
55 46 2418
55 47 2315
55 48 5468
55 49 3322
55 50 142
55 51 4910
55 52 2734
55 53 5992
55 54 7126
55 56 5675
55 57 1903
55 58 1145
55 59 896
55 60 5536
55 61 1045
55 62 974
55 63 3099
55 64 27
55 65 115
55 66 2283
55 67 761
55 68 1646
55 69 3695
55 70 4605
56 1 6228
56 2 6357
56 3 3675
56 4 7137
56 5 3378
56 6 6169
56 7 3327
56 8 6409
56 9 2610
56 10 5472
56 11 3616
56 12 5467
56 13 1380
56 14 3722
56 15 4995
56 16 7246
56 17 666
56 18 5921
56 19 6493
56 20 1201
56 21 3757
56 22 4180
56 23 6306
56 24 3340
56 25 4620
56 26 6666
56 27 7378
56 28 445
56 29 6620
56 30 1236
56 31 6822
56 32 5323
56 33 1412
56 34 313
56 35 2029
56 36 6641
56 37 668
56 38 6414
56 39 4056
56 40 1779
56 41 6400
56 42 1398
56 43 4338
56 44 1331
56 45 5017
56 46 6790
56 47 5549
56 48 3260
56 49 673
56 50 4422
56 51 3180
56 52 6280
56 53 3774
56 54 3950
56 55 3447
56 57 3612
56 58 7338
56 59 6446
56 60 3621
56 61 6755
56 62 2191
56 63 5669
56 64 47
56 65 5759
56 66 4429
56 67 3828
56 68 1050
56 69 4185
56 70 3623
57 1 6950
57 2 4646
57 3 2126
57 4 3211
57 5 4035
57 6 2193
57 7 2822
57 8 1981
57 9 6126
57 10 5970
57 11 1456
57 12 5841
57 13 6679
57 14 5920
57 15 3396
57 16 3823
57 17 7176
57 18 2705
57 19 6465
57 20 5991
57 21 2030
57 22 3482
57 23 888
57 24 2586
57 25 5321
57 26 1284
57 27 4365
57 28 7381
57 29 6476
57 30 6190
57 31 1419
57 32 5399
57 33 7484
57 34 6910
57 35 3808
57 36 2750
57 37 598
57 38 2360
57 39 4053
57 40 6161
57 41 6696
57 42 5513
57 43 1210
57 44 2960
57 45 4020
57 46 5346
57 47 5315
57 48 3537
57 49 2916
57 50 142
57 51 1122
57 52 3651
57 53 1658
57 54 2223
57 55 7193
57 56 5322
57 58 4715
57 59 5011
57 60 3149
57 61 2165
57 62 6036
57 63 3491
57 64 6471
57 65 217
57 66 488
57 67 6620
57 68 6042
57 69 605
57 70 5961
58 1 1129
58 2 6671
58 3 106
58 4 3293
58 5 6705
58 6 5890
58 7 2811
58 8 1543
58 9 1372
58 10 5604
58 11 3058
58 12 7061
58 13 1274
58 14 3389
58 15 910
58 16 3533
58 17 7288
58 18 4252
58 19 216
58 20 6918
58 21 6194
58 22 790
58 23 3005
58 24 95
58 25 6212
58 26 2181
58 27 4650
58 28 4132
58 29 1838
58 30 5269
58 31 3237
58 32 2661
58 33 2268
58 34 19
58 35 1350
58 36 2247
58 37 4572
58 38 6026
58 39 7174
58 40 6822
58 41 6826
58 42 499
58 43 6113
58 44 1355
58 45 2940
58 46 7249
58 47 6106
58 48 925
58 49 3119
58 50 4928
58 51 4296
58 52 4979
58 53 6315
58 54 4969
58 55 3792
58 56 4191
58 57 4952
58 59 2136
58 60 1297
58 61 3758
58 62 5017
58 63 4233
58 64 127
58 65 3035
58 66 4486
58 67 4204
58 68 6910
58 69 5593
58 70 1562
59 1 5692
59 2 5984
59 3 1910
59 4 6210
59 5 6131
59 6 5779
59 7 7381
59 8 3885
59 9 3402
59 10 1223
59 11 3223
59 12 39
59 13 7197
59 14 5522
59 15 4185
59 16 6725
59 17 372
59 18 583
59 19 6895
59 20 5125
59 21 1669
59 22 6357
59 23 5061
59 24 1203
59 25 4011
59 26 4120
59 27 7347
59 28 7252
59 29 4351
59 30 4022
59 31 5418
59 32 2895
59 33 1113
59 34 213
59 35 3870
59 36 3523
59 37 3805
59 38 1304
59 39 1142
59 40 1960
59 41 661
59 42 5338
59 43 2757
59 44 2279
59 45 1160
59 46 5226
59 47 6296
59 48 1891
59 49 2715
59 50 5376
59 51 4569
59 52 2618
59 53 1507
59 54 5296
59 55 678
59 56 4222
59 57 2902
59 58 5339
59 60 4315
59 61 6537
59 62 5442
59 63 5683
59 64 4091
59 65 2656
59 66 3652
59 67 2666
59 68 3974
59 69 5655
59 70 2448
60 1 381
60 2 512
60 3 2985
60 4 7190
60 5 2993
60 6 4818
60 7 3013
60 8 3848
60 9 1182
60 10 6930
60 11 1461
60 12 3183
60 13 5268
60 14 6044
60 15 4725
60 16 5516
60 17 804
60 18 4795
60 19 4535
60 20 6551
60 21 6085
60 22 3403
60 23 4365
60 24 882
60 25 1400
60 26 1328
60 27 6633
60 28 527
60 29 2362
60 30 5618
60 31 358
60 32 4626
60 33 1328
60 34 3198
60 35 4588
60 36 4287
60 37 1158
60 38 6041
60 39 2520
60 40 897
60 41 7281
60 42 6425
60 43 4549
60 44 6295
60 45 3797
60 46 4645
60 47 5907
60 48 901
60 49 4654
60 50 6003
60 51 5042
60 52 2726
60 53 3777
60 54 4206
60 55 529
60 56 2142
60 57 7279
60 58 277
60 59 5575
60 61 886
60 62 5039
60 63 2858
60 64 6390
60 65 1284
60 66 6330
60 67 4275
60 68 5487
60 69 183
60 70 5304
61 1 7450
61 2 2886
61 3 4888
61 4 7222
61 5 4352
61 6 1699
61 7 5637
61 8 3387
61 9 6086
61 10 4474
61 11 1298
61 12 2882
61 13 1148
61 14 6443
61 15 371
61 16 2543
61 17 5262
61 18 2217
61 19 6066
61 20 2582
61 21 863
61 22 7124
61 23 3438
61 24 3582
61 25 738
61 26 1746
61 27 6955
61 28 1192
61 29 3560
61 30 7141
61 31 326
61 32 1231
61 33 841
61 34 1435
61 35 5053
61 36 4444
61 37 6554
61 38 3756
61 39 4034
61 40 6930
61 41 5457
61 42 6210
61 43 1526
61 44 3784
61 45 6720
61 46 7253
61 47 4595
61 48 896
61 49 4804
61 50 6729
61 51 4584
61 52 4257
61 53 1783
61 54 467
61 55 1254
61 56 806
61 57 1192
61 58 1203
61 59 4792
61 60 1332
61 62 1098
61 63 2096
61 64 3600
61 65 1137
61 66 4166
61 67 6480
61 68 6095
61 69 3999
61 70 4797
62 1 5904
62 2 4024
62 3 7423
62 4 2898
62 5 1181
62 6 6864
62 7 6555
62 8 5363
62 9 5250
62 10 5000
62 11 4289
62 12 1904
62 13 7058
62 14 4584
62 15 5300
62 16 217
62 17 3907
62 18 6441
62 19 6535
62 20 6970
62 21 4570
62 22 1000
62 23 2492
62 24 1467
62 25 4505
62 26 6762
62 27 3085
62 28 13
62 29 5127
62 30 925
62 31 4383
62 32 5469
62 33 4806
62 34 1597
62 35 5182
62 36 1316
62 37 7024
62 38 4488
62 39 2115
62 40 6105
62 41 4037
62 42 3019
62 43 2071
62 44 4843
62 45 1253
62 46 4266
62 47 562
62 48 7157
62 49 4497
62 50 4183
62 51 3704
62 52 4694
62 53 4347
62 54 5534
62 55 1032
62 56 904
62 57 4130
62 58 5912
62 59 7216
62 60 1473
62 61 1497
62 63 208
62 64 4999
62 65 6883
62 66 1734
62 67 7087
62 68 2496
62 69 4610
62 70 487
63 1 6919
63 2 7379
63 3 5919
63 4 741
63 5 483
63 6 1196
63 7 430
63 8 1692
63 9 1160
63 10 1219
63 11 2160
63 12 1864
63 13 1892
63 14 4388
63 15 1538
63 16 3912
63 17 4443
63 18 4022
63 19 4415
63 20 6400
63 21 3072
63 22 4324
63 23 5825
63 24 3204
63 25 1024
63 26 5084
63 27 5176
63 28 1948
63 29 7264
63 30 4617
63 31 5267
63 32 2554
63 33 1209
63 34 2244
63 35 5253
63 36 7180
63 37 5940
63 38 6071
63 39 2657
63 40 7316
63 41 3564
63 42 5215
63 43 5148
63 44 5767
63 45 5679
63 46 3140
63 47 5537
63 48 6251
63 49 4060
63 50 4114
63 51 2710
63 52 4784
63 53 4422
63 54 3084
63 55 6092
63 56 1619
63 57 767
63 58 1526
63 59 4940
63 60 5362
63 61 250
63 62 62
63 64 2989
63 65 4426
63 66 6206
63 67 4020
63 68 774
63 69 1672
63 70 4246
64 1 1948
64 2 6696
64 3 5902
64 4 1596
64 5 257
64 6 3053
64 7 19
64 8 5548
64 9 5820
64 10 2439
64 11 4148
64 12 7046
64 13 5772
64 14 1082
64 15 3159
64 16 7056
64 17 6425
64 18 4848
64 19 5880
64 20 1916
64 21 3238
64 22 4793
64 23 5334
64 24 2292
64 25 637
64 26 4520
64 27 6899
64 28 2338
64 29 4072
64 30 5477
64 31 3885
64 32 6891
64 33 1773
64 34 18
64 35 7281
64 36 4598
64 37 2692
64 38 6476
64 39 2309
64 40 167
64 41 5827
64 42 5915
64 43 1584
64 44 841
64 45 5253
64 46 6224
64 47 4380
64 48 6584
64 49 5984
64 50 2345
64 51 3414
64 52 4557
64 53 6274
64 54 6
64 55 3244
64 56 5474
64 57 2440
64 58 6817
64 59 6700
64 60 7276
64 61 4571
64 62 1684
64 63 7387
64 65 4374
64 66 342
64 67 6301
64 68 7011
64 69 1381
64 70 3279
65 1 2808
65 2 2033
65 3 1064
65 4 825
65 5 2063
65 6 5333
65 7 1784
65 8 2892
65 9 926
65 10 6272
65 11 6637
65 12 2666
65 13 5552
65 14 2203
65 15 7170
65 16 2242
65 17 3722
65 18 2958
65 19 2094
65 20 3103
65 21 364
65 22 6402
65 23 4981
65 24 5668
65 25 3789
65 26 2064
65 27 3332
65 28 1924
65 29 2928
65 30 648
65 31 4175
65 32 512
65 33 133
65 34 3259
65 35 7449
65 36 4095
65 37 4320
65 38 6150
65 39 981
65 40 3439
65 41 6882
65 42 5499
65 43 6609
65 44 5743
65 45 6326
65 46 36
65 47 6781
65 48 3801
65 49 6697
65 50 6757
65 51 5100
65 52 1167
65 53 1484
65 54 5290
65 55 6710
65 56 6688
65 57 6355
65 58 3061
65 59 817
65 60 475
65 61 51
65 62 2578
65 63 989
65 64 7091
65 66 1225
65 67 4362
65 68 540
65 69 5806
65 70 6832
66 1 6219
66 2 557
66 3 5804
66 4 1006
66 5 2198
66 6 4359
66 7 3037
66 8 645
66 9 2623
66 10 5424
66 11 7015
66 12 5493
66 13 3462
66 14 6999
66 15 7353
66 16 3729
66 17 3026
66 18 2309
66 19 3280
66 20 2851
66 21 5875
66 22 1757
66 23 4447
66 24 2207
66 25 4728
66 26 3599
66 27 4577
66 28 697
66 29 4990
66 30 4535
66 31 5907
66 32 3973
66 33 6163
66 34 404
66 35 5240
66 36 4179
66 37 88
66 38 4371
66 39 3322
66 40 1547
66 41 5824
66 42 4265
66 43 245
66 44 4568
66 45 5302
66 46 4880
66 47 5305
66 48 1477
66 49 5984
66 50 5482
66 51 454
66 52 3118
66 53 3676
66 54 1217
66 55 3846
66 56 3030
66 57 7454
66 58 1135
66 59 5983
66 60 7482
66 61 6392
66 62 6762
66 63 1313
66 64 4874
66 65 4969
66 67 7483
66 68 3851
66 69 178
66 70 1959
67 1 4968
67 2 1784
67 3 3612
67 4 3076
67 5 4161
67 6 69
67 7 6868
67 8 7040
67 9 2359
67 10 5425
67 11 2981
67 12 4725
67 13 2657
67 14 5811
67 15 3388
67 16 818
67 17 6193
67 18 4127
67 19 2669
67 20 6675
67 21 2266
67 22 7453
67 23 4550
67 24 3554
67 25 2839
67 26 5547
67 27 1065
67 28 6988
67 29 3834
67 30 7169
67 31 1837
67 32 2161
67 33 4025
67 34 4220
67 35 4905
67 36 3735
67 37 2245
67 38 2666
67 39 663
67 40 6565
67 41 3417
67 42 1288
67 43 824
67 44 2044
67 45 6300
67 46 3847
67 47 2736
67 48 1895
67 49 5428
67 50 1525
67 51 4793
67 52 4429
67 53 6588
67 54 3164
67 55 2857
67 56 3736
67 57 2632
67 58 1513
67 59 5396
67 60 2629
67 61 1136
67 62 4054
67 63 6265
67 64 5
67 65 4554
67 66 3002
67 68 5698
67 69 4684
67 70 2217
68 1 1476
68 2 5810
68 3 684
68 4 1220
68 5 4526
68 6 5652
68 7 752
68 8 2052
68 9 3787
68 10 551
68 11 6447
68 12 6541
68 13 2466
68 14 5889
68 15 1283
68 16 120
68 17 5525
68 18 1799
68 19 3234
68 20 2178
68 21 7048
68 22 1602
68 23 6663
68 24 2471
68 25 2366
68 26 2673
68 27 7207
68 28 6007
68 29 4862
68 30 5180
68 31 5261
68 32 1494
68 33 5006
68 34 6315
68 35 7232
68 36 7068
68 37 7241
68 38 6706
68 39 3604
68 40 2692
68 41 7342
68 42 6485
68 43 3951
68 44 253
68 45 2897
68 46 1575
68 47 1016
68 48 2997
68 49 4050
68 50 2318
68 51 7394
68 52 2537
68 53 586
68 54 2535
68 55 393
68 56 2508
68 57 2686
68 58 7097
68 59 2696
68 60 4478
68 61 2165
68 62 1014
68 63 3694
68 64 1949
68 65 1327
68 66 6084
68 67 440
68 69 94
68 70 2421
69 1 6399
69 2 6539
69 3 3353
69 4 7240
69 5 6388
69 6 4756
69 7 5917
69 8 5871
69 9 4888
69 10 3158
69 11 6548
69 12 6854
69 13 2934
69 14 5987
69 15 3394
69 16 732
69 17 5099
69 18 7176
69 19 4516
69 20 63
69 21 1280
69 22 3553
69 23 4670
69 24 4781
69 25 3954
69 26 5269
69 27 7151
69 28 4463
69 29 5554
69 30 6390
69 31 6065
69 32 1653
69 33 2008
69 34 4750
69 35 2646
69 36 6215
69 37 4911
69 38 64
69 39 2504
69 40 6292
69 41 635
69 42 3761
69 43 2555
69 44 6655
69 45 2847
69 46 588
69 47 1462
69 48 4091
69 49 2707
69 50 1139
69 51 1179
69 52 3471
69 53 6993
69 54 5182
69 55 5742
69 56 2922
69 57 5829
69 58 6225
69 59 3655
69 60 1492
69 61 4524
69 62 2797
69 63 7373
69 64 4632
69 65 5158
69 66 174
69 67 3734
69 68 2831
69 70 1226
70 1 2403
70 2 1822
70 3 4628
70 4 2932
70 5 451
70 6 1017
70 7 6596
70 8 2930
70 9 5036
70 10 3043
70 11 5880
70 12 3043
70 13 5722
70 14 2339
70 15 4892
70 16 4818
70 17 4713
70 18 1119
70 19 934
70 20 1294
70 21 1717
70 22 1206
70 23 3939
70 24 1793
70 25 2342
70 26 5376
70 27 6222
70 28 1457
70 29 5141
70 30 701
70 31 5909
70 32 4927
70 33 886
70 34 1510
70 35 567
70 36 6803
70 37 4998
70 38 326
70 39 2046
70 40 5847
70 41 3808
70 42 6741
70 43 3515
70 44 1830
70 45 308
70 46 1202
70 47 1785
70 48 348
70 49 3469
70 50 1366
70 51 2536
70 52 1141
70 53 2672
70 54 6750
70 55 4185
70 56 3868
70 57 3950
70 58 6908
70 59 5809
70 60 4809
70 61 4774
70 62 1482
70 63 2853
70 64 1113
70 65 3392
70 66 5110
70 67 6189
70 68 1
70 69 5088
