75 4200
1 8 716
1 19 3161
1 55 4074
1 73 5911
1 54 5032
1 48 1034
1 70 5351
1 69 1703
1 17 5150
1 42 5724
1 68 2447
1 31 5793
1 38 531
1 10 2156
1 16 5009
1 35 5561
1 36 4406
1 34 4466
1 5 5861
1 74 3115
1 49 2590
1 2 625
1 37 2252
1 20 3655
1 41 2242
1 57 5132
1 51 5264
1 67 6197
1 33 821
1 46 5158
1 53 4428
1 63 1368
1 9 2183
1 30 1121
1 27 3293
1 3 3849
1 61 3595
1 64 2397
1 6 2237
1 52 4787
1 58 2074
1 29 5977
1 23 960
1 72 713
1 18 571
1 43 1571
1 59 5299
1 12 1660
1 28 1188
1 26 4223
1 56 4244
1 15 4488
1 47 5914
1 45 1741
1 22 3541
1 44 6068
1 11 479
1 32 666
1 75 3071
1 4 2182
2 18 2558
2 9 2
2 26 5336
2 6 5246
2 30 456
2 74 2694
2 10 6075
2 14 796
2 75 4283
2 69 5042
2 64 4882
2 1 4581
2 17 2923
2 50 1324
2 71 2109
2 35 1733
2 28 5665
2 70 4974
2 22 5440
2 51 3611
2 32 2750
2 72 3902
2 47 4059
2 73 5496
2 43 2177
2 66 1121
2 24 3986
2 57 3781
2 61 1171
2 8 899
2 3 2506
2 4 241
2 23 2618
2 29 5879
2 34 1173
2 40 2015
2 7 5064
2 31 3734
2 19 5513
2 27 4375
2 49 1734
2 42 5167
2 46 5416
2 41 3899
2 48 4003
2 44 5884
2 13 4108
2 12 3503
2 38 2000
2 60 1006
2 67 3339
2 45 3372
2 58 2214
2 68 5270
2 20 3525
2 37 434
2 62 292
2 33 6291
3 65 5294
3 48 108
3 23 3124
3 71 392
3 64 2989
3 19 603
3 68 3478
3 66 3883
3 58 715
3 37 5533
3 57 3737
3 75 4133
3 50 2857
3 30 1694
3 43 2790
3 60 4860
3 5 3827
3 27 3929
3 73 2125
3 14 2056
3 29 1609
3 41 3504
3 72 3310
3 44 4494
3 12 1998
3 33 4261
3 70 2857
3 49 3399
3 52 3877
3 21 5243
3 69 2210
3 1 4663
3 63 6193
3 35 3061
3 62 5531
3 47 5986
3 6 5014
3 24 3948
3 40 4805
3 32 1675
3 2 5878
3 55 63
3 42 4519
3 10 4229
3 17 1817
3 13 2880
3 67 5114
3 15 2805
3 45 5922
3 16 2418
3 4 2780
3 20 1470
3 59 5096
3 34 4613
3 56 3942
3 9 1988
3 8 5353
4 60 5022
4 56 2397
4 33 2356
4 13 3679
4 66 4148
4 2 3361
4 51 3112
4 42 3623
4 32 4689
4 63 3930
4 45 1688
4 52 1285
4 57 4560
4 28 5727
4 54 808
4 73 1415
4 18 3371
4 64 225
4 16 3536
4 37 6121
4 75 5068
4 8 2053
4 25 3399
4 27 307
4 49 243
4 67 2866
4 38 784
4 55 3618
4 23 5717
4 35 6277
4 5 3922
4 74 3799
4 39 6146
4 20 4140
4 36 1931
4 70 2136
4 68 3157
4 12 3550
4 29 1912
4 17 4525
4 14 3048
4 69 4201
4 62 4258
4 10 4096
4 30 2582
4 24 3388
4 61 1454
4 65 104
4 22 1430
4 44 3804
4 15 5198
4 3 4936
4 11 2292
5 55 4827
5 34 5616
5 58 298
5 49 5181
5 59 1495
5 27 6242
5 15 4587
5 60 4092
5 63 2724
5 12 130
5 38 4100
5 67 4605
5 14 5588
5 30 5974
5 72 4140
5 66 6041
5 75 1668
5 42 1404
5 73 380
5 25 631
5 23 5523
5 24 1032
5 16 1995
5 1 5731
5 22 5066
5 64 5408
5 68 4818
5 62 4283
5 47 1886
5 41 1613
5 71 943
5 53 1856
5 18 5952
5 13 513
5 48 216
5 52 3459
5 40 4014
5 32 4519
5 36 4048
5 17 2285
5 10 1745
5 20 4940
5 21 3130
5 74 1486
5 26 3477
5 51 4133
5 70 3640
5 4 1367
5 54 706
5 35 2392
6 24 4620
6 59 1198
6 49 4940
6 38 6183
6 50 4734
6 26 4358
6 28 4869
6 29 2969
6 22 307
6 41 4748
6 64 3106
6 34 1748
6 68 4805
6 43 5035
6 25 5526
6 47 1697
6 56 5205
6 75 6085
6 5 765
6 60 680
6 10 2337
6 72 4899
6 37 6236
6 74 3517
6 66 4424
6 35 2220
6 18 3536
6 13 496
6 21 6199
6 20 3764
6 2 5396
6 14 1294
6 4 2710
6 67 1681
6 61 428
6 40 769
6 17 1775
6 58 3047
6 48 4796
6 73 6023
6 1 3922
6 31 1896
6 46 849
6 23 4794
6 71 2123
6 51 330
6 63 3604
6 70 5374
6 9 4216
6 32 98
6 39 4135
6 65 5509
6 69 3217
6 54 4742
6 55 1182
7 63 510
7 24 1142
7 43 1193
7 61 4063
7 15 6239
7 68 1823
7 55 6157
7 20 3939
7 40 2339
7 49 3570
7 42 5353
7 16 147
7 28 3741
7 36 5436
7 50 727
7 37 5526
7 4 2797
7 13 1469
7 70 2649
7 29 2503
7 32 3069
7 35 1985
7 69 2890
7 31 5324
7 41 2831
7 52 2455
7 54 6084
7 27 324
7 75 2541
7 59 6082
7 34 4836
7 21 5030
7 25 2904
7 60 1240
7 12 4008
7 65 474
7 57 3937
7 38 5643
7 6 3543
7 18 3485
7 11 2453
7 72 845
7 58 1478
7 66 3112
7 9 5440
7 48 4933
7 33 5735
7 47 3425
7 26 2332
7 39 6073
7 56 4918
7 1 5569
7 67 3953
7 10 5001
7 22 4670
7 2 1795
7 51 400
7 53 5833
7 5 2675
7 8 4779
7 14 2151
8 34 2453
8 10 745
8 30 1044
8 40 566
8 16 3854
8 57 89
8 21 2833
8 27 1865
8 74 3327
8 2 4203
8 3 3416
8 15 2670
8 49 3573
8 5 788
8 24 317
8 48 5212
8 75 1310
8 55 5691
8 64 2032
8 9 4202
8 17 1923
8 35 251
8 71 1406
8 69 1067
8 61 1930
8 29 2189
8 43 1026
8 51 2608
8 25 2828
8 65 1978
8 39 3526
8 4 6147
8 53 5163
8 42 1794
8 22 4306
8 20 5600
8 63 4311
8 1 1998
8 67 1896
8 60 5902
8 52 4984
8 32 3285
8 73 2166
8 31 2702
8 62 330
8 37 4372
8 70 1080
8 26 814
8 38 5979
8 72 3469
8 41 6223
8 50 1282
8 44 4751
8 68 1530
9 58 4889
9 12 2192
9 59 3741
9 56 402
9 46 197
9 34 3113
9 57 6299
9 10 846
9 3 4840
9 64 2493
9 27 207
9 38 5733
9 2 2279
9 53 4489
9 31 5206
9 66 2654
9 67 2075
9 35 1784
9 71 3706
9 70 2984
9 60 1971
9 18 3829
9 69 4411
9 5 4943
9 4 6213
9 28 5550
9 33 2597
9 20 404
9 15 1783
9 40 546
9 16 3885
9 61 4652
9 37 6085
9 42 4535
9 62 3034
9 17 4132
9 51 6273
9 65 2029
9 45 2598
9 36 1707
9 24 2551
9 68 5500
9 41 1630
9 54 5211
9 11 6222
9 13 3068
9 52 4844
9 25 208
9 32 5725
9 63 2598
9 43 2775
9 1 2670
9 48 167
9 29 4692
9 39 5489
9 26 4744
9 75 4473
9 44 4234
9 22 311
9 73 4630
10 13 2530
10 37 1503
10 27 5585
10 4 3025
10 32 6143
10 48 990
10 74 772
10 12 724
10 51 1307
10 75 4645
10 21 574
10 53 2774
10 60 342
10 40 6031
10 14 1037
10 45 926
10 7 4186
10 52 2231
10 31 5444
10 66 5677
10 26 1215
10 18 5445
10 59 1849
10 57 642
10 5 678
10 55 556
10 15 2765
10 73 6196
10 61 5769
10 47 4861
10 33 545
10 69 6015
10 49 922
10 72 4601
10 46 1695
10 71 4266
10 25 4506
10 63 5252
10 50 4571
10 62 1838
10 67 664
10 41 2732
10 28 5585
10 17 2218
10 34 3110
10 22 1125
10 1 2078
10 68 4114
10 39 5276
10 65 2798
10 23 3440
10 36 5559
10 70 2346
11 70 5977
11 46 100
11 60 5814
11 3 2986
11 45 704
11 44 1477
11 8 2238
11 43 5760
11 30 242
11 9 3715
11 31 2916
11 13 3841
11 32 5255
11 47 3536
11 61 2371
11 56 1270
11 53 26
11 71 5044
11 18 6113
11 74 5563
11 16 5553
11 21 4668
11 51 1888
11 69 4408
11 41 4287
11 73 2844
11 12 2734
11 20 1729
11 49 4108
11 63 324
11 54 6253
11 48 4334
11 29 4879
11 7 5211
11 39 454
11 19 4819
11 15 5221
11 25 3413
11 4 1876
11 64 2983
11 58 5874
11 57 5409
11 55 3310
11 50 5773
11 37 4422
11 17 3629
11 40 3143
11 6 4332
11 24 4732
11 5 4521
11 52 824
11 65 1803
11 68 943
11 26 4217
11 72 4641
11 42 2630
11 59 1082
11 62 1955
11 22 2359
11 36 3985
11 33 2209
11 14 2317
11 23 4988
12 62 1572
12 64 4539
12 23 2443
12 57 3099
12 40 4484
12 46 2491
12 4 2478
12 7 4679
12 61 2432
12 48 4379
12 50 1703
12 35 634
12 14 4397
12 8 5393
12 24 1686
12 39 4873
12 1 4408
12 25 3455
12 51 1519
12 27 3940
12 59 575
12 63 3127
12 73 2999
12 11 1051
12 69 3544
12 52 1273
12 54 5480
12 10 4581
12 3 5716
12 20 726
12 53 590
12 70 6188
12 2 2181
12 65 6167
12 29 5409
12 37 3492
12 72 5119
12 26 3658
12 45 2419
12 60 1422
12 74 2704
12 9 640
12 67 1557
12 6 1796
12 16 3361
12 55 2576
12 49 5678
12 33 5700
12 38 5570
12 19 1827
13 2 1024
13 43 1371
13 11 3874
13 24 6294
13 59 644
13 18 6006
13 62 2515
13 5 1354
13 14 3687
13 36 3594
13 33 5361
13 31 4341
13 57 6082
13 22 3721
13 52 352
13 61 409
13 73 3192
13 27 1407
13 12 6093
13 75 6092
13 54 1856
13 56 1893
13 44 3303
13 10 185
13 28 94
13 70 4197
13 60 1372
13 20 759
13 30 6236
13 29 1171
13 23 3396
13 4 1048
13 46 101
13 68 802
13 45 4456
13 37 5152
13 47 2722
13 51 4559
13 66 5652
13 9 4109
13 26 4578
13 35 1702
13 55 996
13 39 3879
13 49 4719
13 6 3451
13 21 4413
13 65 2485
13 34 5766
13 42 3365
14 64 2775
14 68 3618
14 10 878
14 23 4964
14 21 3416
14 25 974
14 12 3618
14 19 5540
14 15 2815
14 11 3912
14 9 5802
14 53 875
14 63 4037
14 30 981
14 36 5955
14 52 6115
14 40 1862
14 73 2739
14 54 2662
14 24 2250
14 62 1473
14 28 345
14 32 5284
14 26 1844
14 43 2757
14 50 1598
14 35 1147
14 51 5716
14 48 4396
14 18 3770
14 20 2979
14 72 2233
14 8 4483
14 47 2828
14 49 662
14 67 3898
14 41 3210
14 58 694
14 34 2846
14 71 3796
14 42 502
14 46 5627
14 22 4671
14 60 1202
14 29 716
14 61 2776
14 74 46
14 31 1129
14 5 5968
14 56 3258
14 44 193
14 6 5715
14 65 5713
14 4 6095
14 45 4593
14 57 3618
15 24 3576
15 6 3985
15 65 408
15 73 5240
15 31 4201
15 67 4057
15 34 491
15 1 6072
15 35 100
15 9 5676
15 10 4826
15 11 1823
15 52 6154
15 44 4113
15 43 5488
15 58 5845
15 42 2152
15 54 2770
15 14 4552
15 39 1784
15 63 4937
15 50 4166
15 2 1086
15 3 3395
15 17 325
15 45 2977
15 26 949
15 64 4386
15 40 4938
15 59 5454
15 70 3140
15 72 2783
15 37 4903
15 33 6162
15 23 928
15 7 3345
15 30 1728
15 22 4443
15 19 738
15 68 5534
15 21 5707
15 56 3702
15 61 4475
15 60 3920
15 12 3827
15 62 2025
15 55 6297
15 8 623
15 75 4169
15 18 3198
15 32 6020
15 69 5566
15 28 4465
15 66 476
15 74 6118
15 47 3925
15 29 568
16 62 4984
16 43 4309
16 24 3557
16 72 1788
16 14 648
16 8 616
16 32 5916
16 74 1155
16 65 4828
16 53 5067
16 1 1214
16 46 4613
16 34 6049
16 57 3135
16 5 3965
16 42 6039
16 33 6115
16 12 3200
16 26 4843
16 38 6058
16 58 4390
16 10 4720
16 13 2618
16 41 4821
16 63 45
16 23 34
16 31 4072
16 45 5360
16 9 4059
16 40 1580
16 49 222
16 4 3405
16 60 4078
16 64 2762
16 3 5157
16 47 5041
16 71 797
16 2 339
16 7 1605
16 51 2009
16 61 5358
16 19 4266
16 50 2495
16 6 95
16 39 984
16 75 121
16 17 536
16 15 726
16 22 1151
17 36 1272
17 74 1887
17 3 948
17 60 2864
17 71 4940
17 30 20
17 66 3377
17 37 6182
17 19 5849
17 20 1495
17 44 1706
17 29 2070
17 8 1563
17 68 4051
17 63 5900
17 39 2122
17 52 4424
17 46 4332
17 26 1574
17 41 3101
17 53 5615
17 50 5987
17 14 3426
17 5 2251
17 34 3549
17 15 810
17 11 4227
17 1 2936
17 6 2822
17 12 5432
17 10 5543
17 69 4532
17 56 773
17 2 1231
17 31 1507
17 27 1404
17 47 6085
17 18 2307
17 4 238
17 22 3047
17 38 4392
17 67 5038
17 23 4642
17 9 2132
17 42 1736
17 28 2704
17 25 2165
17 58 966
17 72 3602
17 13 3220
17 55 3478
17 48 2989
17 64 306
17 35 710
17 57 5647
18 70 1681
18 24 1726
18 9 3989
18 57 1980
18 15 495
18 43 6030
18 72 3816
18 14 5289
18 46 269
18 19 828
18 48 3701
18 25 1919
18 58 1913
18 49 1605
18 54 3438
18 23 5449
18 47 1255
18 56 6239
18 12 5910
18 53 5786
18 41 5357
18 30 1310
18 60 406
18 8 5379
18 73 1456
18 50 2515
18 17 6002
18 28 2721
18 22 6209
18 6 3007
18 27 5267
18 20 5159
18 31 951
18 7 1433
18 3 1188
18 10 3503
18 32 6099
18 75 3743
18 5 5899
18 62 913
18 1 5749
18 55 2933
18 52 5333
18 71 4987
18 2 3428
18 69 5258
18 4 4258
18 29 2544
18 11 5608
18 34 4700
18 26 63
18 35 767
18 66 3124
18 59 4661
18 61 5570
18 16 3068
18 68 6055
18 38 5314
18 64 2371
19 29 2688
19 16 3309
19 22 5312
19 35 1268
19 41 4705
19 69 5093
19 58 3545
19 64 6054
19 39 1163
19 42 3207
19 15 2086
19 34 1118
19 54 984
19 20 3516
19 13 2915
19 1 397
19 70 3536
19 6 5183
19 52 3803
19 46 1519
19 3 4793
19 55 1148
19 44 122
19 31 703
19 24 4223
19 74 5724
19 28 1102
19 47 1170
19 23 322
19 67 414
19 73 3275
19 66 3202
19 71 6064
19 68 661
19 17 3813
19 7 5029
19 56 4559
19 63 4888
19 26 154
19 48 4442
19 40 432
19 51 2729
19 65 1928
19 62 3300
19 27 2712
19 18 3095
19 11 3791
19 43 3649
19 59 5343
19 61 1995
19 5 4843
19 37 3717
19 21 1350
19 33 3885
19 10 4067
19 2 1053
20 65 1878
20 58 5271
20 55 4443
20 28 1912
20 69 3076
20 41 6147
20 43 893
20 10 1698
20 25 4779
20 53 3432
20 35 459
20 34 4585
20 38 4330
20 18 6037
20 6 3359
20 51 2807
20 68 5842
20 16 2668
20 67 1578
20 72 5380
20 24 2392
20 3 1030
20 73 19
20 61 2424
20 14 2540
20 36 2203
20 4 2609
20 8 3450
20 44 1686
20 9 362
20 2 1043
20 49 2908
20 60 388
20 62 5422
20 33 1205
20 32 5402
20 27 5067
20 26 2938
20 45 4708
20 57 2216
20 59 329
20 17 3918
20 75 5404
20 66 989
20 15 5545
20 71 5359
20 13 416
20 1 3512
20 63 2485
20 11 6005
20 46 5273
20 64 3613
20 30 203
20 39 1503
21 24 964
21 64 1392
21 49 3354
21 56 3350
21 37 4588
21 68 277
21 41 99
21 69 1803
21 48 40
21 4 1900
21 30 4814
21 36 6164
21 7 1262
21 6 2344
21 8 1964
21 59 5856
21 18 3806
21 39 6058
21 5 2734
21 40 4661
21 58 3236
21 60 3756
21 38 3842
21 28 3469
21 52 6248
21 72 36
21 19 140
21 14 2672
21 51 5161
21 26 1751
21 62 1117
21 46 3309
21 15 4854
21 57 2491
21 53 4173
21 11 5433
21 10 37
21 32 6001
21 70 3444
21 1 3491
21 47 97
21 31 2849
21 63 4885
21 2 212
21 29 792
21 42 2905
21 67 2793
21 54 1134
21 12 2205
21 23 5797
21 43 220
21 9 2779
21 17 4287
21 33 3765
21 27 2486
22 31 1728
22 5 2156
22 20 3875
22 60 2605
22 62 2230
22 9 3677
22 54 506
22 16 1512
22 21 6104
22 13 714
22 34 1130
22 55 5132
22 15 3226
22 2 88
22 24 1524
22 70 2063
22 64 1583
22 52 3580
22 51 5571
22 66 2138
22 29 286
22 73 5703
22 11 3915
22 3 2116
22 4 351
22 61 5958
22 12 5419
22 32 5181
22 44 22
22 50 1852
22 38 5596
22 75 4300
22 8 108
22 65 5127
22 37 5902
22 67 3730
22 57 856
22 72 2116
22 36 3114
22 39 2331
22 17 3026
22 48 4208
22 7 2272
22 56 198
22 47 3645
22 68 2208
22 45 983
22 49 2562
22 40 5701
22 27 2625
22 46 5698
22 53 1040
23 29 4493
23 11 3932
23 12 966
23 42 1514
23 70 2153
23 39 5025
23 26 5615
23 40 3474
23 17 5082
23 33 2997
23 9 1265
23 32 5939
23 66 5799
23 25 509
23 74 412
23 3 3396
23 65 973
23 31 1013
23 67 2157
23 56 4077
23 48 4776
23 44 4550
23 62 614
23 43 1529
23 71 3947
23 53 1843
23 41 5891
23 46 5085
23 63 1246
23 72 1241
23 34 910
23 75 2914
23 37 1497
23 22 2122
23 6 4627
23 51 658
23 59 4764
23 57 3674
23 1 1203
23 2 5837
23 4 2189
23 13 991
23 35 2835
23 14 1835
23 64 4206
23 61 1758
23 45 6139
23 69 159
23 7 2237
23 27 4040
23 20 1676
23 47 82
23 21 2616
23 28 4107
23 54 4796
23 30 228
23 5 1679
24 60 2335
24 2 4728
24 1 5097
24 18 335
24 48 6003
24 4 463
24 44 2336
24 51 4614
24 46 4425
24 53 2113
24 45 4179
24 9 2138
24 11 644
24 54 873
24 57 2542
24 15 717
24 7 3040
24 6 4815
24 26 1091
24 34 3794
24 28 3019
24 36 3472
24 39 3528
24 21 523
24 69 3749
24 30 3614
24 19 2037
24 70 4202
24 68 4200
24 16 4652
24 5 4001
24 65 1042
24 55 2450
24 32 4076
24 43 822
24 61 1101
24 22 2743
24 14 5171
24 52 1061
24 47 343
24 20 3924
24 40 2770
24 23 607
24 25 6279
24 13 6158
24 42 5127
24 62 784
24 12 4332
24 29 1509
24 67 1021
24 33 4568
24 63 4942
24 41 347
24 31 637
25 3 4032
25 64 566
25 56 4547
25 55 5863
25 9 1588
25 14 3344
25 43 5602
25 60 3077
25 5 2245
25 69 3075
25 26 2140
25 54 1897
25 36 4400
25 68 2981
25 71 896
25 24 3307
25 31 3866
25 46 3128
25 65 2950
25 49 761
25 40 1478
25 41 4999
25 52 4074
25 13 4526
25 59 3464
25 70 3761
25 74 2542
25 45 270
25 16 3916
25 72 3040
25 22 3288
25 20 5434
25 28 4520
25 18 1287
25 62 5012
25 35 4959
25 39 162
25 66 4637
25 12 1731
25 4 2130
25 7 5271
25 1 6207
25 44 5532
25 73 5723
25 27 4732
25 34 4338
26 73 173
26 43 2828
26 6 2970
26 69 3534
26 32 1402
26 37 4094
26 1 463
26 8 774
26 39 833
26 35 5907
26 51 3618
26 71 719
26 61 47
26 2 2014
26 22 4347
26 3 5484
26 44 3973
26 27 2522
26 53 6068
26 13 1566
26 31 4674
26 66 1709
26 25 5085
26 9 4107
26 11 2441
26 64 3086
26 56 6118
26 28 235
26 59 268
26 16 2475
26 20 3939
26 60 901
26 52 729
26 54 4896
26 49 5666
26 45 1093
26 40 1403
26 70 4209
26 58 5022
26 55 4794
26 14 5342
26 48 4602
26 12 3905
26 15 4169
26 65 1431
26 50 3517
26 74 2879
26 62 2578
26 57 1345
26 5 2114
26 41 4417
26 19 1259
26 68 3786
26 29 1892
26 33 4591
26 47 217
27 63 5978
27 12 6057
27 6 1343
27 22 2404
27 60 943
27 72 827
27 71 6240
27 24 902
27 25 5737
27 10 2190
27 26 3598
27 67 997
27 39 2356
27 43 108
27 70 2833
27 66 3352
27 55 4651
27 37 2977
27 20 73
27 18 2796
27 19 3282
27 17 29
27 44 41
27 29 3650
27 2 2918
27 33 4246
27 34 1344
27 57 4373
27 50 5763
27 75 4183
27 14 5962
27 13 42
27 4 4636
27 47 2470
27 54 2846
27 11 2329
27 30 3677
27 52 2975
27 45 2273
27 5 4018
27 53 4234
27 32 2221
27 65 3152
27 74 266
27 28 555
27 68 626
27 7 4175
27 35 4460
27 64 3522
27 46 4252
27 49 884
27 21 1964
27 73 357
27 61 1058
27 51 1251
27 3 4491
27 40 5810
27 56 164
27 62 869
27 41 5156
27 38 4004
28 46 2147
28 6 3341
28 13 1432
28 73 2181
28 9 2139
28 30 201
28 32 567
28 68 3908
28 31 5286
28 34 4644
28 59 1430
28 38 4943
28 71 608
28 29 3068
28 10 1552
28 45 1354
28 67 975
28 42 696
28 50 6018
28 12 5875
28 17 802
28 4 1922
28 33 1912
28 52 5594
28 63 2183
28 74 1146
28 35 161
28 47 6199
28 61 5850
28 69 3249
28 43 1356
28 25 2104
28 15 5567
28 40 5874
28 18 2424
28 54 2383
28 27 2307
28 39 2594
28 75 1238
28 55 4186
28 64 2229
28 70 2040
28 5 2288
28 44 6184
28 53 1782
28 26 880
28 19 5274
28 7 3288
29 7 5905
29 54 5824
29 58 3724
29 62 327
29 75 1814
29 20 2445
29 23 634
29 5 3877
29 31 3483
29 8 3741
29 26 4526
29 13 5918
29 11 5354
29 69 5242
29 33 5939
29 73 291
29 56 6127
29 52 5693
29 49 932
29 67 6109
29 1 656
29 64 3427
29 25 2008
29 17 2033
29 74 335
29 60 3059
29 65 4665
29 30 4032
29 44 2111
29 71 4304
29 3 4084
29 4 1584
29 46 2954
29 43 1525
29 40 3947
29 34 4330
29 39 3965
29 37 5990
29 22 89
29 9 5717
29 36 3840
29 66 5933
29 28 4175
29 51 2290
29 48 5582
29 59 2097
29 35 1545
29 2 803
29 70 5679
29 12 2798
29 45 902
29 55 4918
29 32 5035
29 16 6114
30 3 2370
30 17 3636
30 18 4734
30 35 912
30 25 899
30 1 2280
30 34 3238
30 24 4453
30 10 2584
30 32 4315
30 50 4616
30 21 6228
30 56 116
30 19 2836
30 54 156
30 29 2260
30 5 5396
30 37 5605
30 27 5295
30 74 2726
30 39 4686
30 8 4569
30 45 3004
30 40 3468
30 31 6241
30 62 4529
30 49 3438
30 23 6
30 20 6115
30 52 382
30 6 2852
30 11 5733
30 72 5861
30 4 4245
30 51 2318
30 53 2543
30 16 1063
30 59 515
30 12 129
30 26 249
30 41 5106
30 36 3071
30 70 5041
30 33 1194
30 28 3114
30 68 4170
30 73 1139
30 22 4817
30 38 504
30 55 5865
30 64 1326
30 46 2728
30 66 2274
30 57 4440
30 71 1993
30 7 5375
30 60 1099
30 65 2532
30 42 4583
30 61 2038
30 63 4204
31 20 1288
31 54 2094
31 32 780
31 61 2347
31 39 2023
31 16 5956
31 19 3696
31 45 3261
31 27 5062
31 62 1712
31 75 4506
31 46 2333
31 71 2298
31 30 5072
31 22 5758
31 72 5314
31 9 1468
31 67 4633
31 11 4092
31 24 381
31 18 1142
31 47 2634
31 38 788
31 74 1536
31 17 1055
31 33 384
31 14 5432
31 26 715
31 10 4987
31 49 3342
31 34 2450
31 36 2067
31 63 955
31 28 474
31 1 5648
31 41 5655
31 12 6164
31 4 2480
31 53 2497
31 44 1985
31 15 3179
31 8 6209
31 59 2095
31 23 2395
31 3 6157
31 43 3698
31 2 3369
31 55 2374
31 25 5093
31 50 2390
31 64 2525
31 5 3383
31 21 3504
31 42 1601
31 37 1537
32 53 4668
32 63 4670
32 36 1526
32 67 2947
32 2 3929
32 62 5537
32 45 2040
32 69 6165
32 24 5620
32 51 877
32 41 424
32 14 6260
32 38 1138
32 4 4523
32 71 4331
32 16 1466
32 46 1075
32 29 5622
32 28 3617
32 39 1849
32 59 1624
32 55 6041
32 30 782
32 13 600
32 58 4786
32 26 2986
32 56 1585
32 17 2977
32 27 1338
32 9 3471
32 72 1823
32 34 1955
32 25 5288
32 54 717
32 43 1694
32 50 4687
32 44 4647
32 61 201
32 49 2691
32 35 1583
32 57 362
32 12 5795
32 75 4938
32 48 3259
32 70 2943
32 7 5300
32 18 4606
32 11 4904
32 37 5562
32 15 3950
32 66 4547
32 42 2783
32 60 303
33 25 1989
33 51 3891
33 74 2170
33 62 5520
33 23 829
33 30 4139
33 3 5355
33 4 982
33 48 4319
33 50 2029
33 27 803
33 11 4093
33 55 5928
33 1 2783
33 45 3058
33 64 5777
33 13 1229
33 58 5614
33 2 3282
33 16 1807
33 20 835
33 21 4644
33 57 818
33 17 5031
33 66 911
33 42 44
33 8 5500
33 38 1529
33 35 2760
33 44 651
33 32 1757
33 53 2374
33 6 4500
33 28 3927
33 54 5269
33 65 4382
33 29 1656
33 56 854
33 37 4768
33 22 2114
33 49 2773
33 12 318
33 52 4932
33 19 2081
33 10 1333
33 73 4028
33 40 1605
33 75 4258
33 7 2695
33 70 4605
33 71 4281
33 47 3910
33 43 879
33 69 4965
33 68 5781
34 16 1252
34 25 2565
34 26 1736
34 68 4661
34 8 3720
34 22 3757
34 2 5182
34 39 1146
34 18 429
34 52 4470
34 53 221
34 67 5978
34 60 1635
34 6 5838
34 36 1371
34 58 6064
34 47 2437
34 72 535
34 59 4475
34 63 4158
34 27 5840
34 23 3809
34 17 4123
34 3 417
34 44 4481
34 57 3570
34 20 4176
34 46 4139
34 37 488
34 15 2463
34 19 278
34 55 5370
34 56 1448
34 75 3263
34 29 6178
34 40 2465
34 13 1219
34 64 5020
34 12 1056
34 42 1789
34 50 3979
34 5 1239
34 41 5097
34 35 2902
34 74 2167
34 21 3414
34 43 5738
34 32 6006
34 62 266
34 24 1293
34 11 668
34 70 5404
34 73 4056
34 48 4731
34 66 2322
34 69 330
35 5 3401
35 65 2116
35 28 4877
35 42 1933
35 23 276
35 72 3538
35 18 423
35 13 3764
35 74 3295
35 75 4136
35 73 2322
35 50 454
35 11 3312
35 58 5488
35 24 3821
35 61 4610
35 48 4900
35 56 464
35 30 693
35 14 4058
35 9 4345
35 16 2924
35 53 5370
35 32 1009
35 41 4934
35 47 4339
35 60 302
35 57 5863
35 68 2257
35 19 3516
35 52 6010
35 34 375
35 4 732
35 7 5627
35 71 2467
35 12 5806
35 49 3043
35 46 1577
35 20 5496
35 2 4127
35 26 82
35 70 597
35 38 2721
35 25 4355
35 33 5272
35 55 6049
35 43 5225
35 3 5788
35 37 4511
35 69 4504
35 64 366
35 66 2447
35 39 4089
35 67 1836
35 40 4722
35 22 3611
35 8 4652
35 54 5807
35 15 5646
36 15 5956
36 53 986
36 63 890
36 35 3296
36 74 3996
36 61 3580
36 11 3661
36 44 3673
36 22 1908
36 75 3103
36 27 4516
36 49 2996
36 50 3216
36 20 1713
36 43 3557
36 39 2515
36 5 845
36 73 1374
36 40 2308
36 1 535
36 6 2775
36 72 907
36 30 5948
36 64 5864
36 32 2353
36 41 4123
36 70 3317
36 57 3730
36 71 2604
36 58 1131
36 66 524
36 23 3694
36 12 2299
36 59 6186
36 68 4663
36 69 5694
36 14 1001
36 3 501
36 38 3818
36 46 3058
36 18 1327
36 52 4843
36 2 3897
36 16 5946
36 47 5383
36 65 1685
36 28 2070
36 8 3587
36 48 4204
36 33 1504
36 51 3532
36 10 165
36 62 1271
36 13 2335
36 67 1231
36 19 5189
36 60 5041
36 24 4327
36 42 4686
36 21 1114
37 17 6287
37 21 2682
37 66 4522
37 70 2287
37 43 192
37 38 146
37 3 2985
37 62 682
37 68 5740
37 24 6028
37 11 583
37 75 3480
37 10 1129
37 32 4276
37 73 5633
37 72 2145
37 6 4913
37 35 2364
37 74 6292
37 30 6133
37 16 3582
37 27 2640
37 42 1857
37 1 433
37 67 3000
37 8 4990
37 45 5339
37 55 4665
37 26 6003
37 12 2842
37 50 5256
37 39 2037
37 52 5119
37 40 5307
37 46 292
37 7 664
37 14 1314
37 48 2028
37 65 4650
37 28 1244
37 41 3599
37 2 1340
37 58 2538
37 60 2188
37 9 4874
37 56 3184
37 54 4554
37 13 1568
37 36 3716
37 15 5926
37 64 663
37 49 779
37 34 3449
37 4 5463
37 18 88
37 71 1069
37 69 5637
37 31 318
37 19 2887
38 69 28
38 4 1989
38 45 6170
38 13 3758
38 65 1719
38 57 419
38 35 5778
38 2 4095
38 25 3681
38 3 1844
38 71 1004
38 17 4101
38 54 3420
38 11 5131
38 49 1176
38 73 1610
38 33 1920
38 72 470
38 10 3839
38 42 1089
38 66 3960
38 75 3521
38 55 3542
38 20 1108
38 43 1008
38 41 5434
38 15 5370
38 14 267
38 29 1002
38 26 2931
38 59 5126
38 28 5797
38 1 335
38 58 3441
38 32 24
38 31 182
38 63 1754
38 27 1012
38 46 1586
38 22 6016
38 30 2208
38 52 4669
38 64 4589
38 74 3806
38 12 4256
38 16 3848
38 21 251
38 5 5977
38 48 5630
38 34 2371
38 8 5999
38 36 5530
38 18 4590
38 62 3862
38 24 4502
38 9 4113
38 60 4628
39 46 3086
39 74 4946
39 66 5983
39 61 5402
39 45 3804
39 28 2576
39 26 2592
39 29 4344
39 27 638
39 65 900
39 52 6151
39 14 1552
39 37 4723
39 3 4536
39 71 3118
39 47 1939
39 4 1463
39 30 1879
39 64 2891
39 2 2660
39 40 3068
39 10 1462
39 62 2527
39 17 6299
39 18 6094
39 31 2295
39 35 4364
39 12 6112
39 67 3999
39 20 5467
39 42 5232
39 19 5174
39 41 4389
39 70 5306
39 32 5812
39 60 1801
39 44 2858
39 63 2232
39 36 4828
39 68 5831
39 22 5849
39 49 4088
39 73 5731
39 7 1199
39 16 5726
39 57 1747
39 6 5960
39 15 5376
39 21 906
39 33 3955
39 72 5245
39 8 5783
39 54 5034
39 13 2356
39 59 3703
39 23 4411
39 58 5497
39 1 4178
40 55 6299
40 2 2817
40 14 524
40 50 5573
40 23 1501
40 29 52
40 24 3989
40 43 3326
40 61 4324
40 8 5794
40 74 1433
40 13 2976
40 36 3202
40 35 4405
40 25 5248
40 30 5662
40 15 2974
40 53 218
40 9 4540
40 26 2236
40 34 6143
40 41 1839
40 17 2851
40 5 3376
40 75 2528
40 39 4756
40 32 4503
40 65 4095
40 62 1850
40 73 4742
40 33 3611
40 10 1503
40 70 1495
40 56 3266
40 4 3464
40 22 5940
40 18 1465
40 45 888
40 68 3460
40 52 4502
40 6 1142
40 69 5563
40 47 4247
40 31 5132
40 72 5793
40 71 2806
40 3 2555
40 51 5508
40 54 2157
40 44 6094
40 38 3731
40 19 1031
40 37 372
40 58 5422
40 27 5344
40 21 6079
40 63 2040
40 12 2680
40 49 5989
40 1 1051
41 29 5277
41 68 711
41 40 5212
41 66 1935
41 9 6064
41 27 3822
41 20 239
41 60 1521
41 48 2931
41 14 337
41 13 2766
41 65 2591
41 46 1461
41 5 441
41 7 574
41 26 2650
41 39 5974
41 24 1800
41 45 2210
41 11 1791
41 35 3662
41 62 3642
41 75 2873
41 53 537
41 43 857
41 23 1088
41 1 4351
41 2 894
41 67 3332
41 21 5551
41 34 2192
41 18 284
41 16 4749
41 57 4
41 37 4309
41 54 2155
41 63 5180
41 44 2881
41 64 393
41 47 4004
41 17 6098
41 52 770
41 25 612
41 58 3860
41 70 1832
41 32 4282
41 33 4483
41 30 2069
41 59 4309
41 61 6214
41 4 2208
41 74 4776
41 50 264
41 36 5730
41 72 3586
41 8 1364
41 22 2043
41 55 2571
41 56 4211
42 35 608
42 75 5913
42 43 1128
42 63 5341
42 65 6098
42 12 787
42 49 4729
42 29 5494
42 71 3623
42 24 2741
42 67 2486
42 59 4378
42 16 817
42 15 725
42 73 178
42 32 5173
42 66 853
42 33 3088
42 13 3744
42 47 3581
42 55 193
42 21 1905
42 18 2018
42 22 3247
42 53 1098
42 28 5987
42 14 6089
42 9 5732
42 34 1461
42 70 1065
42 8 2746
42 4 5540
42 62 6098
42 52 4594
42 68 4822
42 58 1618
42 60 3470
42 50 6140
42 46 4927
42 74 3141
42 64 2880
42 2 3597
42 7 2124
42 45 5197
42 27 4409
42 39 5911
42 31 180
42 11 427
42 54 2206
42 19 3815
42 3 2766
42 17 5875
42 37 5873
43 65 4760
43 62 496
43 33 1030
43 46 4558
43 37 4407
43 35 4749
43 23 1483
43 53 2257
43 6 1319
43 10 5246
43 14 4147
43 63 4809
43 44 2560
43 21 754
43 11 6063
43 42 1613
43 41 1333
43 25 571
43 70 1270
43 56 299
43 57 5138
43 69 3034
43 15 1858
43 26 4527
43 20 2158
43 19 1429
43 22 4630
43 48 4623
43 27 1822
43 55 1575
43 31 851
43 39 3310
43 29 4321
43 18 3469
43 36 4973
43 59 4774
43 60 4752
43 24 1595
43 67 3681
43 16 1405
43 51 4614
43 47 184
43 30 5850
43 50 2626
43 9 4462
43 3 947
43 45 2884
43 40 466
43 61 1407
43 75 257
43 12 4776
43 13 3533
43 2 843
43 17 909
43 54 2497
43 71 6265
43 68 1354
43 1 1596
43 34 5212
43 49 115
43 38 3697
43 66 741
43 5 5402
43 28 4464
43 72 729
44 53 312
44 6 6146
44 59 3625
44 15 683
44 46 5413
44 60 5027
44 54 5529
44 28 482
44 65 3113
44 39 3540
44 13 4310
44 47 2629
44 27 5344
44 17 6158
44 68 1598
44 51 4960
44 38 5331
44 40 4991
44 69 4748
44 72 971
44 55 4332
44 37 1222
44 70 6044
44 71 3729
44 30 4123
44 35 603
44 4 3395
44 64 456
44 52 2401
44 48 2573
44 50 1761
44 3 2539
44 1 4542
44 57 2648
44 12 3564
44 16 3867
44 32 1751
44 73 1931
44 75 2144
44 8 4611
44 66 676
44 41 1836
44 61 1485
44 20 3916
44 31 6022
44 7 2064
44 63 5687
44 25 4229
44 45 4137
44 23 4091
44 74 1160
44 11 172
44 10 3892
44 26 4206
45 64 3073
45 3 2633
45 27 2678
45 7 4834
45 43 4874
45 24 5221
45 35 3803
45 70 917
45 56 5467
45 62 3465
45 51 4954
45 57 883
45 46 1792
45 9 4635
45 42 2778
45 54 1965
45 21 1925
45 40 1920
45 73 2892
45 47 5282
45 67 943
45 14 3574
45 37 4798
45 32 1065
45 66 2778
45 4 5815
45 11 2008
45 29 3237
45 39 441
45 34 5116
45 19 825
45 10 3427
45 72 2398
45 44 2290
45 33 567
45 52 4601
45 25 3406
45 5 10
45 12 549
45 68 4797
45 50 4582
45 65 369
45 49 3419
45 1 1933
45 8 2045
45 18 4574
45 59 5661
45 2 1420
45 61 4589
45 16 767
45 58 5779
45 20 1716
45 41 917
45 15 5366
45 48 3365
45 74 3880
45 28 4070
45 23 899
45 6 1537
45 26 3466
45 60 4053
45 22 3587
46 8 3694
46 32 3992
46 22 5308
46 55 3795
46 64 5820
46 61 4078
46 75 515
46 74 5663
46 31 1955
46 6 1734
46 40 4236
46 21 813
46 16 2463
46 19 2836
46 13 3998
46 29 2620
46 30 1662
46 37 1339
46 43 5909
46 70 4028
46 4 1111
46 28 227
46 49 1562
46 47 4971
46 24 217
46 15 120
46 68 1057
46 9 1089
46 60 455
46 14 4628
46 63 4279
46 42 2093
46 5 6031
46 58 26
46 7 1215
46 48 549
46 44 3282
46 69 5916
46 35 4748
46 27 2683
46 45 3464
46 11 5004
46 10 5172
46 12 3285
46 17 4894
46 73 1244
46 57 5475
46 20 2080
46 38 5693
46 36 3428
46 39 576
46 62 5547
46 23 834
46 56 4637
46 65 5907
46 52 1788
47 68 415
47 29 4282
47 69 6019
47 55 5117
47 65 870
47 54 3792
47 22 1491
47 73 2993
47 14 5742
47 9 5403
47 60 724
47 15 1282
47 5 36
47 21 125
47 28 139
47 35 4424
47 46 2222
47 52 4817
47 38 2273
47 43 3864
47 40 4819
47 71 1934
47 10 3441
47 57 2411
47 20 6192
47 27 4499
47 64 5318
47 11 1960
47 26 5897
47 32 5115
47 13 3587
47 37 4587
47 75 5305
47 1 370
47 56 1428
47 6 2435
47 3 1607
47 36 4024
47 7 3856
47 25 2979
47 63 3074
47 34 2715
47 50 4287
47 39 3370
47 16 3060
47 53 1392
47 42 2719
47 44 480
47 33 3271
47 48 5278
47 62 4057
47 59 2492
47 67 2291
47 18 3619
47 58 705
47 12 5415
48 61 2579
48 18 4222
48 29 250
48 69 5416
48 26 498
48 43 833
48 68 2705
48 28 6292
48 66 1435
48 13 1089
48 27 3656
48 17 6128
48 20 1547
48 8 3966
48 51 788
48 35 3237
48 36 6128
48 30 1152
48 44 2128
48 45 3918
48 34 5957
48 71 3266
48 72 4602
48 3 4128
48 41 3102
48 63 2050
48 56 5554
48 38 51
48 50 5094
48 39 185
48 25 4948
48 9 4539
48 53 5325
48 52 2232
48 22 1702
48 60 5753
48 37 3678
48 58 1904
48 49 5267
48 21 381
48 74 5050
48 19 3641
48 59 4688
48 55 3453
48 75 6284
48 6 5038
48 64 2451
48 70 1395
48 65 2351
49 23 4587
49 61 4192
49 54 4947
49 9 1494
49 44 4919
49 51 3525
49 19 3244
49 42 5135
49 60 6127
49 40 2987
49 36 5587
49 68 3199
49 70 5529
49 62 355
49 7 364
49 53 2374
49 41 1793
49 3 3694
49 25 497
49 32 1192
49 64 2146
49 74 4650
49 45 6171
49 6 5665
49 17 3313
49 73 3427
49 33 509
49 48 3921
49 56 2895
49 59 4876
49 46 4142
49 21 4712
49 20 2915
49 71 4109
49 75 451
49 43 438
49 10 633
49 1 2265
49 24 6210
49 63 2568
49 28 3569
49 29 4185
49 5 3111
49 52 3654
49 65 2900
49 4 6176
49 66 2902
49 30 395
49 15 2146
49 58 1048
49 18 996
49 16 607
49 38 3505
49 22 5373
49 37 5044
49 8 1691
49 31 4506
50 29 4324
50 26 606
50 36 3780
50 55 1080
50 73 1146
50 49 1089
50 2 6239
50 14 1801
50 54 1461
50 65 4527
50 46 3717
50 12 1165
50 15 846
50 20 511
50 63 5277
50 27 3445
50 61 5387
50 8 4648
50 6 5121
50 38 4883
50 40 400
50 13 5506
50 1 4653
50 57 1407
50 3 4449
50 16 4536
50 19 1489
50 42 759
50 9 1224
50 17 3420
50 69 1615
50 21 4583
50 7 5803
50 22 722
50 60 5963
50 34 4830
50 5 957
50 37 6174
50 18 2552
50 11 1577
50 10 2399
50 41 4621
50 59 2562
50 30 863
50 62 2745
50 66 5480
50 43 3816
50 68 3923
50 64 320
50 74 229
50 70 5331
50 23 5639
50 32 1350
50 4 1648
50 56 1612
50 71 4627
50 35 3184
50 72 2408
51 22 4366
51 47 4075
51 32 142
51 52 2188
51 33 1201
51 9 5315
51 57 3735
51 13 3452
51 25 4069
51 65 334
51 44 5574
51 67 1469
51 3 2393
51 55 251
51 71 3268
51 74 4027
51 4 973
51 8 892
51 17 1725
51 16 1471
51 53 689
51 15 2446
51 58 4839
51 37 1075
51 62 3492
51 49 2771
51 54 3287
51 31 685
51 64 2836
51 41 1275
51 19 3436
51 48 1069
51 20 5537
51 70 561
51 60 3766
51 34 3651
51 59 4265
51 63 1877
51 36 2774
51 14 1646
51 69 6186
51 72 3507
51 46 3891
51 27 3524
51 56 5313
51 23 3233
51 6 3036
51 73 3518
51 7 2489
52 71 1767
52 13 514
52 24 4363
52 36 1625
52 15 4190
52 53 2642
52 12 2363
52 26 3643
52 33 3367
52 19 1454
52 48 5330
52 44 3818
52 64 5277
52 45 851
52 43 25
52 10 1249
52 41 5406
52 9 1522
52 34 5764
52 62 5179
52 5 3350
52 22 5455
52 7 3084
52 69 3246
52 20 2197
52 25 3283
52 55 1810
52 65 1862
52 17 5693
52 4 5522
52 30 819
52 59 2435
52 21 915
52 61 3027
52 73 5513
52 37 4421
52 49 1770
52 42 131
52 74 2696
52 18 4338
52 14 2149
52 6 4466
52 50 1639
52 16 858
52 46 3564
52 2 5090
52 57 4068
52 56 3501
52 1 4250
52 70 5865
52 23 2834
52 66 2954
52 54 647
52 27 1378
52 51 5353
52 60 3850
52 32 2772
53 58 4017
53 24 533
53 2 5197
53 61 6243
53 56 151
53 46 5053
53 51 3764
53 40 2304
53 20 1468
53 63 4525
53 27 6173
53 31 4624
53 55 549
53 75 5553
53 5 2912
53 1 814
53 44 3912
53 21 5230
53 9 5442
53 60 844
53 67 313
53 16 347
53 71 3379
53 19 5564
53 15 6127
53 42 5481
53 6 112
53 48 6229
53 35 1641
53 70 181
53 73 4488
53 49 1369
53 34 1124
53 26 642
53 41 1638
53 28 4703
53 74 4709
53 59 1802
53 18 4923
53 43 1302
53 10 1797
53 23 1468
53 50 2831
53 57 2448
53 14 5891
53 29 5823
53 39 4048
53 11 2612
53 25 3995
53 17 3617
53 3 2580
53 47 5658
53 62 4246
53 69 451
53 38 1677
53 54 142
53 4 4653
53 8 1425
53 7 5458
54 73 2789
54 30 287
54 38 1680
54 13 5414
54 28 44
54 75 3454
54 31 5577
54 62 2216
54 69 1415
54 45 4988
54 49 3424
54 42 4603
54 10 5696
54 24 2396
54 61 1351
54 60 2718
54 14 3758
54 18 5755
54 29 1712
54 8 2901
54 67 3907
54 1 3870
54 33 5483
54 26 95
54 74 5467
54 5 2650
54 23 2049
54 41 3793
54 43 922
54 36 5154
54 71 4986
54 25 5485
54 22 306
54 7 1532
54 4 5475
54 19 4933
54 9 1585
54 40 4815
54 2 1351
54 32 3920
54 34 3863
54 17 6004
54 16 3293
54 57 2660
54 35 1555
54 52 1784
54 64 345
54 11 1114
54 21 862
54 53 5283
54 59 4767
54 51 1207
54 58 2489
54 56 4583
54 44 2659
54 72 3956
54 15 4360
54 47 279
54 6 1170
54 46 3181
55 65 1822
55 51 3417
55 60 3371
55 22 6123
55 39 5497
55 63 1038
55 21 682
55 74 2424
55 27 4670
55 19 1442
55 5 728
55 30 4914
55 14 3748
55 49 5077
55 52 2492
55 28 3089
55 72 770
55 24 3718
55 18 4786
55 71 5552
55 1 4584
55 2 4329
55 64 1763
55 20 2499
55 34 4638
55 70 2733
55 44 5184
55 25 6094
55 36 832
55 29 110
55 68 3823
55 17 4965
55 45 6037
55 43 4827
55 4 1092
55 38 175
55 48 6054
55 23 4272
55 6 4404
55 31 3427
55 67 3116
55 57 2101
55 11 4198
55 50 6145
55 32 1962
55 16 726
55 9 3184
55 58 1362
55 26 873
55 13 1688
55 15 2897
55 59 4342
55 8 2585
55 42 4113
55 3 3461
55 7 5691
55 46 3729
55 37 3755
56 50 4296
56 53 2356
56 64 3885
56 26 394
56 43 910
56 24 5796
56 55 4856
56 23 394
56 63 3246
56 36 5194
56 8 2524
56 62 1781
56 49 5758
56 57 2159
56 41 3672
56 11 3155
56 47 2275
56 9 1567
56 35 5598
56 30 730
56 61 768
56 27 4697
56 54 3931
56 31 3798
56 58 765
56 13 2813
56 39 3121
56 4 4221
56 48 6088
56 32 4878
56 6 4532
56 68 4805
56 14 4090
56 22 290
56 21 57
56 28 3638
56 40 677
56 51 1579
56 67 4596
56 45 730
56 16 679
56 12 5434
56 46 6003
56 25 2597
56 2 3909
56 71 3898
56 75 1655
56 17 1734
56 34 1924
56 7 241
56 5 2943
56 52 2553
56 72 3404
56 3 800
56 42 1117
56 73 2586
56 38 2395
56 70 1273
57 43 4056
57 16 3752
57 54 2556
57 34 5247
57 41 2340
57 28 3869
57 7 444
57 12 554
57 61 5572
57 9 5217
57 30 5483
57 62 4293
57 21 5623
57 35 4748
57 1 4344
57 55 5931
57 49 4934
57 50 2138
57 37 2402
57 48 5281
57 20 4986
57 68 4202
57 44 4319
57 60 2433
57 69 2124
57 45 3993
57 67 2974
57 11 2604
57 42 580
57 64 4927
57 31 1341
57 59 5760
57 25 4097
57 74 1156
57 10 6116
57 53 1223
57 65 2645
57 58 1639
57 27 2354
57 13 4690
57 38 3794
57 17 5324
57 66 3502
57 3 1071
57 33 5186
57 26 6102
57 52 6008
57 75 4698
57 22 1964
57 5 4324
57 63 2336
57 24 5023
57 19 3069
57 72 5659
57 18 2991
57 32 3056
57 15 5729
57 23 375
57 73 4209
58 60 3775
58 28 1612
58 41 279
58 42 4427
58 30 4911
58 46 1605
58 74 706
58 38 4066
58 54 5913
58 65 6112
58 27 4396
58 26 163
58 64 1700
58 8 4691
58 39 2708
58 29 2485
58 4 667
58 5 1891
58 68 3735
58 50 2945
58 11 6294
58 57 5814
58 12 4561
58 62 2092
58 70 1263
58 19 2611
58 13 737
58 3 5831
58 2 6080
58 1 2693
58 24 4184
58 35 6184
58 15 1690
58 25 1886
58 73 2292
58 33 42
58 66 5148
58 9 4134
58 20 5334
58 7 3575
58 21 679
58 49 5508
58 72 3876
58 18 4742
58 40 1065
58 43 4509
58 36 600
58 61 385
58 71 3050
58 6 2076
58 14 878
58 53 3696
59 13 6073
59 28 2844
59 26 5560
59 47 3298
59 42 4471
59 33 3045
59 44 5197
59 4 5909
59 7 1245
59 23 954
59 37 3520
59 6 2934
59 60 5318
59 50 4268
59 38 5276
59 72 859
59 14 755
59 56 5020
59 45 49
59 57 1465
59 1 422
59 46 4858
59 24 1803
59 19 2398
59 61 104
59 58 3596
59 22 5404
59 11 1450
59 18 1917
59 5 4062
59 3 647
59 39 5982
59 25 4336
59 62 1496
59 43 1417
59 54 5829
59 65 3462
59 73 3758
59 27 4839
59 67 1992
59 2 2927
59 70 2014
59 41 3959
59 15 4957
59 10 2533
59 48 3508
59 51 4367
59 17 2306
59 66 2480
59 40 4569
59 71 598
59 69 45
59 20 5764
59 29 658
59 52 4011
59 34 3632
59 74 4794
59 53 3054
60 48 5400
60 38 5021
60 8 2425
60 46 5225
60 57 2101
60 32 1144
60 30 3583
60 63 3222
60 49 3063
60 21 2527
60 33 4855
60 47 4258
60 74 26
60 71 3099
60 35 2569
60 9 5579
60 43 1049
60 42 481
60 24 4140
60 65 282
60 27 2067
60 40 3942
60 45 1937
60 1 5423
60 34 4075
60 55 2498
60 5 2086
60 10 708
60 70 1482
60 12 2003
60 56 2698
60 25 2556
60 53 5888
60 22 693
60 67 2205
60 68 3367
60 4 1968
60 50 4457
60 7 5384
60 16 2013
60 59 499
60 28 5211
60 62 2239
60 37 5317
60 26 4322
60 41 3879
60 31 5058
60 15 1872
60 72 2552
60 69 2217
60 54 3475
60 51 3749
60 17 2206
60 6 3126
61 28 1181
61 13 307
61 39 673
61 34 2310
61 64 5358
61 62 3894
61 37 2220
61 35 4741
61 15 3540
61 11 352
61 53 2503
61 50 669
61 42 4084
61 2 2732
61 43 5256
61 65 2418
61 23 3367
61 48 3432
61 12 929
61 66 4657
61 63 5739
61 71 2682
61 33 5806
61 3 2296
61 5 5754
61 74 4411
61 72 405
61 44 340
61 57 3434
61 40 4652
61 52 2476
61 55 312
61 1 3243
61 10 1088
61 73 2658
61 69 6229
61 75 2867
61 41 906
61 47 2806
61 16 482
61 70 6007
61 60 5890
61 26 1971
61 68 1958
61 4 2873
61 20 620
61 58 2873
61 38 5708
61 45 4066
61 24 5822
61 22 1721
61 49 3722
61 19 5464
61 46 746
62 42 1418
62 49 1847
62 16 97
62 59 1555
62 69 1576
62 22 2924
62 46 2374
62 68 1613
62 57 4009
62 43 570
62 58 682
62 4 896
62 51 3482
62 21 1636
62 54 4114
62 50 2170
62 53 5308
62 14 4634
62 37 5275
62 20 4526
62 7 3906
62 41 6053
62 12 5206
62 52 4861
62 74 5434
62 2 2892
62 44 1413
62 70 5372
62 40 5078
62 26 1122
62 36 5808
62 55 1206
62 6 169
62 19 4939
62 1 2494
62 32 2993
62 3 3306
62 35 4511
62 29 5156
62 30 3401
62 27 5163
62 23 5574
62 24 5468
62 64 5769
62 31 3259
62 39 3109
62 47 2143
62 66 2180
62 45 3890
62 15 474
62 71 4427
62 56 1522
62 61 3209
63 66 3456
63 42 3563
63 7 4987
63 40 843
63 13 4239
63 12 153
63 11 5746
63 54 738
63 44 1417
63 18 529
63 48 1909
63 6 4542
63 21 2599
63 9 381
63 37 980
63 59 1599
63 17 3099
63 30 1131
63 28 2373
63 23 3409
63 27 4642
63 41 5007
63 2 3765
63 22 65
63 70 1617
63 45 1463
63 51 467
63 43 2492
63 29 3031
63 53 4266
63 8 3528
63 58 980
63 19 3670
63 49 4508
63 55 2003
63 10 2884
63 68 1084
63 1 2182
63 34 4886
63 14 5817
63 38 933
63 65 3029
63 16 2725
63 24 2504
63 75 3832
63 47 4068
63 60 5941
63 15 4594
63 64 2329
63 26 5388
63 61 5640
63 31 2243
63 52 1473
63 3 1389
63 73 4501
63 32 927
64 70 5853
64 12 4096
64 75 1361
64 2 2247
64 57 2027
64 51 4172
64 37 2146
64 13 2444
64 50 38
64 5 2103
64 15 2447
64 16 3435
64 65 3331
64 45 2038
64 31 403
64 27 4026
64 28 5792
64 23 1850
64 60 2621
64 40 2845
64 32 929
64 47 879
64 46 1343
64 4 3565
64 73 5910
64 18 4469
64 8 551
64 62 4009
64 39 1316
64 36 1051
64 48 3732
64 54 1797
64 33 5455
64 26 1689
64 38 4836
64 66 3005
64 68 5970
64 14 2850
64 61 241
64 74 5779
64 43 1339
64 42 1834
64 34 3653
64 55 2751
64 63 4204
64 20 1236
64 72 5016
64 25 3995
64 49 4589
64 67 175
64 22 1421
64 19 3014
64 59 5157
64 21 1221
64 24 5564
64 7 713
64 3 5631
64 9 368
64 17 4656
64 69 427
64 52 3274
65 30 4968
65 27 4365
65 39 3818
65 28 2212
65 69 222
65 31 494
65 45 5821
65 59 4532
65 19 4124
65 61 1299
65 17 1684
65 60 1279
65 47 2409
65 21 5374
65 16 5905
65 73 811
65 49 5529
65 54 2359
65 13 659
65 57 3228
65 3 2213
65 66 4672
65 35 2977
65 58 5560
65 20 4721
65 6 6180
65 15 3132
65 32 1174
65 55 6268
65 23 5851
65 43 4001
65 1 2794
65 26 187
65 22 2898
65 7 4526
65 71 1895
65 62 2393
65 12 5688
65 29 211
65 67 2136
65 44 5813
65 72 1905
65 9 3465
65 46 3299
65 24 2535
65 48 1495
65 63 873
65 14 397
65 37 685
65 36 1239
65 56 3663
65 74 5679
65 40 219
65 8 102
65 68 1486
65 11 5549
65 18 6091
65 52 6007
65 50 4679
66 43 5952
66 61 457
66 67 3654
66 35 4889
66 54 1363
66 56 944
66 32 1080
66 60 4474
66 15 5285
66 58 1252
66 40 4915
66 25 2512
66 13 2938
66 51 4732
66 4 1468
66 46 6298
66 45 5827
66 39 4241
66 48 2585
66 64 4650
66 41 2218
66 52 5051
66 16 2246
66 49 3354
66 68 4679
66 50 147
66 42 6175
66 33 5190
66 22 3275
66 44 39
66 14 2424
66 5 106
66 63 1414
66 8 1410
66 55 5919
66 30 3841
66 75 1305
66 65 4080
66 29 3326
66 24 3963
66 59 3084
66 17 648
66 28 494
66 19 3657
66 2 1670
66 23 5910
66 72 2086
66 11 5562
66 10 2459
66 53 3909
66 21 1024
66 20 2279
66 69 1454
66 74 5386
66 26 1245
66 57 2031
66 27 2719
66 37 2774
66 71 5045
66 34 1750
66 18 6176
66 7 4536
67 8 1484
67 9 5808
67 34 3767
67 4 6052
67 33 4415
67 69 5145
67 72 6253
67 41 5225
67 31 3616
67 68 3594
67 56 5028
67 29 2799
67 39 584
67 12 3853
67 26 5277
67 44 752
67 49 1986
67 54 984
67 57 5265
67 38 956
67 55 102
67 37 4233
67 11 5344
67 35 5114
67 1 1458
67 16 1382
67 50 700
67 7 1404
67 25 4680
67 42 4611
67 74 71
67 24 6235
67 64 3130
67 45 6087
67 62 2851
67 6 2995
67 19 6122
67 21 3803
67 73 386
67 52 1969
67 17 1562
67 2 5474
67 23 4161
67 46 1834
67 3 5746
67 36 1888
67 63 4426
67 13 1382
67 43 4922
67 10 2483
67 53 1240
67 18 5143
67 48 6192
67 47 1534
68 8 865
68 51 2763
68 45 1963
68 53 704
68 40 4507
68 15 4714
68 18 4910
68 67 4085
68 58 3675
68 17 317
68 12 4796
68 42 4917
68 73 4968
68 24 827
68 13 3997
68 55 2651
68 30 5074
68 54 5055
68 71 2624
68 20 2874
68 34 1782
68 4 532
68 61 2873
68 62 3183
68 74 2767
68 11 2970
68 25 4461
68 47 5160
68 16 1898
68 33 3325
68 36 4403
68 63 1308
68 23 1256
68 37 2145
68 48 4263
68 6 4547
68 2 2688
68 5 2446
68 3 955
68 21 938
68 26 2153
68 43 4213
68 39 1501
68 41 6012
68 64 2661
68 10 582
68 65 776
68 22 202
68 52 3020
68 50 6117
68 46 5172
68 14 5026
68 59 4693
68 31 4995
69 16 1417
69 12 1290
69 21 4621
69 6 1144
69 35 2444
69 5 2197
69 7 5443
69 8 2839
69 75 5799
69 50 685
69 34 802
69 73 1279
69 74 691
69 20 6049
69 47 1999
69 30 4961
69 19 139
69 53 3730
69 23 5466
69 41 1686
69 44 235
69 65 3490
69 13 2051
69 24 1706
69 71 1838
69 59 1011
69 42 1834
69 45 4738
69 1 1839
69 68 6183
69 67 645
69 49 4512
69 70 5966
69 33 4487
69 10 1914
69 22 3728
69 60 4457
69 9 256
69 18 1733
69 56 952
69 57 3107
69 14 6073
69 36 883
69 55 3791
69 31 523
69 51 3610
69 58 3388
69 52 21
69 43 2892
69 4 3383
69 62 185
69 46 3601
69 38 4180
69 27 6171
69 61 3227
69 17 1347
69 26 83
70 25 3258
70 53 673
70 6 867
70 52 3149
70 23 5966
70 16 1922
70 62 4138
70 33 5899
70 3 6254
70 44 1831
70 34 943
70 50 2660
70 5 4482
70 31 4432
70 4 353
70 11 2698
70 54 6270
70 63 4365
70 75 4921
70 39 4628
70 56 161
70 12 5858
70 57 4544
70 37 2678
70 47 506
70 8 2528
70 22 2126
70 74 5810
70 29 1238
70 19 506
70 13 1934
70 27 4780
70 36 540
70 67 444
70 30 395
70 61 2882
70 18 5884
70 64 3403
70 46 4738
70 41 2490
70 71 2123
70 58 3910
70 35 4541
70 51 1892
70 9 1706
70 2 1457
70 59 1743
70 1 245
70 28 5588
70 14 2933
70 68 521
70 7 727
70 17 2618
70 66 1072
70 15 5432
70 72 1153
70 49 3440
70 60 5324
70 24 5159
71 64 5510
71 10 2591
71 61 2463
71 34 5434
71 54 2980
71 42 2814
71 33 4011
71 40 1474
71 57 4293
71 18 6047
71 15 3577
71 73 3934
71 63 369
71 14 3668
71 1 5156
71 68 3205
71 52 1
71 53 6218
71 62 5415
71 12 628
71 9 4098
71 72 5880
71 21 5524
71 41 3210
71 5 4520
71 75 1603
71 38 1643
71 19 1235
71 36 5462
71 58 5006
71 24 752
71 2 4654
71 4 3391
71 43 3501
71 70 2474
71 35 5162
71 67 5080
71 7 3929
71 31 5685
71 56 6137
71 66 4627
71 55 5695
71 13 4890
71 27 3637
71 6 5813
71 16 2649
71 29 1336
71 59 3682
71 74 2578
71 23 4794
71 8 1210
72 29 2459
72 18 5229
72 46 4356
72 22 6275
72 37 40
72 59 2757
72 42 3749
72 27 2938
72 75 3522
72 52 993
72 71 1516
72 69 2745
72 16 101
72 54 4039
72 56 1368
72 3 6192
72 65 492
72 67 5044
72 41 6153
72 36 3826
72 23 2634
72 25 5570
72 28 136
72 43 2112
72 5 3078
72 6 2869
72 35 5172
72 31 3739
72 17 1497
72 50 6145
72 44 2186
72 11 4180
72 39 3910
72 13 6113
72 45 2453
72 15 1469
72 24 5390
72 73 5511
72 20 3401
72 53 17
72 51 1955
72 70 857
72 21 1400
72 19 1450
72 26 133
72 64 2213
72 7 5320
72 63 3124
72 49 2405
72 47 1190
72 40 1471
72 74 487
72 9 1481
72 34 5169
72 8 3014
73 12 3842
73 4 3705
73 53 694
73 6 3951
73 61 4132
73 23 4322
73 25 4609
73 7 218
73 11 1102
73 35 3373
73 15 5069
73 39 5203
73 28 4990
73 27 691
73 55 4848
73 72 110
73 14 2919
73 21 4774
73 47 3464
73 75 3703
73 31 5862
73 68 3285
73 46 4317
73 62 447
73 74 6081
73 22 1535
73 59 1234
73 60 1190
73 40 5339
73 8 5812
73 65 2993
73 45 1302
73 43 1910
73 63 5745
73 44 5592
73 51 4118
73 2 2742
73 69 4360
73 18 5021
73 64 426
73 10 5525
73 42 984
73 24 5481
73 37 4684
73 54 5015
73 5 3101
73 38 2442
73 13 923
73 49 5356
73 41 5448
73 3 5590
73 56 3312
73 70 495
74 44 2487
74 23 246
74 35 2669
74 38 6219
74 68 4676
74 15 4946
74 51 5788
74 65 5035
74 54 2915
74 56 2802
74 33 5189
74 70 2377
74 47 6284
74 18 6251
74 31 3441
74 20 5593
74 62 4736
74 37 835
74 52 3597
74 26 3194
74 4 2444
74 21 5628
74 12 5782
74 57 3883
74 75 3569
74 61 3963
74 14 5110
74 36 5556
74 64 5750
74 48 1558
74 63 1425
74 66 1899
74 71 4024
74 22 3592
74 19 5708
74 55 3057
74 6 4365
74 41 1512
74 60 3861
74 43 3413
74 27 6238
74 24 777
74 40 3009
74 11 5918
74 25 5322
74 58 3954
74 17 1809
74 67 5422
74 49 150
74 2 28
74 32 356
74 50 1604
74 29 5787
74 45 2534
74 34 993
75 38 6222
75 66 6118
75 24 5045
75 9 1188
75 34 258
75 5 1964
75 56 4686
75 32 2439
75 73 5967
75 41 4625
75 60 4256
75 20 5554
75 19 892
75 43 3702
75 37 121
75 67 1952
75 16 4894
75 70 1629
75 71 5656
75 68 5294
75 39 2104
75 64 3833
75 61 2441
75 42 635
75 53 1595
75 52 5652
75 18 5778
75 31 5745
75 33 3014
75 21 2260
75 44 2875
75 10 3142
75 8 1374
75 23 4683
75 15 3362
75 54 5937
75 57 3567
75 72 3334
75 69 6063
75 51 1893
75 35 6123
75 29 5065
75 50 6266
75 13 5318
75 36 4439
75 45 5889
75 28 5500
75 65 3999
75 59 475
75 27 5143
75 49 2913
75 63 3087
75 7 2549
75 40 2723
75 2 3803
75 17 5263
75 47 4930
75 3 3065
