75 4200
1 73 4747
1 31 1927
1 64 5974
1 7 4884
1 8 3428
1 32 5610
1 55 1719
1 26 950
1 69 228
1 11 5095
1 27 1618
1 18 19
1 22 921
1 35 6018
1 21 88
1 67 6018
1 30 4190
1 61 2125
1 6 700
1 13 565
1 5 3345
1 71 6189
1 17 4603
1 15 5007
1 53 5025
1 23 1511
1 66 3047
1 37 4047
1 65 5907
1 2 5693
1 28 472
1 19 2914
1 14 3504
1 40 4837
1 68 3531
1 75 895
1 50 5683
1 39 2375
1 9 6154
1 59 3420
1 48 3184
1 42 3817
1 10 1469
1 54 2857
1 41 3697
1 57 2388
1 24 6197
1 12 3521
1 74 3692
1 4 383
1 25 905
1 3 2377
1 16 4508
1 49 3457
1 70 4657
1 47 1728
1 44 663
1 60 5309
1 62 730
2 15 402
2 54 2499
2 31 3539
2 64 4916
2 72 2378
2 51 1953
2 18 1566
2 12 3092
2 60 1588
2 4 1538
2 49 1308
2 74 2038
2 3 4188
2 70 6259
2 71 5685
2 68 2711
2 30 4451
2 67 1503
2 48 1252
2 7 1354
2 10 5370
2 56 3535
2 59 2150
2 38 3573
2 1 5762
2 73 31
2 61 3292
2 21 4573
2 22 4593
2 43 680
2 47 1028
2 33 5073
2 19 4676
2 11 486
2 75 1468
2 27 1603
2 62 843
2 17 968
2 32 539
2 13 182
2 36 3871
2 53 5949
2 5 5535
2 34 5809
2 20 2597
2 14 5668
2 66 170
2 40 2839
2 25 65
2 28 2061
2 9 1562
2 16 610
2 69 5301
2 26 230
2 58 6289
2 41 4826
2 29 1841
2 63 5812
2 65 5107
3 41 3995
3 43 2111
3 24 2033
3 59 2872
3 28 5470
3 51 1284
3 13 130
3 52 4139
3 26 3255
3 58 4720
3 45 2874
3 62 504
3 10 905
3 23 2286
3 27 4276
3 50 5357
3 72 749
3 67 4972
3 74 67
3 60 2635
3 2 943
3 22 3403
3 73 4734
3 56 444
3 75 3676
3 49 1687
3 14 4142
3 36 992
3 68 6126
3 17 2514
3 33 1100
3 61 3985
3 21 5028
3 32 5779
3 46 4962
3 47 4445
3 7 4132
3 54 3337
3 66 3430
3 65 3877
3 44 3978
3 69 1763
3 31 401
3 29 5910
3 40 4008
3 63 3044
3 9 6249
3 57 3933
3 25 1317
3 53 4709
3 4 3101
3 34 5457
4 13 1053
4 9 43
4 1 1815
4 68 2006
4 74 2539
4 26 935
4 43 3669
4 59 5422
4 11 1559
4 71 5215
4 10 6083
4 45 2351
4 48 1461
4 30 4704
4 2 5706
4 50 3452
4 58 688
4 19 620
4 3 3027
4 36 3423
4 49 5093
4 62 4123
4 18 1023
4 73 5258
4 53 5037
4 75 291
4 27 3202
4 41 6252
4 15 5110
4 34 3098
4 25 1716
4 65 1850
4 32 532
4 33 15
4 46 4667
4 66 4248
4 16 4382
4 17 3358
4 54 4587
4 31 388
4 22 2845
4 28 1609
4 47 6072
4 8 1805
4 35 3234
4 52 1697
4 42 207
4 20 3943
4 7 2107
4 51 4060
4 70 325
4 69 5699
4 60 4362
4 5 5496
4 39 4984
4 67 787
4 63 2215
4 6 6216
4 64 5236
4 55 4414
4 21 4352
5 33 126
5 27 4757
5 13 5162
5 48 4184
5 9 4941
5 17 4278
5 69 1549
5 8 2590
5 2 627
5 45 3899
5 25 5859
5 66 338
5 71 6228
5 44 6181
5 52 5296
5 28 1935
5 58 2807
5 73 3208
5 16 5603
5 63 5523
5 4 2866
5 70 5784
5 75 6296
5 43 4505
5 35 2976
5 7 5523
5 72 4805
5 50 2015
5 41 2562
5 68 4770
5 11 3942
5 21 2991
5 32 3381
5 61 3736
5 22 5380
5 38 5814
5 6 5241
5 54 4378
5 56 3060
5 57 2051
5 26 2999
5 42 4129
5 15 4339
5 74 1632
5 31 4343
5 29 1151
5 14 4636
5 62 5400
5 23 623
5 65 5939
5 51 2002
5 3 2294
5 47 3560
5 64 2001
5 60 1963
5 10 5831
5 12 5443
5 49 629
5 30 3000
5 53 367
5 1 1538
6 67 296
6 44 5265
6 43 2289
6 7 5555
6 70 2153
6 19 3121
6 73 451
6 74 6199
6 30 4677
6 47 3529
6 15 2810
6 34 2334
6 23 2509
6 27 5015
6 11 4593
6 55 640
6 39 1956
6 49 2766
6 72 84
6 35 518
6 57 2854
6 24 1102
6 16 2019
6 71 1121
6 65 838
6 36 3451
6 5 3791
6 8 3923
6 56 2353
6 59 2447
6 4 1837
6 54 3781
6 12 5848
6 61 3816
6 29 4591
6 17 2877
6 22 2078
6 52 407
6 2 4327
6 69 683
6 62 4470
6 33 2455
6 13 3200
6 46 1530
6 20 4422
6 31 5082
6 37 3177
6 41 4145
6 64 4393
6 75 1871
6 40 5718
6 18 1109
6 3 1038
6 66 6138
6 25 2821
6 38 3041
6 45 4072
6 26 4178
6 14 1688
6 21 1257
6 48 1759
6 1 5296
6 60 1145
7 32 2977
7 22 6022
7 31 1679
7 37 4727
7 60 4134
7 33 608
7 52 1852
7 9 4682
7 23 2959
7 50 1503
7 41 1483
7 35 5578
7 15 4363
7 29 2101
7 65 1948
7 11 3132
7 70 4202
7 46 2116
7 69 3116
7 4 6064
7 58 1942
7 2 815
7 5 520
7 54 2320
7 17 5320
7 38 2385
7 12 5797
7 44 1826
7 16 628
7 61 4120
7 75 5047
7 28 964
7 19 4411
7 51 1108
7 30 2344
7 24 4653
7 59 158
7 71 931
7 34 2510
7 20 328
7 40 586
7 25 2388
7 6 1655
7 14 4690
7 49 2369
7 63 6018
7 48 3787
7 36 1248
7 18 4456
7 21 5649
7 10 3295
7 56 2130
7 43 5781
7 66 1880
7 72 3908
8 40 1787
8 36 1813
8 4 5964
8 44 2086
8 68 4349
8 26 6271
8 30 5588
8 74 2617
8 32 2255
8 24 218
8 23 76
8 69 6100
8 9 2882
8 2 3892
8 29 5915
8 41 3662
8 38 2396
8 52 4079
8 13 1165
8 22 4193
8 46 3322
8 60 5485
8 70 5797
8 64 1066
8 53 5221
8 18 810
8 33 2555
8 58 842
8 20 75
8 66 51
8 39 4378
8 7 2025
8 21 5359
8 27 1728
8 51 3556
8 50 5255
8 5 604
8 71 1026
8 15 5109
8 43 4416
8 54 3673
8 73 2001
8 3 3458
8 25 2280
8 17 462
8 57 345
8 72 5424
8 10 4640
8 56 6134
8 31 1550
8 49 546
8 19 295
8 47 2014
8 55 2389
8 6 5609
8 34 5059
8 75 5522
8 14 4481
8 45 1422
8 42 4678
9 63 3535
9 52 4096
9 1 5885
9 40 1381
9 20 616
9 72 5789
9 59 3751
9 49 2495
9 4 2851
9 8 1540
9 14 1138
9 75 709
9 70 5241
9 51 2774
9 23 6232
9 15 5485
9 68 6203
9 55 2711
9 48 5105
9 58 3349
9 22 1283
9 39 6032
9 47 3269
9 12 5159
9 16 2008
9 74 3332
9 32 3305
9 43 5314
9 62 193
9 7 2477
9 19 4173
9 26 4438
9 69 5477
9 56 512
9 53 5838
9 64 3337
9 66 2968
9 25 4833
9 41 5348
9 38 5623
9 10 2457
9 37 2132
9 33 762
9 11 6003
9 31 6295
9 60 1600
10 54 6284
10 3 2661
10 29 2936
10 7 583
10 14 5937
10 32 1892
10 34 802
10 40 6199
10 18 4359
10 67 2194
10 16 4709
10 12 5732
10 19 733
10 55 5035
10 11 4480
10 71 6285
10 20 2699
10 8 3390
10 63 1120
10 45 6295
10 5 1480
10 51 1500
10 50 217
10 56 2458
10 59 4571
10 72 2277
10 44 2194
10 28 3728
10 68 4806
10 69 5810
10 52 2992
10 22 3590
10 66 2130
10 2 4320
10 53 3707
10 49 1021
10 21 3598
10 42 675
10 6 5753
10 9 59
10 15 5311
10 37 364
10 62 3948
10 35 2947
10 75 5750
10 1 6117
10 4 5072
10 74 3414
10 30 3599
10 24 4125
10 13 3760
10 73 4251
10 17 981
10 61 3004
10 65 1848
10 60 4591
10 39 326
10 48 6283
10 33 1320
10 31 178
10 43 488
10 70 1574
10 58 5774
10 41 3646
11 25 2203
11 57 6170
11 23 4132
11 35 1844
11 63 3433
11 67 104
11 24 14
11 18 638
11 39 3406
11 56 3118
11 60 1922
11 8 1069
11 66 3804
11 47 4946
11 6 121
11 71 3574
11 19 2670
11 5 3626
11 9 5491
11 52 4376
11 4 2154
11 27 4894
11 20 5221
11 74 4278
11 15 4626
11 28 511
11 17 4433
11 58 5287
11 10 6124
11 61 2407
11 70 3870
11 49 6206
11 45 765
11 41 2438
11 12 21
11 42 3167
11 54 3746
11 59 1313
11 68 3199
11 73 4800
11 1 1352
11 51 3042
11 48 4079
11 65 4362
11 31 2695
11 32 1206
11 40 2301
11 3 1012
11 29 1312
11 36 1907
11 22 2302
11 34 4277
11 64 4521
11 75 5259
12 30 134
12 61 1523
12 44 345
12 7 2994
12 11 6128
12 62 568
12 29 1890
12 23 3727
12 48 4007
12 73 2497
12 13 3334
12 47 1919
12 9 3089
12 41 4487
12 17 4457
12 68 5919
12 64 4459
12 37 4570
12 10 2115
12 46 3225
12 49 40
12 5 1676
12 18 944
12 54 4457
12 42 315
12 22 2561
12 67 3433
12 52 273
12 27 1724
12 56 3854
12 63 2224
12 66 4687
12 36 4286
12 33 4070
12 39 333
12 35 4428
12 25 4745
12 53 2406
12 1 831
12 21 2783
12 31 5860
12 50 1326
12 75 3446
12 45 2865
12 6 746
12 20 461
12 28 5410
12 4 874
12 19 4130
12 43 1248
12 65 360
12 40 2602
12 16 4927
12 26 5246
12 55 1223
12 32 920
12 69 2394
12 74 5734
12 70 174
12 8 1405
12 57 2216
12 24 648
13 17 3631
13 69 1279
13 16 944
13 30 635
13 15 468
13 56 1817
13 51 4808
13 66 6164
13 26 641
13 6 1104
13 43 3005
13 63 1310
13 54 720
13 22 583
13 1 4078
13 31 4097
13 24 3196
13 64 608
13 37 2764
13 5 190
13 49 1293
13 33 5771
13 62 5708
13 53 4522
13 70 5523
13 42 3792
13 3 2611
13 20 3762
13 52 2262
13 57 5619
13 28 4325
13 68 2522
13 19 2669
13 36 3322
13 71 964
13 50 66
13 35 6131
13 73 1249
13 44 1481
13 14 4581
13 39 5141
13 4 2343
13 9 2581
13 47 2464
13 38 4789
13 21 1099
13 2 5010
13 27 835
13 41 585
13 8 4959
13 32 5854
13 74 697
13 55 3657
13 12 2801
13 45 672
13 25 4113
14 25 2715
14 66 2492
14 21 3307
14 73 4860
14 47 5943
14 34 5876
14 53 4781
14 65 2923
14 36 4699
14 67 1798
14 42 1536
14 70 1783
14 26 5354
14 38 2333
14 30 4169
14 10 2735
14 50 4949
14 9 4136
14 51 2530
14 32 2492
14 35 1224
14 16 594
14 11 1824
14 68 2034
14 60 1411
14 62 1180
14 19 1750
14 28 2122
14 61 3337
14 44 3816
14 41 2566
14 45 2469
14 69 236
14 23 4985
14 8 2188
14 17 5822
14 33 5940
14 75 6180
14 52 4423
14 31 1646
14 40 1433
14 56 1161
14 72 2731
14 20 2692
14 22 6120
14 27 431
14 3 3448
14 49 3609
14 18 1141
14 37 5500
14 57 5083
15 29 3977
15 24 2253
15 63 6054
15 4 2869
15 22 2913
15 28 136
15 12 128
15 42 1958
15 36 5486
15 68 1188
15 1 3036
15 37 5843
15 20 2836
15 66 1028
15 41 5902
15 9 6071
15 34 4209
15 62 12
15 61 3234
15 18 4330
15 5 4382
15 40 6106
15 49 3083
15 14 4790
15 39 4413
15 45 3431
15 69 4176
15 32 6152
15 35 3398
15 60 6047
15 25 2018
15 3 5047
15 47 530
15 58 1238
15 44 4679
15 56 4124
15 71 1075
15 13 3202
15 16 2634
15 51 101
15 6 1500
15 43 1795
15 53 5002
15 75 3908
15 54 164
15 11 2503
15 74 6016
15 59 3143
15 38 2561
15 8 1810
15 50 5506
15 17 5885
15 64 3284
15 67 235
15 21 2328
15 72 2660
15 73 1997
16 72 3861
16 25 1313
16 21 6070
16 19 3212
16 41 153
16 24 4734
16 48 5130
16 60 4148
16 56 4495
16 23 4368
16 66 5222
16 57 3976
16 4 1478
16 71 2489
16 30 3018
16 18 1910
16 69 1454
16 50 1478
16 7 3351
16 63 5416
16 29 94
16 13 5214
16 70 5256
16 15 5408
16 55 6121
16 46 4625
16 59 2879
16 42 5022
16 61 4069
16 40 2151
16 49 475
16 17 4996
16 44 25
16 36 4846
16 52 2474
16 31 1732
16 1 3808
16 14 4136
16 53 3277
16 39 1657
16 20 3780
16 47 5699
16 3 1373
16 35 6050
16 67 4140
16 38 1517
16 34 4810
16 64 2195
16 12 2711
16 10 3264
16 2 5016
16 6 3555
16 54 4399
16 75 1292
16 62 2830
16 37 4956
16 51 265
16 65 2044
16 8 5880
17 69 2976
17 49 289
17 1 5070
17 66 2344
17 34 894
17 65 4659
17 30 345
17 37 1592
17 27 1840
17 12 726
17 45 661
17 40 5620
17 53 1794
17 18 4906
17 75 2807
17 22 3877
17 59 5169
17 36 2684
17 46 5984
17 8 4540
17 73 1375
17 41 4222
17 71 3912
17 70 2246
17 9 678
17 19 5500
17 68 4440
17 35 793
17 14 1680
17 5 5328
17 44 5166
17 20 366
17 52 1579
17 48 2008
17 74 2715
17 60 5394
17 32 1810
17 62 1225
17 3 5782
17 64 3562
17 28 268
17 61 1872
17 29 4427
17 57 4598
17 24 3518
17 2 2257
17 16 4871
17 58 5229
18 46 2838
18 34 2511
18 15 928
18 73 5977
18 48 4387
18 20 308
18 47 5049
18 19 2445
18 43 3950
18 24 3611
18 51 2701
18 58 4288
18 36 3332
18 33 6299
18 57 940
18 2 142
18 70 509
18 16 1987
18 35 1048
18 14 2470
18 13 1068
18 21 4782
18 5 3886
18 68 1674
18 9 62
18 40 1760
18 50 1533
18 38 4815
18 10 1407
18 72 3521
18 31 4371
18 28 3056
18 42 5015
18 44 5199
18 49 3622
18 29 4803
18 8 3518
18 74 760
18 11 823
18 1 4664
18 6 3215
18 61 2494
18 64 3071
18 32 2522
18 12 5348
18 41 1592
18 23 2445
18 37 5677
18 7 1670
18 25 1430
18 45 2420
18 30 5374
18 55 2149
18 3 3161
18 60 3672
18 71 5609
18 62 3301
18 17 2802
18 63 3342
19 29 4460
19 34 1051
19 23 2384
19 48 5401
19 58 3669
19 66 5787
19 42 2006
19 65 4301
19 21 655
19 72 722
19 27 2533
19 64 3408
19 55 924
19 3 4086
19 74 1719
19 47 535
19 43 3482
19 70 604
19 26 6115
19 28 736
19 59 4010
19 62 3645
19 15 1154
19 46 2622
19 51 129
19 33 6172
19 61 153
19 52 1429
19 56 2909
19 36 3371
19 30 3391
19 11 2123
19 37 1329
19 5 6173
19 63 3161
19 14 2071
19 35 2186
19 12 2255
19 16 1243
19 6 11
19 10 5667
19 7 6213
19 67 5875
19 31 6061
19 54 3768
19 9 1513
19 40 2166
19 25 4964
19 60 5301
19 44 4433
19 2 1281
19 75 3933
19 18 4322
19 1 3697
19 53 5629
19 39 2363
20 42 1953
20 30 4392
20 55 3734
20 10 3701
20 67 3903
20 9 1621
20 19 5006
20 60 5004
20 69 3931
20 23 5127
20 68 6115
20 29 160
20 71 5621
20 34 4302
20 49 1614
20 32 5129
20 45 4970
20 37 5305
20 48 1662
20 72 816
20 13 5898
20 50 2922
20 70 2253
20 11 3186
20 16 3539
20 52 5492
20 17 6015
20 57 2028
20 18 5677
20 7 3341
20 46 3266
20 53 4330
20 6 6116
20 63 572
20 39 4534
20 8 4320
20 15 5184
20 31 2566
20 75 5071
20 24 929
20 41 3408
20 74 4976
20 64 2759
20 26 2970
20 51 4545
20 22 5529
20 59 879
20 61 6135
20 14 3536
20 58 2065
20 35 5090
20 5 6174
20 38 6244
20 12 6249
21 6 3979
21 11 2780
21 57 4308
21 54 989
21 70 908
21 56 4110
21 36 4880
21 45 4606
21 51 4234
21 47 5048
21 32 5576
21 62 3663
21 68 1916
21 66 1070
21 38 159
21 23 3275
21 14 2776
21 24 3891
21 69 1538
21 7 1846
21 67 4458
21 20 349
21 49 753
21 18 1501
21 17 1837
21 25 2814
21 43 5263
21 5 1882
21 39 3346
21 29 6240
21 60 2794
21 64 1969
21 31 3850
21 26 6127
21 33 1176
21 34 1850
21 73 2873
21 10 2149
21 4 1707
21 75 1789
21 19 3035
21 65 3433
21 16 2378
21 3 1324
21 74 4323
21 55 3641
21 12 5724
21 58 1531
21 30 1077
21 13 1595
21 72 180
21 42 4306
21 59 4552
21 46 522
22 70 540
22 1 3778
22 10 3300
22 66 1883
22 55 1734
22 23 4371
22 74 4525
22 48 3141
22 2 3647
22 47 4460
22 9 2164
22 41 491
22 42 5047
22 13 827
22 4 3946
22 50 261
22 45 3245
22 72 2283
22 67 1913
22 31 2045
22 3 5982
22 16 960
22 24 5117
22 75 5318
22 62 5384
22 20 3635
22 56 1333
22 17 1677
22 68 2573
22 63 5628
22 12 1280
22 32 6243
22 39 4640
22 52 1217
22 34 4822
22 35 4093
22 8 1558
22 21 1287
22 14 591
22 11 3373
22 54 4704
22 15 5508
22 38 4551
22 28 1849
22 49 8
22 59 5004
22 27 5660
22 37 1056
22 46 514
22 30 5491
22 64 2600
22 65 654
22 6 1257
22 25 3748
23 71 163
23 45 291
23 21 5891
23 44 4729
23 16 5687
23 27 1575
23 33 3513
23 57 1030
23 48 6016
23 51 449
23 15 3886
23 17 606
23 53 2974
23 42 5245
23 26 6216
23 1 770
23 46 6238
23 5 1071
23 70 3134
23 55 2955
23 37 1420
23 62 4461
23 7 4845
23 66 466
23 13 3320
23 24 4424
23 74 5558
23 30 770
23 19 1135
23 22 1060
23 39 3985
23 18 6117
23 67 1211
23 56 471
23 49 5255
23 31 1309
23 72 3904
23 43 1428
23 52 2732
23 20 917
23 73 340
23 28 2131
23 8 3978
23 40 4697
23 54 5065
23 41 1073
23 64 2142
23 59 447
23 61 438
23 6 1430
23 38 3999
23 60 1582
23 75 212
23 34 5449
23 32 5142
23 47 5617
23 50 5077
23 3 421
24 26 6022
24 57 394
24 36 3212
24 17 3757
24 50 5556
24 40 2166
24 39 1764
24 5 3063
24 14 1097
24 66 3069
24 2 3759
24 59 6058
24 62 2258
24 25 3733
24 9 5186
24 60 2942
24 63 3289
24 34 94
24 8 3100
24 53 1445
24 29 3291
24 1 4978
24 73 1789
24 61 4681
24 51 3188
24 58 2036
24 65 4465
24 67 3871
24 45 3867
24 47 4414
24 70 5001
24 16 5897
24 42 1436
24 35 732
24 28 2645
24 48 2235
24 15 728
24 46 4620
24 74 1634
24 10 3714
24 72 5494
24 71 3155
24 22 5673
24 7 1322
24 3 4379
24 4 178
24 20 5395
24 38 5501
24 32 5427
24 49 6067
24 11 2424
24 41 2883
24 27 186
24 13 1409
24 18 186
24 12 6246
25 62 3002
25 24 1639
25 51 6163
25 73 5827
25 12 5194
25 56 5280
25 74 1639
25 64 2351
25 26 4303
25 2 3946
25 55 5055
25 16 4624
25 47 464
25 19 4676
25 37 4719
25 70 5855
25 18 1940
25 54 6207
25 29 4263
25 45 502
25 71 3286
25 21 2011
25 14 273
25 3 558
25 30 2497
25 7 2404
25 36 3435
25 46 2182
25 17 2264
25 42 464
25 38 6132
25 23 5662
25 60 3413
25 6 856
25 59 594
25 20 5797
25 10 3233
25 67 3894
25 27 3818
25 8 1046
25 9 6019
25 63 4350
25 41 2194
25 31 5719
25 32 5520
25 48 3615
25 53 3369
25 50 5178
25 69 1562
25 61 4195
25 13 4561
25 4 5511
25 58 3923
25 33 6159
25 11 771
26 41 5267
26 7 5510
26 72 3277
26 38 5604
26 42 5779
26 39 5748
26 58 5892
26 23 3701
26 71 615
26 43 4396
26 11 4154
26 54 1850
26 2 4173
26 1 1847
26 45 2158
26 33 6190
26 9 3311
26 12 3562
26 49 4624
26 51 5536
26 27 110
26 19 4939
26 57 3337
26 66 2975
26 69 2740
26 47 5031
26 25 3241
26 75 2856
26 67 5852
26 55 4352
26 36 5832
26 44 1337
26 68 58
26 65 5301
26 31 4274
26 29 1357
26 53 530
26 64 5217
26 32 6023
26 8 4293
26 52 2928
26 14 498
26 30 6274
26 56 1246
26 62 847
26 3 3794
26 28 3988
26 73 312
26 10 20
26 5 3344
26 34 3184
26 37 2611
26 6 3318
26 22 4354
26 21 4494
26 61 809
26 4 3109
26 50 5370
27 40 2751
27 5 4117
27 34 3911
27 71 1701
27 45 376
27 60 6095
27 37 1167
27 31 2320
27 50 3560
27 48 5357
27 74 5936
27 3 927
27 24 5416
27 59 832
27 49 5421
27 8 5395
27 38 2495
27 66 4039
27 51 3360
27 7 4467
27 75 5515
27 53 1030
27 41 521
27 72 5119
27 12 2556
27 23 723
27 39 5493
27 62 6148
27 4 211
27 64 954
27 43 794
27 63 5208
27 32 5043
27 70 5851
27 29 535
27 44 4764
27 25 965
27 52 823
27 65 4357
27 20 946
27 26 3466
27 30 5715
27 36 2682
27 54 4695
27 17 5403
27 35 3367
27 16 5729
27 56 3508
27 28 2071
27 61 3675
27 69 2885
27 19 5364
27 46 4275
27 67 2910
27 55 347
27 42 3068
27 47 2477
28 58 2205
28 9 604
28 67 3222
28 70 2851
28 51 4356
28 13 1821
28 68 1074
28 21 1965
28 35 1202
28 41 4939
28 34 4345
28 7 947
28 61 3222
28 37 3755
28 4 1566
28 39 1207
28 33 3458
28 16 178
28 36 3473
28 53 1262
28 64 5488
28 60 1389
28 15 6002
28 54 3310
28 40 3608
28 31 965
28 45 540
28 26 5137
28 23 5419
28 73 3058
28 11 2008
28 19 1840
28 22 1415
28 12 5707
28 5 1442
28 48 2516
28 10 2337
28 8 3983
28 32 5677
28 63 664
28 44 5307
28 30 557
28 56 3452
28 65 5259
28 20 291
28 55 4682
28 62 1423
28 38 2743
28 3 4054
28 69 5027
28 14 5948
28 24 3770
28 57 3417
28 6 2036
28 52 3778
28 43 145
28 50 799
28 49 924
28 27 6007
29 44 3764
29 26 1253
29 70 5342
29 56 625
29 19 1890
29 31 3254
29 72 1933
29 48 3003
29 7 2628
29 14 5604
29 2 4894
29 47 2798
29 9 3448
29 27 3310
29 30 94
29 69 1723
29 40 492
29 65 5680
29 8 1463
29 57 4805
29 45 6293
29 25 4205
29 15 92
29 66 1574
29 23 1634
29 37 6150
29 49 812
29 41 3037
29 67 711
29 33 4596
29 39 2311
29 58 1318
29 28 653
29 10 2628
29 16 6131
29 5 3992
29 1 3733
29 22 5653
29 59 938
29 75 3083
29 24 3072
29 61 1635
29 38 707
29 13 2631
29 68 1127
29 64 2302
29 52 5891
29 4 6148
29 53 1149
29 11 4450
29 73 705
29 36 4758
29 20 5623
29 18 1332
29 51 263
29 46 1879
30 5 3374
30 8 746
30 43 4996
30 23 808
30 17 4649
30 31 207
30 37 5786
30 4 345
30 46 6090
30 27 2902
30 18 3129
30 65 4642
30 62 6162
30 33 2685
30 24 4544
30 56 5759
30 71 3175
30 44 3605
30 40 4218
30 28 4986
30 68 5475
30 57 4879
30 66 1095
30 41 4950
30 59 98
30 73 4177
30 9 4883
30 55 5583
30 11 759
30 48 3859
30 36 5255
30 39 2637
30 3 2327
30 22 547
30 14 5924
30 1 3372
30 69 825
30 63 3959
30 21 3635
30 72 4544
30 7 225
30 61 3350
30 16 1208
30 25 4575
30 75 643
30 2 1183
30 49 2772
30 58 929
30 26 3359
30 52 1252
30 50 5408
30 53 582
30 67 3561
30 20 3259
31 60 1268
31 59 1079
31 63 5246
31 36 2299
31 37 5069
31 39 1453
31 66 1152
31 62 1028
31 6 1953
31 21 3637
31 23 1051
31 26 559
31 74 1992
31 65 1208
31 52 1876
31 50 5764
31 53 3024
31 24 3972
31 42 461
31 25 2539
31 43 2938
31 2 3010
31 20 2970
31 72 4004
31 32 6055
31 55 4194
31 73 2064
31 14 3462
31 30 5939
31 1 4640
31 44 2925
31 54 627
31 51 2968
31 12 5295
31 13 5759
31 46 1267
31 5 4065
31 28 4122
31 48 2623
31 11 1146
31 18 1256
31 45 6165
31 38 6226
31 15 1180
31 68 3238
31 16 1463
31 75 1620
31 64 5701
31 67 1457
31 34 1756
31 71 4176
31 17 5284
31 57 3104
31 9 4446
31 4 5684
31 47 37
31 10 1900
31 41 384
32 33 4341
32 35 33
32 43 3213
32 34 4835
32 31 1445
32 41 1053
32 39 2551
32 27 1629
32 66 3032
32 25 3222
32 64 1570
32 61 6009
32 65 6179
32 9 5159
32 11 2880
32 38 4812
32 58 629
32 71 4302
32 46 6289
32 48 4868
32 4 4095
32 23 269
32 8 3974
32 10 2287
32 30 5374
32 68 3956
32 16 1398
32 44 3412
32 73 4180
32 74 768
32 57 1815
32 21 4528
32 1 378
32 28 303
32 62 2300
32 40 2587
32 53 5691
32 51 3877
32 20 316
32 19 5974
32 69 2847
32 14 4654
32 54 5349
32 60 681
32 56 3393
32 12 1465
32 52 1286
32 29 3106
32 18 5588
32 67 4016
32 75 1819
32 6 1305
32 17 3613
32 7 5708
32 15 714
32 59 4039
33 63 4166
33 61 1885
33 12 4274
33 66 6023
33 14 5712
33 15 2391
33 32 6150
33 38 1619
33 9 6287
33 51 3734
33 13 2811
33 75 5439
33 49 5512
33 20 5182
33 22 2621
33 8 3391
33 45 4272
33 16 5397
33 62 4106
33 2 1167
33 19 797
33 31 2694
33 46 3258
33 55 1296
33 24 5475
33 70 1691
33 39 1095
33 52 4787
33 21 5090
33 43 3989
33 71 1353
33 6 1759
33 53 3571
33 28 2245
33 74 5436
33 7 3344
33 50 648
33 30 3352
33 56 1121
33 1 1527
33 23 1709
33 29 2894
33 65 4973
33 10 6077
33 25 2018
33 60 1197
33 41 5114
33 42 3338
33 5 3146
33 18 5239
33 34 3038
33 57 6288
34 36 545
34 45 3365
34 26 1231
34 55 3539
34 50 3697
34 4 653
34 44 4918
34 10 3445
34 74 6252
34 23 6096
34 72 5578
34 57 332
34 71 1544
34 29 301
34 41 3929
34 28 3876
34 3 3533
34 59 1436
34 18 1306
34 43 6108
34 22 1900
34 32 5520
34 70 778
34 47 271
34 1 4247
34 60 4684
34 24 203
34 31 3339
34 13 5389
34 42 6054
34 37 4237
34 66 832
34 8 5262
34 12 2664
34 9 3943
34 39 993
34 40 1579
34 25 3942
34 11 4391
34 38 2754
34 69 1455
34 2 205
34 65 1976
34 48 6166
34 64 1273
34 58 3944
34 7 3039
34 16 1385
34 35 2984
34 14 2500
34 68 3023
34 30 3710
34 19 3553
34 52 2676
35 31 2937
35 70 4045
35 1 4766
35 67 2719
35 34 1229
35 22 4189
35 25 2472
35 40 5382
35 7 1686
35 57 1493
35 73 224
35 72 4225
35 47 4496
35 53 1586
35 58 1230
35 43 303
35 59 1108
35 9 5591
35 69 182
35 50 5188
35 56 1690
35 68 6199
35 38 5739
35 17 3017
35 33 2180
35 42 6032
35 64 4065
35 49 4165
35 41 221
35 12 145
35 51 1309
35 24 3209
35 20 5016
35 26 327
35 60 1741
35 44 5191
35 48 1624
35 65 1940
35 30 276
35 8 2015
35 36 3439
35 23 1097
35 14 217
35 66 6045
35 46 1433
35 27 1221
35 29 3470
35 15 3403
35 21 4318
35 55 277
35 4 3204
35 3 642
36 64 2637
36 28 1677
36 12 5844
36 43 5278
36 30 4365
36 38 829
36 56 3239
36 25 3243
36 9 2529
36 2 5368
36 40 3704
36 70 499
36 20 4659
36 71 2669
36 42 1167
36 75 829
36 4 3767
36 23 1041
36 24 2159
36 67 5705
36 27 5735
36 54 2758
36 69 5798
36 7 5229
36 60 1117
36 58 1245
36 14 4983
36 52 4116
36 48 40
36 51 5484
36 65 3862
36 17 4806
36 22 1691
36 29 4588
36 46 4999
36 55 634
36 57 4906
36 74 4908
36 49 1900
36 18 3833
36 32 1514
36 47 1541
36 5 195
36 73 3062
36 1 2268
36 45 1183
36 19 6237
36 33 4250
36 63 5952
36 68 727
36 21 398
36 10 3869
36 62 1232
36 16 3679
36 41 3664
36 31 1767
36 39 537
36 3 732
37 44 1003
37 54 1347
37 7 6025
37 19 4289
37 61 3234
37 69 3142
37 8 3228
37 11 2377
37 48 1135
37 4 4048
37 9 3
37 72 4082
37 20 3573
37 5 1263
37 57 1380
37 38 483
37 62 4584
37 49 1885
37 18 190
37 24 4224
37 23 4668
37 36 2772
37 50 3426
37 26 5675
37 64 2139
37 53 4371
37 6 3478
37 13 2629
37 31 106
37 12 529
37 40 5268
37 10 3067
37 59 1824
37 35 2486
37 14 5259
37 47 3429
37 39 962
37 17 1505
37 28 5799
37 16 4758
37 33 3116
37 74 1576
37 70 5509
37 67 4575
37 45 6113
37 51 5285
37 75 5303
37 43 3823
37 52 1076
37 32 5672
37 30 4943
37 41 5604
38 12 2294
38 15 3494
38 17 1875
38 6 3942
38 48 4519
38 49 2708
38 33 4612
38 72 2526
38 74 3664
38 37 2095
38 66 3997
38 34 5964
38 30 5766
38 70 6143
38 11 4433
38 35 2671
38 1 4225
38 42 1381
38 44 5274
38 26 5454
38 7 6069
38 68 1352
38 52 2093
38 22 3902
38 41 5846
38 47 3026
38 9 4576
38 21 1691
38 58 2259
38 3 133
38 71 5248
38 8 2034
38 10 4328
38 14 3394
38 50 2936
38 13 4479
38 60 4093
38 67 5208
38 31 3477
38 75 6223
38 59 6140
38 46 2115
38 51 2026
38 56 6196
38 57 2494
38 69 2141
38 23 3807
38 39 5308
38 73 4961
38 62 776
38 65 4659
38 36 163
38 55 3052
38 61 848
38 16 4935
38 43 3559
39 37 5665
39 6 2776
39 68 3746
39 13 1505
39 32 4098
39 38 5453
39 45 2773
39 34 4384
39 17 3233
39 55 4362
39 21 2965
39 27 3079
39 66 1969
39 41 3415
39 22 1299
39 36 3739
39 20 4681
39 48 3606
39 10 4042
39 31 3824
39 67 2544
39 71 5496
39 46 2925
39 57 520
39 63 2204
39 53 3108
39 59 440
39 64 5867
39 60 713
39 72 198
39 49 1373
39 4 995
39 56 4066
39 26 4518
39 25 853
39 19 2687
39 12 226
39 44 3269
39 61 1025
39 11 899
39 51 807
39 52 3704
39 7 3265
39 40 1480
39 69 1862
39 15 4127
39 74 4973
39 8 1449
39 35 2478
39 54 5781
39 29 3429
39 18 3515
39 42 1193
39 28 1364
39 24 4343
39 58 253
39 5 3816
39 9 4227
39 62 5343
39 47 1610
40 50 1475
40 51 4247
40 64 872
40 21 4946
40 4 589
40 65 4041
40 58 2078
40 42 208
40 36 5914
40 34 218
40 10 610
40 48 4927
40 25 4180
40 53 1915
40 59 5463
40 54 3671
40 13 4645
40 5 2625
40 26 574
40 33 2938
40 75 2337
40 43 202
40 73 5592
40 72 3698
40 62 4766
40 56 6114
40 30 1056
40 27 512
40 35 2402
40 45 3462
40 71 2755
40 55 4840
40 44 4244
40 68 1876
40 49 4284
40 19 648
40 1 1929
40 17 248
40 60 4754
40 47 1610
40 3 4666
40 28 3750
40 6 1813
40 31 5991
40 41 5464
40 29 4530
40 39 3238
40 23 988
40 61 6042
40 67 2476
40 11 6003
40 20 3943
40 57 4373
40 66 3229
40 32 6263
40 22 5970
40 18 2187
40 12 4321
40 46 5583
40 63 2727
41 31 6238
41 30 3895
41 42 5596
41 73 6118
41 48 3909
41 51 3552
41 65 5319
41 40 1745
41 11 3641
41 59 5586
41 7 1387
41 35 6147
41 29 3199
41 17 761
41 36 1174
41 62 1126
41 25 3609
41 72 5617
41 61 4248
41 70 5433
41 4 5936
41 9 20
41 32 5684
41 6 2622
41 28 3045
41 39 547
41 19 3987
41 8 5548
41 22 5711
41 12 4403
41 33 4766
41 52 5475
41 15 4217
41 66 2937
41 23 1908
41 26 4017
41 69 1216
41 47 1783
41 18 3984
41 67 3641
41 56 3494
41 13 3039
41 34 4413
41 38 3613
41 75 4175
41 50 1336
41 68 5666
41 10 5195
41 58 5422
41 54 5451
41 46 461
41 27 2148
41 55 3940
41 74 432
42 38 911
42 63 3098
42 43 1032
42 20 1071
42 61 4714
42 41 1146
42 70 1476
42 14 4539
42 39 4528
42 28 2790
42 8 5551
42 2 4414
42 7 4714
42 23 889
42 73 3960
42 1 1920
42 27 3182
42 56 515
42 52 2871
42 65 4281
42 46 2574
42 12 1190
42 36 793
42 64 2884
42 45 321
42 74 2240
42 22 1984
42 57 5545
42 37 6042
42 40 3708
42 44 2504
42 48 2434
42 10 5387
42 13 4229
42 68 6239
42 19 6252
42 21 4005
42 25 470
42 6 2153
42 30 1952
42 31 2529
42 33 6216
42 15 3016
42 4 3437
42 59 6011
42 54 3591
42 16 5280
42 32 3333
42 58 5705
42 29 4759
42 3 4092
42 24 1843
42 51 611
42 5 4208
42 67 367
43 48 2943
43 57 3560
43 29 6155
43 28 914
43 41 1712
43 47 2472
43 74 4179
43 53 2962
43 67 695
43 13 3445
43 64 3063
43 45 1983
43 20 3117
43 10 5929
43 71 4157
43 63 639
43 65 236
43 32 1496
43 18 4052
43 44 5238
43 42 5309
43 12 5829
43 52 2386
43 19 1530
43 23 5097
43 25 5043
43 60 6012
43 39 254
43 11 4199
43 59 1568
43 49 429
43 4 4873
43 17 2486
43 7 3024
43 15 2729
43 1 3200
43 37 4252
43 30 205
43 70 1278
43 24 3014
43 22 785
43 68 97
43 26 5911
43 40 3646
43 69 4730
43 54 3265
43 38 3712
43 9 5003
43 72 3721
43 27 4510
43 62 2915
43 50 2164
43 6 636
43 55 2503
44 28 4856
44 71 828
44 73 3870
44 50 5765
44 24 4921
44 40 50
44 7 1763
44 16 3263
44 43 172
44 9 3663
44 20 1486
44 19 1639
44 6 4902
44 55 4647
44 52 2316
44 62 2464
44 48 3521
44 29 6143
44 15 4291
44 37 2709
44 23 4308
44 3 373
44 8 5658
44 65 3442
44 32 5780
44 64 3828
44 46 2689
44 60 5353
44 58 3718
44 57 2471
44 25 4257
44 69 901
44 45 1020
44 54 1951
44 18 4156
44 72 4129
44 49 3900
44 14 1677
44 30 3736
44 51 2269
44 1 2471
44 61 5869
44 4 4369
44 5 5564
44 34 3968
44 47 1360
44 21 5939
44 68 628
44 63 3852
44 12 4386
44 70 1704
44 56 4978
44 66 1683
44 59 1062
44 11 1512
44 53 1707
44 67 5023
45 49 2677
45 44 4251
45 16 3319
45 36 2418
45 17 6201
45 20 4564
45 10 6108
45 56 2372
45 43 397
45 55 3507
45 75 6206
45 62 314
45 48 1970
45 51 427
45 13 4588
45 26 2353
45 11 2366
45 1 5209
45 61 3391
45 30 4606
45 9 3227
45 33 5686
45 3 5482
45 15 2384
45 53 3303
45 63 3507
45 14 4101
45 57 5671
45 8 1571
45 35 628
45 71 3214
45 72 1583
45 12 6018
45 50 1841
45 18 1192
45 52 942
45 5 476
45 19 1464
45 66 4280
45 4 5172
45 41 207
45 27 3266
45 25 5221
45 69 1672
45 70 1524
45 21 5055
45 60 934
45 46 4354
45 38 2672
45 24 1090
46 37 2328
46 19 1777
46 74 1456
46 68 1040
46 28 4852
46 6 4884
46 40 5400
46 69 782
46 4 5164
46 23 4086
46 16 2810
46 51 2595
46 61 1405
46 30 1494
46 3 757
46 70 3866
46 65 142
46 64 2739
46 10 394
46 13 1740
46 18 4645
46 42 4506
46 36 3158
46 38 4760
46 71 5212
46 62 14
46 53 2495
46 31 6220
46 29 5557
46 21 209
46 26 2515
46 45 3152
46 60 2718
46 49 3079
46 48 1729
46 14 5483
46 44 3761
46 57 3001
46 43 4860
46 54 3215
46 25 6168
46 73 823
46 7 269
46 22 4578
46 52 5088
46 75 2090
46 24 167
46 55 6179
46 27 3643
46 50 36
46 66 54
46 34 118
46 5 4618
46 72 1017
46 20 3545
46 58 6291
46 63 836
47 44 2045
47 7 4428
47 36 1986
47 49 2005
47 31 4268
47 50 1685
47 26 2089
47 27 4184
47 46 5557
47 3 3578
47 40 4217
47 32 5228
47 10 3344
47 39 1977
47 2 1915
47 67 5500
47 56 3513
47 54 4065
47 42 1848
47 69 6029
47 17 6068
47 6 1727
47 62 5055
47 73 1224
47 48 739
47 12 3082
47 9 749
47 75 2709
47 20 1598
47 64 5529
47 35 274
47 43 2029
47 37 569
47 68 754
47 4 5931
47 63 5111
47 8 376
47 72 6094
47 71 3284
47 52 2903
47 22 2039
47 14 5115
47 18 1251
47 24 4774
47 11 1689
47 28 418
47 29 4871
47 21 562
47 25 1437
47 61 4435
47 33 2311
47 51 132
47 1 5183
47 58 1681
48 16 6095
48 64 4012
48 22 3265
48 32 193
48 11 1136
48 60 4524
48 58 1693
48 6 2835
48 49 1462
48 27 843
48 20 4260
48 30 3986
48 70 833
48 39 200
48 26 3228
48 8 4518
48 31 3636
48 74 5976
48 35 3821
48 46 597
48 17 6263
48 72 3374
48 29 4483
48 1 5939
48 10 1596
48 42 2577
48 13 1208
48 3 2557
48 23 5781
48 33 2100
48 66 2504
48 38 3483
48 51 4456
48 24 5410
48 44 2399
48 47 3093
48 67 3248
48 69 1582
48 36 4791
48 62 4462
48 41 1847
48 54 456
48 25 2083
48 55 69
48 18 5529
48 65 4279
48 28 226
48 7 4659
48 21 1076
48 63 5201
48 12 4752
48 37 4378
48 75 3678
48 14 1992
49 13 5552
49 9 253
49 27 4385
49 43 3675
49 65 3372
49 56 4085
49 72 4
49 60 3729
49 8 3011
49 46 129
49 50 6275
49 5 3011
49 33 5857
49 55 620
49 23 1987
49 67 5833
49 6 5366
49 29 6074
49 15 1846
49 47 1617
49 64 4868
49 30 5570
49 1 2107
49 25 5639
49 22 599
49 58 5068
49 68 1032
49 61 5279
49 17 4520
49 18 1728
49 69 1332
49 39 151
49 26 1426
49 51 4936
49 12 5391
49 71 319
49 74 4614
49 42 2424
49 52 2057
49 63 5575
49 3 4457
49 40 2785
49 21 1025
49 54 6106
49 31 4825
49 35 70
49 73 4752
49 11 2709
49 66 61
49 75 301
49 44 897
49 59 4875
49 20 3451
49 32 3577
49 2 2401
49 4 4009
49 70 1922
50 62 5319
50 17 958
50 44 1061
50 59 4473
50 25 5159
50 23 3428
50 61 1102
50 57 1283
50 41 6168
50 71 1641
50 72 4060
50 34 2494
50 7 2455
50 67 3234
50 55 5853
50 6 2088
50 65 3060
50 15 1457
50 60 2148
50 16 5306
50 42 5205
50 75 2665
50 13 680
50 35 3949
50 30 4662
50 49 231
50 46 5964
50 73 4855
50 5 2976
50 45 3244
50 9 4135
50 64 3608
50 27 3899
50 1 3050
50 32 463
50 53 1584
50 39 3078
50 12 4035
50 3 1152
50 33 2226
50 68 5322
50 54 2418
50 28 2978
50 22 4833
50 18 1886
50 47 339
50 21 2136
50 70 2532
50 24 839
50 31 1420
50 37 3711
50 26 1259
50 74 4951
50 48 1311
50 36 5338
50 38 5895
50 19 4836
50 40 5878
50 51 3546
51 58 5633
51 55 2821
51 14 1907
51 52 3456
51 36 387
51 19 585
51 28 1769
51 8 4636
51 39 5801
51 1 1104
51 26 1977
51 50 465
51 75 3850
51 70 2284
51 63 4911
51 34 4102
51 18 5585
51 9 2396
51 41 4745
51 45 4396
51 54 26
51 40 5059
51 64 1130
51 35 2063
51 13 283
51 10 6160
51 37 5164
51 49 2178
51 46 3546
51 6 5606
51 74 723
51 15 5195
51 33 2705
51 69 2419
51 5 1368
51 29 2241
51 25 5162
51 59 4590
51 57 1131
51 60 5087
51 44 4349
51 48 527
51 22 884
51 73 1542
51 4 4742
51 7 4507
51 71 3763
51 2 1113
51 27 4593
51 61 2933
51 42 4007
51 24 6087
51 23 2942
52 13 5807
52 53 726
52 20 5137
52 49 2929
52 32 5463
52 61 6230
52 57 1891
52 44 2820
52 64 5686
52 38 2497
52 1 3565
52 48 1440
52 3 6079
52 43 2639
52 56 3682
52 60 4512
52 45 664
52 46 1533
52 9 1711
52 2 1026
52 71 1559
52 37 709
52 29 2686
52 67 1370
52 10 811
52 34 3685
52 58 4330
52 75 3801
52 26 4059
52 68 423
52 23 1338
52 30 160
52 66 2300
52 8 1425
52 24 2208
52 28 4142
52 62 795
52 27 967
52 33 5228
52 54 3697
52 73 4101
52 74 4340
52 16 992
52 25 2756
52 50 3235
52 59 5835
52 63 737
52 70 5410
52 40 1233
52 35 917
52 19 2951
52 22 3715
52 14 3223
52 47 5553
52 31 5156
52 72 5693
52 42 5900
52 15 3570
52 65 1653
52 6 4157
52 39 239
52 7 2454
53 39 585
53 36 6159
53 15 5278
53 12 5945
53 10 5347
53 75 189
53 8 6077
53 43 5888
53 34 1566
53 3 3270
53 74 4250
53 54 187
53 24 5305
53 44 4184
53 56 1892
53 42 5290
53 58 1040
53 72 2014
53 30 1111
53 6 2220
53 46 109
53 73 1811
53 37 169
53 51 6093
53 13 1190
53 71 555
53 47 5247
53 68 4806
53 62 3212
53 61 1127
53 65 1678
53 48 2116
53 70 2945
53 2 5938
53 17 5349
53 63 2350
53 11 6255
53 59 2786
53 38 3846
53 64 1577
53 66 6168
53 9 5632
53 27 3318
53 16 2125
53 32 3409
53 4 516
53 52 277
53 7 5176
53 5 1347
53 26 985
54 57 6192
54 21 5502
54 34 5397
54 55 3322
54 5 2897
54 17 5764
54 53 4014
54 61 4458
54 27 391
54 25 4843
54 7 5187
54 63 2103
54 24 1351
54 33 1088
54 2 362
54 59 2479
54 18 6270
54 65 6070
54 47 2845
54 31 3487
54 20 1938
54 3 5310
54 66 512
54 51 553
54 15 1221
54 73 2653
54 22 4481
54 11 6083
54 69 5806
54 42 1880
54 29 1435
54 48 1443
54 38 5499
54 70 2135
54 30 18
54 13 3335
54 8 1263
54 12 5514
54 14 5851
54 41 1011
54 36 4567
54 60 2732
54 45 5421
54 71 1712
54 44 37
54 52 1883
54 32 3067
54 56 4144
54 37 6038
54 35 572
54 58 5282
54 6 2775
54 68 1988
54 43 5605
54 28 672
54 23 3603
54 1 3049
54 16 4002
54 4 2860
54 72 5933
54 10 5059
55 66 3086
55 20 5554
55 16 6150
55 51 1856
55 58 5451
55 59 4395
55 60 2132
55 75 2895
55 47 4383
55 29 4150
55 2 5436
55 42 1789
55 40 3584
55 14 1398
55 11 5217
55 31 3902
55 21 3658
55 9 964
55 22 2426
55 52 4204
55 48 5914
55 63 5912
55 49 1105
55 36 1209
55 45 3924
55 10 3582
55 46 3541
55 30 5883
55 24 4988
55 33 2251
55 25 1540
55 70 4054
55 61 3364
55 64 1942
55 6 5640
55 32 3558
55 43 3004
55 7 1366
55 68 4104
55 1 1114
55 65 5270
55 15 1784
55 54 3363
55 39 4966
55 37 440
55 74 218
55 12 3129
55 44 312
55 71 5545
55 13 6110
55 73 4986
55 4 4778
55 41 5349
55 67 1643
55 53 5052
55 27 928
55 34 5185
55 50 4622
55 17 4935
55 69 4951
55 18 860
55 62 4962
55 28 5401
56 45 3522
56 65 593
56 62 5313
56 26 4843
56 36 3006
56 47 5508
56 34 6101
56 74 6202
56 71 2303
56 16 3210
56 17 2047
56 9 3110
56 11 5146
56 52 6239
56 40 975
56 15 3464
56 30 5846
56 43 1010
56 25 1974
56 44 5785
56 29 3130
56 50 2675
56 13 3293
56 55 5655
56 58 3697
56 66 4481
56 63 2947
56 57 297
56 12 4281
56 7 1573
56 49 2651
56 61 5879
56 19 837
56 42 981
56 72 6052
56 24 2742
56 69 1978
56 10 2623
56 20 987
56 2 5886
56 41 4740
56 48 1412
56 75 4843
56 33 5015
56 64 238
56 5 3740
56 70 5848
56 46 2454
56 21 4719
56 53 170
56 6 4887
56 27 562
56 51 5679
56 67 2408
56 59 746
56 35 1074
56 32 3306
56 73 3494
56 18 1881
56 22 5259
56 23 6062
57 69 5927
57 50 4686
57 65 638
57 18 2227
57 70 1912
57 20 4650
57 73 815
57 15 5851
57 61 5544
57 74 3664
57 7 518
57 2 2773
57 47 3867
57 56 4219
57 68 5315
57 40 1359
57 75 3311
57 27 1171
57 55 2018
57 25 3494
57 51 35
57 46 5371
57 59 1452
57 9 6224
57 11 6196
57 17 2257
57 19 3459
57 72 3535
57 62 1757
57 12 3478
57 38 2390
57 52 2934
57 5 2507
57 1 189
57 49 3613
57 67 594
57 58 1813
57 54 3994
57 53 1527
57 16 606
57 21 4212
57 44 3385
57 30 2407
57 23 208
57 39 4580
57 45 1288
57 3 4045
57 26 2758
57 37 153
57 13 4079
57 36 3458
57 22 5643
57 24 1278
57 63 1814
58 42 920
58 35 3900
58 26 2445
58 63 1878
58 18 3910
58 30 3539
58 5 5770
58 16 1560
58 8 5008
58 36 5806
58 71 3869
58 62 2256
58 44 1888
58 48 4985
58 9 4239
58 45 2325
58 47 2494
58 54 141
58 39 3913
58 70 5659
58 73 2029
58 66 2206
58 28 5015
58 59 3045
58 32 3702
58 65 3111
58 37 1374
58 43 2887
58 29 1733
58 55 3861
58 31 3223
58 75 6155
58 56 4844
58 72 4882
58 57 4669
58 68 2107
58 46 3722
58 51 5016
58 64 823
58 24 5019
58 61 953
58 12 5376
58 52 2742
58 38 3693
58 69 3270
58 13 6202
58 10 4583
58 40 2483
58 53 2454
58 27 881
58 67 5508
58 3 1796
58 19 4245
58 60 46
58 22 4388
58 50 407
58 7 3874
58 21 1394
58 41 5821
59 31 2149
59 21 1812
59 39 707
59 38 1506
59 25 6148
59 5 5893
59 62 2820
59 63 706
59 48 1250
59 29 2383
59 26 728
59 45 285
59 15 4730
59 28 5560
59 51 3440
59 56 5387
59 32 4086
59 41 4238
59 54 419
59 36 6003
59 42 1118
59 23 6149
59 66 2983
59 30 5907
59 4 5839
59 8 6124
59 52 3763
59 60 1176
59 74 6
59 16 2403
59 55 2602
59 43 4444
59 61 4422
59 65 5141
59 7 3147
59 44 1783
59 58 4638
59 73 4662
59 33 1338
59 6 3854
59 75 1278
59 57 3836
59 50 2684
59 72 294
59 24 152
59 18 2012
59 12 457
59 13 4874
59 20 6130
59 68 4893
59 17 5097
59 40 164
59 46 2957
59 64 4264
59 49 2993
59 53 5298
59 11 1583
59 9 1810
60 68 768
60 59 3
60 7 279
60 26 716
60 63 4194
60 58 2088
60 33 448
60 11 4213
60 43 126
60 70 86
60 25 2112
60 66 2180
60 34 2789
60 18 1075
60 49 4210
60 39 4825
60 13 4082
60 45 2053
60 40 4346
60 23 5141
60 36 3489
60 9 4517
60 37 5349
60 10 6226
60 28 1372
60 44 6126
60 53 79
60 27 5115
60 29 2987
60 17 2023
60 35 4276
60 5 3832
60 38 6228
60 46 1577
60 55 2154
60 8 2615
60 50 6053
60 67 2110
60 21 1421
60 3 4199
60 4 971
60 31 1212
60 6 231
60 64 2929
60 72 6079
60 24 3389
60 15 970
60 30 3263
60 54 1156
60 32 387
60 42 4674
60 1 1881
60 19 315
60 22 3927
60 65 4317
60 2 672
60 56 5702
60 48 4866
61 34 96
61 38 10
61 5 731
61 54 6161
61 29 5807
61 8 6067
61 16 11
61 64 6135
61 4 2549
61 55 2892
61 26 2361
61 48 884
61 72 501
61 42 501
61 36 2740
61 44 1867
61 57 6210
61 52 5392
61 67 3310
61 73 4965
61 18 5015
61 7 4457
61 47 6196
61 56 4025
61 74 1686
61 41 5205
61 11 1451
61 35 326
61 70 2512
61 2 916
61 75 250
61 15 3710
61 50 3954
61 21 5501
61 3 3669
61 39 4702
61 9 730
61 53 525
61 58 3080
61 23 5586
61 28 4905
61 30 704
61 22 3015
61 63 2824
61 40 4096
61 69 1577
61 33 611
61 6 4539
61 66 1388
61 32 4026
61 20 4249
61 68 3145
62 23 6060
62 48 4148
62 28 3939
62 25 2376
62 55 2601
62 8 649
62 31 2788
62 19 3812
62 44 4105
62 57 1432
62 33 5043
62 14 2975
62 42 2814
62 47 2958
62 2 5077
62 5 4388
62 71 315
62 40 1782
62 66 6230
62 35 2897
62 27 3592
62 56 4800
62 52 1424
62 15 1891
62 61 987
62 74 2784
62 63 4631
62 73 3855
62 22 1541
62 4 207
62 16 1997
62 32 3903
62 59 4306
62 70 700
62 29 2296
62 30 2350
62 38 4169
62 17 743
62 75 1791
62 1 2811
62 9 4875
62 46 1702
62 20 5364
62 41 4781
62 13 2526
62 7 5851
62 21 1058
62 58 4579
62 43 4459
62 54 1620
62 6 4074
62 10 453
62 72 162
62 50 338
62 65 4511
62 24 997
63 22 3701
63 23 2488
63 4 2880
63 42 3313
63 26 1198
63 39 3162
63 29 3196
63 37 2687
63 66 5020
63 20 1004
63 46 5869
63 57 4713
63 6 5843
63 24 1076
63 60 2021
63 19 2571
63 36 458
63 5 2176
63 52 1845
63 68 4341
63 18 931
63 51 4440
63 48 2421
63 38 2580
63 32 5942
63 65 1313
63 1 542
63 8 4214
63 55 2312
63 34 5749
63 13 1368
63 58 201
63 73 5533
63 47 2189
63 69 3936
63 50 3294
63 49 3885
63 44 447
63 28 883
63 21 3979
63 7 4555
63 43 2312
63 74 373
63 53 1292
63 61 4684
63 70 382
63 33 5026
63 10 5593
63 2 3941
63 45 3827
63 56 1427
63 9 813
63 35 6155
63 75 3501
63 30 853
64 9 1901
64 66 494
64 30 3227
64 49 3205
64 31 2953
64 74 4232
64 21 1085
64 75 2516
64 72 1954
64 45 5901
64 34 1483
64 1 223
64 37 3180
64 4 4422
64 3 3056
64 43 6084
64 18 1331
64 6 4814
64 5 5937
64 41 4596
64 47 4272
64 29 5428
64 27 1017
64 58 6165
64 65 5839
64 46 5056
64 19 3118
64 22 5897
64 50 4802
64 16 4214
64 20 747
64 44 3627
64 24 2896
64 59 2616
64 54 5385
64 56 2515
64 40 223
64 7 848
64 14 390
64 61 1667
64 38 4510
64 70 2079
64 67 3237
64 35 3452
64 71 788
64 33 4414
64 17 5687
64 8 386
64 51 2876
64 28 422
64 73 5502
64 12 5816
65 74 4053
65 15 2507
65 36 1941
65 17 3290
65 70 3062
65 44 140
65 67 3374
65 55 3264
65 23 3827
65 26 815
65 18 830
65 9 1225
65 59 3214
65 10 3164
65 57 3296
65 42 992
65 1 2298
65 71 6263
65 75 1217
65 22 4160
65 29 928
65 62 3290
65 48 3746
65 6 5570
65 72 3068
65 34 2164
65 12 5900
65 50 6238
65 40 1417
65 61 2508
65 56 831
65 41 2263
65 28 829
65 16 3984
65 49 62
65 4 4559
65 14 768
65 69 5569
65 68 6238
65 21 1390
65 46 3384
65 5 4660
65 11 1564
65 33 624
65 30 5300
65 24 4574
65 39 4362
65 47 6223
65 45 2544
65 54 9
65 58 334
65 7 2559
65 38 3308
65 2 4554
65 53 4434
65 64 5310
65 31 1270
65 13 5253
65 60 1335
65 32 3086
65 37 2959
66 45 1270
66 43 4079
66 49 3719
66 74 3340
66 68 6121
66 56 5650
66 4 698
66 39 4817
66 36 6119
66 1 4351
66 15 2286
66 16 1019
66 64 5505
66 35 3070
66 73 1977
66 8 3272
66 63 3783
66 72 2199
66 10 246
66 57 1776
66 55 3540
66 71 4462
66 13 1623
66 37 2086
66 5 5545
66 59 4384
66 28 3653
66 70 4131
66 62 1025
66 69 66
66 46 5299
66 50 4228
66 20 5430
66 9 4563
66 42 2031
66 40 1312
66 12 2930
66 52 1981
66 21 6179
66 65 4678
66 34 295
66 3 1665
66 14 4145
66 25 3022
66 31 5044
66 32 4794
66 33 2595
66 61 2716
66 51 4728
66 18 2610
66 47 4166
66 27 5336
66 44 5311
66 2 1646
66 19 4386
67 15 5324
67 12 3503
67 7 2227
67 58 4539
67 66 2431
67 29 4353
67 27 1869
67 74 5123
67 73 4654
67 63 2855
67 3 91
67 48 394
67 38 2570
67 26 3133
67 10 290
67 43 5342
67 55 250
67 40 4842
67 41 1161
67 23 1049
67 18 900
67 20 4309
67 65 1382
67 30 695
67 61 1324
67 25 238
67 13 5643
67 46 1374
67 6 835
67 14 747
67 11 2783
67 44 4443
67 70 5497
67 47 5601
67 51 6092
67 1 3077
67 2 6188
67 45 3025
67 64 666
67 31 5198
67 59 1123
67 37 2929
67 36 5070
67 50 2874
67 68 3469
67 24 2709
67 52 4116
67 19 1595
67 33 3945
67 54 5765
67 9 1402
67 16 4151
67 35 5311
68 58 1888
68 14 2796
68 47 1429
68 37 4044
68 42 5169
68 1 5358
68 60 5958
68 20 1333
68 11 1976
68 21 917
68 45 2472
68 7 2863
68 54 742
68 59 6054
68 36 2976
68 27 3139
68 55 1401
68 30 1500
68 23 4525
68 35 1219
68 16 3268
68 75 5651
68 63 6082
68 9 4491
68 43 3041
68 31 619
68 3 2509
68 53 3158
68 66 669
68 26 6000
68 57 5812
68 8 3920
68 64 1907
68 29 6067
68 44 5838
68 13 3697
68 71 201
68 25 1550
68 39 5712
68 33 4700
68 34 4559
68 32 6109
68 12 5618
68 70 4758
68 73 5235
68 2 384
68 61 6102
68 56 6206
68 51 4715
68 22 2567
68 48 448
68 72 97
68 10 3327
68 17 3610
68 4 5516
68 49 3811
69 29 2593
69 8 1488
69 62 988
69 26 4769
69 75 1818
69 19 3259
69 72 4565
69 73 933
69 67 6292
69 55 5816
69 60 361
69 13 4219
69 11 3406
69 56 881
69 17 4708
69 34 4983
69 47 5497
69 42 2714
69 28 5909
69 61 1358
69 64 1657
69 12 4886
69 25 5500
69 59 1420
69 44 3146
69 52 969
69 49 1948
69 38 2255
69 24 5229
69 20 814
69 6 1750
69 70 214
69 58 4704
69 4 1335
69 48 5925
69 30 1180
69 9 2745
69 36 2382
69 22 158
69 14 2827
69 3 2034
69 54 3890
69 18 3988
69 53 858
69 57 4491
69 1 2268
69 45 4554
69 37 4380
69 23 3324
69 74 4804
69 35 4179
69 2 4574
69 63 3533
69 43 1693
69 39 4879
70 69 276
70 54 263
70 71 4714
70 2 6152
70 3 3455
70 73 5121
70 18 4724
70 45 2671
70 34 4384
70 50 4601
70 49 5016
70 20 2075
70 39 1257
70 14 4856
70 9 2769
70 22 5717
70 30 4116
70 74 3903
70 25 1
70 11 1425
70 61 2934
70 8 5282
70 27 1583
70 66 5230
70 65 39
70 59 3878
70 7 2875
70 33 2781
70 47 1885
70 5 4854
70 1 5352
70 12 1279
70 53 1809
70 21 1946
70 17 3966
70 46 1470
70 44 2650
70 72 2582
70 68 3458
70 4 1676
70 36 2926
70 52 2399
70 57 5597
70 75 1469
70 40 4363
70 31 2373
70 19 2716
70 56 2508
70 43 870
70 29 3933
70 58 6090
70 28 570
70 13 4038
70 55 1457
70 62 2523
70 42 5566
70 41 1095
70 37 1259
70 38 1196
71 30 3708
71 51 613
71 48 3747
71 32 874
71 2 5585
71 8 4253
71 69 4729
71 61 28
71 25 4147
71 54 3908
71 55 749
71 29 5497
71 44 1527
71 22 1478
71 21 1297
71 40 2039
71 70 2509
71 13 2731
71 16 495
71 17 6139
71 65 5000
71 60 135
71 14 4954
71 20 2998
71 49 43
71 46 2262
71 3 2256
71 31 3517
71 39 1977
71 42 5135
71 6 2332
71 50 2497
71 68 2186
71 64 2450
71 45 4101
71 53 929
71 62 2507
71 26 2909
71 5 465
71 41 3017
71 47 1155
71 34 1351
71 58 3532
71 4 5108
71 72 5893
71 1 1920
71 52 2019
71 75 4239
72 73 986
72 21 3305
72 14 3093
72 52 6186
72 3 1285
72 50 4329
72 28 945
72 4 3709
72 59 4681
72 6 5296
72 36 3533
72 10 110
72 24 2277
72 17 4962
72 55 3509
72 69 5429
72 8 5784
72 64 772
72 68 5210
72 35 4053
72 11 6255
72 48 2982
72 75 5542
72 62 1254
72 31 2922
72 66 5514
72 5 5305
72 16 119
72 26 96
72 51 2335
72 27 5965
72 34 2102
72 43 256
72 33 2220
72 67 3388
72 32 5591
72 18 5146
72 30 4740
72 49 1729
72 42 4506
72 71 453
72 22 2978
72 12 3520
72 65 2220
72 57 2374
72 45 1858
72 60 1402
72 74 3322
72 37 2006
72 13 1165
72 61 3917
72 29 3406
72 7 2402
72 15 723
72 1 4626
72 47 2870
73 24 836
73 10 1560
73 17 4931
73 27 3511
73 23 3616
73 14 4001
73 37 208
73 44 3898
73 59 3963
73 26 304
73 53 1769
73 52 2981
73 18 457
73 39 1266
73 25 4409
73 20 1686
73 6 596
73 45 3985
73 30 817
73 72 2765
73 68 5889
73 71 625
73 42 2021
73 75 5841
73 21 1398
73 5 5512
73 12 316
73 74 1275
73 35 5410
73 22 1867
73 31 4914
73 15 3094
73 64 1485
73 19 523
73 36 4265
73 60 4977
73 41 5193
73 11 4876
73 34 68
73 47 4317
73 40 777
73 13 763
73 65 4716
73 62 2740
73 33 4629
73 8 4005
73 4 4986
73 70 5285
73 56 5512
73 46 668
73 28 4854
73 69 2683
73 49 3704
74 67 5327
74 32 3144
74 27 4987
74 46 853
74 1 3223
74 36 2188
74 48 1086
74 59 2413
74 33 3541
74 9 3964
74 8 957
74 72 3934
74 41 3886
74 29 5133
74 52 5783
74 34 3933
74 56 3298
74 28 2161
74 11 1197
74 12 5967
74 64 1037
74 63 5736
74 51 3258
74 62 1774
74 42 5600
74 24 4815
74 10 4306
74 57 4404
74 21 3328
74 58 1587
74 14 5849
74 54 2664
74 6 133
74 47 1509
74 22 4556
74 20 3612
74 66 1785
74 68 178
74 39 1962
74 16 3450
74 70 5923
74 5 570
74 38 3975
74 4 5800
74 25 5962
74 40 3232
74 65 3878
74 43 971
74 3 1583
74 44 5245
74 7 3360
74 61 2140
74 23 4918
74 55 628
75 36 4941
75 21 4031
75 43 2190
75 66 3511
75 34 946
75 42 5810
75 54 5315
75 63 3111
75 14 1000
75 68 4821
75 59 215
75 56 4099
75 47 5302
75 5 802
75 50 1301
75 13 3816
75 46 5135
75 67 2034
75 27 2783
75 39 6225
75 17 442
75 35 1294
75 9 5348
75 62 4718
75 2 909
75 57 5047
75 6 4057
75 74 698
75 38 3357
75 40 2785
75 48 6236
75 18 2004
75 11 1508
75 51 4353
75 65 2268
75 49 5038
75 72 1756
75 4 4929
75 8 218
75 28 5145
75 24 3368
75 31 5747
75 3 1305
75 23 5975
75 41 5803
75 1 124
75 37 5283
75 55 5405
75 32 1326
75 33 547
