75 4200
1 54 3575
1 68 3179
1 70 5557
1 14 4080
1 65 2002
1 7 2661
1 41 1039
1 64 5766
1 19 2650
1 9 999
1 61 4870
1 75 5975
1 34 3050
1 63 2998
1 6 2364
1 3 1662
1 60 868
1 27 702
1 57 3769
1 28 1625
1 49 1301
1 43 2026
1 67 3508
1 10 3745
1 72 5511
1 32 4252
1 21 1999
1 13 785
1 36 2803
1 56 1080
1 5 992
1 74 5345
1 42 4060
1 52 2647
1 48 4405
1 30 5982
1 4 2202
1 22 303
1 71 5642
1 73 5021
1 23 5389
1 16 5632
1 51 4218
1 39 3535
1 24 3991
1 8 3305
1 46 2312
1 45 3174
1 53 4977
1 40 3658
1 20 6047
1 11 3804
1 50 2546
1 17 529
1 37 1770
1 15 2047
1 31 2085
1 66 3017
1 35 4865
2 40 1634
2 42 3744
2 15 2196
2 64 45
2 71 4490
2 31 1935
2 10 4726
2 51 5184
2 6 1181
2 17 1533
2 44 4659
2 14 5391
2 58 571
2 48 5434
2 8 5922
2 36 2109
2 59 617
2 63 1895
2 16 1025
2 19 4237
2 57 5707
2 53 4344
2 56 5249
2 67 5773
2 55 234
2 30 5638
2 23 203
2 62 2838
2 27 6284
2 45 3789
2 73 1305
2 24 4412
2 68 2985
2 28 2894
2 61 3162
2 50 187
2 5 1214
2 4 3178
2 47 242
2 20 2682
2 33 6175
2 9 1162
2 11 2854
2 39 3204
2 12 4838
2 1 2184
2 72 987
2 54 851
2 46 5230
2 75 3876
2 13 5991
2 38 4082
3 52 1672
3 30 1651
3 14 4480
3 59 1435
3 54 3274
3 31 5032
3 66 3043
3 46 502
3 21 6157
3 7 1615
3 20 4660
3 49 5659
3 28 3164
3 53 2598
3 51 5069
3 24 3490
3 69 3406
3 5 3878
3 71 3540
3 47 5757
3 8 3632
3 44 5973
3 42 148
3 23 1852
3 75 2264
3 64 3631
3 33 2586
3 68 3866
3 10 3434
3 55 4016
3 60 630
3 63 2937
3 37 6272
3 61 2905
3 16 3164
3 17 3414
3 34 3309
3 70 3576
3 29 544
3 12 5225
3 2 5599
3 35 1106
3 65 2262
3 45 3948
3 13 1342
3 26 5212
3 48 6248
3 15 1070
3 32 2283
3 67 2859
3 39 3892
3 58 582
3 43 5425
3 62 4269
3 4 2118
4 38 1761
4 17 1165
4 59 3714
4 35 929
4 73 315
4 22 6183
4 44 5120
4 24 1098
4 19 772
4 49 4413
4 70 1871
4 75 1338
4 39 661
4 74 2144
4 23 3348
4 61 611
4 37 1617
4 2 2868
4 3 1469
4 55 4255
4 11 2977
4 42 1455
4 9 338
4 40 2220
4 47 1525
4 48 2196
4 64 3881
4 60 293
4 68 3796
4 31 2329
4 52 4604
4 14 5174
4 72 2524
4 67 5854
4 8 205
4 6 667
4 36 1730
4 20 6274
4 25 4091
4 1 887
4 41 5599
4 29 4069
4 66 234
4 16 3569
4 15 2732
4 57 2260
4 33 2259
4 21 798
4 54 333
4 62 4865
4 46 785
4 28 5782
4 27 5208
4 13 6104
4 53 5833
4 63 1617
4 71 1156
4 30 1343
4 18 3317
5 45 401
5 55 1391
5 41 2326
5 37 5844
5 3 2348
5 42 6136
5 62 1484
5 31 4583
5 30 3756
5 12 3677
5 44 5385
5 56 4507
5 17 2535
5 71 1725
5 75 4537
5 25 5125
5 38 3431
5 39 3090
5 14 1942
5 53 4170
5 70 2896
5 27 1774
5 63 4828
5 9 4577
5 69 3164
5 23 2773
5 1 5222
5 29 2229
5 65 1189
5 49 276
5 72 449
5 57 3104
5 74 4380
5 50 4499
5 48 3419
5 33 5962
5 4 1093
5 6 5548
5 58 5577
5 21 1357
5 8 1501
5 26 6197
5 51 2315
5 61 749
5 15 3189
5 73 2820
5 68 1993
5 7 2668
5 66 1734
6 19 1077
6 37 1239
6 8 6106
6 30 1679
6 28 4587
6 48 3955
6 54 3040
6 50 6230
6 38 659
6 46 5437
6 13 5170
6 72 3116
6 29 743
6 49 6160
6 61 3441
6 5 1073
6 62 185
6 9 2258
6 53 1727
6 70 1961
6 75 929
6 24 2077
6 47 2246
6 20 1771
6 41 3343
6 73 5463
6 3 3298
6 31 5230
6 57 1561
6 68 4015
6 40 4762
6 35 4264
6 7 4187
6 66 4914
6 59 2733
6 55 2088
6 51 4103
6 4 1836
6 23 495
6 58 5425
6 43 4244
6 74 2301
6 65 1104
6 18 1629
6 36 1516
6 32 4680
6 10 5908
7 47 659
7 15 1116
7 11 4240
7 26 1532
7 64 1353
7 30 2580
7 14 2543
7 1 750
7 16 1769
7 18 4798
7 75 4478
7 44 820
7 12 2377
7 32 5621
7 49 451
7 51 4811
7 54 5391
7 23 1709
7 31 1557
7 59 1818
7 19 2606
7 67 5009
7 69 3145
7 5 5229
7 17 909
7 37 2735
7 8 1409
7 74 5960
7 65 4289
7 53 3759
7 24 1524
7 72 4930
7 22 3277
7 62 56
7 10 2563
7 39 2657
7 45 5051
7 68 1750
7 60 1124
7 9 2470
7 36 4618
7 52 2429
7 71 2703
7 21 539
7 38 82
7 2 1972
7 55 5288
7 29 3713
7 56 711
7 57 1670
8 22 4453
8 7 5111
8 46 4557
8 18 2827
8 60 1786
8 71 5566
8 42 2206
8 67 5758
8 58 6288
8 39 713
8 21 3086
8 66 4165
8 70 3840
8 2 5297
8 35 5858
8 13 338
8 74 5118
8 20 5913
8 23 4682
8 57 3080
8 6 4332
8 47 3971
8 43 1486
8 16 5104
8 27 4654
8 41 321
8 65 5166
8 38 2235
8 49 4256
8 40 3291
8 59 3836
8 31 5706
8 72 3281
8 29 4528
8 9 4288
8 64 4094
8 3 2868
8 68 4100
8 4 4122
8 5 3702
8 1 5938
8 37 292
8 26 1897
8 48 3762
8 11 3290
8 15 4222
8 52 4622
8 75 450
9 51 5251
9 57 4983
9 27 1528
9 28 4774
9 49 2323
9 17 5903
9 33 1435
9 64 2409
9 71 1021
9 40 3659
9 30 4465
9 66 1858
9 4 529
9 3 3806
9 16 5966
9 67 2582
9 24 479
9 58 1644
9 55 4366
9 73 974
9 60 37
9 56 2261
9 72 4044
9 20 4328
9 25 2654
9 59 4569
9 53 2462
9 8 399
9 34 1437
9 69 492
9 35 1765
9 38 4796
9 39 3340
9 63 3923
9 2 689
9 32 5477
9 44 4892
9 42 690
9 18 5234
9 54 3935
9 5 1347
9 21 3874
9 68 1975
9 12 4420
9 61 2785
9 47 2287
9 65 3063
9 70 367
9 74 1337
9 37 4981
9 43 2893
9 7 2909
9 10 1413
9 6 91
9 14 4332
9 45 4960
9 46 4838
9 41 4421
10 59 4511
10 61 5604
10 74 3030
10 15 5552
10 17 879
10 46 5579
10 38 761
10 36 6105
10 54 1595
10 49 2179
10 73 4347
10 42 2125
10 33 5118
10 45 5652
10 68 413
10 22 4851
10 53 5006
10 50 2765
10 7 337
10 39 4327
10 41 873
10 30 2071
10 9 1105
10 63 4589
10 51 4371
10 13 5416
10 29 1090
10 8 4355
10 1 1364
10 4 1187
10 60 5510
10 12 5670
10 23 5472
10 6 4329
10 72 4554
10 26 2279
10 20 2337
10 34 5203
10 25 1599
10 48 3780
10 47 4268
10 35 3524
10 58 1883
10 64 688
10 66 874
10 31 4664
10 11 2154
10 16 1334
10 32 1290
10 69 5880
10 27 4048
10 62 5991
11 57 3618
11 59 5108
11 66 5552
11 15 3782
11 1 5447
11 74 5722
11 37 4642
11 72 3482
11 67 3743
11 19 4133
11 29 5206
11 7 2144
11 47 4957
11 30 776
11 73 6109
11 39 1579
11 23 4866
11 2 2182
11 61 1826
11 6 1638
11 35 4550
11 52 3051
11 17 1307
11 26 3982
11 36 5628
11 38 3842
11 43 1392
11 34 5263
11 24 5802
11 22 1405
11 41 2143
11 75 1508
11 13 2271
11 65 4845
11 48 3901
11 71 5692
11 44 5913
11 28 5446
11 32 1500
11 55 40
11 3 3729
11 51 4914
11 20 3086
11 60 373
11 12 2605
11 16 2300
11 58 2712
11 25 154
11 50 2618
11 68 1057
11 14 4443
11 49 6248
11 42 1805
11 9 1689
11 54 4294
11 33 3210
11 45 4037
12 24 5761
12 36 879
12 54 5454
12 5 4344
12 35 311
12 10 550
12 38 3688
12 2 458
12 43 5523
12 46 167
12 66 3889
12 71 3230
12 22 2453
12 28 2062
12 73 4309
12 65 4519
12 34 874
12 60 5129
12 44 2158
12 7 4466
12 19 2974
12 55 2472
12 52 4396
12 25 2749
12 1 393
12 40 2192
12 31 2668
12 58 534
12 14 153
12 18 375
12 64 5982
12 30 4590
12 8 3524
12 15 2404
12 61 4980
12 59 1022
12 26 5686
12 74 494
12 45 4876
12 33 4289
12 39 5801
12 9 2605
12 69 1461
12 57 1083
12 72 3225
12 17 4279
12 32 3845
12 49 2312
12 3 4690
12 70 1530
12 56 4786
12 47 5287
12 48 4461
12 13 5713
12 51 5645
12 6 1044
12 67 382
12 20 723
12 68 1551
12 29 2478
12 21 667
12 42 2528
12 41 5875
13 20 5192
13 43 1772
13 64 3252
13 51 957
13 2 703
13 26 4510
13 31 4319
13 30 6280
13 45 4239
13 55 1404
13 1 482
13 34 4231
13 56 3680
13 66 4071
13 17 4119
13 62 6156
13 69 3389
13 72 2179
13 41 4647
13 32 3662
13 60 4470
13 3 6182
13 40 5807
13 4 2397
13 74 5998
13 65 2735
13 75 5552
13 47 3394
13 37 3708
13 36 5411
13 8 4379
13 46 4680
13 27 3123
13 39 5903
13 28 705
13 7 1253
13 71 1440
13 15 1661
13 12 5194
13 52 1850
13 5 2890
13 6 5191
13 22 2109
13 48 4045
13 16 3114
13 63 3283
13 50 3705
13 24 2090
13 38 3399
13 57 4710
13 53 239
13 35 4778
13 9 5287
13 61 6220
14 8 2420
14 23 63
14 4 5063
14 6 871
14 39 3676
14 60 2911
14 63 3583
14 65 1013
14 30 5653
14 17 4943
14 62 1953
14 25 5789
14 21 550
14 35 1459
14 12 3337
14 49 3812
14 36 3726
14 33 1107
14 69 6245
14 52 3858
14 58 5423
14 27 1633
14 55 1819
14 34 2013
14 7 4558
14 42 3045
14 11 1627
14 20 835
14 47 5425
14 64 5002
14 68 2400
14 37 263
14 48 6137
14 45 4300
14 9 1957
14 5 373
14 44 736
14 73 1602
14 2 4111
14 29 3855
14 18 2254
14 56 4063
14 59 352
14 41 4720
14 10 921
14 74 1954
14 50 3836
14 57 3766
14 3 606
14 46 178
14 16 1855
14 66 5839
14 51 2981
14 24 4081
14 70 3691
14 43 4789
14 1 5137
14 75 6296
15 43 4117
15 5 387
15 6 3076
15 20 1298
15 56 5186
15 40 3868
15 26 212
15 59 715
15 58 3217
15 49 4632
15 54 2785
15 62 3960
15 8 5347
15 14 5727
15 3 2041
15 45 258
15 35 2636
15 53 2940
15 44 5209
15 52 4222
15 64 1102
15 2 5912
15 34 2401
15 48 3745
15 7 3850
15 67 5370
15 72 1789
15 74 2948
15 66 4054
15 70 1180
15 47 2372
15 33 1822
15 61 2419
15 10 3845
15 17 114
15 23 4709
15 4 6154
15 39 3070
15 21 4391
15 31 5887
15 65 2831
15 75 2680
15 18 5108
15 41 3429
15 12 5068
15 73 6226
15 42 1752
15 69 4373
15 22 6223
15 60 147
15 1 5373
15 25 2692
15 13 1689
15 50 772
15 32 4964
16 15 437
16 2 2065
16 36 5945
16 35 2719
16 31 5636
16 10 5156
16 7 816
16 33 2544
16 74 4923
16 9 3336
16 30 148
16 46 4047
16 11 100
16 50 454
16 5 3877
16 53 745
16 14 4920
16 38 4011
16 24 3916
16 68 4032
16 3 3047
16 25 3492
16 12 3851
16 48 2078
16 37 1089
16 18 948
16 60 1495
16 34 4338
16 63 3331
16 20 2656
16 1 4030
16 41 498
16 69 5916
16 64 917
16 54 6074
16 61 396
16 45 827
16 39 5443
16 19 5538
16 4 5982
16 47 4879
16 32 1382
16 67 4427
16 21 610
16 52 5266
16 57 5953
16 42 5527
16 56 6181
16 26 2500
16 55 2435
16 8 2742
16 44 560
16 70 434
16 6 3801
16 17 1751
16 40 5994
17 36 5190
17 75 2754
17 45 4542
17 37 5363
17 10 4374
17 2 4958
17 29 5530
17 67 2595
17 60 2838
17 27 6071
17 58 5690
17 52 724
17 59 326
17 18 1082
17 7 3328
17 26 3481
17 72 3322
17 42 5669
17 16 1473
17 25 856
17 43 2567
17 40 2453
17 66 5245
17 49 607
17 46 5526
17 13 182
17 68 611
17 73 5005
17 50 2075
17 69 6282
17 4 5022
17 54 4554
17 8 2719
17 47 2831
17 19 2860
17 64 3724
17 21 4640
17 20 3366
17 1 2798
17 41 1727
17 71 5759
17 23 3173
17 56 2963
17 11 2791
17 28 4530
17 74 544
17 9 219
17 24 3043
17 63 3630
17 35 1787
17 62 2083
17 38 1290
17 55 871
17 5 3538
17 70 747
17 33 1765
17 14 1263
17 65 6290
17 31 4100
17 53 3914
18 8 2813
18 14 4107
18 68 2715
18 46 5663
18 9 3880
18 43 4379
18 74 1885
18 67 3946
18 16 883
18 13 1327
18 30 4331
18 39 2377
18 54 1594
18 48 2749
18 38 1178
18 11 5329
18 34 3202
18 26 281
18 70 2451
18 6 2587
18 64 842
18 29 705
18 37 2200
18 50 3978
18 5 3363
18 23 5452
18 40 4713
18 56 691
18 59 993
18 10 3120
18 65 666
18 17 3318
18 53 3226
18 21 4200
18 15 2648
18 42 5759
18 57 103
18 35 2741
18 73 4432
18 24 1406
18 28 5506
18 45 3595
18 2 2262
18 58 1028
18 3 6058
18 4 5666
18 61 2683
18 71 1769
18 47 4019
18 20 5481
18 66 1082
18 60 1083
18 44 3904
18 49 734
18 36 5255
18 63 256
19 50 3614
19 36 1959
19 30 295
19 43 640
19 68 1075
19 54 5029
19 74 2107
19 10 5582
19 34 3078
19 24 3089
19 6 2555
19 55 4019
19 57 2179
19 28 2724
19 51 5272
19 17 781
19 35 4426
19 16 5549
19 2 1029
19 60 6001
19 41 379
19 1 6187
19 3 311
19 66 5571
19 58 1476
19 70 2146
19 5 4809
19 63 2970
19 29 4462
19 45 4665
19 18 5898
19 8 3242
19 56 3695
19 12 527
19 25 5707
19 21 2914
19 15 154
19 52 5484
19 4 2780
19 72 5066
19 75 2013
19 46 1156
19 11 3729
19 38 5320
19 65 864
19 20 4624
19 69 5080
19 64 5849
19 27 1685
19 42 4665
19 7 552
19 37 1938
19 48 4593
20 64 3140
20 58 4540
20 62 3729
20 56 4178
20 75 6230
20 50 4088
20 17 905
20 69 4380
20 9 4188
20 38 4244
20 61 6089
20 12 2065
20 60 690
20 57 3300
20 70 6072
20 37 5962
20 4 1614
20 7 6268
20 47 5475
20 55 5394
20 51 6052
20 6 5972
20 22 901
20 26 1119
20 25 1074
20 35 2701
20 40 6234
20 53 1238
20 63 3259
20 19 5825
20 34 3919
20 24 5298
20 43 4586
20 59 338
20 5 3035
20 42 2
20 15 2972
20 14 3623
20 68 2644
20 36 4882
20 2 5582
20 11 462
20 18 466
20 32 4610
20 54 26
20 16 765
20 44 4073
20 46 1406
20 73 3051
20 67 3755
20 30 5655
20 8 955
20 72 5826
20 1 1252
20 10 3591
20 52 1376
20 21 1186
20 48 5763
20 27 231
21 64 1386
21 35 5716
21 39 2546
21 58 3685
21 73 1008
21 57 3946
21 30 3089
21 74 4864
21 61 3244
21 66 223
21 32 3310
21 31 4425
21 72 3464
21 44 1600
21 1 4605
21 51 6084
21 50 2476
21 38 1629
21 20 4295
21 62 4842
21 48 3259
21 14 6221
21 68 5523
21 60 3976
21 12 5749
21 28 4096
21 11 1981
21 71 193
21 46 4860
21 17 4951
21 22 2753
21 4 1411
21 33 4682
21 6 841
21 9 3101
21 41 4632
21 53 5590
21 34 5316
21 24 2128
21 40 5622
21 70 220
21 26 4109
21 25 2878
21 5 1887
21 75 5249
21 10 4569
21 27 4656
21 67 488
21 19 5116
21 63 606
21 56 3945
21 3 2752
21 8 5545
22 21 3627
22 74 1754
22 34 2436
22 71 958
22 48 2069
22 9 2055
22 64 3415
22 61 142
22 62 942
22 16 3069
22 4 4751
22 28 833
22 36 3941
22 29 2832
22 26 1749
22 58 2711
22 51 952
22 10 5934
22 60 2509
22 11 1452
22 18 6040
22 43 5059
22 55 5885
22 53 4946
22 70 3383
22 49 3223
22 17 4671
22 33 2692
22 45 3623
22 7 961
22 67 6197
22 42 903
22 59 49
22 63 6091
22 66 2936
22 69 3613
22 27 4664
22 50 1357
22 39 5160
22 5 5847
22 6 5985
22 19 4039
22 38 103
22 65 3965
22 31 4272
22 1 3112
22 15 1685
22 20 2858
22 41 4257
22 12 2805
22 54 1344
22 72 4518
22 73 1723
22 47 2787
22 30 5432
22 68 469
22 37 2781
23 34 4568
23 62 4207
23 33 1777
23 29 3638
23 30 1903
23 60 5548
23 42 960
23 73 2896
23 67 3639
23 53 3537
23 22 5483
23 68 2244
23 13 3993
23 9 4905
23 2 3816
23 10 4634
23 5 3301
23 55 5087
23 4 5856
23 24 5384
23 3 1510
23 56 1620
23 47 4674
23 45 1196
23 61 432
23 37 5553
23 48 4324
23 25 5849
23 72 4377
23 32 2874
23 41 1625
23 28 2227
23 16 48
23 52 3589
23 36 5311
23 71 4338
23 14 547
23 26 5234
23 7 2468
23 8 1074
23 63 3152
23 54 1004
23 15 397
23 70 3905
23 51 453
23 49 545
23 12 5272
23 50 175
23 46 1010
23 31 5449
23 19 1292
23 44 5408
23 57 2929
23 11 2132
23 58 6288
23 35 1616
23 27 297
24 25 4479
24 13 3102
24 71 1964
24 11 1948
24 3 2376
24 57 888
24 37 5830
24 16 5962
24 1 2737
24 59 1009
24 6 988
24 22 1528
24 40 1522
24 74 5033
24 56 6250
24 32 751
24 35 2218
24 8 1213
24 20 1360
24 64 3027
24 45 1904
24 52 5948
24 5 4374
24 14 1200
24 15 223
24 70 29
24 50 1961
24 27 3059
24 48 4760
24 66 2095
24 44 3742
24 47 2746
24 54 4016
24 33 3219
24 28 5936
24 7 5276
24 62 4463
24 19 5717
24 2 2401
24 30 2311
24 55 901
24 67 1659
24 38 1214
24 42 2017
24 49 5921
24 4 4958
24 60 2587
24 12 2523
24 31 1832
24 17 444
24 61 1794
24 75 2423
24 43 4158
24 9 5595
24 69 4733
24 39 4351
24 18 4857
24 53 1442
24 65 5726
25 17 6141
25 62 5461
25 52 2840
25 58 2868
25 47 899
25 7 1349
25 10 424
25 5 4858
25 45 3953
25 50 2634
25 42 3725
25 41 2729
25 49 6059
25 22 756
25 29 3771
25 64 5929
25 20 1268
25 70 2468
25 71 1135
25 66 4820
25 6 5714
25 30 3295
25 56 5630
25 21 4419
25 51 2165
25 36 3628
25 48 4809
25 2 3811
25 33 3502
25 38 5251
25 12 5603
25 60 4631
25 55 5581
25 46 325
25 40 3949
25 26 6192
25 14 5778
25 39 3001
25 57 2976
25 43 177
25 37 1921
25 15 1539
25 74 3546
25 16 346
25 72 2802
25 65 5506
25 18 5577
25 24 2715
25 59 4747
25 54 2610
25 73 1212
25 13 2378
26 40 4078
26 36 2237
26 66 1513
26 54 5854
26 27 4226
26 34 1915
26 44 1112
26 42 2484
26 18 1638
26 75 4294
26 41 926
26 20 5098
26 12 4301
26 23 2300
26 28 3747
26 56 4325
26 6 4861
26 35 2121
26 30 2867
26 53 4404
26 47 1979
26 60 4548
26 50 2689
26 49 5545
26 31 3934
26 63 283
26 8 1826
26 72 1349
26 65 2465
26 67 3710
26 69 515
26 62 3055
26 43 5402
26 74 3183
26 38 613
26 70 1843
26 14 657
26 59 4993
26 58 1031
26 19 174
26 68 2626
26 57 392
26 29 5676
26 13 921
26 15 3200
26 32 227
26 73 1274
26 33 111
26 3 2419
26 45 6002
26 5 3616
26 22 2983
26 46 557
26 9 4592
26 52 5998
27 56 5874
27 55 758
27 33 1905
27 67 3202
27 24 3217
27 34 5
27 73 4441
27 6 1751
27 54 1181
27 62 533
27 49 2365
27 68 3811
27 7 5964
27 61 1017
27 36 1568
27 35 4461
27 64 1019
27 41 615
27 71 4869
27 9 5727
27 22 956
27 75 3809
27 53 3792
27 45 902
27 44 4823
27 63 938
27 32 3974
27 17 2013
27 2 795
27 69 4399
27 5 1081
27 29 5840
27 60 1733
27 15 2176
27 31 2242
27 37 669
27 50 2999
27 3 1610
27 59 2276
27 72 4824
27 70 5633
27 10 2724
27 28 346
27 58 3809
27 21 3577
27 39 1935
27 11 3311
27 1 1733
27 25 955
27 19 94
27 65 6141
27 38 3262
27 48 5985
27 8 935
27 66 4021
27 46 2256
27 40 4293
28 68 5495
28 2 6181
28 58 4221
28 47 2481
28 75 3022
28 4 4850
28 57 1384
28 62 3968
28 60 3831
28 43 2395
28 54 1357
28 64 3183
28 30 6185
28 74 1047
28 23 2658
28 31 5173
28 9 3627
28 39 1577
28 5 1196
28 72 1051
28 13 3144
28 63 2619
28 36 4793
28 65 4944
28 41 6224
28 21 3421
28 32 4552
28 51 4367
28 20 4775
28 11 5469
28 17 4556
28 7 6219
28 6 3206
28 70 1325
28 29 2616
28 59 3250
28 1 4455
28 12 459
28 19 2279
28 35 209
28 14 5774
28 27 793
28 73 6239
28 52 4929
28 15 4974
28 10 623
28 44 5089
28 67 4471
28 61 5898
29 48 5729
29 74 2258
29 44 3893
29 46 5457
29 9 1639
29 7 6162
29 53 86
29 39 5733
29 38 1655
29 66 409
29 30 6199
29 55 6072
29 21 2699
29 72 2180
29 17 3491
29 49 2927
29 28 6092
29 63 4993
29 23 5704
29 34 954
29 61 282
29 18 359
29 19 5312
29 25 4558
29 14 728
29 3 1793
29 68 4200
29 12 2425
29 45 238
29 69 1511
29 54 5237
29 42 609
29 51 5580
29 70 4995
29 24 1101
29 5 2063
29 41 1644
29 67 3354
29 37 528
29 35 2253
29 6 2204
29 22 1196
29 50 2155
29 11 1931
29 4 4660
29 58 996
29 71 4156
29 62 5266
29 33 6067
29 10 6228
29 60 2804
29 56 4612
29 31 501
29 32 6256
29 52 1298
29 73 551
30 49 2534
30 42 5695
30 58 800
30 22 4651
30 62 20
30 55 1548
30 73 3146
30 23 5913
30 21 219
30 67 5098
30 19 496
30 57 2133
30 72 2511
30 8 2096
30 68 4347
30 26 4579
30 74 4758
30 47 4562
30 33 1171
30 5 743
30 40 2217
30 75 1262
30 44 2377
30 3 1266
30 71 5601
30 64 1132
30 43 5439
30 2 5740
30 36 3974
30 65 3483
30 13 2609
30 50 76
30 69 4414
30 1 2862
30 9 3848
30 4 4100
30 66 5757
30 63 3570
30 53 195
30 31 6175
30 59 1950
30 51 623
30 56 668
30 10 1252
30 54 1334
30 41 2449
30 16 3357
30 60 4671
30 35 1991
30 61 3065
31 46 540
31 71 205
31 18 4569
31 40 4745
31 67 2070
31 4 416
31 55 2969
31 57 5095
31 41 1493
31 11 4406
31 52 3068
31 34 1442
31 47 785
31 45 2462
31 13 455
31 69 2172
31 5 1255
31 6 2308
31 26 1054
31 54 1020
31 43 4948
31 33 4762
31 59 5231
31 24 3818
31 20 318
31 2 4738
31 38 5216
31 1 4972
31 74 5421
31 19 2972
31 49 5062
31 48 2137
31 22 6105
31 32 2086
31 73 3295
31 58 3365
31 23 3801
31 65 5536
31 63 4802
31 36 2985
31 42 5259
31 15 2077
31 60 4192
31 68 1170
31 64 6098
31 62 5402
31 50 2738
31 25 2012
31 10 1774
31 44 1027
31 51 4108
31 16 4766
31 3 5937
31 27 5491
32 34 791
32 58 5522
32 22 4741
32 62 3314
32 13 5921
32 6 5690
32 64 5669
32 39 1777
32 73 4708
32 28 2821
32 27 116
32 21 912
32 56 2619
32 60 1734
32 74 535
32 38 1106
32 19 2592
32 63 1926
32 14 5553
32 61 1737
32 57 5386
32 35 6202
32 43 2446
32 59 3374
32 8 2523
32 26 1455
32 20 975
32 17 3947
32 66 5071
32 41 1384
32 7 4558
32 45 1489
32 24 681
32 23 5854
32 52 5763
32 72 4853
32 44 1854
32 53 4429
32 31 5567
32 37 5300
32 55 340
32 15 2141
32 46 5289
32 4 5157
32 40 2719
32 1 2829
32 33 571
32 49 6291
32 9 4911
32 68 1835
32 25 638
32 29 5763
32 12 1053
32 30 4237
32 16 6285
32 42 1505
32 54 6043
32 69 1934
32 5 763
32 51 362
32 11 5036
33 4 4715
33 19 3904
33 40 136
33 30 1973
33 59 4536
33 22 3961
33 64 1556
33 61 1532
33 53 2009
33 75 3587
33 9 3840
33 60 5946
33 43 4229
33 51 3206
33 21 2437
33 56 3122
33 37 5232
33 74 5175
33 10 5510
33 54 6249
33 17 4046
33 15 4543
33 49 3093
33 27 3631
33 66 4996
33 1 2408
33 31 4724
33 69 5945
33 67 2999
33 3 3418
33 2 4368
33 47 6217
33 68 3467
33 16 2549
33 48 2297
33 29 4851
33 34 716
33 38 434
33 14 2898
33 71 4959
33 18 3317
33 44 2522
33 12 5186
33 20 5704
33 58 3827
33 8 2993
33 41 2107
33 11 253
33 57 4653
33 55 5724
34 73 1176
34 62 828
34 60 2015
34 6 3629
34 15 3987
34 13 3275
34 35 4139
34 69 4711
34 43 1681
34 58 6291
34 24 3222
34 31 1573
34 75 1411
34 4 1243
34 37 5936
34 48 4388
34 51 1881
34 30 2860
34 39 5367
34 74 2537
34 55 2209
34 56 4940
34 12 333
34 46 5944
34 18 817
34 20 5880
34 49 996
34 42 3116
34 27 1142
34 67 731
34 29 1857
34 72 2843
34 19 4635
34 41 2678
34 11 6017
34 36 5242
34 47 2128
34 50 766
34 5 1549
34 61 3610
34 52 4318
34 65 5168
34 70 2437
34 45 172
34 14 1632
34 7 6090
34 25 4542
34 53 2279
34 26 2275
34 2 3062
34 44 5356
34 22 5690
34 63 5714
34 38 100
34 59 6256
34 66 2705
34 33 3431
34 21 4573
35 27 5527
35 4 560
35 58 1783
35 2 2272
35 68 4288
35 6 3382
35 9 1346
35 32 596
35 36 921
35 56 1445
35 8 3760
35 23 3160
35 73 3771
35 67 5406
35 24 42
35 69 1244
35 33 604
35 30 419
35 14 4199
35 7 5324
35 63 1753
35 13 1866
35 37 4987
35 57 3602
35 50 2981
35 60 972
35 40 5768
35 21 449
35 12 1826
35 29 5633
35 26 4737
35 46 1816
35 42 1124
35 53 3508
35 25 4603
35 1 5875
35 38 32
35 65 4758
35 10 4270
35 39 2419
35 22 2114
35 15 928
35 19 5393
35 5 5320
35 11 5789
35 31 3357
35 66 4768
35 17 5411
35 52 2974
35 47 1375
35 75 5274
35 18 1449
35 74 4662
35 64 2798
35 70 6264
35 16 3835
35 62 5805
36 38 666
36 41 1015
36 61 2316
36 52 6219
36 10 5999
36 20 2622
36 5 4541
36 72 4889
36 66 2297
36 15 1870
36 65 1297
36 7 1888
36 1 4927
36 59 1453
36 71 656
36 48 4737
36 67 1462
36 73 3940
36 8 5560
36 26 3744
36 35 256
36 50 2132
36 12 3836
36 6 1051
36 33 4425
36 34 4319
36 40 238
36 42 2546
36 69 5493
36 19 3561
36 70 4321
36 39 2132
36 30 3868
36 24 3265
36 3 2603
36 68 374
36 9 1240
36 60 4212
36 47 3709
36 62 1946
36 64 2979
36 53 122
36 29 3573
36 63 3235
36 49 5624
36 22 2822
36 23 4133
36 17 4115
36 37 2593
36 57 4838
36 2 243
36 28 3953
36 11 4719
37 52 4009
37 55 2036
37 42 1353
37 14 347
37 15 5838
37 67 975
37 44 491
37 40 3326
37 29 3081
37 33 378
37 10 3076
37 3 4530
37 64 3879
37 4 4618
37 1 2962
37 71 909
37 41 3681
37 26 3259
37 72 3769
37 11 4963
37 20 2747
37 25 1112
37 69 6265
37 63 3964
37 45 2183
37 23 5055
37 56 3076
37 13 5826
37 9 4875
37 21 4356
37 32 2554
37 59 3279
37 31 612
37 24 1711
37 18 3639
37 22 3744
37 39 456
37 54 4053
37 62 3590
37 74 1919
37 17 5784
37 60 5466
37 8 4354
37 73 6189
37 70 3299
37 7 1181
37 68 4091
37 48 1244
37 5 5707
37 12 1338
37 47 6007
37 49 1391
37 35 4652
37 34 3398
37 6 2228
38 23 313
38 74 3781
38 20 2024
38 57 2728
38 17 1276
38 29 4857
38 9 354
38 15 164
38 13 4541
38 27 3778
38 5 5743
38 33 5686
38 72 5973
38 37 4172
38 48 1195
38 45 515
38 18 2482
38 36 5809
38 21 4358
38 7 21
38 56 3769
38 46 5303
38 8 3275
38 34 3052
38 22 2112
38 41 3516
38 73 2520
38 4 2063
38 6 1623
38 32 4932
38 10 2628
38 47 4663
38 55 709
38 60 2874
38 53 870
38 44 2476
38 1 427
38 12 5148
38 66 3972
38 59 2087
38 58 1222
38 43 1088
38 30 620
38 40 4743
38 35 870
38 64 6079
38 39 2526
38 68 1718
38 26 3162
38 19 2904
38 49 3646
38 28 3084
38 75 633
38 61 5721
39 73 2733
39 31 1846
39 26 5717
39 24 1373
39 46 645
39 45 3401
39 3 4921
39 49 785
39 17 1111
39 36 2488
39 69 848
39 48 6121
39 4 3431
39 57 1571
39 29 1279
39 7 2217
39 59 5425
39 12 85
39 34 3745
39 43 5970
39 70 5662
39 50 3571
39 52 2198
39 20 2719
39 47 773
39 72 3228
39 32 676
39 44 286
39 2 4142
39 25 2116
39 54 273
39 61 2874
39 41 493
39 38 1895
39 9 655
39 74 5142
39 55 3528
39 56 4036
39 58 453
39 23 4127
39 63 4334
39 75 5847
39 37 5059
39 67 3503
39 64 4576
39 18 5975
39 16 1930
39 60 5120
39 10 2660
39 14 34
39 19 3843
39 6 3847
39 40 1206
39 68 6189
39 35 4438
39 33 1589
40 68 185
40 71 4254
40 28 2826
40 18 4381
40 4 2594
40 57 5098
40 10 1561
40 59 3549
40 14 1104
40 58 2461
40 41 3272
40 11 3383
40 31 5825
40 26 1550
40 50 5661
40 3 85
40 34 6001
40 73 5947
40 63 55
40 38 421
40 17 4616
40 21 4971
40 67 1691
40 12 4492
40 55 2819
40 13 43
40 39 2731
40 66 5599
40 5 4805
40 56 5964
40 70 5121
40 52 1416
40 44 3529
40 65 4448
40 6 2301
40 49 5658
40 20 1681
40 15 5145
40 2 1186
40 61 493
40 53 4336
40 32 5314
40 23 2892
40 36 5946
40 72 1545
40 62 1029
40 9 6232
40 25 3091
40 24 280
40 27 1846
40 8 1475
40 19 5144
41 73 5554
41 69 4003
41 11 6299
41 68 4064
41 56 592
41 52 3739
41 23 4933
41 58 5425
41 9 3880
41 37 2145
41 2 5030
41 35 5980
41 22 1595
41 12 6232
41 25 3070
41 33 5058
41 20 1231
41 43 1054
41 55 306
41 28 1326
41 48 4811
41 63 617
41 45 477
41 64 4438
41 57 5960
41 5 6114
41 72 4759
41 15 4455
41 30 5946
41 65 6165
41 27 5568
41 8 5248
41 67 6237
41 42 54
41 17 2400
41 21 4170
41 61 5556
41 16 1417
41 59 5166
41 4 3794
41 3 889
41 51 1676
41 71 1385
41 40 3317
41 19 3441
41 49 5403
41 53 3389
41 66 165
41 46 343
41 7 3667
41 24 4300
41 60 1699
41 26 649
41 34 472
41 75 5384
42 20 999
42 75 4309
42 24 1511
42 41 3780
42 44 305
42 73 2708
42 74 6176
42 66 3876
42 34 4638
42 72 5343
42 71 2231
42 13 4451
42 45 6055
42 3 1337
42 68 1651
42 7 4684
42 69 4009
42 4 1387
42 65 961
42 25 2661
42 55 561
42 43 4768
42 50 1819
42 33 2925
42 14 4261
42 38 395
42 59 857
42 22 535
42 12 488
42 49 2200
42 62 5826
42 40 6157
42 27 6288
42 51 1126
42 70 2095
42 16 3520
42 11 5426
42 18 3468
42 54 1935
42 63 4786
42 1 4307
42 37 5533
42 29 5367
42 23 3109
42 64 4672
42 17 2012
42 32 3495
42 15 1009
42 61 891
42 19 1005
42 30 637
42 46 5901
42 5 1452
42 36 6286
42 2 4811
42 56 303
42 67 5053
42 52 5630
42 6 1208
42 48 3598
43 21 4194
43 49 3431
43 68 4755
43 17 3071
43 24 264
43 29 4579
43 47 4791
43 57 4596
43 37 1451
43 45 2385
43 59 3178
43 53 5518
43 26 884
43 48 1946
43 54 1443
43 73 2251
43 39 4486
43 69 248
43 3 1876
43 13 1113
43 60 2591
43 40 2128
43 71 5686
43 14 1092
43 10 240
43 75 2652
43 33 4468
43 50 2685
43 9 626
43 11 5820
43 42 2054
43 4 97
43 31 5525
43 61 1107
43 7 882
43 25 655
43 62 5818
43 41 992
43 72 479
43 30 3238
43 22 1661
43 74 500
43 5 5156
43 34 1099
43 55 5849
43 35 1040
43 19 4298
43 36 1723
43 64 4940
43 23 4578
43 67 4510
43 2 2896
43 44 2946
43 56 1096
43 28 5971
43 58 3856
44 55 3151
44 22 417
44 52 3257
44 27 3769
44 65 2914
44 46 3041
44 8 4695
44 1 4503
44 63 5471
44 19 549
44 3 3734
44 6 1896
44 16 2045
44 67 5848
44 58 1339
44 59 5418
44 71 4916
44 34 5841
44 39 4088
44 5 5164
44 56 3581
44 64 4120
44 73 2373
44 45 1409
44 68 4430
44 57 3722
44 33 1849
44 14 6068
44 40 1849
44 54 210
44 61 1424
44 42 5538
44 47 2497
44 9 3642
44 66 2235
44 4 2449
44 37 3256
44 2 1569
44 12 4895
44 10 3720
44 25 4989
44 23 1456
44 11 479
44 50 3220
44 53 3307
44 30 4559
44 31 3818
44 17 315
44 20 4632
44 70 2764
44 49 5527
44 60 3638
44 7 1313
44 72 2990
44 24 4970
44 26 3794
44 75 3581
44 38 4502
45 40 5176
45 24 1878
45 69 862
45 5 565
45 73 2633
45 42 1785
45 12 3754
45 38 3605
45 21 4859
45 25 3985
45 70 356
45 2 4663
45 49 4810
45 75 2540
45 17 909
45 28 3410
45 68 5053
45 62 2833
45 31 95
45 36 4461
45 27 4582
45 57 6049
45 47 1052
45 15 1582
45 53 1972
45 66 6147
45 9 834
45 32 2473
45 22 276
45 63 4946
45 35 5841
45 44 5846
45 30 2360
45 7 1505
45 48 5258
45 13 4125
45 10 5929
45 33 1640
45 41 3595
45 67 5784
45 52 4450
45 51 5540
45 14 5928
45 56 3219
45 60 4238
45 19 1361
45 65 1533
45 3 5362
45 46 4913
45 72 1135
45 16 1310
45 34 1162
45 39 801
45 6 463
46 57 1853
46 64 4061
46 5 2026
46 54 5433
46 70 6109
46 2 1002
46 39 4216
46 11 2716
46 7 1189
46 74 3488
46 12 3250
46 68 951
46 37 4949
46 43 372
46 49 3242
46 67 3193
46 31 5611
46 73 3887
46 50 3075
46 40 4965
46 19 1120
46 36 3720
46 71 468
46 55 1937
46 59 471
46 28 4174
46 8 1134
46 69 977
46 32 1895
46 51 405
46 22 1761
46 1 1724
46 4 872
46 72 3573
46 29 4220
46 21 367
46 20 810
46 35 4949
46 24 3577
46 25 1938
46 3 119
46 65 4193
46 14 4498
46 75 2149
46 41 1209
46 42 2408
46 23 5420
46 13 3926
46 9 1980
46 26 3004
46 10 5705
46 38 5527
46 63 4793
46 48 4616
46 15 3257
46 47 5312
46 45 2003
46 62 1427
46 53 619
47 43 4057
47 52 1017
47 22 3361
47 70 547
47 72 271
47 73 5601
47 26 4480
47 13 5136
47 46 4188
47 67 5861
47 61 3945
47 21 1158
47 36 1045
47 53 5505
47 3 541
47 14 2752
47 7 4222
47 51 4242
47 28 2528
47 37 2633
47 64 2591
47 42 3652
47 12 4209
47 6 3710
47 57 4690
47 11 5229
47 56 1351
47 74 2211
47 35 3923
47 54 4454
47 55 3003
47 23 6232
47 48 4170
47 32 1646
47 41 99
47 39 3453
47 24 4139
47 30 2978
47 71 117
47 17 5382
47 20 2610
47 45 6275
47 59 3033
47 62 186
47 27 128
47 58 804
47 65 1758
47 16 3451
47 49 3040
47 60 1877
47 5 5755
47 9 2593
47 75 2205
47 66 1607
47 50 6084
47 38 4289
47 40 1741
47 34 4853
47 25 6147
47 33 3489
47 1 5794
48 33 1674
48 14 2183
48 68 3641
48 43 1564
48 18 24
48 69 127
48 9 5610
48 5 3360
48 41 4258
48 29 2102
48 47 2198
48 57 5334
48 20 1460
48 75 4700
48 39 1808
48 12 2529
48 24 1715
48 72 2080
48 35 2997
48 67 4083
48 54 3810
48 25 4956
48 22 43
48 16 3971
48 3 4305
48 15 5838
48 53 5297
48 27 1488
48 73 4832
48 36 2077
48 11 2286
48 66 136
48 2 2065
48 62 5615
48 40 1166
48 58 1468
48 56 761
48 23 1522
48 17 3126
48 71 1059
48 51 2430
48 64 4080
48 60 4687
48 6 4492
48 55 5070
48 32 4373
48 26 3386
48 63 2017
48 13 4490
48 44 4175
48 46 1548
48 31 4319
48 7 2663
48 19 1975
48 52 4630
48 37 4383
49 68 6144
49 8 4298
49 41 2989
49 6 2790
49 27 5019
49 74 1904
49 3 4022
49 20 2200
49 32 2164
49 38 246
49 18 1509
49 4 6113
49 33 2617
49 46 3289
49 59 576
49 62 4009
49 25 2744
49 11 6152
49 1 5409
49 16 795
49 23 2114
49 39 6227
49 22 4866
49 58 4287
49 54 6119
49 55 578
49 42 5957
49 21 3955
49 65 782
49 51 6095
49 47 910
49 35 2782
49 45 2642
49 50 790
49 34 853
49 75 5469
49 12 3161
49 28 1264
49 64 407
49 60 2305
49 17 1146
49 13 2607
49 7 4212
49 67 2154
49 61 1285
49 63 4028
49 70 447
49 37 4884
49 10 4095
49 53 4031
49 19 6188
49 66 3812
49 40 3877
49 43 6274
50 29 5936
50 45 2802
50 58 3308
50 7 5197
50 48 4595
50 38 3331
50 44 5045
50 1 1461
50 2 1636
50 12 5602
50 18 1057
50 67 5012
50 43 3775
50 46 936
50 56 155
50 3 4534
50 55 2448
50 22 1907
50 31 3718
50 69 2067
50 21 1633
50 71 1504
50 73 1957
50 52 2501
50 60 1437
50 66 2711
50 53 4353
50 68 6118
50 26 2216
50 49 5408
50 6 2226
50 16 1864
50 65 6239
50 63 301
50 17 3072
50 57 56
50 54 4863
50 75 4470
50 74 1941
50 64 936
50 51 4645
50 4 4841
50 36 5854
50 11 5024
50 25 893
50 20 2565
50 13 146
50 39 5879
50 61 2650
50 72 1190
50 8 5040
50 24 159
50 33 628
50 37 4752
50 34 4183
50 47 3166
50 23 488
50 42 1699
51 75 1455
51 4 3524
51 69 2145
51 1 137
51 3 1806
51 54 206
51 59 4835
51 14 3199
51 61 3273
51 53 3660
51 42 3966
51 5 222
51 30 2333
51 55 5024
51 36 3120
51 11 1167
51 24 5739
51 35 4872
51 56 2180
51 71 4476
51 2 5564
51 74 854
51 43 3529
51 66 5475
51 7 1458
51 72 4390
51 62 6200
51 58 4035
51 46 2160
51 37 1720
51 57 4576
51 52 3021
51 38 4314
51 32 620
51 50 4567
51 23 4637
51 64 2991
51 12 1163
51 10 4747
51 31 5800
51 40 2064
51 33 5233
51 27 3560
51 68 386
51 20 6121
51 15 6158
51 8 2933
51 29 453
51 25 3309
52 16 571
52 6 5718
52 68 3623
52 17 40
52 55 1081
52 70 4785
52 14 2243
52 35 4424
52 67 5285
52 57 5959
52 54 6261
52 24 5872
52 50 3457
52 49 4364
52 51 5583
52 10 5500
52 64 6217
52 41 4565
52 34 2989
52 22 1343
52 44 1874
52 38 3340
52 15 2001
52 18 5704
52 1 302
52 4 2883
52 20 5419
52 48 153
52 36 1618
52 23 3969
52 28 4073
52 29 821
52 39 1978
52 73 6210
52 12 5073
52 47 4992
52 46 3305
52 71 2802
52 61 958
52 37 5289
52 40 834
52 33 1280
52 45 1616
52 69 825
52 19 1562
52 58 5005
52 26 2255
52 60 3506
52 11 4809
52 66 6161
52 27 2951
52 42 2359
52 2 6091
52 59 3285
52 53 5186
52 63 4704
52 8 3430
52 13 4459
52 30 1595
52 31 1403
53 27 2770
53 39 2410
53 48 5919
53 74 4721
53 6 524
53 40 4168
53 47 4834
53 59 2175
53 30 6237
53 56 1153
53 60 3642
53 57 5789
53 64 4678
53 8 4954
53 68 2161
53 31 5964
53 34 3210
53 29 4276
53 21 4760
53 63 3615
53 23 2698
53 70 3427
53 73 5126
53 52 3028
53 1 1251
53 12 5588
53 10 1986
53 19 2624
53 36 680
53 3 2322
53 11 1705
53 49 3856
53 41 4624
53 18 2897
53 62 4595
53 17 1981
53 44 86
53 51 2922
53 71 2132
53 14 2052
53 24 6127
53 2 3454
53 58 2147
53 66 5407
53 22 5228
53 55 2142
53 61 223
53 28 692
53 67 1616
53 25 1619
53 65 3219
53 5 4215
53 15 3366
53 45 3679
53 26 1359
53 42 5755
54 37 3118
54 65 3329
54 74 1726
54 31 2282
54 5 2658
54 34 738
54 57 5237
54 64 1780
54 62 816
54 19 335
54 45 3668
54 36 5542
54 44 4615
54 39 2635
54 24 5307
54 53 5951
54 73 6282
54 16 1349
54 60 561
54 9 1795
54 1 401
54 11 3229
54 48 1954
54 30 4234
54 70 5144
54 25 5191
54 38 2160
54 20 926
54 67 949
54 42 2413
54 4 3435
54 49 5668
54 55 764
54 52 1859
54 47 552
54 69 5330
54 22 4603
54 75 653
54 29 2216
54 2 3448
54 63 1728
54 7 1859
54 15 4721
54 40 5645
54 71 964
54 18 5219
54 14 5627
54 23 4940
54 50 1812
54 8 1064
54 32 3341
54 26 685
54 21 98
54 33 1911
54 17 1696
54 66 3596
54 35 6224
54 41 2696
54 51 6050
54 12 5837
55 70 2051
55 39 5431
55 64 6214
55 50 3793
55 51 161
55 13 3460
55 16 3943
55 31 2045
55 28 190
55 33 6205
55 62 3063
55 11 3913
55 67 3451
55 9 1289
55 65 4998
55 68 1645
55 37 1290
55 15 3389
55 32 28
55 56 22
55 25 849
55 29 3118
55 73 5083
55 46 768
55 3 3596
55 63 2239
55 21 3684
55 47 97
55 43 58
55 30 5680
55 71 156
55 57 1357
55 2 5913
55 38 4286
55 42 1234
55 61 1938
55 22 5472
55 48 3729
55 54 3371
55 44 3446
55 36 168
55 14 5447
55 74 4548
55 41 2551
55 18 5949
55 53 3995
55 66 1831
55 75 1107
55 58 606
55 34 5730
55 27 4959
56 15 2447
56 44 506
56 42 5182
56 6 4069
56 26 3821
56 36 141
56 19 5128
56 41 5979
56 54 1179
56 71 3153
56 9 4725
56 32 6264
56 69 3018
56 13 279
56 30 2379
56 18 1978
56 66 2167
56 61 5873
56 34 1538
56 57 4680
56 27 5267
56 46 6011
56 58 3790
56 1 6122
56 52 4883
56 51 3612
56 4 5887
56 31 3104
56 10 6076
56 5 5055
56 39 1760
56 25 3910
56 2 3191
56 22 4953
56 28 5063
56 37 2384
56 59 3596
56 43 4993
56 70 4522
56 62 3058
56 55 2522
56 11 5709
56 49 5925
56 40 5302
56 3 1568
56 8 1814
56 75 4810
56 21 4789
56 45 6007
56 50 4327
56 47 4930
56 65 3559
56 38 4781
56 72 5869
56 68 282
56 67 5736
56 73 4374
57 40 2568
57 19 2271
57 49 4243
57 11 2632
57 67 5263
57 69 2356
57 33 1366
57 66 4297
57 43 5636
57 28 3088
57 12 2163
57 56 3938
57 42 4790
57 34 4261
57 75 481
57 17 3608
57 47 2019
57 6 5993
57 13 4650
57 46 3753
57 1 2885
57 45 3615
57 4 1814
57 71 5290
57 59 5931
57 39 3353
57 30 2762
57 2 4000
57 53 5187
57 23 5371
57 36 1565
57 7 4016
57 29 758
57 21 6240
57 68 4126
57 35 916
57 72 2313
57 55 4642
57 48 434
57 44 1917
57 51 3296
57 14 5924
57 15 1888
57 60 2542
57 63 2346
57 9 2896
57 16 4051
57 41 819
57 38 3616
57 61 3082
57 70 1374
57 65 5960
57 58 6255
57 5 1839
57 27 141
57 73 3592
58 15 6169
58 62 2633
58 74 1054
58 36 2642
58 23 908
58 75 4825
58 8 5269
58 57 2002
58 38 3269
58 21 2697
58 27 739
58 7 2522
58 54 619
58 59 5389
58 55 2639
58 48 4606
58 60 468
58 41 3695
58 66 3727
58 50 6121
58 1 5226
58 71 687
58 64 3914
58 2 296
58 30 1766
58 17 3930
58 53 1119
58 25 3963
58 22 5646
58 13 5491
58 19 3837
58 3 5576
58 9 6106
58 11 4431
58 61 2693
58 31 2800
58 44 2873
58 10 3413
58 32 492
58 20 6191
58 24 608
58 47 3158
58 69 2723
58 37 5356
58 39 3975
58 52 5552
58 51 5652
58 72 2282
58 70 3985
58 34 3719
58 40 4402
58 43 2902
58 18 3188
58 33 316
58 42 4434
58 65 2196
58 16 2727
58 12 2103
59 23 5554
59 43 3153
59 40 6054
59 49 2786
59 37 905
59 1 4684
59 35 1584
59 6 357
59 38 2159
59 45 5693
59 34 557
59 31 5655
59 60 531
59 19 3051
59 73 4826
59 24 4536
59 53 5588
59 70 90
59 14 5241
59 67 2305
59 3 4753
59 12 2344
59 58 4149
59 71 4895
59 4 2901
59 64 2580
59 2 844
59 22 1651
59 36 1805
59 54 4050
59 55 474
59 56 727
59 39 2203
59 10 2856
59 20 112
59 47 3010
59 18 717
59 5 4310
59 66 4995
59 63 1221
59 8 4109
59 11 4640
59 44 3301
59 26 4758
59 57 3282
59 30 2663
59 41 267
59 74 796
59 33 822
59 29 5645
59 9 1345
59 25 802
59 13 1872
59 16 1498
59 42 5739
59 75 3003
60 24 1426
60 26 472
60 55 368
60 68 2415
60 30 5244
60 8 1783
60 20 4418
60 17 4418
60 38 3241
60 64 6284
60 21 6196
60 15 5735
60 44 3932
60 43 1463
60 1 6129
60 13 2704
60 72 1859
60 22 2850
60 18 4473
60 75 385
60 39 2622
60 27 2302
60 2 3958
60 6 4935
60 57 4723
60 74 1372
60 41 5783
60 62 3688
60 7 3472
60 3 6114
60 53 1256
60 40 1761
60 45 191
60 49 5114
60 12 3102
60 67 5837
60 29 4910
60 33 1037
60 4 4170
60 52 5517
60 48 4862
60 56 2280
60 16 1178
60 73 1527
60 51 546
60 47 2174
60 66 2516
60 31 1472
60 10 2932
60 32 5558
60 46 4713
60 36 4343
60 58 195
60 61 2890
60 34 2639
60 5 2134
60 63 267
60 23 3881
61 62 2985
61 11 3965
61 20 2209
61 59 6259
61 15 4243
61 40 1584
61 41 2000
61 71 998
61 32 2854
61 74 963
61 67 4192
61 17 5709
61 14 2990
61 68 3398
61 24 4514
61 45 4130
61 33 3429
61 28 3885
61 53 1492
61 42 1933
61 49 5888
61 46 3370
61 48 6166
61 4 4530
61 3 3687
61 25 3922
61 12 1556
61 29 6008
61 51 2431
61 64 1658
61 38 1684
61 66 3277
61 50 6296
61 18 1520
61 34 4230
61 36 5954
61 22 3773
61 1 1739
61 5 5917
61 44 4170
61 70 6154
61 23 5294
61 65 2442
61 10 2264
61 13 6006
61 72 1116
61 26 4939
61 52 5019
61 60 246
61 43 4477
61 6 1134
61 47 2678
61 21 1648
61 63 1496
61 27 2061
61 37 1657
61 69 6073
61 57 1414
61 9 3167
62 41 5300
62 28 5307
62 48 4877
62 5 4977
62 3 3183
62 75 5068
62 61 6250
62 50 6257
62 11 5115
62 34 518
62 1 5517
62 47 478
62 56 5532
62 13 5296
62 58 5459
62 44 5908
62 26 1834
62 67 5621
62 6 402
62 43 1302
62 54 6132
62 38 2068
62 27 1083
62 2 2605
62 21 3702
62 32 1197
62 9 431
62 72 5958
62 17 4240
62 65 2340
62 33 440
62 69 1894
62 60 343
62 29 4620
62 40 6058
62 49 3048
62 18 2795
62 25 2496
62 15 4642
62 55 2767
62 14 1859
62 63 3736
62 52 1178
62 19 5447
62 36 1274
62 71 2101
62 59 803
62 8 1965
62 66 4807
62 57 3591
62 30 3017
62 22 5728
62 70 3321
62 68 5264
62 45 5124
62 53 4223
63 5 3109
63 68 1163
63 59 3776
63 53 1068
63 27 5787
63 37 4741
63 60 4842
63 11 5528
63 21 4353
63 39 2360
63 56 6021
63 38 2715
63 55 3751
63 2 3852
63 4 2257
63 64 2207
63 36 848
63 14 29
63 65 4685
63 7 269
63 10 1642
63 28 2055
63 1 6073
63 23 1726
63 6 4250
63 46 847
63 75 220
63 44 3009
63 66 4707
63 54 889
63 25 4460
63 61 4132
63 43 3846
63 20 4691
63 41 742
63 58 757
63 72 4134
63 69 2351
63 17 4833
63 26 6243
63 31 3844
63 47 3156
63 45 3143
63 67 5319
63 50 5020
63 15 4730
63 42 3000
63 16 3883
63 12 5553
63 70 2656
63 30 2796
63 71 508
63 34 224
63 52 1260
63 29 4234
64 74 713
64 12 4673
64 69 3353
64 15 4327
64 18 1828
64 42 2128
64 66 5217
64 68 1373
64 31 4071
64 54 1320
64 70 4194
64 45 4250
64 16 2832
64 61 5353
64 60 4818
64 73 2644
64 48 3481
64 53 3227
64 51 1406
64 58 3017
64 28 3188
64 36 5217
64 62 1041
64 55 2758
64 6 2587
64 65 5036
64 41 4383
64 37 2502
64 67 6080
64 25 4028
64 5 5159
64 21 6236
64 32 3698
64 14 5508
64 22 3252
64 13 3196
64 34 4007
64 1 580
64 30 4280
64 4 5237
64 50 1170
64 17 817
64 19 4443
64 11 5181
64 35 3275
64 59 4340
64 63 2651
64 26 4217
64 71 5188
64 8 445
64 23 4293
64 38 5067
64 9 107
64 75 3074
64 3 2863
65 67 5379
65 73 997
65 32 3519
65 75 2848
65 28 3321
65 45 2333
65 13 5940
65 31 4738
65 38 4545
65 19 397
65 20 4051
65 44 1198
65 3 4573
65 48 1796
65 29 1055
65 64 526
65 47 5449
65 36 1409
65 11 666
65 68 818
65 70 1190
65 10 5470
65 51 5392
65 24 6107
65 69 1264
65 62 3097
65 46 844
65 35 4532
65 23 5987
65 16 5762
65 61 5687
65 18 742
65 49 5728
65 52 4020
65 21 4901
65 14 2804
65 27 1945
65 26 1100
65 39 4704
65 57 4598
65 2 4337
65 74 5587
65 58 1134
65 41 6070
65 25 1520
65 33 189
65 60 1337
65 55 840
65 71 4858
65 37 1465
65 66 5192
65 63 766
65 8 4911
65 30 5919
65 34 386
66 13 1380
66 27 3731
66 38 5960
66 65 4814
66 70 95
66 8 3737
66 50 4828
66 75 4629
66 37 4678
66 39 138
66 32 908
66 42 355
66 41 3319
66 36 4035
66 60 4421
66 26 5302
66 18 4162
66 49 2387
66 35 3634
66 23 4857
66 55 2197
66 47 2336
66 14 260
66 46 3896
66 67 6272
66 64 4028
66 69 5878
66 16 3546
66 52 2174
66 28 19
66 44 128
66 73 3998
66 68 5188
66 71 1516
66 19 4126
66 45 757
66 12 4719
66 29 2285
66 56 2847
66 54 4837
66 17 5708
66 7 2199
66 74 5675
66 11 2008
66 22 5633
66 63 6094
66 61 984
66 57 6297
66 25 5335
66 33 1256
66 30 6121
66 51 5353
66 5 2881
66 2 1073
66 10 195
66 58 2950
66 34 3242
66 3 1376
66 43 5066
66 21 2281
66 62 6059
66 9 1593
66 24 5328
67 27 3836
67 6 1734
67 69 4304
67 9 2908
67 11 139
67 54 1400
67 41 1550
67 16 104
67 73 3628
67 42 1377
67 38 3449
67 25 3360
67 39 41
67 52 1240
67 4 3999
67 44 1511
67 7 3398
67 47 3476
67 13 5770
67 19 5790
67 17 2225
67 23 1999
67 64 364
67 63 1786
67 49 3218
67 24 2936
67 61 129
67 51 4216
67 53 3743
67 70 5379
67 62 5327
67 26 3553
67 55 3614
67 59 1921
67 34 3287
67 60 2962
67 2 2907
67 37 2003
67 35 5261
67 68 914
67 3 4920
67 74 1154
67 58 4583
67 33 1213
67 10 2160
67 22 1971
67 71 2706
67 18 5734
67 31 2664
67 30 989
67 66 4000
67 75 1640
67 50 4974
67 28 6289
67 12 3159
67 57 217
67 8 3870
67 43 3918
67 46 5655
68 44 265
68 35 5580
68 66 750
68 5 3523
68 19 6054
68 25 2322
68 72 5143
68 7 2470
68 23 5658
68 28 1531
68 18 2003
68 27 5762
68 46 3561
68 54 2290
68 45 579
68 4 16
68 49 287
68 20 6269
68 42 1990
68 17 5216
68 53 3387
68 40 2076
68 29 4906
68 59 464
68 64 167
68 56 6180
68 74 374
68 1 863
68 10 32
68 37 4734
68 65 3822
68 52 198
68 47 4132
68 60 4850
68 22 4969
68 43 5878
68 61 1841
68 12 2507
68 75 798
68 39 5174
68 26 4117
68 24 633
68 14 3516
68 57 999
68 50 6178
68 21 1212
68 9 4425
68 2 1152
68 30 3702
68 36 926
68 62 2153
68 6 5179
68 3 337
68 63 3538
68 8 2488
68 70 6248
68 71 5716
68 13 74
68 69 4431
68 48 4576
68 32 3485
68 15 5198
69 21 4334
69 37 5313
69 61 5844
69 36 3668
69 45 1070
69 42 5705
69 41 5144
69 55 2072
69 9 2969
69 8 3024
69 47 5595
69 12 4924
69 74 2128
69 14 2126
69 75 6282
69 50 1170
69 54 135
69 58 3430
69 22 5382
69 51 4683
69 46 1707
69 2 170
69 24 513
69 57 3148
69 48 2074
69 71 4511
69 7 4863
69 60 3272
69 15 1634
69 19 6263
69 59 5334
69 40 5079
69 73 6005
69 28 3805
69 43 5902
69 44 1403
69 65 5673
69 18 5051
69 17 1864
69 62 5377
69 38 1881
69 30 4917
69 16 3034
69 13 2640
69 11 551
69 33 2240
69 70 68
69 4 1337
69 32 5578
69 3 1059
69 34 2920
69 5 185
69 72 649
69 63 5978
69 31 6146
69 10 4537
70 38 1769
70 45 2967
70 51 1924
70 35 1319
70 58 1377
70 13 2045
70 59 5445
70 5 5850
70 67 5867
70 47 1643
70 49 4591
70 14 2057
70 30 5797
70 22 1615
70 74 2413
70 44 3470
70 29 2632
70 43 5169
70 65 3053
70 32 3801
70 6 2554
70 40 4224
70 42 5921
70 52 859
70 62 5822
70 69 3516
70 16 4950
70 36 6054
70 2 3391
70 1 1458
70 8 5949
70 11 5687
70 61 4799
70 56 470
70 33 5851
70 17 3739
70 24 3521
70 39 5136
70 27 4087
70 34 1448
70 25 1642
70 28 3921
70 64 2940
70 7 6149
70 71 5727
70 55 1101
70 46 2822
70 23 2456
70 53 3423
70 9 4606
70 19 5432
70 31 5711
70 60 1582
70 68 6202
70 18 3668
70 21 5017
70 54 5649
71 64 1152
71 25 3519
71 23 6024
71 70 5425
71 73 1180
71 22 307
71 62 1458
71 18 4777
71 59 1118
71 6 3756
71 13 1566
71 69 2818
71 53 4716
71 9 4564
71 14 3873
71 12 4583
71 54 895
71 30 740
71 58 2312
71 36 3294
71 44 1239
71 55 1677
71 75 2862
71 37 2531
71 32 3284
71 10 325
71 17 1601
71 20 471
71 68 79
71 57 1395
71 1 4622
71 33 738
71 60 2295
71 65 290
71 46 4378
71 34 5127
71 28 4637
71 7 4865
71 48 811
71 38 1934
71 50 3755
71 3 2579
71 4 4999
71 27 3610
71 45 4260
71 66 2875
71 74 1572
71 29 4292
71 52 5868
71 72 177
71 24 2261
71 43 2967
71 2 3946
72 48 1030
72 28 6231
72 23 5653
72 49 434
72 25 4187
72 7 437
72 46 4372
72 30 1433
72 37 1131
72 68 1259
72 8 1443
72 67 2589
72 27 74
72 44 1240
72 12 3426
72 73 3594
72 41 5256
72 39 1223
72 15 3449
72 19 5698
72 2 4431
72 29 141
72 71 692
72 11 687
72 62 434
72 22 3929
72 32 4607
72 60 1914
72 3 2760
72 17 1478
72 66 1758
72 47 4032
72 38 5688
72 74 369
72 33 4304
72 51 827
72 55 5691
72 31 3889
72 14 3666
72 16 2886
72 35 2343
72 69 4923
72 54 5109
72 70 815
72 50 5332
72 9 3574
72 40 2956
72 10 376
72 5 584
72 56 5954
72 21 4002
72 64 656
72 20 3897
72 75 192
72 52 2280
72 59 1947
72 65 2488
72 34 4664
72 61 1211
72 43 4157
72 42 2948
73 61 4202
73 11 5565
73 10 1653
73 28 1424
73 36 4502
73 29 4011
73 31 2233
73 75 4917
73 51 4116
73 48 310
73 12 5799
73 59 550
73 8 1853
73 65 2510
73 3 3585
73 53 2992
73 26 1110
73 18 1603
73 58 4021
73 72 1492
73 7 2092
73 40 1621
73 35 417
73 54 3966
73 66 2215
73 1 3022
73 17 922
73 33 1129
73 63 448
73 43 5177
73 45 1806
73 24 4379
73 16 1617
73 13 5165
73 14 3469
73 34 2617
73 46 3020
73 25 2194
73 4 6059
73 70 3386
73 23 2373
73 67 1156
73 55 1482
73 47 2228
73 68 3758
73 27 5357
73 39 717
73 22 3888
73 30 6297
73 42 4711
73 60 4349
73 44 5573
73 71 5308
73 50 2526
73 56 2325
73 74 4038
73 41 5491
73 5 2418
73 64 1103
73 37 2417
73 62 5277
74 12 2811
74 69 2358
74 39 378
74 75 5698
74 35 2569
74 4 400
74 10 6148
74 70 1063
74 65 167
74 60 1741
74 46 6052
74 15 2270
74 54 518
74 66 1925
74 1 3265
74 24 576
74 18 3202
74 5 880
74 59 2716
74 50 5954
74 32 5115
74 52 6239
74 21 3236
74 67 5501
74 16 848
74 14 6179
74 62 855
74 40 4250
74 31 5808
74 41 139
74 42 3693
74 38 655
74 68 389
74 36 5893
74 2 4513
74 64 4965
74 27 4381
74 58 2152
74 17 5429
74 63 2227
74 26 5335
74 22 494
74 33 2528
74 19 167
74 8 3672
74 28 2700
74 45 954
74 72 2457
74 6 6249
74 34 2099
74 43 4240
74 53 4465
74 7 2251
74 61 1412
74 57 4183
74 48 2197
74 47 4168
74 51 3241
74 30 4920
74 11 6094
74 73 3611
75 44 2683
75 11 4100
75 8 4970
75 34 4379
75 63 5686
75 40 2067
75 37 4551
75 71 5465
75 31 1134
75 72 1395
75 27 2346
75 38 770
75 51 2514
75 13 3396
75 50 568
75 68 5083
75 7 3777
75 47 572
75 43 1011
75 64 4032
75 60 1228
75 69 4795
75 10 5825
75 57 1003
75 12 1458
75 49 2518
75 58 3399
75 62 5845
75 65 4013
75 70 5477
75 5 2297
75 6 1448
75 26 2179
75 14 5294
75 21 312
75 74 1526
75 1 2690
75 46 1107
75 39 1224
75 9 2463
75 20 2558
75 15 5626
75 29 1059
75 36 5715
75 22 5530
75 18 846
75 59 5566
75 53 3415
75 32 5121
75 52 3080
75 16 4510
75 33 5645
75 54 3515
75 48 5258
75 30 4321
75 45 3899
75 2 491
75 3 4310
75 61 4828
75 67 32
