75 4200
1 12 5323
1 75 6229
1 45 5857
1 37 3451
1 10 2751
1 25 1685
1 55 1291
1 9 115
1 72 5819
1 27 1470
1 17 182
1 16 3712
1 21 1852
1 54 1888
1 22 4835
1 36 4241
1 70 2503
1 60 866
1 68 1529
1 48 6200
1 32 279
1 38 1316
1 46 3873
1 51 2175
1 2 537
1 30 3671
1 53 1609
1 50 3033
1 41 1429
1 74 3820
1 59 2045
1 57 2064
1 56 2971
1 15 1172
1 67 2677
1 4 2659
1 61 5930
1 6 3501
1 20 5913
1 11 2501
1 24 6145
1 39 388
1 40 1061
1 65 240
1 5 5045
1 3 146
1 64 2474
1 44 1082
1 35 2778
1 31 1660
1 66 3289
1 62 2577
2 36 6188
2 46 224
2 57 3721
2 16 738
2 31 3986
2 35 2883
2 24 4022
2 20 91
2 21 5559
2 48 4197
2 8 2296
2 11 3431
2 23 2313
2 14 1649
2 65 251
2 75 2024
2 62 6116
2 6 2215
2 47 735
2 60 2079
2 69 785
2 4 6082
2 40 3546
2 43 1974
2 38 703
2 44 401
2 22 5272
2 39 4543
2 3 3959
2 1 5063
2 45 1185
2 67 5386
2 42 4050
2 15 1095
2 19 2357
2 51 4398
2 41 3693
2 26 3136
2 59 6153
2 64 3181
2 52 3700
2 33 2450
2 70 198
2 50 4468
2 29 5331
2 49 5078
2 34 3097
2 25 867
2 68 1317
2 27 2596
2 28 5258
3 12 4891
3 11 4286
3 54 5714
3 53 2523
3 45 1599
3 10 2753
3 42 5470
3 14 1562
3 18 3457
3 57 213
3 38 4393
3 67 6097
3 63 3294
3 6 2898
3 2 744
3 29 1362
3 62 598
3 28 3915
3 72 2862
3 44 5686
3 46 1591
3 32 1298
3 50 1309
3 33 3285
3 64 5289
3 39 4547
3 49 1003
3 34 1264
3 43 1284
3 60 2457
3 74 3984
3 15 3157
3 22 2396
3 25 3362
3 52 3993
3 17 5449
3 27 5534
3 23 3030
3 7 4533
3 9 3027
3 20 2374
3 5 1612
3 65 1180
3 16 3255
3 13 4206
3 56 1137
3 66 3703
3 37 5127
3 61 4130
3 73 4126
3 75 2776
3 41 129
3 58 5907
3 48 5103
3 68 4012
3 59 875
3 47 3712
3 26 1377
4 61 166
4 55 4333
4 30 3168
4 52 1914
4 12 744
4 11 3166
4 59 402
4 15 4948
4 2 474
4 35 3892
4 20 1213
4 1 2367
4 14 1704
4 25 2078
4 66 685
4 43 776
4 34 6268
4 73 1459
4 32 4645
4 65 1823
4 53 4285
4 24 4206
4 29 3514
4 63 2171
4 67 5795
4 16 3375
4 7 4539
4 23 3485
4 72 3879
4 19 2921
4 33 1364
4 42 5787
4 54 2554
4 26 3920
4 45 1168
4 28 1473
4 36 3190
4 49 2155
4 74 4538
4 10 1979
4 6 3004
4 71 372
4 27 6247
4 37 2617
4 58 494
4 38 2845
4 44 2427
4 51 465
4 40 90
4 68 4420
4 18 6289
4 47 3099
4 62 2716
4 70 5412
4 64 1721
4 48 6090
4 9 6190
4 46 4367
5 18 4409
5 71 2649
5 13 2198
5 20 5838
5 72 2232
5 19 2956
5 45 2226
5 35 2035
5 48 699
5 60 5062
5 56 5386
5 46 3601
5 66 698
5 21 5258
5 64 2711
5 58 280
5 67 627
5 55 2286
5 54 2068
5 29 5055
5 57 3822
5 14 474
5 32 1207
5 42 1017
5 23 3557
5 22 3607
5 10 5400
5 3 2647
5 38 2298
5 49 2568
5 52 2608
5 8 3700
5 65 729
5 2 5357
5 44 4943
5 70 2680
5 12 5346
5 69 451
5 15 2371
5 75 1526
5 1 527
5 61 4686
5 25 5151
5 27 2400
5 47 5378
5 7 5216
5 31 5783
5 51 494
5 36 5874
5 59 257
5 17 1652
5 4 3840
5 30 3202
5 37 83
6 31 6270
6 52 2324
6 55 2430
6 48 2585
6 37 1076
6 67 226
6 28 134
6 1 4822
6 12 959
6 20 2138
6 36 3037
6 64 1963
6 59 5093
6 51 4007
6 42 6182
6 41 3016
6 70 4325
6 30 1481
6 63 5330
6 16 3499
6 27 2583
6 18 4961
6 8 316
6 40 3420
6 25 6248
6 35 4095
6 2 3373
6 58 6154
6 14 3154
6 17 4012
6 15 150
6 4 2808
6 32 648
6 47 435
6 34 4139
6 74 4389
6 56 4948
6 68 3981
6 50 3686
6 75 4765
6 38 641
6 29 1249
6 72 2765
6 44 92
6 19 475
6 24 2839
6 62 512
6 71 2647
6 65 302
6 45 407
6 66 2955
6 10 2066
6 60 2481
6 49 3926
7 47 140
7 37 4075
7 28 495
7 41 5214
7 65 5908
7 56 3265
7 49 2413
7 8 4089
7 71 1062
7 69 3803
7 63 4026
7 38 2249
7 59 1383
7 73 4276
7 19 3250
7 62 4948
7 22 5815
7 20 4500
7 1 4362
7 57 4018
7 13 5986
7 36 5997
7 64 5070
7 43 5962
7 51 4696
7 60 4850
7 21 756
7 54 2840
7 12 282
7 5 4384
7 32 5060
7 68 59
7 33 3291
7 11 3185
7 10 2823
7 48 3720
7 30 2023
7 75 5030
7 70 6218
7 4 3167
7 35 2578
7 72 2123
7 3 2794
7 39 1458
7 2 4693
7 25 3106
7 31 213
7 50 4287
7 23 4334
7 53 1984
7 61 621
7 16 821
7 52 3110
7 58 2588
7 40 4782
7 26 1498
7 74 4917
7 9 1556
7 42 4492
8 43 732
8 10 2113
8 61 3137
8 39 559
8 62 2887
8 59 6031
8 33 969
8 32 4770
8 7 2404
8 21 3579
8 66 3358
8 26 4267
8 37 6009
8 30 1127
8 28 3504
8 11 2354
8 14 4294
8 65 5115
8 16 658
8 41 2525
8 17 4467
8 71 3762
8 58 3986
8 5 3603
8 20 1839
8 56 2410
8 63 4617
8 18 4177
8 50 307
8 4 4972
8 74 3865
8 47 890
8 60 3719
8 22 4090
8 24 5458
8 75 4188
8 34 1327
8 15 678
8 31 2694
8 25 5395
8 2 1419
8 1 5744
8 36 4086
8 68 6189
8 72 1348
8 67 406
8 51 2082
8 29 1873
8 12 736
8 48 2775
8 19 5886
8 64 3574
8 35 2488
8 42 976
8 38 373
8 23 1390
8 46 1146
8 27 5711
8 45 2314
8 69 389
8 73 117
9 26 4484
9 40 5033
9 8 2098
9 74 905
9 17 535
9 63 3833
9 51 2925
9 47 3285
9 5 360
9 56 4952
9 28 1081
9 70 4631
9 52 3495
9 1 4105
9 33 302
9 15 5196
9 53 2061
9 67 429
9 46 2024
9 49 693
9 43 902
9 65 2505
9 37 4775
9 3 5015
9 59 1115
9 29 2181
9 71 4857
9 36 2787
9 73 3134
9 7 3113
9 10 1242
9 42 3126
9 23 5218
9 11 2792
9 12 1078
9 45 5338
9 39 5502
9 16 3192
9 18 5179
9 13 2936
9 68 2365
9 27 1666
9 64 2630
9 50 3255
9 14 5164
9 72 6196
9 48 202
9 31 3801
9 2 142
9 4 4701
9 34 2377
9 69 2500
9 22 2713
9 19 4724
9 58 722
9 66 147
9 30 3385
9 41 2951
10 15 2720
10 59 4774
10 12 5782
10 44 5643
10 29 885
10 69 6033
10 45 2012
10 72 1863
10 7 1770
10 55 2968
10 50 5704
10 17 2340
10 34 3259
10 58 3641
10 57 5670
10 28 6132
10 40 3586
10 24 2412
10 6 3378
10 9 3792
10 48 2516
10 1 4392
10 47 4942
10 73 5050
10 30 5318
10 13 1320
10 26 2320
10 4 151
10 62 3147
10 46 5055
10 19 5079
10 5 1177
10 68 1773
10 63 5938
10 61 5327
10 35 343
10 75 4124
10 36 2649
10 38 3249
10 37 2959
10 43 617
10 11 2715
10 20 2197
10 60 4135
10 41 3493
10 53 4653
10 8 1919
10 31 1899
10 23 2804
10 18 20
10 42 1636
10 3 5771
10 14 3282
10 71 1192
10 22 4615
10 64 675
10 33 3973
10 27 2774
10 51 5629
10 67 3988
10 39 5357
10 54 4039
10 66 853
10 56 1106
10 52 4342
10 70 6285
11 49 3247
11 44 5496
11 27 5981
11 72 3687
11 2 1848
11 18 2084
11 38 2524
11 4 3131
11 30 5794
11 61 2132
11 47 998
11 65 5390
11 62 2715
11 9 3002
11 56 3130
11 45 5331
11 60 3283
11 68 5099
11 51 1038
11 53 3286
11 39 2973
11 19 3954
11 3 5796
11 17 5360
11 15 4433
11 1 5429
11 36 4958
11 28 1567
11 24 2525
11 67 1994
11 37 4739
11 42 1997
11 25 1063
11 41 2742
11 46 4982
11 52 868
11 34 1998
11 21 2885
11 23 6295
11 8 4004
11 13 5393
11 26 1408
11 59 2484
11 70 4613
11 29 2950
11 74 4496
11 6 2668
11 58 1862
11 7 5534
11 48 2794
11 63 3819
11 31 5055
11 57 3401
11 16 265
11 32 1791
11 64 5113
11 69 5509
11 71 257
12 21 5858
12 69 2009
12 7 5171
12 29 5546
12 73 5932
12 15 3619
12 55 1146
12 58 105
12 59 752
12 17 5214
12 36 457
12 18 4049
12 70 5804
12 35 3328
12 13 5308
12 10 5757
12 45 3954
12 9 648
12 11 2564
12 32 4443
12 42 4829
12 2 3034
12 65 5871
12 40 4712
12 22 1674
12 14 3837
12 50 1030
12 3 1133
12 75 3110
12 8 2834
12 63 1430
12 46 2792
12 62 3294
12 28 843
12 30 1295
12 24 4259
12 31 1569
12 41 4198
12 38 435
12 1 3586
12 64 2073
12 61 3805
12 47 4615
12 20 5570
12 56 5934
12 52 1036
12 6 2098
12 37 2303
12 67 486
12 16 998
12 39 3859
12 71 1393
12 66 3403
12 74 1103
12 60 2481
12 26 5731
12 25 3739
12 43 3225
12 27 5515
12 23 3005
12 57 2119
13 8 634
13 64 3596
13 41 2779
13 62 3919
13 4 4208
13 23 4375
13 54 339
13 32 1250
13 15 122
13 51 827
13 74 2282
13 39 1246
13 40 911
13 57 1939
13 60 3318
13 20 4823
13 25 4137
13 26 207
13 33 1235
13 46 2104
13 71 5216
13 21 1506
13 29 5215
13 30 3217
13 48 201
13 43 6147
13 3 3769
13 1 718
13 28 1337
13 38 4720
13 31 978
13 53 4787
13 73 174
13 72 738
13 36 1524
13 11 4906
13 17 4928
13 65 989
13 9 5195
13 70 1952
13 50 2355
13 61 4324
13 47 2088
13 75 4115
13 59 4555
13 6 4745
13 24 2859
13 58 6067
13 44 592
13 68 2153
13 22 5430
13 7 2244
13 5 5492
13 55 3008
14 31 776
14 43 4027
14 8 3451
14 26 3297
14 40 4556
14 50 3027
14 45 965
14 12 3935
14 52 1153
14 68 4631
14 25 2570
14 18 3508
14 53 2956
14 51 3954
14 28 1630
14 56 1061
14 32 1698
14 10 458
14 58 3794
14 47 1544
14 35 4115
14 42 3809
14 15 1977
14 74 2188
14 1 3061
14 7 3196
14 23 3593
14 72 4016
14 3 3181
14 57 4669
14 29 2911
14 34 1568
14 64 435
14 67 559
14 2 3709
14 71 2678
14 37 3204
14 55 5944
14 63 4324
14 44 1934
14 62 158
14 46 6093
14 24 2814
14 39 5574
14 22 1496
14 17 2109
14 54 5048
14 30 312
14 6 5246
14 48 5402
14 41 4035
14 9 5441
14 38 6050
15 2 3374
15 28 4817
15 9 790
15 33 311
15 44 4259
15 65 3370
15 69 3874
15 14 527
15 49 1050
15 51 127
15 47 2333
15 70 370
15 75 5574
15 26 3170
15 30 5429
15 66 3384
15 68 1340
15 5 4125
15 46 4252
15 42 1505
15 52 1867
15 50 3771
15 24 854
15 27 2661
15 7 5497
15 20 2635
15 43 4508
15 8 3621
15 56 2158
15 35 927
15 12 4610
15 21 3050
15 61 4622
15 34 2606
15 74 6127
15 29 3886
15 36 578
15 55 576
15 6 3820
15 22 5905
15 58 5383
15 54 4638
15 13 1370
15 64 2662
15 39 1397
15 10 736
15 73 3062
15 67 632
15 41 514
15 60 4802
15 71 3088
15 62 1455
15 37 1856
15 40 6068
15 57 571
15 23 1848
15 19 4300
16 63 2343
16 8 3434
16 40 843
16 67 2482
16 24 1051
16 6 5552
16 29 1554
16 32 2140
16 2 537
16 27 3134
16 10 254
16 74 5451
16 55 2587
16 37 2224
16 47 6059
16 28 2177
16 61 2373
16 25 1574
16 35 1558
16 4 2587
16 19 133
16 66 457
16 23 5045
16 51 6105
16 68 3545
16 43 1865
16 36 5921
16 11 5463
16 18 5992
16 31 3645
16 17 4715
16 9 4495
16 44 2781
16 13 5804
16 14 2431
16 12 5167
16 21 4096
16 22 4793
16 65 4283
16 69 2030
16 54 5995
16 42 3248
16 52 3548
16 5 5744
16 46 4434
16 26 6040
16 30 4512
16 41 3243
16 7 2780
16 49 5077
16 73 1525
16 1 2915
16 38 6270
16 45 2842
16 34 115
16 48 4498
16 75 3481
16 58 4719
16 72 3370
17 74 2115
17 19 4919
17 50 4101
17 56 3254
17 24 861
17 14 6166
17 38 127
17 41 2566
17 45 1378
17 3 5440
17 35 295
17 60 845
17 51 1337
17 53 5903
17 73 3150
17 62 640
17 68 5615
17 6 2221
17 37 785
17 44 1582
17 18 3627
17 27 4339
17 13 867
17 31 1939
17 72 2618
17 11 2172
17 9 2062
17 33 2537
17 1 1164
17 26 4445
17 70 808
17 22 5464
17 12 1399
17 52 6296
17 66 206
17 49 694
17 63 3423
17 28 2316
17 47 431
17 36 41
17 42 1315
17 15 3340
17 23 5172
17 2 1306
17 7 4782
17 30 2736
17 69 1924
17 67 3435
17 43 5706
17 29 3974
17 48 2795
17 4 742
17 34 5483
17 8 2484
17 5 4716
17 25 1610
18 32 4007
18 3 5641
18 38 5652
18 33 4556
18 42 6032
18 26 2277
18 44 3621
18 13 1731
18 37 277
18 35 4559
18 39 555
18 72 4264
18 67 5915
18 63 6028
18 53 1881
18 54 5648
18 55 21
18 4 5843
18 50 4760
18 73 2259
18 23 3595
18 17 299
18 6 2609
18 75 1840
18 11 186
18 69 1
18 19 5538
18 20 6149
18 70 5953
18 46 768
18 74 1067
18 10 3840
18 65 5485
18 56 2829
18 66 2018
18 28 903
18 22 3785
18 48 3235
18 40 5143
18 59 2318
18 58 2761
18 41 1606
18 24 1664
18 52 2818
18 36 3030
18 60 1079
18 62 4497
18 12 5302
18 29 5581
18 21 1145
18 71 1668
18 27 69
18 61 5301
18 68 1694
18 30 5874
18 34 2196
18 45 3361
18 16 2820
18 43 1714
19 66 5080
19 35 5799
19 4 5280
19 25 3598
19 44 1882
19 64 6140
19 27 5731
19 72 3004
19 40 1799
19 28 2098
19 65 477
19 9 1645
19 71 446
19 46 5610
19 14 261
19 33 1882
19 11 2183
19 18 3096
19 49 5701
19 34 876
19 43 4248
19 51 277
19 24 2255
19 68 5165
19 2 97
19 48 5509
19 22 923
19 63 681
19 26 4811
19 5 2116
19 29 4076
19 42 5436
19 54 6099
19 53 4723
19 6 1971
19 75 1237
19 74 5922
19 20 361
19 57 1436
19 61 954
19 10 5837
19 62 6056
19 50 2551
19 55 2957
19 23 4532
19 17 1216
19 7 1149
19 58 2063
19 8 2043
19 21 707
19 37 719
19 1 1232
19 38 1721
19 73 3951
19 39 3150
19 30 2603
20 74 836
20 57 2940
20 27 2132
20 31 3200
20 62 1581
20 25 555
20 65 1012
20 39 5645
20 44 965
20 35 731
20 67 1071
20 12 4550
20 68 1896
20 58 3139
20 8 1253
20 6 1356
20 47 6156
20 4 3550
20 17 1475
20 50 2038
20 29 4035
20 30 4593
20 42 3305
20 2 2682
20 54 603
20 32 5278
20 7 2143
20 5 6130
20 55 3356
20 26 4704
20 59 2249
20 21 1294
20 18 3233
20 43 5411
20 23 3574
20 53 4943
20 33 6031
20 66 5282
20 70 479
20 63 577
20 64 6011
20 19 5898
20 49 3384
20 41 4789
20 9 2835
20 1 5800
20 24 3877
20 38 2191
20 3 5258
20 51 4521
20 14 1017
20 45 4533
20 13 3294
20 34 395
20 15 2394
20 73 1388
20 16 4219
21 73 3212
21 7 3006
21 67 6272
21 65 1402
21 30 1877
21 53 2097
21 33 5210
21 47 2783
21 55 549
21 2 4129
21 50 4903
21 32 4924
21 26 3573
21 44 336
21 12 932
21 74 4752
21 8 5387
21 57 3416
21 54 1818
21 1 6194
21 24 462
21 22 3080
21 19 2110
21 66 4360
21 9 4914
21 13 5055
21 5 658
21 28 5231
21 46 201
21 52 4677
21 45 5864
21 43 4755
21 20 3640
21 31 5246
21 60 866
21 64 952
21 15 281
21 72 4624
21 38 2557
21 71 3202
21 51 3263
21 36 1481
21 48 3679
21 68 5929
21 3 446
21 17 2675
21 11 1240
21 29 4047
21 49 711
21 62 3205
21 63 500
21 25 190
21 18 1492
21 39 1203
21 59 2217
21 41 3246
21 10 5612
22 28 4088
22 25 4407
22 71 1242
22 64 5493
22 15 5686
22 47 5680
22 5 119
22 29 5720
22 14 3196
22 63 4541
22 6 3595
22 46 196
22 72 5118
22 39 4620
22 55 781
22 13 3456
22 75 3607
22 41 44
22 59 4632
22 37 5359
22 27 5496
22 68 1788
22 53 4212
22 69 3464
22 70 4064
22 62 4698
22 16 1157
22 10 3719
22 24 3853
22 58 2877
22 23 344
22 38 2709
22 33 4133
22 40 3865
22 20 1270
22 3 2892
22 67 3645
22 17 3997
22 66 827
22 73 3635
22 60 6291
22 61 2365
22 65 2420
22 51 4194
22 57 3485
22 2 4689
22 49 1297
22 36 5601
22 18 2927
22 26 2466
22 45 1632
22 11 5394
22 34 3873
22 48 5070
22 35 5932
22 8 3551
23 67 1578
23 29 5350
23 54 1590
23 5 843
23 39 287
23 3 125
23 48 53
23 62 1827
23 9 442
23 61 4637
23 50 688
23 18 3753
23 26 3601
23 25 5205
23 34 3464
23 75 1116
23 44 4672
23 43 2305
23 74 3401
23 70 5998
23 55 4312
23 52 4343
23 28 3534
23 8 4642
23 73 3239
23 22 2872
23 7 2608
23 32 1567
23 47 4863
23 72 2166
23 68 4541
23 65 5562
23 46 4009
23 19 3584
23 64 66
23 41 4271
23 12 1318
23 59 2195
23 53 3110
23 40 3182
23 63 2099
23 30 4372
23 15 4739
23 66 1394
23 36 374
23 13 465
23 2 316
23 49 1295
23 20 1559
23 56 4074
23 16 1637
23 58 3253
24 73 4131
24 27 3251
24 50 6102
24 21 5985
24 12 1081
24 38 690
24 23 5443
24 25 4396
24 72 4709
24 13 3560
24 36 1826
24 14 5386
24 47 3184
24 7 3829
24 60 98
24 69 309
24 61 3888
24 65 2648
24 32 5623
24 52 5519
24 16 728
24 56 976
24 49 331
24 35 5125
24 26 5915
24 48 3004
24 45 1783
24 54 1407
24 71 1756
24 22 3405
24 70 4817
24 6 535
24 41 3313
24 42 1325
24 66 362
24 8 3783
24 20 2182
24 17 3984
24 4 4750
24 11 3779
24 28 2173
24 74 2230
24 62 1579
24 1 1038
24 19 6226
24 58 2777
24 31 5940
24 15 2341
24 68 1461
24 10 5264
24 55 6055
24 9 3680
24 59 470
25 10 1142
25 45 2278
25 17 2332
25 28 4603
25 31 98
25 68 2691
25 67 3737
25 33 883
25 41 3391
25 66 5571
25 30 1589
25 44 83
25 29 5583
25 58 5268
25 8 3690
25 51 2148
25 54 4655
25 74 3466
25 19 2582
25 34 1703
25 60 1668
25 63 5740
25 35 2470
25 37 4518
25 55 3561
25 64 3694
25 70 5523
25 72 446
25 4 5719
25 52 2560
25 38 3372
25 23 6288
25 49 11
25 2 2394
25 42 4779
25 26 5288
25 12 4540
25 3 121
25 65 5852
25 57 6054
25 6 3914
25 32 3996
25 21 1747
25 20 1749
25 46 2227
25 53 907
25 43 861
25 14 3168
25 75 2968
25 1 4199
25 59 5845
25 36 4764
26 1 5635
26 62 2021
26 29 1234
26 13 3182
26 71 2963
26 19 18
26 3 3778
26 50 2697
26 57 761
26 2 786
26 12 5395
26 9 2188
26 37 2507
26 66 3851
26 33 5701
26 46 900
26 4 3017
26 70 3234
26 21 5527
26 20 5067
26 58 427
26 6 4520
26 23 3879
26 47 4577
26 17 3009
26 11 5314
26 75 4730
26 34 1281
26 35 1382
26 68 396
26 63 2146
26 54 854
26 14 5140
26 48 3058
26 28 367
26 56 2070
26 60 4410
26 74 2839
26 72 1681
26 52 644
26 7 46
26 69 2196
26 44 947
26 65 119
26 53 288
26 24 294
26 30 2477
26 32 5628
26 51 2119
26 49 3688
26 39 5968
26 42 1510
26 73 1388
26 38 1814
26 15 1773
26 27 3032
27 16 2594
27 22 3179
27 4 3501
27 6 2406
27 41 1392
27 53 2257
27 72 5731
27 36 632
27 23 2488
27 48 77
27 60 2876
27 5 5723
27 64 4434
27 29 2612
27 25 1041
27 44 2965
27 28 3861
27 3 6134
27 7 1993
27 57 5538
27 50 3315
27 11 642
27 45 1667
27 1 5544
27 32 471
27 34 484
27 62 4027
27 67 6247
27 59 2803
27 51 2854
27 56 4871
27 13 1393
27 63 4506
27 20 1651
27 65 5010
27 33 3395
27 12 778
27 15 5088
27 47 4653
27 35 2830
27 42 5412
27 19 2705
27 43 5019
27 61 2028
27 21 628
27 10 4602
27 24 3313
27 73 2591
27 14 4697
27 9 1139
27 54 2363
28 72 4041
28 41 2385
28 58 2219
28 48 1986
28 34 5733
28 2 6244
28 20 4422
28 27 4284
28 45 5956
28 75 2672
28 4 1829
28 21 786
28 25 5738
28 57 111
28 55 1973
28 60 3832
28 63 3815
28 50 4012
28 46 2012
28 40 2597
28 71 3495
28 24 4775
28 11 633
28 15 3617
28 44 1567
28 18 1168
28 59 5406
28 43 2893
28 36 536
28 52 5150
28 35 4850
28 26 142
28 32 100
28 51 4243
28 62 3665
28 1 4519
28 74 4867
28 61 525
28 29 4019
28 33 846
28 5 4004
28 73 4302
28 3 4756
28 12 5834
28 65 5911
28 38 2145
28 22 3217
28 69 258
28 7 3163
28 14 3407
28 53 1143
28 39 4284
28 16 925
28 17 4374
28 6 6209
28 67 1722
28 42 2136
28 66 5637
28 8 1004
28 64 5473
28 9 2604
28 54 282
28 13 5406
28 23 3173
29 35 3989
29 38 5652
29 63 3015
29 60 2570
29 15 2167
29 8 122
29 40 6008
29 41 5547
29 54 1289
29 25 2554
29 2 3206
29 33 2924
29 52 1981
29 9 2179
29 47 4225
29 75 1111
29 74 5453
29 10 4488
29 43 5244
29 24 4634
29 26 899
29 65 1902
29 11 2787
29 59 228
29 31 5868
29 49 4397
29 64 3066
29 7 4925
29 68 242
29 39 3621
29 21 4934
29 61 5327
29 42 5671
29 51 3424
29 17 1697
29 71 808
29 13 878
29 72 3849
29 50 4215
29 6 4884
29 55 4362
29 57 1651
29 22 18
29 34 5642
29 1 1793
29 16 5779
29 58 4911
29 3 2356
29 37 6133
29 23 2855
29 19 48
29 4 5647
29 20 5605
29 53 3797
29 67 2051
29 73 4914
29 48 4162
29 44 1142
30 26 2466
30 66 2574
30 4 4803
30 1 1945
30 15 691
30 69 3872
30 20 5466
30 48 3797
30 72 1519
30 10 6162
30 27 3031
30 39 2956
30 28 3241
30 74 3459
30 42 3733
30 71 5528
30 5 3053
30 44 3461
30 51 2040
30 22 1085
30 6 6146
30 37 1527
30 58 1415
30 11 4393
30 25 2026
30 41 6015
30 59 822
30 43 4977
30 14 1826
30 2 2101
30 19 4571
30 23 4746
30 62 4622
30 21 813
30 24 1139
30 46 4284
30 65 3399
30 73 3480
30 13 475
30 45 4287
30 68 5785
30 9 5482
30 34 5848
30 47 4091
30 49 3869
30 7 5338
30 57 459
30 60 1869
30 33 1395
31 72 2319
31 28 918
31 26 3013
31 54 881
31 53 2528
31 75 1267
31 66 6267
31 3 169
31 36 4000
31 18 2145
31 7 5713
31 22 2232
31 73 5337
31 60 943
31 50 578
31 46 6240
31 14 6148
31 69 2568
31 47 2657
31 64 2260
31 25 2163
31 16 1500
31 52 4340
31 67 788
31 30 6168
31 27 5894
31 71 1030
31 51 2406
31 20 3932
31 23 4385
31 61 6153
31 44 4784
31 10 3107
31 65 3873
31 57 4059
31 42 5341
31 32 1819
31 8 5281
31 45 335
31 39 6037
31 55 5436
31 6 6145
31 62 5065
31 58 4211
31 59 5660
31 19 5840
31 34 5366
31 35 4565
31 1 3175
31 29 3426
31 15 3203
32 39 2522
32 54 810
32 23 2489
32 20 1851
32 17 654
32 2 3511
32 13 160
32 11 4243
32 41 4905
32 60 3836
32 3 6271
32 8 1643
32 19 1902
32 51 1322
32 18 4239
32 26 878
32 1 3510
32 61 4445
32 73 6144
32 70 818
32 56 5215
32 71 6215
32 22 4952
32 72 2688
32 25 21
32 34 3985
32 55 3666
32 52 5194
32 62 1822
32 16 2706
32 65 1996
32 27 2880
32 10 2530
32 47 3384
32 57 341
32 15 2374
32 43 546
32 28 3869
32 37 2984
32 9 2549
32 45 940
32 14 437
32 4 5309
32 59 1663
32 29 4369
32 35 1537
32 53 1290
32 48 5191
32 69 1140
32 46 4722
32 63 6193
32 67 1288
32 75 5796
32 33 1674
32 66 5944
32 36 2503
32 58 4002
32 24 2875
32 68 3564
32 64 1113
32 31 3825
32 6 5368
32 5 3705
32 50 6079
33 55 3966
33 39 4001
33 21 639
33 37 2464
33 7 6233
33 32 2010
33 26 3473
33 65 5866
33 49 6275
33 59 3164
33 70 4686
33 48 5108
33 41 4973
33 45 2725
33 64 2680
33 66 783
33 23 4710
33 61 2037
33 57 1390
33 3 4362
33 9 6204
33 54 436
33 67 1954
33 50 4724
33 75 5625
33 30 5915
33 38 2648
33 10 1703
33 31 2967
33 40 6273
33 69 2981
33 11 1954
33 5 3770
33 74 1864
33 52 3214
33 43 3683
33 22 1443
33 2 2693
33 12 4972
33 35 5531
33 36 254
33 56 5365
33 6 1705
33 18 3560
33 16 2971
33 71 2199
33 42 1598
33 19 3178
33 47 346
33 17 5298
33 25 1738
33 27 1038
33 58 5748
33 68 3032
33 44 1491
33 15 1130
34 39 3055
34 22 5263
34 50 6074
34 51 2372
34 59 3031
34 68 4929
34 69 4061
34 55 1450
34 43 4460
34 29 3212
34 73 1399
34 8 3622
34 72 4924
34 24 1795
34 60 2357
34 45 2711
34 13 3137
34 65 844
34 19 5533
34 42 4833
34 15 1033
34 35 6126
34 12 1711
34 5 6203
34 14 5856
34 70 3721
34 52 4539
34 47 3815
34 31 1997
34 74 5081
34 71 1697
34 58 2036
34 46 992
34 1 4534
34 44 3469
34 57 5004
34 62 3781
34 10 2167
34 48 1830
34 30 232
34 75 1668
34 41 116
34 63 3043
34 11 3982
34 67 242
34 20 95
34 6 1035
34 17 1959
34 26 289
34 37 3203
34 66 163
34 32 3658
34 54 2981
34 16 879
34 49 908
34 64 3080
34 7 6145
34 38 1572
34 25 5544
35 29 3234
35 4 2160
35 10 1422
35 61 890
35 32 6007
35 75 5382
35 24 5585
35 16 5390
35 33 3907
35 15 2079
35 5 1252
35 11 4962
35 74 5284
35 34 4406
35 53 2688
35 70 4001
35 50 2407
35 8 3221
35 45 3508
35 36 4979
35 65 5012
35 25 207
35 31 3289
35 49 5638
35 64 2473
35 1 4068
35 37 5240
35 62 2667
35 63 4643
35 21 3751
35 47 5729
35 71 1651
35 57 4606
35 39 2126
35 18 1394
35 72 3651
35 43 4418
35 13 1659
35 30 2653
35 19 691
35 73 666
35 66 5226
35 9 1692
35 28 4795
35 26 602
35 67 1383
35 7 3333
35 59 1802
35 69 6124
35 51 4102
35 55 1568
35 68 5141
35 44 5069
35 27 1452
35 48 2784
35 60 1380
36 32 969
36 19 4199
36 31 1913
36 10 1717
36 20 1367
36 35 5899
36 49 2830
36 7 5277
36 22 4886
36 58 3938
36 59 6175
36 60 2852
36 8 3612
36 12 782
36 9 722
36 52 705
36 73 3656
36 18 2018
36 74 1522
36 25 2138
36 53 735
36 39 1940
36 28 2915
36 16 6288
36 6 79
36 2 5899
36 45 389
36 69 5778
36 50 6255
36 24 4473
36 56 654
36 72 5784
36 62 3658
36 27 2199
36 48 3067
36 38 3710
36 44 6243
36 61 4048
36 29 2369
36 67 3981
36 11 746
36 47 1856
36 42 145
36 4 5016
36 17 3100
36 3 1205
36 43 4970
36 63 2592
36 70 3428
36 30 3354
36 55 5790
36 65 4733
36 41 4295
36 46 107
36 66 3264
36 37 1471
36 54 252
36 13 1244
36 64 351
36 14 5885
36 26 6015
36 34 3925
36 40 2387
36 23 1417
37 48 5505
37 8 4111
37 39 5130
37 72 1024
37 54 4551
37 6 2666
37 35 2397
37 23 3120
37 31 5069
37 21 2790
37 20 3363
37 28 4565
37 65 3726
37 60 5477
37 16 4339
37 40 842
37 33 2843
37 66 214
37 24 1090
37 17 1452
37 13 4968
37 52 5928
37 18 4536
37 61 1318
37 11 2365
37 10 4971
37 30 2570
37 5 1749
37 3 886
37 1 877
37 53 1319
37 69 3347
37 64 919
37 71 5404
37 36 1210
37 9 4965
37 67 4733
37 56 2904
37 19 4704
37 74 2265
37 15 680
37 45 4261
37 70 5409
37 22 2248
37 32 1087
37 58 1591
37 57 5125
37 46 3410
37 7 5055
37 47 2043
37 25 2728
37 29 5272
37 49 1874
37 43 3475
37 59 2617
37 50 6094
37 42 4665
37 2 1150
37 27 4425
38 26 5087
38 43 4596
38 1 4694
38 75 2090
38 12 596
38 15 5945
38 34 2811
38 27 5994
38 53 4845
38 33 3217
38 16 4889
38 36 4453
38 62 777
38 21 1048
38 61 6194
38 35 4393
38 19 3363
38 68 5352
38 63 1428
38 56 5999
38 11 3293
38 48 2057
38 28 2972
38 60 3323
38 13 3256
38 69 6049
38 51 1720
38 9 3951
38 59 4153
38 7 750
38 23 4744
38 39 5885
38 30 379
38 10 4896
38 5 910
38 18 1079
38 20 2499
38 46 1573
38 22 5888
38 49 989
38 24 1834
38 14 4563
38 70 5001
38 71 1571
38 52 2840
38 40 1583
38 37 3467
38 6 5496
38 74 1712
38 32 891
38 55 3170
38 57 4565
38 73 1225
38 4 3134
38 64 5288
38 65 3408
38 25 4431
38 17 511
38 66 1727
38 44 2825
38 45 5393
39 58 426
39 67 2172
39 55 4958
39 17 1183
39 32 4985
39 31 565
39 66 1805
39 26 1539
39 63 6216
39 19 5758
39 15 1931
39 62 357
39 43 1131
39 9 1918
39 7 3518
39 57 3117
39 64 4143
39 22 4161
39 52 5888
39 38 1272
39 2 2582
39 33 3508
39 8 2999
39 41 6166
39 68 4930
39 23 2534
39 56 5402
39 1 2891
39 51 1115
39 14 6181
39 16 5114
39 65 1118
39 50 1666
39 45 1346
39 13 3530
39 74 6242
39 40 2693
39 60 2570
39 6 2353
39 75 4699
39 46 994
39 3 3097
39 42 5159
39 11 6213
39 36 5777
39 10 4053
39 21 3855
39 4 125
39 18 4599
39 47 763
39 71 2328
39 54 499
39 28 6138
39 29 3599
39 61 4934
39 72 826
39 44 165
39 34 2419
39 24 1525
39 12 2691
39 35 2923
40 29 3336
40 3 1654
40 13 6038
40 36 4638
40 51 887
40 71 5152
40 56 2905
40 64 3711
40 69 2420
40 12 2041
40 72 6060
40 11 3903
40 50 4697
40 67 1270
40 39 4716
40 7 1703
40 9 5121
40 53 3792
40 58 3367
40 63 2460
40 57 2970
40 15 2283
40 52 1960
40 23 5290
40 60 1713
40 73 2066
40 54 768
40 8 1212
40 33 1871
40 70 4740
40 22 4991
40 74 1480
40 68 4879
40 5 3968
40 20 5698
40 18 959
40 24 3035
40 21 609
40 2 3617
40 35 6198
40 66 3731
40 14 4412
40 38 3016
40 4 5608
40 59 5116
40 61 3428
40 16 285
41 73 4771
41 30 1618
41 8 3011
41 64 4268
41 4 4925
41 17 4506
41 69 762
41 51 169
41 23 2744
41 12 4360
41 9 5921
41 2 264
41 25 3464
41 71 479
41 31 2687
41 24 197
41 15 3189
41 63 3983
41 66 2143
41 29 3918
41 11 2026
41 6 667
41 18 2009
41 21 3868
41 70 3512
41 5 2427
41 33 4403
41 26 2510
41 35 1825
41 60 2754
41 46 6299
41 44 3656
41 59 2916
41 67 4705
41 42 5470
41 22 3242
41 3 5340
41 38 6176
41 74 5852
41 49 6159
41 75 2346
41 16 1352
41 50 3394
41 20 3019
41 47 5372
41 53 1132
41 14 199
41 27 5006
41 13 2388
41 34 1970
41 7 5586
41 57 806
41 1 5445
41 68 3202
42 65 525
42 74 4108
42 43 1332
42 19 2838
42 47 3511
42 31 1106
42 29 4051
42 24 1925
42 9 777
42 5 3103
42 44 2928
42 58 3028
42 67 2662
42 8 1157
42 13 162
42 21 3593
42 4 2978
42 27 4689
42 26 2191
42 50 3392
42 71 2001
42 55 3943
42 66 2239
42 45 138
42 72 6270
42 46 3004
42 17 5982
42 10 3785
42 60 885
42 51 1769
42 32 3670
42 61 5492
42 6 2602
42 33 461
42 11 4975
42 59 1869
42 49 4927
42 48 3110
42 73 1959
42 62 4760
42 12 1999
42 41 1949
42 52 3809
42 30 4890
42 70 2829
42 25 4089
42 57 1341
42 28 3174
42 35 3338
42 15 5578
42 7 1873
42 56 3490
42 53 4972
42 40 3912
42 3 5007
42 39 4102
42 2 4959
42 38 5755
42 37 1685
42 16 4691
42 1 3530
42 64 2386
43 6 1066
43 1 6017
43 72 1113
43 41 4113
43 3 3118
43 73 4648
43 47 6088
43 45 4346
43 44 1245
43 48 1911
43 17 3971
43 34 90
43 67 1584
43 58 5739
43 27 4644
43 18 3760
43 40 5906
43 20 3122
43 57 3861
43 33 4174
43 7 1942
43 10 921
43 8 1130
43 14 2638
43 15 996
43 28 522
43 69 253
43 38 3427
43 24 376
43 22 3918
43 63 4579
43 64 4494
43 23 5930
43 32 1982
43 37 678
43 2 2183
43 52 632
43 21 5831
43 49 2398
43 5 153
43 16 1014
43 62 5606
43 4 1681
43 74 6178
43 65 4782
43 30 2482
43 66 2929
43 51 5946
43 56 3230
43 55 2091
43 26 5441
43 53 1904
43 61 3926
44 67 3208
44 37 5221
44 42 1131
44 12 3775
44 38 3051
44 10 3494
44 29 4436
44 33 6243
44 20 5208
44 50 4004
44 24 5021
44 48 1918
44 55 3908
44 36 6036
44 5 5315
44 2 2160
44 62 2839
44 59 6277
44 30 205
44 8 3478
44 75 6199
44 73 3620
44 31 1931
44 26 2400
44 46 2289
44 21 3859
44 23 5528
44 41 4257
44 72 1362
44 68 1301
44 63 4045
44 39 5171
44 4 557
44 53 2682
44 25 3824
44 19 1917
44 3 624
44 70 1704
44 65 554
44 28 754
44 71 2080
44 1 4511
44 34 5870
44 35 999
44 16 4826
44 47 2130
44 61 3545
44 11 2090
44 32 5180
44 15 4818
44 56 5803
44 51 2470
44 54 3545
45 67 1876
45 14 2184
45 60 5341
45 25 179
45 11 2227
45 40 5100
45 55 3964
45 46 1558
45 74 659
45 12 3059
45 47 503
45 61 5636
45 69 5951
45 22 1064
45 26 3507
45 9 858
45 17 4664
45 41 4348
45 63 3437
45 33 4849
45 32 6291
45 65 1468
45 43 2724
45 3 2813
45 36 1021
45 49 5548
45 48 4406
45 72 4966
45 75 4403
45 31 4568
45 70 2404
45 10 5093
45 19 3692
45 34 4582
45 38 5004
45 42 5555
45 62 3737
45 66 3208
45 15 5152
45 68 5446
45 39 2735
45 59 4961
45 35 4523
45 8 888
45 56 3937
45 44 5254
45 24 3086
45 2 3627
45 30 806
45 54 1692
45 37 1445
45 57 5293
45 53 1296
45 23 1918
45 21 4359
45 5 3064
45 50 2491
45 28 1558
46 29 4009
46 67 4955
46 3 5131
46 17 769
46 16 4795
46 42 5128
46 4 1205
46 51 6084
46 60 143
46 33 3002
46 74 2214
46 19 1868
46 31 4225
46 70 1389
46 58 5467
46 63 3677
46 24 868
46 53 3278
46 5 361
46 38 5439
46 20 5071
46 62 5416
46 75 1679
46 54 1609
46 13 5439
46 36 364
46 55 3733
46 52 189
46 69 173
46 57 663
46 11 1183
46 65 5396
46 21 5166
46 59 3946
46 44 233
46 7 291
46 8 912
46 26 1256
46 9 2306
46 71 1593
46 32 2879
46 48 3338
46 25 4768
46 41 3621
46 43 3476
46 22 1801
46 12 5077
46 73 3221
46 45 1218
46 37 6
46 64 1882
46 2 1864
46 56 3066
46 1 40
46 49 305
46 28 5764
46 14 4610
46 50 6153
46 66 3884
47 37 3577
47 8 4206
47 59 93
47 19 74
47 55 4120
47 27 5204
47 26 5983
47 49 2034
47 24 5501
47 66 3359
47 11 6141
47 15 4631
47 52 3807
47 45 1083
47 42 603
47 5 6071
47 46 1952
47 73 5956
47 23 5177
47 20 5159
47 48 5389
47 65 2434
47 56 5827
47 29 1350
47 43 35
47 75 2106
47 39 5136
47 50 1604
47 72 322
47 32 6170
47 33 3367
47 38 4339
47 35 5525
47 41 1419
47 61 3301
47 71 5419
47 9 2705
47 74 2755
47 40 461
47 17 3481
47 70 1299
47 22 1726
47 63 152
47 69 2245
47 16 6250
47 4 2582
47 44 5017
47 31 5163
47 2 5320
47 53 2311
47 1 5468
47 54 4175
47 3 6210
47 51 6027
47 14 1321
47 68 3320
47 12 2768
47 57 6272
47 34 1111
47 64 4459
48 73 6078
48 7 1631
48 61 1525
48 53 319
48 64 1784
48 27 4065
48 67 5906
48 51 4548
48 43 5638
48 65 3059
48 1 1118
48 13 5804
48 59 1089
48 66 4892
48 40 702
48 55 1311
48 62 3878
48 23 1327
48 9 3477
48 11 2011
48 25 72
48 71 1441
48 5 5986
48 32 3062
48 58 400
48 47 4827
48 6 1858
48 4 319
48 18 109
48 75 6219
48 3 1362
48 34 3567
48 38 3610
48 52 5470
48 63 3701
48 2 142
48 68 4688
48 57 2853
48 60 5673
48 21 1416
48 10 4468
48 22 6147
48 20 2546
48 42 3561
48 70 586
48 39 198
48 54 5158
48 35 2253
48 30 5611
48 49 4959
48 24 529
48 28 4492
49 22 4179
49 32 5290
49 50 1471
49 58 4681
49 1 3391
49 35 28
49 34 1998
49 6 3235
49 45 5487
49 52 5525
49 69 4532
49 13 2795
49 54 4182
49 9 3236
49 10 2574
49 31 4932
49 56 3119
49 17 5907
49 7 3673
49 64 4976
49 73 4034
49 30 893
49 67 4527
49 57 1513
49 25 4033
49 53 2794
49 41 4805
49 63 5216
49 44 696
49 36 3078
49 4 1466
49 71 1778
49 12 623
49 43 3534
49 60 5814
49 68 3908
49 61 4670
49 46 1473
49 15 4818
49 39 136
49 18 3418
49 20 3897
49 55 2454
49 19 1487
49 72 4214
49 28 2071
49 3 6138
49 14 842
49 47 5350
49 21 6059
49 59 4426
49 75 4640
49 5 5883
49 40 2101
49 62 5342
49 42 4790
50 48 38
50 12 2633
50 73 3282
50 68 3690
50 51 1670
50 9 5901
50 46 2424
50 60 4410
50 27 5482
50 61 3568
50 45 1669
50 34 1297
50 33 1486
50 66 3140
50 13 5186
50 28 2374
50 16 5267
50 6 530
50 4 1751
50 10 2315
50 35 6
50 67 5055
50 11 2033
50 57 3168
50 53 160
50 24 6153
50 43 4976
50 31 6111
50 75 972
50 25 934
50 14 1341
50 17 5695
50 32 4964
50 30 5313
50 20 2385
50 29 1512
50 8 5309
50 44 1164
50 38 4583
50 47 5231
50 63 3758
50 37 2534
50 59 770
50 62 6272
50 26 2647
50 15 5912
50 70 5129
50 74 75
50 64 2318
50 72 4674
50 2 1204
51 22 5721
51 68 5903
51 69 864
51 70 1578
51 31 4517
51 39 4453
51 63 215
51 15 3779
51 9 5568
51 13 2795
51 59 3724
51 10 5215
51 12 2949
51 6 5796
51 24 1907
51 20 5612
51 47 5679
51 44 4
51 55 1868
51 75 123
51 2 1934
51 33 1620
51 46 2655
51 32 3640
51 29 872
51 30 2432
51 40 404
51 3 4722
51 66 4479
51 52 4702
51 64 3362
51 16 4680
51 5 3678
51 25 4283
51 54 3641
51 7 4514
51 62 3409
51 42 3748
51 14 3511
51 57 5296
51 74 4870
51 21 1932
51 73 5748
51 60 181
51 65 485
51 48 1130
51 71 1079
51 17 1661
51 34 4369
51 67 2311
51 35 2071
51 38 2606
52 59 6168
52 65 1357
52 37 5782
52 5 4019
52 66 3908
52 42 1026
52 54 2231
52 74 4316
52 73 2823
52 34 1260
52 43 3187
52 28 1259
52 4 1461
52 2 4582
52 23 2257
52 64 3771
52 70 4518
52 60 2073
52 68 3428
52 50 2230
52 15 4508
52 46 5107
52 17 4405
52 58 1177
52 13 334
52 20 6125
52 26 3620
52 24 6186
52 7 4895
52 30 5134
52 35 1036
52 25 3702
52 31 4975
52 38 999
52 39 4752
52 9 1268
52 51 667
52 14 4971
52 27 5887
52 18 2969
52 12 3396
52 8 4160
52 75 344
52 49 1855
52 72 5988
52 6 3182
52 45 2530
52 40 691
52 1 5962
52 29 1620
52 21 242
52 16 4995
52 3 4773
52 19 244
52 11 5769
52 67 3708
53 45 5958
53 7 4983
53 33 5978
53 1 4202
53 13 4766
53 55 1471
53 61 5159
53 60 5739
53 31 4031
53 3 6208
53 38 5563
53 28 2505
53 32 5637
53 22 5769
53 35 4879
53 37 5647
53 27 573
53 19 2996
53 18 4588
53 72 3992
53 14 95
53 4 2560
53 48 1090
53 44 5883
53 51 2198
53 23 4169
53 26 427
53 74 672
53 15 482
53 75 3161
53 20 3841
53 71 5318
53 67 3182
53 24 2004
53 17 4472
53 39 4630
53 16 972
53 54 589
53 59 5053
53 11 6251
53 21 3438
53 29 5677
53 52 3205
53 50 644
53 64 5991
53 46 397
53 62 3618
53 69 208
54 45 4805
54 24 4544
54 34 411
54 64 677
54 19 603
54 1 6154
54 14 6141
54 69 4225
54 62 6266
54 16 3759
54 67 1473
54 13 3760
54 42 2548
54 22 6263
54 66 3794
54 52 2639
54 7 4720
54 74 4853
54 37 2483
54 30 4869
54 31 6138
54 21 621
54 71 54
54 17 2217
54 10 992
54 15 5063
54 56 2640
54 46 2895
54 72 4808
54 25 6288
54 57 1520
54 53 98
54 58 3369
54 8 5826
54 68 6157
54 41 5403
54 60 3295
54 59 4806
54 35 4922
54 12 3305
54 36 3969
54 20 4131
54 44 4632
54 51 5366
54 6 5123
54 5 4769
54 55 1623
54 29 5813
54 11 198
54 47 4943
54 3 5524
54 32 296
54 33 5102
54 4 507
54 43 4500
54 75 892
55 48 3775
55 58 4292
55 16 6082
55 69 3426
55 40 5703
55 41 1313
55 30 1762
55 57 5570
55 12 5254
55 3 4695
55 22 1723
55 9 4943
55 7 4869
55 43 4573
55 67 431
55 1 196
55 70 1422
55 15 371
55 5 141
55 65 4119
55 52 1879
55 13 6276
55 10 5061
55 63 816
55 31 2913
55 35 2212
55 74 892
55 8 4771
55 47 5503
55 42 1249
55 45 6148
55 29 2720
55 72 1389
55 33 6167
55 27 3649
55 51 4152
55 66 5866
55 56 6085
55 54 1892
55 44 3205
55 64 6079
55 20 3879
55 23 1308
55 32 5575
55 24 4215
55 75 1069
55 49 3683
55 6 1432
55 46 2909
55 25 3497
55 71 3196
55 36 1182
55 18 4211
55 11 3514
55 19 2063
55 59 3846
55 21 2379
55 17 843
56 30 3915
56 66 1827
56 4 4165
56 53 3938
56 55 3240
56 19 3518
56 60 5921
56 37 2538
56 10 3329
56 69 4990
56 46 3623
56 74 4452
56 43 6132
56 3 3417
56 21 2459
56 8 3378
56 39 2675
56 71 6061
56 67 2573
56 38 5600
56 20 4317
56 62 426
56 15 5423
56 47 2543
56 27 503
56 59 1075
56 64 4300
56 14 4241
56 57 1608
56 13 2337
56 32 4998
56 51 244
56 25 178
56 5 1827
56 34 2022
56 52 266
56 44 85
56 1 4320
56 70 5757
56 50 3945
56 11 834
56 73 3240
56 29 5380
56 61 1
56 17 1113
56 22 2899
56 41 4615
56 68 2791
56 65 5626
56 48 4773
56 24 3714
56 72 4295
56 45 2923
56 18 170
56 58 1405
56 49 12
56 54 6067
56 33 121
57 4 4877
57 73 4794
57 25 1625
57 53 4673
57 13 1637
57 27 991
57 60 6089
57 62 2732
57 24 2455
57 66 3671
57 41 4582
57 3 6085
57 54 1515
57 20 5438
57 50 2100
57 7 3026
57 6 3503
57 12 759
57 29 42
57 1 1749
57 14 6034
57 8 3876
57 52 4610
57 63 5531
57 44 210
57 69 6242
57 68 990
57 43 4190
57 28 1000
57 18 2154
57 33 3521
57 35 4050
57 45 2573
57 65 1111
57 72 239
57 31 291
57 42 2863
57 75 4908
57 59 1942
57 61 1497
57 37 2934
57 51 5822
57 71 3468
57 30 1410
57 23 245
57 10 5413
57 47 1269
57 19 3854
57 22 5597
58 35 6237
58 71 2188
58 57 5722
58 24 1706
58 8 340
58 45 4618
58 47 3533
58 56 5163
58 60 3397
58 20 4308
58 75 3215
58 40 5820
58 67 3288
58 32 1739
58 63 82
58 11 1361
58 21 4642
58 41 2673
58 37 5287
58 9 1548
58 42 3270
58 68 3545
58 10 6231
58 61 2969
58 25 3176
58 7 6101
58 27 5147
58 64 2176
58 5 3095
58 74 2732
58 48 3555
58 26 1862
58 53 1806
58 2 1222
58 14 3678
58 51 4358
58 4 3985
58 72 5545
58 19 148
58 12 678
58 46 4416
58 31 281
58 23 3297
58 39 3486
58 18 5899
58 16 4631
58 54 3822
58 30 5242
58 70 2035
58 55 4071
59 48 2035
59 33 5286
59 65 2093
59 32 3359
59 54 3062
59 31 2395
59 8 4272
59 61 4428
59 26 2900
59 19 2655
59 58 734
59 18 681
59 23 867
59 22 2039
59 67 1404
59 71 3355
59 35 1884
59 55 2309
59 36 2273
59 37 6267
59 11 5139
59 7 4315
59 63 3338
59 5 1074
59 47 2748
59 12 2142
59 73 2570
59 44 1794
59 66 3684
59 15 4574
59 56 2381
59 25 5971
59 30 4896
59 27 3299
59 50 3774
59 41 1754
59 43 4870
59 69 4759
59 20 3547
59 70 1447
59 2 107
59 68 2566
59 10 4188
59 42 4170
59 40 3247
59 38 2629
59 6 5329
59 3 3448
59 1 6077
59 52 4204
59 64 6229
59 39 2946
59 57 2163
59 60 416
59 24 3601
59 74 587
59 13 898
59 53 4250
59 46 6165
59 14 4933
60 53 2909
60 32 2169
60 62 124
60 7 5430
60 73 5585
60 34 6226
60 3 4630
60 29 5929
60 40 3578
60 13 3174
60 56 467
60 11 5440
60 2 4266
60 20 1263
60 64 843
60 41 3074
60 74 2541
60 6 2267
60 46 6108
60 24 1412
60 16 5157
60 52 4118
60 71 987
60 27 1120
60 75 3647
60 28 2115
60 45 4401
60 42 2539
60 25 3378
60 65 3339
60 57 4328
60 51 4618
60 70 5372
60 14 3700
60 26 4475
60 72 2934
60 18 4401
60 55 4086
60 69 3280
60 9 824
60 12 191
60 19 2016
60 68 132
60 54 5125
60 44 3037
60 30 3417
60 22 3539
60 48 4715
60 67 5177
61 21 1932
61 33 4249
61 22 3331
61 63 67
61 20 4104
61 23 1562
61 3 696
61 37 1022
61 68 3494
61 36 390
61 46 1169
61 42 2597
61 45 3885
61 6 2481
61 75 81
61 12 4773
61 53 5512
61 31 5475
61 65 564
61 24 1841
61 52 4483
61 32 74
61 27 947
61 17 4411
61 58 4121
61 9 4850
61 30 5824
61 54 4183
61 14 3167
61 73 6111
61 70 2765
61 69 2001
61 11 4915
61 10 4355
61 72 1435
61 51 3302
61 8 5916
61 34 5630
61 25 1928
61 66 3704
61 38 3859
61 7 2761
61 62 2219
61 67 78
61 5 5180
61 50 5487
61 39 4256
61 16 2023
61 74 4063
61 43 2673
61 57 145
61 56 287
61 15 960
61 47 2970
61 28 2157
61 26 1994
61 29 549
61 59 4890
61 41 5785
62 14 5920
62 71 327
62 75 1178
62 9 1358
62 66 1278
62 21 566
62 23 6213
62 17 4708
62 43 3557
62 74 4182
62 72 2682
62 60 2946
62 10 4895
62 16 1871
62 2 3921
62 56 3022
62 3 5595
62 15 2523
62 63 2464
62 48 4164
62 35 580
62 11 4881
62 42 1426
62 34 3557
62 38 4946
62 65 5386
62 30 715
62 25 1761
62 32 1306
62 18 6149
62 50 4733
62 31 333
62 22 4032
62 20 1524
62 12 2646
62 46 4744
62 8 3270
62 47 4550
62 53 582
62 61 4306
62 4 516
62 69 5838
62 64 1631
62 70 1877
62 67 2742
62 58 2831
62 41 3264
63 41 2552
63 44 23
63 48 5177
63 69 4219
63 2 1065
63 17 97
63 59 1410
63 14 2847
63 47 2734
63 54 3771
63 20 491
63 55 5455
63 74 5377
63 31 789
63 36 112
63 72 1460
63 53 166
63 52 356
63 66 3963
63 65 1018
63 26 5513
63 33 1856
63 24 3365
63 60 5866
63 6 524
63 38 4130
63 25 3871
63 27 148
63 50 2350
63 5 1927
63 57 5741
63 9 6236
63 56 2604
63 13 5830
63 61 2355
63 22 3096
63 49 3999
63 73 6074
63 37 6299
63 29 5046
63 10 3514
63 34 499
63 7 4223
63 28 2958
63 12 1931
63 62 6199
63 18 4206
63 23 4578
63 3 2573
63 46 1416
63 45 5905
63 71 5641
63 67 3223
63 11 4650
63 15 1463
63 19 449
64 53 919
64 27 2789
64 28 4748
64 68 1882
64 20 4615
64 34 5153
64 59 4289
64 35 5665
64 13 2243
64 33 382
64 65 1606
64 52 5109
64 48 6204
64 63 4489
64 61 2241
64 3 5917
64 66 5305
64 21 3365
64 47 167
64 5 5883
64 56 937
64 57 654
64 36 6224
64 55 1525
64 15 5246
64 50 3531
64 1 1635
64 11 3936
64 67 1748
64 42 1557
64 60 4843
64 22 754
64 8 5197
64 43 1876
64 2 345
64 51 1324
64 31 5488
64 73 514
64 10 4476
64 45 5254
64 24 585
64 62 1738
64 4 3900
64 74 5893
64 25 48
64 40 2462
64 46 393
64 37 5006
64 69 101
64 18 2786
64 14 2496
64 32 3841
64 7 5033
64 49 4454
64 71 5482
64 23 725
65 54 86
65 31 2380
65 55 1519
65 57 585
65 68 4748
65 34 4745
65 15 327
65 58 1660
65 48 1595
65 69 5557
65 75 1627
65 21 3923
65 27 1479
65 9 1110
65 62 240
65 28 629
65 45 5097
65 59 319
65 11 3281
65 17 4305
65 12 311
65 7 4121
65 19 2751
65 22 2174
65 16 2582
65 53 3666
65 44 1452
65 4 5661
65 24 1934
65 42 778
65 33 1871
65 5 354
65 23 4521
65 26 5945
65 2 4270
65 49 822
65 63 917
65 47 5405
65 39 1292
65 71 1134
65 1 5610
65 67 4123
65 66 3975
65 64 1047
65 36 5045
65 14 5666
65 74 4135
65 20 1530
65 38 5858
65 72 3332
65 52 3997
65 73 2352
65 13 1286
66 46 1844
66 20 5161
66 65 5642
66 16 2624
66 35 3027
66 9 720
66 12 763
66 52 153
66 34 3234
66 75 4865
66 1 5473
66 22 5060
66 4 2839
66 38 1009
66 40 3149
66 74 2217
66 28 2974
66 8 2482
66 54 4381
66 7 1275
66 17 1879
66 58 3800
66 18 1509
66 29 2177
66 11 5991
66 26 429
66 67 930
66 25 3456
66 61 2735
66 53 5933
66 27 2867
66 19 153
66 6 4357
66 5 2654
66 31 735
66 30 4950
66 3 2191
66 37 3524
66 50 4616
66 59 5251
66 10 4026
66 42 5110
66 45 1646
66 64 4570
66 49 5811
66 48 5416
66 39 1356
66 57 2916
66 15 3190
66 63 4234
66 14 1968
66 62 189
66 32 1305
66 71 4301
66 60 1974
66 13 779
66 41 2243
67 55 900
67 47 6207
67 25 3942
67 2 1949
67 74 5714
67 26 6005
67 10 1380
67 19 4554
67 3 4455
67 9 3381
67 35 4649
67 1 1137
67 50 4125
67 40 2135
67 48 4458
67 37 3511
67 52 773
67 46 709
67 56 4283
67 43 4671
67 66 4067
67 71 5681
67 70 542
67 38 5612
67 27 2943
67 7 926
67 17 732
67 14 864
67 65 1949
67 60 1920
67 73 5786
67 12 907
67 39 2736
67 34 2670
67 29 4101
67 11 2089
67 20 3486
67 61 3846
67 72 5991
67 59 2195
67 15 1287
67 68 5060
67 57 2041
67 16 4591
67 63 1346
67 64 1032
67 41 1441
67 51 4406
67 44 972
67 62 4229
67 24 1677
67 49 4452
68 14 216
68 69 5782
68 73 1345
68 67 245
68 38 1170
68 48 162
68 44 1484
68 56 5581
68 24 359
68 29 4513
68 33 3595
68 55 2450
68 10 3717
68 59 3252
68 39 3744
68 75 3794
68 43 1673
68 45 2900
68 58 4429
68 72 3794
68 7 5497
68 36 2465
68 12 2593
68 52 3795
68 66 3364
68 47 5143
68 16 811
68 13 309
68 27 1004
68 30 5368
68 53 2508
68 62 1205
68 19 6075
68 25 2120
68 71 888
68 40 417
68 4 818
68 1 4221
68 17 4296
68 31 4035
68 2 5881
68 26 202
68 9 3563
68 60 1060
68 8 5063
68 18 5617
68 54 5836
68 63 5020
68 61 5835
68 35 3870
68 57 1983
68 15 6293
68 5 4336
68 37 5323
68 50 764
68 32 2726
68 28 3280
68 21 1307
68 20 1175
68 49 4588
68 64 5642
68 6 1311
68 65 586
69 22 1881
69 36 2666
69 8 5767
69 7 4560
69 75 3611
69 12 632
69 63 1923
69 6 5788
69 11 940
69 4 4155
69 57 4658
69 50 5380
69 31 4227
69 3 1262
69 56 2163
69 55 4943
69 2 2632
69 17 4664
69 51 1164
69 61 5915
69 33 4138
69 72 4176
69 67 716
69 21 3965
69 52 6181
69 53 960
69 30 4291
69 23 4607
69 38 235
69 28 2698
69 45 3822
69 10 6291
69 58 5184
69 60 4883
69 74 5919
69 1 6218
69 25 2259
69 71 5444
69 43 226
69 59 5037
69 64 2409
69 47 1620
69 62 1856
69 39 6076
69 68 5287
69 54 368
69 20 5462
69 49 3829
69 40 1116
69 73 2839
69 35 3775
69 48 5198
69 18 3022
69 44 3349
69 66 4375
69 16 2091
70 13 3538
70 68 4192
70 27 5105
70 57 2125
70 51 5340
70 63 3796
70 42 656
70 25 5980
70 58 5314
70 30 737
70 14 3364
70 55 56
70 75 2610
70 24 40
70 36 2441
70 37 1230
70 56 4514
70 59 4058
70 48 6007
70 32 5961
70 3 4832
70 17 1234
70 26 4319
70 12 3310
70 44 62
70 29 4399
70 38 1780
70 39 6175
70 72 1149
70 35 3759
70 18 4786
70 65 592
70 15 959
70 41 1865
70 11 253
70 53 5719
70 46 898
70 52 503
70 62 2310
70 74 2388
70 40 2474
70 54 1071
70 19 1433
70 73 4825
70 4 5811
70 31 2948
70 23 5257
70 22 3936
70 69 1497
70 61 2911
70 16 2837
70 50 2061
70 64 3597
70 1 328
70 7 4439
70 71 1382
70 9 962
70 6 838
71 45 5653
71 41 2301
71 14 6252
71 59 1680
71 7 2916
71 30 1577
71 55 5993
71 13 5358
71 36 4197
71 26 18
71 19 3108
71 47 2907
71 22 1456
71 35 5175
71 16 1714
71 34 1725
71 40 1083
71 28 485
71 69 2133
71 1 2040
71 67 5331
71 29 1517
71 73 2502
71 17 349
71 51 4740
71 43 3991
71 12 5725
71 58 3015
71 32 1293
71 11 1393
71 74 983
71 62 6041
71 68 3559
71 2 5603
71 48 4496
71 21 4472
71 75 2493
71 8 5239
71 33 5983
71 25 1678
71 66 5108
71 5 58
71 39 4311
71 46 5941
71 6 2691
71 20 1361
71 64 4240
71 57 2956
71 61 2909
71 23 2652
71 65 6161
71 50 5873
71 4 5795
71 15 2853
71 9 2890
71 24 6194
72 1 5933
72 5 1269
72 2 1180
72 41 4273
72 39 4748
72 3 2323
72 70 2954
72 30 1802
72 62 3055
72 69 4311
72 37 3097
72 27 5169
72 42 2458
72 22 440
72 32 238
72 8 4186
72 36 5451
72 57 1586
72 29 1433
72 14 3777
72 66 2560
72 20 4540
72 40 1580
72 65 4365
72 11 2654
72 60 3828
72 31 4673
72 73 716
72 7 605
72 46 3391
72 44 618
72 13 5603
72 61 99
72 54 2051
72 38 3839
72 50 3619
72 10 5706
72 58 1446
72 68 537
72 15 5250
72 45 2303
72 21 5835
72 47 5177
72 18 1291
72 63 1296
72 49 5607
72 19 318
72 35 1110
72 52 602
72 6 5641
72 53 937
72 74 5999
72 56 2464
72 48 1966
72 67 2749
72 26 3386
73 75 3844
73 26 118
73 3 3188
73 31 942
73 63 309
73 16 2911
73 38 771
73 68 6242
73 67 4946
73 44 1688
73 54 3569
73 72 873
73 18 4104
73 6 4312
73 36 4657
73 9 1416
73 55 3345
73 13 4899
73 17 2685
73 14 1040
73 19 540
73 24 3221
73 60 2210
73 50 4281
73 41 4398
73 10 5213
73 32 5068
73 27 3128
73 30 5874
73 4 4558
73 11 1604
73 28 2787
73 40 5486
73 39 975
73 35 148
73 34 2884
73 43 222
73 22 905
73 8 635
73 2 95
73 29 1584
73 49 2661
73 65 6017
73 61 6072
73 25 1001
73 42 915
73 37 4664
73 74 2601
73 47 739
73 62 258
73 57 6134
73 1 3870
73 66 602
73 70 4402
73 5 2003
73 15 2461
73 59 3472
73 23 4935
73 45 4137
74 8 5482
74 26 4813
74 70 5669
74 68 4936
74 51 1731
74 49 2019
74 64 6282
74 5 5972
74 30 1390
74 29 4318
74 38 652
74 12 4190
74 48 4122
74 46 1754
74 42 3293
74 61 87
74 54 2754
74 65 3159
74 22 6198
74 35 1615
74 53 5594
74 44 2802
74 36 2950
74 17 4386
74 73 3050
74 19 2510
74 59 434
74 9 4047
74 31 878
74 32 4924
74 20 1434
74 15 2570
74 43 221
74 2 389
74 45 6251
74 33 168
74 28 808
74 56 564
74 39 2845
74 18 1222
74 58 763
74 47 3213
74 10 2344
74 69 13
74 57 1246
74 72 2281
74 6 2428
74 4 6293
74 37 1564
74 7 6160
74 3 1187
74 50 4440
74 66 3744
74 75 3146
74 16 3420
74 67 646
74 71 2980
74 55 5883
74 23 2277
75 6 5387
75 72 2665
75 56 3501
75 18 4057
75 69 4344
75 12 2329
75 9 6153
75 48 4065
75 35 1857
75 57 1214
75 58 2059
75 62 4984
75 29 3090
75 23 2113
75 59 3089
75 50 2752
75 30 22
75 36 1682
75 22 3231
75 13 1796
75 49 1025
75 32 5879
75 26 1959
75 34 1182
75 28 709
75 39 4537
75 37 3113
75 25 1088
75 17 1775
75 61 770
75 45 4014
75 71 3852
75 74 2843
75 52 1935
75 42 1644
75 47 129
75 43 3432
75 31 2171
75 66 218
75 21 5856
75 46 3415
75 20 1695
75 55 5058
75 27 6277
75 54 2043
75 14 5692
75 51 2266
75 4 3820
75 63 6186
75 65 2608
75 33 4804
75 8 5088
