75 4200
1 73 3790
1 44 893
1 62 5054
1 31 1454
1 28 1630
1 21 4411
1 64 3664
1 47 1160
1 29 4828
1 39 433
1 71 570
1 11 3164
1 10 5737
1 25 260
1 18 390
1 65 6126
1 19 6283
1 70 2026
1 16 5438
1 60 4627
1 27 4030
1 32 5560
1 50 4877
1 20 2605
1 61 1656
1 6 2044
1 8 4790
1 51 932
1 54 1669
1 23 1391
1 55 2897
1 52 4790
1 57 2481
1 36 152
1 69 2638
1 74 2708
1 40 1830
1 9 1047
1 17 3203
1 56 2829
1 75 3776
1 37 5345
1 66 3342
1 58 4724
1 4 2867
1 53 1344
1 38 2709
1 42 5977
1 5 2998
1 34 4691
1 72 1534
1 3 4903
1 7 1662
1 12 4816
1 46 2404
1 63 5446
1 35 4368
1 2 558
1 26 2582
2 38 2679
2 52 5609
2 14 6015
2 19 1109
2 56 1625
2 42 2880
2 51 2299
2 22 5794
2 36 4519
2 72 3829
2 39 5116
2 64 3400
2 55 1463
2 61 844
2 48 5642
2 4 4339
2 7 1253
2 29 5425
2 41 2627
2 63 1340
2 58 4161
2 24 61
2 20 3071
2 37 2882
2 13 2797
2 73 1245
2 25 4008
2 27 3775
2 3 2201
2 71 4834
2 12 5741
2 66 5097
2 33 1914
2 47 4180
2 53 1958
2 31 5403
2 67 5697
2 60 5959
2 26 5321
2 44 6147
2 69 3616
2 5 4775
2 15 732
2 32 1744
2 59 2827
2 6 4676
2 30 1505
2 1 5675
2 46 1752
2 40 5771
2 21 3394
2 68 2516
2 43 2864
3 9 988
3 67 5948
3 7 5807
3 37 623
3 45 5201
3 60 552
3 49 4152
3 27 5297
3 73 3887
3 59 184
3 55 1291
3 40 1960
3 54 2686
3 32 5051
3 58 6002
3 29 1461
3 47 5376
3 74 4658
3 33 1168
3 10 6010
3 75 5195
3 20 2745
3 5 1028
3 1 2683
3 35 2999
3 22 4871
3 6 4275
3 30 5253
3 51 2718
3 25 4225
3 2 5734
3 68 3628
3 11 3676
3 39 4980
3 69 1649
3 48 1530
3 21 1720
3 44 4582
3 4 2793
3 12 4554
3 13 3503
3 70 3780
3 36 817
3 57 4847
3 16 2348
3 38 5699
3 65 974
3 63 1659
3 26 2389
3 18 2898
3 66 1309
3 53 5993
3 64 980
3 34 2860
3 24 5787
3 43 4077
3 46 4819
3 19 3203
4 37 600
4 20 809
4 7 4750
4 30 6016
4 61 2204
4 63 6242
4 68 1807
4 26 1365
4 9 2012
4 47 5013
4 42 5489
4 12 391
4 49 5773
4 46 5047
4 53 1315
4 44 1743
4 48 3034
4 32 4861
4 19 1596
4 73 4962
4 64 4702
4 24 3335
4 28 3967
4 29 2410
4 74 3817
4 5 620
4 70 2251
4 51 888
4 72 3757
4 40 294
4 35 4778
4 11 3489
4 17 2041
4 3 313
4 39 3813
4 10 440
4 15 4190
4 14 2238
4 75 4388
4 69 518
4 58 5180
4 8 771
4 60 5861
4 23 2753
4 66 5878
4 21 1400
4 6 2609
4 45 6052
4 71 5172
4 67 1121
4 36 757
4 1 4122
4 34 3049
4 54 1941
4 56 4772
5 74 191
5 26 3915
5 14 6131
5 31 3504
5 66 1776
5 33 1635
5 3 3119
5 54 2115
5 12 3889
5 16 1064
5 51 626
5 15 4377
5 50 3361
5 42 4593
5 65 961
5 34 4536
5 58 1374
5 37 3438
5 47 2073
5 43 2143
5 18 4970
5 75 1368
5 1 241
5 61 3886
5 71 6165
5 72 1290
5 20 6184
5 70 3704
5 46 3308
5 2 6157
5 62 464
5 55 4033
5 23 1947
5 52 6274
5 6 3355
5 44 27
5 10 4006
5 63 2331
5 73 34
5 39 372
5 49 1000
5 64 5089
5 8 2802
5 24 2443
5 21 3012
5 36 64
5 41 3317
5 48 4804
5 22 4362
6 42 1724
6 29 4088
6 38 2993
6 28 1301
6 70 6214
6 58 5298
6 25 1956
6 46 5518
6 50 494
6 18 5338
6 33 638
6 20 1251
6 37 2137
6 13 541
6 11 484
6 14 1470
6 24 1546
6 35 5433
6 55 2873
6 66 5185
6 67 1951
6 2 3856
6 61 2491
6 72 5358
6 8 3389
6 23 1425
6 54 570
6 60 2452
6 15 4202
6 27 2687
6 41 6061
6 52 6156
6 47 734
6 4 3021
6 39 2569
6 19 4127
6 3 968
6 74 5119
6 40 501
6 22 5700
6 68 2627
6 5 2160
6 21 1548
6 56 2889
6 7 316
6 71 5080
6 45 4358
6 62 5195
6 10 3910
6 32 4367
6 63 257
6 49 1809
6 34 4246
6 75 5321
6 53 5987
6 69 4795
6 59 3386
6 44 3312
6 51 3103
7 48 1700
7 33 1365
7 12 5495
7 56 1976
7 68 586
7 62 2729
7 6 1345
7 67 2731
7 19 2127
7 61 5511
7 74 3061
7 46 932
7 32 6108
7 57 5114
7 9 3955
7 14 4387
7 11 6051
7 47 5935
7 75 4521
7 59 4619
7 66 1962
7 20 3881
7 30 2864
7 73 1121
7 18 5669
7 41 2999
7 1 2706
7 25 4021
7 38 2912
7 44 4364
7 43 5986
7 16 2416
7 69 3258
7 13 280
7 72 3594
7 2 2664
7 70 4044
7 15 4403
7 28 3080
7 55 3835
7 53 5132
7 8 4381
7 21 824
7 71 6004
7 34 5676
7 64 5202
7 23 443
7 29 5197
7 49 5355
7 27 2643
7 39 512
7 40 3842
7 36 3854
7 45 1045
7 37 3689
7 65 6037
7 10 5717
7 5 5546
7 3 5093
8 12 643
8 35 4734
8 42 2545
8 65 1536
8 47 3749
8 20 4988
8 11 2564
8 1 4064
8 58 6175
8 21 3362
8 25 4306
8 74 3036
8 46 217
8 69 1871
8 27 4248
8 44 185
8 37 1622
8 41 1443
8 59 311
8 67 1051
8 39 1787
8 61 924
8 29 1147
8 31 5682
8 26 2294
8 38 4804
8 16 1018
8 70 4213
8 36 29
8 15 1113
8 6 3963
8 71 2319
8 23 5499
8 64 3439
8 5 1093
8 45 3872
8 22 5925
8 3 2887
8 33 1183
8 9 2303
8 48 692
8 13 1595
8 55 2427
8 43 1074
8 75 3913
8 53 2761
8 68 1540
8 50 3799
8 62 5672
8 57 5282
8 17 5663
8 54 2153
8 66 1714
8 10 181
8 2 3553
8 4 5558
8 19 2884
8 52 2379
8 40 2043
9 22 2812
9 26 217
9 59 1418
9 72 3071
9 32 2491
9 21 5045
9 57 5838
9 63 415
9 71 3462
9 35 2665
9 25 5053
9 6 3982
9 2 4647
9 3 6085
9 1 1120
9 12 5427
9 61 1630
9 74 1373
9 29 6099
9 16 2418
9 33 1279
9 8 4870
9 55 5293
9 23 1256
9 70 3488
9 62 2092
9 50 5746
9 66 1143
9 47 651
9 36 331
9 10 819
9 28 1609
9 43 6227
9 27 3477
9 20 5033
9 13 4739
9 19 2348
9 51 1655
9 37 556
9 31 1277
9 5 1318
9 39 85
9 15 3338
9 41 600
9 48 3715
9 14 3595
9 69 5208
9 65 3006
9 73 4303
9 11 5255
9 38 1735
9 56 6196
9 68 2839
9 53 5770
9 7 4860
9 54 409
9 67 4014
10 36 239
10 72 743
10 37 4293
10 45 4143
10 33 89
10 47 1446
10 29 4753
10 67 2574
10 25 761
10 55 317
10 5 3176
10 32 3942
10 31 1134
10 43 4817
10 52 1031
10 3 4873
10 18 1166
10 21 4576
10 57 5556
10 28 1121
10 40 6110
10 13 6215
10 74 498
10 12 320
10 63 3259
10 54 274
10 42 1506
10 61 708
10 26 1348
10 62 5250
10 59 5506
10 73 264
10 58 412
10 2 389
10 7 1943
10 16 2073
10 68 3047
10 41 959
10 64 4576
10 51 4947
10 65 2308
10 14 5340
10 71 6159
10 34 5929
10 48 517
10 53 4565
10 11 1956
10 6 2223
10 56 1016
10 27 2581
10 17 496
10 44 4966
10 39 4711
11 6 3521
11 40 5723
11 21 228
11 66 1150
11 75 3818
11 67 1392
11 16 4689
11 2 778
11 62 1046
11 12 3388
11 68 1878
11 60 322
11 15 4153
11 13 941
11 23 3368
11 17 2643
11 3 4802
11 24 2997
11 37 4244
11 19 5834
11 50 2429
11 31 1467
11 63 2781
11 38 1268
11 22 5907
11 55 5593
11 20 3765
11 1 4488
11 58 2568
11 56 4084
11 71 1038
11 28 2872
11 69 3747
11 9 4103
11 43 1594
11 65 4153
11 29 1353
11 73 6097
11 59 2790
11 44 1148
11 30 398
11 61 957
11 35 4878
11 70 1363
11 53 4892
11 33 896
11 10 5998
11 7 812
11 42 5450
11 74 2253
11 4 3616
11 51 1470
11 26 1609
11 64 58
11 8 1487
11 34 1047
12 23 2426
12 28 472
12 57 1858
12 71 6014
12 15 3414
12 8 2132
12 53 1919
12 54 2090
12 52 1245
12 20 4037
12 47 885
12 62 1273
12 29 72
12 56 4475
12 48 3176
12 58 53
12 21 3424
12 13 6185
12 27 161
12 65 3159
12 33 4302
12 70 4097
12 45 3389
12 25 5290
12 11 2740
12 39 1487
12 37 4131
12 4 4053
12 51 5167
12 44 870
12 63 609
12 26 5305
12 10 224
12 73 3984
12 17 4579
12 14 1647
12 9 2971
12 42 4350
12 46 5126
12 31 729
12 7 2900
12 72 676
12 1 5027
12 35 1998
12 55 3321
12 2 1863
12 22 111
12 74 3405
12 38 2683
12 68 2314
12 67 517
12 69 2544
12 40 5155
12 41 3849
12 34 5075
12 19 4365
12 36 1528
12 3 2482
13 19 887
13 51 3811
13 38 3730
13 68 830
13 45 3105
13 53 1187
13 29 6123
13 6 4297
13 47 462
13 75 4808
13 42 4722
13 20 4991
13 65 3528
13 55 4017
13 28 3364
13 70 3055
13 14 3255
13 21 4068
13 26 6002
13 49 5703
13 16 6274
13 66 5682
13 73 854
13 17 5073
13 46 2430
13 40 3474
13 8 3258
13 52 5175
13 22 3929
13 11 1937
13 54 1069
13 36 2804
13 4 5939
13 9 5956
13 31 485
13 18 5990
13 67 5842
13 23 4037
13 37 1049
13 44 2315
13 69 112
13 15 5039
13 39 737
13 64 1149
13 24 3349
13 62 4598
13 41 496
13 61 1235
13 10 5176
13 5 3031
13 7 4457
13 3 3654
13 33 5246
13 72 2085
13 35 1504
13 60 322
13 48 3503
13 58 409
13 56 1838
14 36 3893
14 74 436
14 38 6003
14 51 667
14 18 1767
14 31 2774
14 56 3229
14 57 829
14 27 4323
14 58 2281
14 16 891
14 3 3736
14 34 4914
14 9 1328
14 75 5888
14 61 858
14 54 3819
14 20 1916
14 69 3757
14 50 3385
14 25 5029
14 70 5025
14 72 217
14 68 3739
14 4 5937
14 40 1384
14 46 2178
14 73 5529
14 15 1008
14 59 2811
14 47 242
14 45 2755
14 65 431
14 63 3682
14 6 347
14 26 3550
14 62 2794
14 21 1663
14 19 5596
14 30 5756
14 71 1466
14 13 2373
14 55 1266
14 11 5365
14 17 3504
14 37 168
14 1 2912
14 67 1751
14 64 5667
14 10 5690
14 23 3859
14 53 285
14 22 2913
14 48 3841
14 29 4068
15 18 6097
15 44 2703
15 32 6235
15 12 3388
15 2 6268
15 26 5057
15 25 177
15 14 1197
15 47 848
15 24 6270
15 70 6129
15 35 3210
15 63 3289
15 62 460
15 67 6050
15 46 3511
15 48 1886
15 36 3639
15 9 1500
15 68 3165
15 8 2495
15 57 2639
15 1 3405
15 61 1226
15 21 472
15 31 5524
15 41 2082
15 43 1428
15 28 648
15 51 736
15 64 1749
15 55 1153
15 27 2698
15 11 3800
15 30 2803
15 50 1029
15 3 6045
15 59 2900
15 38 1486
15 6 3635
15 4 1608
15 16 3689
15 19 2667
15 34 1040
15 49 807
15 23 2388
15 42 3527
15 22 3203
15 40 3484
15 5 4093
15 74 4355
15 7 4118
15 71 1530
15 54 5897
15 53 4111
15 39 2515
15 20 921
16 1 1594
16 48 1308
16 62 2303
16 67 98
16 27 5523
16 64 2232
16 36 175
16 34 504
16 26 4018
16 12 5571
16 30 1928
16 33 3068
16 63 6123
16 7 5584
16 53 165
16 14 2752
16 66 101
16 10 2626
16 42 514
16 47 975
16 55 3713
16 6 4785
16 52 5546
16 39 5880
16 69 1959
16 3 4152
16 72 1564
16 68 5307
16 49 500
16 29 4854
16 74 5081
16 58 2973
16 54 164
16 24 1927
16 65 1100
16 41 2992
16 4 1349
16 51 600
16 44 4095
16 75 3456
16 13 2801
16 11 1879
16 57 5992
16 45 293
16 59 5385
16 2 1838
16 21 1188
16 43 4479
16 70 551
16 17 1813
16 40 2850
16 71 2358
16 25 1077
16 61 636
16 46 798
16 32 2501
16 5 6127
16 56 5041
16 22 5308
16 31 3449
17 5 5868
17 31 3401
17 75 5055
17 63 5169
17 41 2685
17 69 1914
17 24 1710
17 37 5355
17 74 5813
17 28 1566
17 48 5740
17 7 2823
17 29 3257
17 59 4646
17 45 2674
17 20 6268
17 67 2040
17 70 3985
17 60 1689
17 3 4493
17 30 3068
17 1 198
17 42 3378
17 53 3708
17 65 4999
17 26 145
17 49 558
17 12 990
17 64 408
17 57 5082
17 44 5252
17 52 4693
17 8 3612
17 47 5196
17 2 137
17 21 4766
17 51 2515
17 16 5832
17 68 4871
17 27 2593
17 61 5105
17 54 2263
17 39 2803
17 40 3749
17 18 1789
17 62 893
17 13 3174
17 55 3671
17 35 765
18 10 5872
18 24 5341
18 11 4904
18 56 4397
18 2 6242
18 58 5848
18 68 369
18 63 5275
18 72 6091
18 48 5559
18 55 5873
18 71 4479
18 7 4200
18 26 843
18 23 122
18 42 3524
18 27 5540
18 4 271
18 46 640
18 31 5160
18 29 1621
18 6 3800
18 16 5076
18 3 572
18 43 3835
18 28 5470
18 57 4610
18 8 2349
18 62 966
18 75 6153
18 30 957
18 22 4549
18 50 996
18 1 5145
18 60 3605
18 61 5810
18 49 784
18 25 1185
18 34 4598
18 41 1453
18 5 3256
18 47 4231
18 14 1149
18 15 4497
18 32 2398
18 73 2794
18 13 2108
18 17 18
18 12 1644
18 45 3583
18 44 5955
18 59 1225
18 65 4242
18 38 4797
18 39 3393
18 69 1875
19 47 4935
19 67 4132
19 51 5741
19 10 3999
19 57 5389
19 59 4502
19 13 4591
19 23 879
19 1 3182
19 28 501
19 68 4134
19 27 2854
19 3 2386
19 12 49
19 36 2793
19 56 1513
19 72 3247
19 15 592
19 21 4000
19 25 2297
19 5 1984
19 43 259
19 65 5118
19 35 5522
19 45 1444
19 55 5794
19 18 3586
19 70 6171
19 73 2553
19 61 1216
19 37 5048
19 74 1634
19 58 1582
19 48 3760
19 50 5379
19 9 3453
19 20 3994
19 31 1950
19 11 4495
19 6 2053
19 64 5284
19 34 2912
19 71 2974
19 33 1729
19 4 3302
19 30 3924
19 75 1658
19 8 5465
19 17 4620
19 2 5036
19 46 1928
19 60 2297
19 38 618
19 32 3844
19 7 1208
20 74 4650
20 10 2136
20 75 5612
20 32 4229
20 37 698
20 6 4006
20 4 2185
20 43 3859
20 40 5811
20 47 3682
20 62 3382
20 45 3970
20 59 5316
20 13 4665
20 15 532
20 53 4966
20 17 2978
20 19 2256
20 38 5215
20 29 2162
20 42 4859
20 28 5805
20 8 5779
20 51 6151
20 3 4782
20 73 4345
20 11 347
20 63 3581
20 16 1465
20 36 154
20 21 4938
20 26 1948
20 55 5930
20 41 3500
20 67 1002
20 69 4071
20 72 2414
20 27 4298
20 60 1358
20 33 3726
20 71 290
20 57 316
20 5 3039
20 61 3587
20 58 1315
20 22 1725
20 14 1056
20 64 3305
20 18 641
20 46 5913
20 49 3696
20 34 2294
20 68 4860
20 31 5553
20 23 1937
20 56 546
20 9 1306
20 39 2845
20 52 2612
20 54 6209
21 8 5173
21 65 5569
21 60 4120
21 19 3864
21 52 677
21 66 2025
21 75 3543
21 54 4594
21 49 4931
21 38 5159
21 17 5908
21 61 2701
21 7 2505
21 28 2947
21 59 4773
21 11 4050
21 23 1035
21 4 1714
21 46 2215
21 42 4315
21 18 455
21 26 4331
21 43 6
21 58 5365
21 64 1190
21 62 1412
21 33 1381
21 30 2599
21 57 577
21 48 3405
21 68 4530
21 6 6116
21 70 3635
21 40 4348
21 24 5867
21 16 3331
21 37 3835
21 74 1341
21 72 3056
21 29 3844
21 55 4305
21 12 681
21 53 5240
21 50 2921
21 39 734
21 35 1336
21 13 841
21 20 486
21 15 2889
21 41 303
21 25 4339
21 47 2299
21 1 5397
21 5 317
21 32 630
21 51 5913
21 27 4771
21 36 3458
21 63 1746
22 21 1392
22 72 3969
22 40 1658
22 68 1177
22 66 4275
22 53 5700
22 6 6122
22 24 4108
22 59 1226
22 35 1537
22 18 5964
22 51 3294
22 45 5994
22 15 4498
22 32 2288
22 26 2808
22 55 6199
22 58 2144
22 50 2824
22 27 6229
22 8 1470
22 5 1668
22 34 1407
22 11 3810
22 48 4137
22 69 957
22 39 6060
22 9 2431
22 4 4323
22 60 5350
22 62 1595
22 57 1032
22 33 5080
22 1 3962
22 23 1103
22 13 4580
22 49 5768
22 17 178
22 38 6177
22 46 2708
22 29 632
22 67 370
22 63 1623
22 73 83
22 19 3094
22 2 4528
22 25 4418
22 74 4101
22 10 5489
22 70 1906
22 30 5019
22 42 866
22 31 5256
22 14 22
22 47 5026
22 54 6282
22 52 3907
23 45 3461
23 43 1363
23 65 4289
23 36 3963
23 21 6096
23 59 4092
23 50 5136
23 44 5048
23 13 3946
23 35 4646
23 19 1910
23 33 4060
23 54 4854
23 71 5748
23 24 4280
23 14 1054
23 11 6273
23 32 2517
23 9 2064
23 39 2241
23 38 5272
23 22 2598
23 48 1156
23 66 5380
23 68 2452
23 15 933
23 63 5066
23 5 5279
23 47 898
23 72 5301
23 10 5665
23 37 175
23 6 3561
23 40 3048
23 16 88
23 58 2694
23 64 5290
23 1 993
23 30 3137
23 4 5809
23 56 5230
23 55 2301
23 69 5374
23 42 5128
23 61 6291
23 26 5355
23 2 1570
23 57 6028
23 28 454
23 29 3245
23 25 935
23 75 489
23 18 6283
23 67 2623
24 73 4105
24 25 4288
24 41 3040
24 51 2916
24 9 5193
24 49 4449
24 18 2373
24 12 4573
24 5 2220
24 53 3503
24 62 3427
24 36 2300
24 66 111
24 71 991
24 39 671
24 59 1354
24 19 79
24 67 768
24 8 760
24 35 128
24 48 5823
24 30 3046
24 29 3469
24 54 5454
24 20 2282
24 15 190
24 70 2070
24 34 4989
24 57 3359
24 38 5048
24 65 1424
24 11 1124
24 4 5897
24 60 1071
24 23 1011
24 47 2687
24 56 3434
24 21 4001
24 63 3084
24 50 4554
24 45 280
24 6 5936
24 1 3574
24 10 1529
24 75 4735
24 16 3371
24 46 3331
24 28 3604
24 64 721
24 27 4006
24 32 987
24 31 1901
24 69 5823
24 61 4263
24 74 108
25 3 6164
25 2 2898
25 18 3769
25 19 1834
25 58 3441
25 27 1679
25 71 1557
25 65 4327
25 66 1126
25 13 2116
25 30 2466
25 49 5564
25 1 5512
25 15 5733
25 26 4262
25 16 5979
25 53 5871
25 11 4190
25 28 6189
25 39 2433
25 52 5236
25 41 2772
25 44 4622
25 35 4686
25 68 413
25 69 286
25 46 1405
25 10 278
25 72 4892
25 57 4937
25 50 3938
25 56 4133
25 23 2609
25 32 6050
25 22 5924
25 73 4621
25 38 2119
25 29 2950
25 55 5091
25 7 5765
25 12 6051
25 43 5619
25 37 2466
25 9 512
25 61 4130
25 34 1440
25 21 5597
25 24 4142
25 70 6229
25 62 5698
25 54 2909
25 63 2508
25 75 6055
25 20 3607
25 6 2557
25 14 2864
25 74 4918
25 51 1928
25 60 999
25 36 1242
26 15 5431
26 27 6275
26 46 4463
26 21 3642
26 39 3495
26 29 1117
26 53 3179
26 18 1885
26 61 2505
26 20 1388
26 59 633
26 4 2531
26 68 4772
26 41 1765
26 58 891
26 16 5961
26 28 986
26 36 394
26 24 5436
26 6 188
26 44 5003
26 75 3844
26 13 4277
26 38 5519
26 74 6145
26 34 2297
26 50 5379
26 43 2606
26 54 569
26 2 4582
26 31 3052
26 70 3596
26 47 5928
26 56 4702
26 33 3751
26 69 4398
26 72 3957
26 25 5738
26 5 886
26 73 4998
26 66 3919
26 9 1213
26 67 2034
26 7 4170
26 71 599
26 62 5630
26 17 4429
26 49 6041
26 60 2591
26 23 5851
26 8 5910
26 32 4355
26 37 380
26 45 4117
26 52 3675
26 19 4575
26 63 3110
27 17 929
27 67 1510
27 23 4258
27 2 3142
27 75 5757
27 19 3915
27 29 361
27 68 1449
27 51 951
27 25 4749
27 26 5877
27 74 395
27 5 1250
27 54 3341
27 46 4604
27 15 3696
27 73 210
27 50 234
27 4 1826
27 64 1870
27 30 2200
27 71 1565
27 13 4719
27 18 1103
27 8 5779
27 36 6130
27 28 460
27 40 3368
27 20 2290
27 49 2515
27 65 3748
27 52 1088
27 43 1604
27 32 3345
27 39 1527
27 14 3270
27 53 1721
27 21 2154
27 11 63
27 72 3969
27 24 6125
27 7 1962
27 9 435
27 45 5883
27 34 1042
27 31 1383
27 59 3977
27 3 2977
27 16 1723
27 22 5294
27 60 3442
27 58 2317
27 48 4229
27 57 305
27 69 5847
27 33 2167
27 41 2508
28 10 145
28 55 1456
28 69 4262
28 63 2482
28 9 5728
28 29 463
28 50 5014
28 23 248
28 44 506
28 75 505
28 22 4808
28 11 964
28 12 3749
28 42 6022
28 53 1843
28 46 748
28 32 3127
28 8 1417
28 51 5816
28 21 406
28 7 1977
28 45 113
28 41 839
28 74 606
28 71 2026
28 5 942
28 40 175
28 6 4227
28 68 3996
28 36 2360
28 1 61
28 25 4679
28 27 5261
28 37 4508
28 3 1125
28 66 5400
28 30 1299
28 57 3676
28 4 5396
28 58 1896
28 43 2452
28 20 6239
28 72 4012
28 24 354
28 39 2550
28 16 501
28 13 4158
28 60 4926
28 15 4120
28 14 1534
28 65 4333
28 59 2924
28 48 1634
28 64 658
28 2 164
29 42 663
29 48 6132
29 59 3413
29 3 1984
29 56 4594
29 46 262
29 30 1786
29 19 5853
29 27 6266
29 55 753
29 44 6279
29 38 2279
29 13 5759
29 22 3946
29 39 3612
29 67 4265
29 28 1504
29 53 1893
29 64 4069
29 47 2305
29 24 5290
29 50 762
29 33 2549
29 45 5616
29 69 2460
29 12 5852
29 2 3919
29 61 384
29 26 267
29 66 910
29 23 1835
29 20 5183
29 14 23
29 7 563
29 75 3391
29 74 2737
29 36 323
29 34 2581
29 60 2007
29 6 2359
29 70 2816
29 68 207
29 49 1002
29 62 2431
29 16 3606
29 5 815
29 57 5449
29 40 5205
29 9 709
29 65 1642
29 18 94
29 51 5815
30 27 291
30 50 3558
30 32 2066
30 14 537
30 60 4892
30 75 319
30 45 3050
30 52 3635
30 67 379
30 71 3124
30 54 2569
30 7 3746
30 8 4590
30 73 3877
30 13 515
30 33 4149
30 26 5487
30 24 2328
30 57 4025
30 3 2760
30 20 3281
30 41 3453
30 5 911
30 19 417
30 11 723
30 47 1933
30 40 168
30 68 1216
30 66 2609
30 58 5824
30 43 1255
30 18 483
30 15 824
30 51 2707
30 69 5638
30 6 5729
30 35 4637
30 22 5333
30 34 3602
30 53 5737
30 38 1559
30 65 2832
30 31 6032
30 25 698
30 74 1693
30 42 3864
30 37 1990
30 10 2483
30 59 2465
30 23 5852
30 56 5396
30 2 3287
30 64 148
30 49 1991
30 46 6141
30 72 5875
30 4 5586
30 62 2981
30 17 4050
31 18 2066
31 34 483
31 4 2742
31 59 922
31 13 521
31 68 1153
31 42 3995
31 25 3804
31 5 3776
31 10 5910
31 15 2591
31 33 765
31 66 1790
31 27 4390
31 48 5872
31 64 372
31 11 6029
31 58 2304
31 29 5022
31 55 4315
31 63 4699
31 57 5965
31 24 5632
31 16 2946
31 39 4854
31 19 1986
31 30 206
31 3 2705
31 71 1965
31 32 4286
31 37 928
31 72 1935
31 70 5613
31 2 5795
31 61 1769
31 60 5210
31 67 4179
31 75 4332
31 49 4168
31 51 5511
31 52 3851
31 8 1298
31 23 1740
31 26 6162
31 74 4275
31 53 4300
31 9 6143
31 69 2271
31 41 5
31 47 714
31 54 2288
31 14 4773
31 21 4045
31 35 3257
31 56 5530
31 12 4947
31 7 3058
31 73 5288
31 1 3936
31 46 5292
31 65 4227
31 38 2703
32 66 3254
32 64 5071
32 35 577
32 56 2420
32 37 5017
32 53 895
32 67 2826
32 47 4898
32 21 3621
32 41 35
32 2 4433
32 15 2399
32 1 5777
32 71 1459
32 44 3032
32 43 2760
32 7 6169
32 12 3404
32 6 54
32 40 291
32 51 7
32 13 4931
32 55 373
32 27 238
32 46 5638
32 73 4591
32 59 5668
32 68 5493
32 26 3671
32 18 2313
32 24 5335
32 10 3950
32 31 1664
32 52 3757
32 60 4380
32 62 4820
32 28 4217
32 36 5223
32 8 2140
32 72 2990
32 25 36
32 34 620
32 74 4896
32 39 1954
32 20 598
32 30 6046
32 42 541
32 48 1589
32 5 2605
32 50 3234
33 67 5650
33 10 5238
33 66 3658
33 5 3121
33 8 5915
33 75 3935
33 62 5932
33 50 4628
33 61 6152
33 30 2784
33 31 3440
33 65 3319
33 1 700
33 44 4591
33 7 256
33 12 1281
33 19 1741
33 29 2093
33 52 112
33 41 1713
33 34 4311
33 21 5723
33 64 969
33 60 2389
33 14 2628
33 59 2098
33 16 5522
33 26 5501
33 39 718
33 57 5471
33 68 2056
33 46 4355
33 35 141
33 53 2241
33 71 5241
33 70 3661
33 38 3265
33 73 4743
33 32 5799
33 23 5306
33 37 3383
33 9 4964
33 51 5734
33 6 5851
33 20 3841
33 54 1815
33 42 6133
33 22 2402
33 40 982
33 48 3241
33 11 37
33 28 4186
33 49 5234
33 58 4433
33 25 690
33 69 4955
33 74 4597
33 13 5622
34 4 5455
34 25 3811
34 11 3713
34 51 3349
34 26 4254
34 54 4909
34 73 896
34 36 1251
34 8 508
34 44 577
34 58 659
34 22 5725
34 55 3652
34 32 4053
34 64 259
34 18 61
34 62 2678
34 35 795
34 14 1918
34 37 5525
34 6 895
34 19 4168
34 72 5888
34 42 4241
34 13 828
34 60 5352
34 48 3155
34 10 4180
34 49 4288
34 5 4136
34 23 633
34 30 4415
34 45 3169
34 9 5861
34 41 1201
34 3 5459
34 1 609
34 17 3437
34 16 940
34 7 5342
34 40 4641
34 24 4370
34 20 3097
34 75 5692
34 38 2258
34 69 3898
34 21 5455
34 43 1671
34 15 3473
34 65 4872
34 74 322
34 31 4492
35 51 1190
35 18 70
35 65 1044
35 43 3347
35 38 2482
35 58 2691
35 5 3335
35 52 4500
35 49 2257
35 22 5984
35 23 1314
35 55 3073
35 75 2078
35 19 4789
35 66 4611
35 33 4926
35 14 4123
35 34 1304
35 36 2755
35 27 2604
35 15 1179
35 60 2804
35 11 1618
35 63 4847
35 12 196
35 4 4071
35 31 2504
35 25 4740
35 37 944
35 56 2514
35 8 6285
35 28 6117
35 13 4448
35 42 2452
35 2 5190
35 46 3723
35 57 4286
35 64 2550
35 20 5042
35 50 4207
35 68 5042
35 74 2142
35 61 3483
35 54 2509
35 44 3090
35 7 2970
35 24 3790
35 73 2427
35 59 5060
36 26 1233
36 41 942
36 25 3846
36 30 5584
36 55 5470
36 53 1182
36 45 142
36 58 4591
36 54 327
36 39 4819
36 11 3034
36 44 3422
36 59 4821
36 46 5518
36 72 970
36 34 4834
36 33 2320
36 3 4031
36 16 1403
36 6 2923
36 17 1092
36 31 2834
36 12 1655
36 51 4921
36 63 6199
36 66 864
36 60 3113
36 70 2928
36 4 4758
36 62 3474
36 15 5557
36 14 1691
36 21 5318
36 52 3628
36 67 4345
36 18 231
36 40 1670
36 57 23
36 48 3781
36 35 6202
36 69 1594
36 47 4071
36 73 3269
36 23 4487
36 50 4922
36 5 5951
36 74 5431
36 13 3462
36 32 4741
36 43 4666
36 61 1789
36 1 2026
36 71 2371
36 49 5834
36 24 1063
36 28 2185
36 38 4649
36 19 5608
36 64 127
36 56 4118
36 22 1092
37 54 2506
37 26 5367
37 31 1884
37 49 277
37 34 5649
37 47 3404
37 27 6208
37 16 5242
37 59 4026
37 53 2523
37 66 4025
37 56 112
37 67 4279
37 10 1347
37 38 4134
37 5 5626
37 74 5250
37 20 2592
37 69 1881
37 62 4054
37 6 3135
37 29 71
37 41 4051
37 43 936
37 55 1855
37 8 4986
37 71 839
37 73 3286
37 45 4891
37 48 4671
37 32 5763
37 14 2391
37 9 989
37 65 3000
37 24 424
37 33 4066
37 70 3753
37 30 6139
37 75 1144
37 50 4163
37 2 5147
37 57 2549
37 3 2883
37 46 1717
37 4 1136
37 1 5734
37 68 3461
37 23 1078
37 7 6086
37 15 3683
37 64 2714
37 11 319
37 12 5941
37 13 5782
38 16 6187
38 4 1752
38 35 4746
38 69 3387
38 50 4276
38 7 2538
38 49 2462
38 26 6144
38 73 5410
38 28 5623
38 46 4527
38 27 963
38 17 4221
38 66 4965
38 70 1879
38 48 4304
38 59 1131
38 1 2348
38 12 4274
38 67 3257
38 63 403
38 52 2003
38 18 2663
38 39 4163
38 22 5729
38 21 6
38 9 1461
38 23 1840
38 13 10
38 68 542
38 20 2226
38 60 295
38 11 3587
38 53 3615
38 32 3223
38 55 802
38 56 4292
38 15 2915
38 71 1631
38 8 3463
38 61 1275
38 30 4992
38 51 1188
38 41 3947
38 24 5981
38 6 3677
38 40 4729
38 34 3054
38 74 2720
38 33 2883
38 42 3482
38 14 3302
38 47 5737
38 72 817
38 36 597
38 25 903
38 58 5337
38 19 168
39 53 603
39 49 2111
39 12 3770
39 19 289
39 18 4332
39 73 5744
39 46 3298
39 11 4615
39 42 1061
39 43 681
39 21 2946
39 25 4835
39 59 2041
39 56 321
39 10 3424
39 60 1766
39 66 682
39 26 4989
39 75 6276
39 27 5955
39 52 2859
39 37 3424
39 14 166
39 70 3546
39 50 4505
39 45 3346
39 63 581
39 31 5057
39 9 3588
39 61 611
39 35 997
39 33 5842
39 23 4176
39 58 2238
39 38 5592
39 1 2859
39 69 1049
39 71 2365
39 6 3777
39 67 4851
39 29 67
39 28 5257
39 41 2174
39 32 2298
39 64 669
39 7 633
39 34 387
39 15 1778
39 72 458
39 40 876
39 57 4311
39 47 796
39 51 2785
39 4 4120
39 13 4968
39 8 5804
39 48 3284
39 54 3880
39 36 384
39 24 3226
39 20 5402
40 39 45
40 19 3518
40 27 5681
40 70 6178
40 18 5821
40 5 2741
40 48 2967
40 74 3777
40 22 212
40 65 3893
40 50 3473
40 66 4931
40 3 5247
40 71 730
40 68 4784
40 49 3852
40 30 5286
40 61 4423
40 63 2471
40 10 2197
40 47 5746
40 59 2467
40 43 1937
40 51 5360
40 46 1582
40 34 3311
40 33 1793
40 32 1164
40 23 3037
40 11 5017
40 53 1618
40 62 1278
40 7 5858
40 12 5692
40 69 5049
40 25 1396
40 16 483
40 56 2825
40 4 1937
40 45 1961
40 41 3641
40 29 3477
40 24 4581
40 2 1634
40 28 5179
40 58 4009
40 6 688
40 26 4624
40 36 5126
40 64 4448
40 17 3208
40 44 5997
40 20 5877
40 21 5223
41 19 4681
41 23 1505
41 18 5391
41 69 1485
41 22 6224
41 53 5381
41 5 1576
41 24 1278
41 63 6065
41 15 5103
41 49 4593
41 58 3168
41 60 4179
41 59 1057
41 73 618
41 42 260
41 48 3250
41 46 4827
41 30 2050
41 62 1420
41 11 4007
41 38 2151
41 35 2438
41 56 1431
41 57 2900
41 55 4780
41 45 5677
41 13 5222
41 40 582
41 27 2111
41 26 3152
41 32 5010
41 37 2585
41 4 2145
41 3 3232
41 25 4032
41 70 2892
41 17 4467
41 54 778
41 16 4818
41 51 4627
41 68 1156
41 2 278
41 75 2933
41 31 2528
41 36 5286
41 1 1832
41 72 2433
41 52 3027
41 43 2515
41 28 4243
41 67 4236
41 66 485
41 6 3036
41 64 515
41 65 4448
41 33 3622
41 39 5097
41 50 1644
41 20 770
41 47 5059
42 46 1167
42 63 4762
42 1 1165
42 33 4278
42 21 1980
42 56 1821
42 35 1517
42 51 2976
42 16 5336
42 31 4918
42 44 3501
42 5 2290
42 2 4168
42 14 4798
42 69 1323
42 48 13
42 8 3129
42 13 1361
42 70 4461
42 72 4980
42 9 2643
42 40 2584
42 75 5427
42 18 653
42 52 1551
42 24 5790
42 34 5657
42 37 290
42 38 812
42 62 2713
42 60 4258
42 49 5621
42 26 1557
42 22 4734
42 32 1323
42 55 5342
42 10 3024
42 47 5066
42 74 4196
42 29 5013
42 39 2070
42 59 5720
42 53 2107
42 17 5951
42 6 2985
42 58 2027
42 43 2515
42 73 3429
42 54 2467
42 66 6178
42 19 1813
42 67 2306
42 15 5646
42 68 985
42 3 4305
42 4 269
42 36 3081
42 57 3648
42 61 1591
42 28 4635
42 25 3684
42 71 1665
43 28 4928
43 34 3584
43 70 1942
43 5 5865
43 30 2153
43 31 5911
43 7 932
43 59 1347
43 64 3827
43 47 1904
43 3 5476
43 12 3555
43 54 5141
43 24 1774
43 4 1853
43 13 1321
43 32 2603
43 1 1586
43 25 5404
43 42 2381
43 11 857
43 53 3751
43 37 4971
43 26 3722
43 41 3850
43 14 1209
43 50 5255
43 19 5163
43 48 726
43 57 1531
43 38 2409
43 63 3985
43 44 3255
43 72 3103
43 6 5909
43 66 4732
43 27 3589
43 74 4498
43 35 361
43 22 3107
43 51 4363
43 75 559
43 29 3147
43 62 801
43 10 2757
43 67 2315
43 15 5772
43 39 4774
43 8 4360
43 49 2175
43 61 1925
43 9 269
43 60 595
43 52 4670
43 16 156
43 46 3298
43 33 5163
43 58 5377
43 40 3740
43 36 3688
43 20 1064
43 71 5671
44 68 711
44 9 1465
44 33 525
44 6 3205
44 26 4597
44 59 4953
44 53 1475
44 4 2188
44 63 2634
44 69 2930
44 16 878
44 45 1652
44 23 5038
44 10 1337
44 13 5925
44 52 4725
44 67 1595
44 15 274
44 35 442
44 27 5768
44 49 3259
44 32 4944
44 24 5150
44 41 6087
44 57 1776
44 62 1439
44 48 3324
44 54 2680
44 29 2156
44 36 6190
44 75 3572
44 17 2434
44 64 2845
44 71 3819
44 73 3372
44 72 2141
44 61 480
44 11 4315
44 70 5425
44 38 465
44 42 4231
44 28 4453
44 56 497
44 66 3778
44 39 5078
44 30 1453
44 55 3565
44 14 5731
44 8 4149
44 25 986
44 47 4941
44 7 3037
44 58 2807
45 11 78
45 32 1420
45 35 1855
45 14 4887
45 17 3572
45 55 1378
45 69 3030
45 28 3076
45 72 3480
45 21 2829
45 9 4987
45 24 5658
45 15 4433
45 73 1275
45 27 1758
45 5 1128
45 44 384
45 38 2602
45 48 354
45 41 3698
45 63 4914
45 47 5448
45 58 5997
45 40 1819
45 62 1626
45 68 5197
45 19 3080
45 8 4781
45 37 2536
45 50 258
45 23 1808
45 51 3522
45 25 5395
45 70 2408
45 46 3752
45 59 2479
45 34 6005
45 20 1220
45 43 250
45 26 5666
45 18 3207
45 29 2048
45 10 2880
45 36 2555
45 74 5285
45 3 553
45 16 3522
45 6 5724
45 12 150
45 71 862
45 56 3203
45 49 1073
45 1 1868
45 4 1511
45 33 5855
45 60 5931
45 64 4988
45 53 642
46 51 1621
46 65 2187
46 58 4165
46 31 682
46 55 572
46 37 1656
46 39 2131
46 57 5277
46 20 5829
46 9 1798
46 4 5873
46 60 2967
46 72 5244
46 68 3920
46 56 6292
46 12 3269
46 21 3568
46 7 4249
46 2 3396
46 50 4665
46 14 3544
46 48 2075
46 47 1867
46 40 1885
46 52 3135
46 44 2531
46 38 5405
46 59 2050
46 24 6291
46 19 3522
46 54 3894
46 73 631
46 23 6141
46 30 5861
46 43 4533
46 74 6264
46 13 14
46 3 1490
46 53 6258
46 62 1232
46 28 2324
46 10 4517
46 64 4640
46 16 5043
46 32 2671
46 49 5899
46 33 6198
46 26 4196
46 15 1497
46 45 606
46 42 1412
46 66 4973
46 29 5824
46 75 764
47 63 4465
47 1 3793
47 4 5967
47 13 292
47 38 499
47 58 1284
47 14 3612
47 45 2269
47 42 3103
47 16 2467
47 50 1691
47 68 4605
47 67 5873
47 61 1140
47 73 6237
47 74 5704
47 39 1327
47 15 1857
47 69 4666
47 12 6125
47 5 4129
47 70 802
47 2 1304
47 25 40
47 28 978
47 34 1192
47 55 3442
47 10 3722
47 7 5039
47 3 1220
47 48 4148
47 75 4308
47 71 5452
47 53 3013
47 23 2794
47 21 4606
47 46 740
47 36 5277
47 62 1246
47 31 5752
47 18 5341
47 43 3321
47 27 2261
47 22 5637
47 11 2343
47 35 4672
47 6 2209
47 26 923
47 44 2183
47 60 1776
47 41 4570
47 57 2080
47 66 2188
48 70 312
48 65 2790
48 50 4748
48 56 1172
48 26 639
48 21 6142
48 22 993
48 39 5543
48 74 3901
48 18 1810
48 66 2298
48 20 532
48 51 1044
48 63 758
48 28 5582
48 58 4108
48 45 217
48 19 2391
48 34 5290
48 57 3129
48 35 5861
48 46 3206
48 73 1435
48 13 3117
48 67 2226
48 49 3068
48 38 3602
48 54 4785
48 4 4787
48 53 2552
48 23 2334
48 8 1067
48 12 3441
48 69 3876
48 60 4294
48 71 5605
48 62 4074
48 43 153
48 75 4753
48 3 2583
48 2 6251
48 36 214
48 15 582
48 32 1357
48 31 659
48 33 4303
48 61 4201
48 17 6080
48 24 4153
48 29 4256
48 9 2827
48 25 649
48 47 1598
48 64 1111
48 44 3239
48 55 714
48 41 4586
48 11 3711
48 10 5664
48 42 727
49 3 3067
49 33 1687
49 26 4808
49 52 2456
49 75 1968
49 7 2914
49 60 1186
49 39 5717
49 74 2807
49 29 756
49 58 4135
49 22 765
49 71 1459
49 63 759
49 20 1245
49 56 2325
49 32 5449
49 72 4755
49 18 3814
49 6 3912
49 31 360
49 67 2902
49 65 5310
49 36 2668
49 64 3658
49 4 569
49 10 812
49 11 1253
49 48 1503
49 59 751
49 13 732
49 19 1466
49 62 5014
49 35 5120
49 28 6285
49 41 3491
49 69 5514
49 15 149
49 14 4355
49 34 604
49 54 3594
49 5 5709
49 42 1063
49 21 486
49 12 2715
49 70 6249
49 9 3905
49 68 3857
49 73 4191
49 8 3997
49 38 2218
49 46 2617
50 19 3741
50 47 4288
50 66 2894
50 37 3134
50 6 4898
50 48 3029
50 44 351
50 21 4805
50 43 6142
50 69 3374
50 11 2800
50 68 4575
50 67 1086
50 18 4390
50 59 2364
50 39 4055
50 23 5626
50 24 1874
50 33 903
50 30 4667
50 3 1478
50 5 5479
50 22 12
50 72 4010
50 74 2773
50 12 1435
50 54 4803
50 9 6035
50 34 6114
50 20 4393
50 41 4502
50 15 2343
50 17 2366
50 75 2526
50 49 5974
50 1 4127
50 63 2133
50 38 482
50 56 2001
50 31 5768
50 36 2623
50 29 5702
50 46 1791
50 35 3210
50 10 1315
50 40 1867
50 58 802
50 7 268
50 60 2261
50 55 4875
50 4 6086
50 65 2737
50 32 4010
50 25 15
50 64 5458
50 2 2308
51 62 1292
51 1 5814
51 25 5008
51 32 2443
51 67 1827
51 7 5282
51 69 2756
51 36 1559
51 38 258
51 28 1190
51 70 5805
51 59 2357
51 23 1224
51 29 2297
51 18 2786
51 13 2682
51 20 5813
51 44 5750
51 31 852
51 72 1569
51 24 677
51 60 3356
51 10 3181
51 6 3316
51 9 975
51 12 4966
51 27 5727
51 37 2416
51 22 1764
51 68 3129
51 5 2813
51 43 2729
51 21 1793
51 15 2236
51 49 18
51 4 5618
51 40 4970
51 17 2575
51 11 4063
51 19 2703
51 64 2361
51 30 1606
51 33 4312
51 48 4109
51 66 791
51 35 3857
51 75 5148
51 14 5351
52 60 1283
52 62 773
52 25 5293
52 8 2685
52 9 4581
52 5 5757
52 32 4843
52 49 3662
52 3 4746
52 14 1983
52 51 690
52 27 3872
52 40 5307
52 59 6117
52 50 3541
52 41 2412
52 12 5126
52 54 3108
52 26 5721
52 67 3951
52 11 3676
52 22 3213
52 73 4243
52 64 5468
52 30 5273
52 47 3096
52 58 459
52 48 5379
52 20 2108
52 69 3226
52 70 2183
52 55 2141
52 13 4297
52 17 2330
52 37 985
52 10 2172
52 28 2259
52 66 5694
52 18 4017
52 53 2826
52 61 4244
52 39 318
52 16 5779
52 31 2563
52 23 2154
52 46 1475
52 38 5939
52 35 151
52 44 937
52 24 4849
53 15 2222
53 27 4266
53 71 4765
53 59 6074
53 24 2590
53 48 2630
53 51 5320
53 74 5516
53 67 6164
53 40 3044
53 25 4626
53 6 1288
53 64 3597
53 26 4884
53 61 3079
53 60 3717
53 55 3780
53 8 3315
53 62 3510
53 49 3131
53 57 1093
53 1 754
53 70 4094
53 9 1050
53 46 3986
53 31 3850
53 34 5557
53 41 253
53 32 4141
53 37 5062
53 5 2782
53 17 112
53 73 5869
53 20 299
53 63 2292
53 23 297
53 66 4641
53 33 448
53 29 2784
53 72 4204
53 28 6121
53 30 6176
53 50 4325
53 45 5306
53 44 4474
53 21 5482
53 4 1936
53 52 4611
53 14 1579
53 36 140
53 2 1202
53 39 33
53 54 2831
53 35 3459
53 12 2038
53 58 320
53 19 4208
53 3 1896
53 65 4177
53 7 520
53 75 4176
53 38 5621
54 60 2928
54 35 2899
54 58 2927
54 25 3856
54 57 73
54 7 92
54 31 3350
54 17 3997
54 2 3464
54 10 4831
54 37 2462
54 19 3039
54 43 2792
54 52 1832
54 28 4239
54 75 3657
54 15 1188
54 51 5556
54 22 2457
54 29 3988
54 1 463
54 64 3189
54 3 86
54 74 3550
54 59 3831
54 38 2708
54 36 463
54 6 2556
54 16 1593
54 45 6255
54 18 1286
54 33 3740
54 8 1234
54 46 763
54 61 5736
54 72 2679
54 71 4273
54 44 932
54 4 3203
54 65 2160
54 32 1701
54 41 4562
54 26 2872
54 40 4380
54 14 3824
54 53 49
54 9 57
54 47 2101
54 27 3304
54 62 2689
54 63 2506
54 30 5943
54 34 824
54 12 6176
54 48 951
54 49 2037
55 46 6202
55 2 2825
55 74 451
55 3 3507
55 67 1753
55 60 1649
55 41 3971
55 35 5705
55 53 2147
55 51 2947
55 11 1043
55 14 3609
55 48 3910
55 61 428
55 31 5538
55 30 3939
55 28 3585
55 29 1981
55 71 3883
55 42 117
55 69 2299
55 1 4124
55 6 4622
55 43 73
55 65 1751
55 21 4398
55 72 5518
55 54 5736
55 40 1511
55 64 3652
55 25 4659
55 22 3803
55 20 4783
55 39 2565
55 62 1327
55 56 949
55 34 470
55 52 1763
55 17 4101
55 12 2445
55 50 5503
55 70 535
55 57 946
55 23 3881
55 59 5356
55 68 5194
55 10 5382
55 18 1611
55 47 4364
55 58 5176
55 66 3442
55 44 5498
55 13 220
55 7 988
55 49 2481
55 73 1593
55 15 987
55 16 2846
55 36 4539
55 8 3159
55 27 329
55 24 3284
56 57 2408
56 61 4923
56 22 4916
56 19 6170
56 67 3433
56 74 4187
56 36 3523
56 13 5050
56 33 4525
56 72 1659
56 20 4132
56 30 2103
56 53 2455
56 40 3379
56 62 4371
56 60 1518
56 24 3196
56 54 5663
56 16 3512
56 10 381
56 64 5765
56 71 5869
56 28 5085
56 14 6209
56 69 3842
56 59 5924
56 26 2338
56 23 901
56 35 4502
56 5 2978
56 42 284
56 17 5392
56 37 3877
56 44 713
56 18 695
56 63 2934
56 73 2727
56 4 3867
56 43 1274
56 51 949
56 50 1452
56 45 5760
56 25 3956
56 11 4189
56 39 3902
56 48 3184
56 46 563
56 3 4716
56 12 1922
56 8 4794
56 15 5590
56 34 3299
56 66 1219
56 58 6058
56 55 3047
57 67 5199
57 3 256
57 61 471
57 68 3821
57 66 1399
57 73 1771
57 64 3340
57 56 4654
57 10 1051
57 13 2495
57 52 375
57 33 428
57 34 1028
57 2 2757
57 31 1062
57 48 4803
57 26 4927
57 72 3860
57 17 2485
57 58 3599
57 20 1367
57 51 5588
57 47 5522
57 65 1401
57 12 3595
57 70 3396
57 24 695
57 59 4232
57 41 4699
57 21 5492
57 60 4050
57 18 2802
57 23 822
57 9 4039
57 69 562
57 49 3167
57 45 880
57 11 4692
57 40 4729
57 22 4792
57 75 3014
57 28 992
57 19 473
57 74 5880
57 55 5464
57 4 288
57 29 1909
57 43 5025
57 46 4480
57 37 413
57 27 6149
57 53 2939
57 63 688
57 1 1050
57 6 5824
57 14 3601
57 44 3752
57 15 5076
58 16 1335
58 67 2549
58 59 3906
58 54 2509
58 66 3947
58 42 949
58 17 3531
58 28 4738
58 38 2847
58 44 4095
58 22 2122
58 25 2627
58 3 5943
58 34 2965
58 24 4976
58 41 2921
58 68 3866
58 6 4341
58 46 2336
58 75 2842
58 62 5435
58 56 846
58 4 3218
58 69 2213
58 48 2929
58 10 2890
58 63 3939
58 39 333
58 35 2617
58 26 5022
58 13 4871
58 72 3771
58 33 1967
58 61 1798
58 53 3653
58 31 5640
58 19 3075
58 12 1485
58 45 3355
58 32 3170
58 52 3126
58 57 2773
58 15 2739
58 29 5668
58 36 4429
58 71 4372
58 70 2159
58 50 2474
58 73 3936
58 20 3748
58 8 199
58 37 6265
58 51 4256
58 21 3408
58 64 1835
58 49 323
59 63 4383
59 37 4207
59 67 5468
59 51 2397
59 41 1298
59 28 5910
59 53 5847
59 23 5159
59 56 5917
59 40 1735
59 5 5567
59 20 4033
59 68 4243
59 66 4349
59 50 5020
59 10 2182
59 12 4257
59 46 3291
59 74 608
59 35 6213
59 65 3829
59 3 915
59 1 889
59 62 2306
59 58 1046
59 6 2059
59 39 537
59 61 4227
59 17 1527
59 69 2009
59 75 696
59 2 3067
59 44 2001
59 54 1355
59 21 2946
59 52 5934
59 11 1660
59 24 2598
59 47 3773
59 25 3773
59 29 1942
59 33 1846
59 22 5454
59 18 5216
59 34 2207
59 27 3617
59 45 3683
59 43 5317
59 13 780
59 32 6129
59 31 2583
59 8 625
59 48 2844
59 15 3767
59 38 4810
59 73 3386
59 71 1492
59 36 4010
60 67 5671
60 42 1859
60 54 1159
60 65 1978
60 6 1444
60 70 888
60 43 5191
60 44 2149
60 9 1477
60 26 3038
60 22 575
60 14 2399
60 49 5601
60 34 2383
60 61 3436
60 47 1018
60 16 1147
60 7 1172
60 53 6237
60 30 3996
60 74 4159
60 68 2124
60 24 6160
60 37 3363
60 11 3494
60 8 5403
60 19 1956
60 38 3040
60 72 2806
60 41 247
60 50 4769
60 33 1854
60 57 2132
60 32 3746
60 36 5438
60 40 14
60 12 5561
60 15 5634
60 55 5380
60 45 639
60 63 4690
60 46 1109
60 17 4291
60 58 5586
60 2 1305
60 59 5016
60 1 350
60 51 3031
60 3 96
60 5 455
60 25 5755
61 11 4844
61 75 1126
61 34 508
61 26 1593
61 45 4855
61 17 3810
61 15 3452
61 65 5257
61 70 4249
61 40 312
61 56 1540
61 55 2435
61 14 182
61 54 5841
61 10 2398
61 16 2851
61 27 3679
61 7 6102
61 29 4287
61 12 1026
61 43 5272
61 49 3208
61 22 5202
61 2 1573
61 44 555
61 4 5915
61 62 2139
61 18 2300
61 48 3309
61 46 5300
61 50 1077
61 5 4278
61 42 5106
61 3 272
61 74 2531
61 64 1429
61 63 482
61 13 3037
61 36 317
61 24 1242
61 47 4207
61 66 5728
61 52 5368
61 73 4145
61 31 4448
61 32 2020
61 21 5434
61 51 3628
61 71 5132
61 60 6077
61 19 1163
61 53 2819
61 30 1896
62 8 420
62 23 3645
62 74 4263
62 20 3408
62 32 4794
62 13 5493
62 7 5795
62 3 125
62 36 521
62 55 3051
62 46 5594
62 53 5948
62 26 2295
62 56 2438
62 52 2480
62 19 5223
62 39 1590
62 12 2218
62 43 582
62 24 3636
62 35 4777
62 9 1510
62 37 1593
62 75 5793
62 14 55
62 1 978
62 64 2778
62 48 2995
62 61 601
62 67 6033
62 58 401
62 70 3454
62 22 5574
62 65 4945
62 21 2205
62 54 4279
62 30 6149
62 47 3448
62 60 1327
62 71 1346
62 49 11
62 31 6272
62 73 1957
62 69 5255
62 57 2898
62 42 3519
62 40 694
62 45 6129
62 41 5201
62 63 2828
62 6 2407
62 38 2793
62 16 1844
62 72 5559
62 5 921
62 10 3667
63 39 2952
63 64 3612
63 34 2587
63 18 314
63 55 1812
63 48 3544
63 20 2294
63 51 1912
63 40 823
63 37 4347
63 13 950
63 28 1306
63 73 6162
63 75 2470
63 69 468
63 7 4075
63 27 824
63 49 3056
63 42 4778
63 30 4602
63 9 2516
63 59 4482
63 67 2229
63 41 4082
63 50 5095
63 65 3071
63 56 5064
63 14 884
63 46 448
63 17 2637
63 38 3232
63 21 5714
63 5 518
63 16 5135
63 70 3765
63 61 1392
63 58 3186
63 60 2402
63 36 1245
63 22 4315
63 19 4879
63 32 5272
63 10 682
63 54 1004
63 72 3909
63 3 1508
63 6 3839
63 24 3691
63 23 489
63 74 1547
63 4 5072
63 15 4332
63 11 3133
63 31 4560
63 8 324
63 47 3057
63 53 583
64 14 5506
64 37 5304
64 61 1998
64 46 5087
64 75 3950
64 25 3721
64 66 1204
64 2 603
64 10 5833
64 23 5601
64 12 1997
64 52 4084
64 38 518
64 47 3207
64 55 4061
64 28 1768
64 21 4532
64 40 2872
64 63 4339
64 44 2326
64 24 268
64 29 5133
64 58 2099
64 11 365
64 30 4780
64 69 4048
64 48 4131
64 49 2585
64 59 701
64 22 4760
64 45 5277
64 56 3285
64 26 5940
64 36 1017
64 65 4811
64 35 746
64 42 572
64 72 6081
64 41 3964
64 70 805
64 19 4246
64 20 6262
64 67 1241
64 39 5775
64 8 284
64 5 5754
64 54 5824
64 16 3789
64 33 5584
64 17 1437
64 13 5598
64 68 4239
64 9 2758
64 27 4268
64 51 2381
65 62 4500
65 46 2952
65 32 1458
65 2 3876
65 67 2060
65 51 5100
65 28 4679
65 11 5126
65 35 6247
65 9 2539
65 49 403
65 48 5297
65 1 3732
65 56 3129
65 74 5875
65 37 4939
65 18 5965
65 3 3626
65 40 936
65 30 4795
65 70 3156
65 12 2493
65 39 5159
65 15 2697
65 45 4819
65 20 3104
65 33 2933
65 64 5858
65 50 4375
65 57 2954
65 23 4802
65 25 2260
65 68 2253
65 44 698
65 61 5692
65 10 2035
65 66 5635
65 43 1913
65 47 2284
65 29 4791
65 19 5564
65 6 634
65 13 3929
65 34 3970
65 7 4579
65 4 5296
65 16 3046
65 75 714
65 26 5115
65 8 892
65 53 1613
65 58 1958
65 14 1324
65 5 1895
65 60 1027
65 54 4169
65 24 736
65 42 5400
66 9 2511
66 58 6039
66 60 5024
66 16 2100
66 38 18
66 23 3611
66 11 620
66 63 2619
66 28 2229
66 46 3930
66 64 1415
66 67 1357
66 54 1424
66 25 5760
66 43 5670
66 27 2297
66 71 4398
66 2 4967
66 57 5861
66 6 3990
66 18 3035
66 51 3635
66 8 2045
66 33 5612
66 39 4188
66 56 754
66 59 1636
66 26 4661
66 48 2806
66 32 5821
66 70 3825
66 72 3507
66 3 3080
66 34 1187
66 61 2882
66 21 1630
66 50 4217
66 53 2596
66 4 5912
66 1 5559
66 40 2100
66 29 3445
66 74 2553
66 45 688
66 5 2063
66 22 2067
66 14 4033
66 17 1315
66 35 4502
66 15 228
66 20 2303
66 36 804
66 12 1144
66 44 4888
66 37 2570
66 31 2954
66 13 1278
67 71 1107
67 30 2025
67 70 4103
67 1 3376
67 63 1287
67 8 5971
67 45 92
67 26 3368
67 29 671
67 49 5180
67 20 3765
67 5 2221
67 59 6253
67 50 758
67 41 5716
67 42 4486
67 18 3550
67 35 4429
67 38 809
67 39 5852
67 24 4130
67 44 517
67 69 4472
67 57 1227
67 72 3398
67 62 195
67 52 2012
67 12 4536
67 3 2517
67 58 1317
67 16 5249
67 53 3713
67 9 4479
67 66 2698
67 14 3309
67 43 4578
67 28 214
67 75 1082
67 32 3125
67 48 2496
67 60 2038
67 36 2352
67 23 3868
67 55 2940
67 13 1455
67 15 570
67 64 3134
67 34 6041
67 22 77
67 31 3588
67 65 153
68 57 4985
68 35 2171
68 31 1745
68 55 2631
68 38 5545
68 11 6264
68 65 585
68 21 330
68 43 2808
68 5 4651
68 12 341
68 22 1408
68 19 183
68 41 4889
68 18 5547
68 39 2221
68 71 1308
68 42 871
68 4 3784
68 15 3000
68 44 4286
68 23 3305
68 17 1012
68 64 2218
68 50 4609
68 3 6010
68 27 2935
68 30 1419
68 26 5594
68 70 4601
68 28 6225
68 47 266
68 62 1109
68 73 4920
68 48 3694
68 2 3183
68 52 590
68 74 5340
68 29 2313
68 59 1555
68 10 4959
68 1 166
68 60 594
68 37 1127
68 6 4650
68 46 2273
68 33 4565
68 8 2447
68 54 1018
68 49 569
68 45 5731
68 75 997
68 53 2671
68 13 4352
68 67 4312
69 11 921
69 43 6270
69 71 4953
69 50 1089
69 22 1030
69 12 4310
69 39 5349
69 16 2240
69 19 3843
69 67 1878
69 75 6019
69 46 1024
69 23 4453
69 44 4512
69 3 4826
69 51 3610
69 41 3953
69 56 496
69 45 2012
69 60 2759
69 47 2350
69 30 5949
69 55 5059
69 8 5234
69 15 4150
69 26 4230
69 31 4550
69 34 5912
69 58 1612
69 1 1296
69 63 1944
69 17 447
69 68 289
69 64 6181
69 66 2838
69 42 3315
69 38 2464
69 73 406
69 29 749
69 32 5439
69 40 4082
69 20 5286
69 52 2236
69 24 713
69 5 6084
69 53 3624
69 48 2576
69 59 425
69 4 3235
69 6 98
69 9 2950
69 35 2496
70 23 2486
70 26 3158
70 16 3579
70 36 5775
70 63 5240
70 74 176
70 35 4297
70 73 2005
70 32 649
70 39 1889
70 24 642
70 50 1005
70 72 2742
70 44 3353
70 38 5523
70 34 3423
70 33 3983
70 43 4065
70 1 2039
70 71 4601
70 11 1926
70 57 3550
70 10 2270
70 65 1080
70 13 3288
70 58 3863
70 19 3305
70 67 4862
70 8 3945
70 25 6131
70 5 5354
70 14 4508
70 51 4639
70 21 1611
70 68 4744
70 52 5721
70 62 3351
70 3 839
70 64 4030
70 56 164
70 54 764
70 2 3007
70 61 4794
70 75 3295
70 42 5082
70 9 3461
70 60 5444
70 12 3482
70 17 1660
70 59 2370
70 20 3727
70 15 1222
70 7 133
70 47 2499
71 60 4472
71 39 505
71 36 3499
71 22 903
71 63 2768
71 37 1572
71 50 2062
71 2 2317
71 54 4726
71 74 4423
71 56 1996
71 55 5928
71 73 5966
71 52 5806
71 10 5920
71 29 1340
71 30 6143
71 16 3930
71 53 2317
71 72 5663
71 46 816
71 48 5094
71 45 842
71 61 2429
71 40 1231
71 68 1433
71 17 4232
71 67 3397
71 65 1302
71 28 2141
71 24 4134
71 66 2119
71 51 4794
71 70 5544
71 5 1409
71 49 2322
71 43 1959
71 33 3304
71 1 4935
71 34 4091
71 14 3797
71 31 2634
71 35 4761
71 25 5932
71 69 4895
71 64 5374
71 21 1195
71 41 3671
71 47 2387
71 58 2262
71 75 1425
71 9 6144
71 42 3099
71 15 1986
71 19 1401
71 3 437
71 23 2204
71 7 5098
71 57 4021
72 28 448
72 14 813
72 61 3560
72 26 5977
72 3 970
72 64 3893
72 16 2853
72 43 4045
72 5 4309
72 25 2967
72 65 5180
72 31 361
72 21 5273
72 24 5120
72 57 4766
72 51 3670
72 17 3447
72 59 1497
72 45 1781
72 37 4992
72 7 1725
72 9 1142
72 1 4443
72 68 6023
72 38 1486
72 27 6228
72 15 2553
72 11 6148
72 36 6057
72 2 5607
72 50 2394
72 29 5854
72 70 5208
72 53 6038
72 19 2829
72 40 941
72 42 4901
72 10 1137
72 23 2480
72 32 119
72 74 1966
72 47 206
72 73 1969
72 67 1910
72 62 5886
72 71 269
72 46 426
72 49 695
72 66 79
72 60 961
72 63 2135
73 4 1059
73 31 2594
73 16 2464
73 26 588
73 6 4904
73 65 5196
73 46 5245
73 64 4877
73 17 4456
73 39 6202
73 60 899
73 56 1628
73 52 1071
73 74 1993
73 57 4915
73 53 100
73 75 2657
73 54 4546
73 63 4213
73 29 85
73 62 806
73 10 2980
73 20 4607
73 69 1361
73 70 1748
73 36 931
73 23 3059
73 28 5692
73 49 395
73 48 3353
73 3 4275
73 19 5984
73 55 313
73 42 714
73 43 1535
73 66 1001
73 72 3057
73 37 6190
73 9 6175
73 15 1179
73 30 4090
73 40 614
73 35 1531
73 61 3230
73 25 2926
73 32 1939
73 47 790
73 51 5958
73 50 3386
73 38 3386
73 5 1962
73 45 4956
73 1 476
73 14 5906
73 21 3409
73 34 5933
73 13 50
74 14 3131
74 65 695
74 18 3499
74 31 866
74 66 4819
74 17 3065
74 48 2724
74 37 2443
74 72 3591
74 73 2086
74 36 6151
74 69 1138
74 16 5313
74 56 3438
74 71 4265
74 10 1206
74 32 2824
74 45 2236
74 57 4793
74 19 3920
74 24 2019
74 1 3101
74 52 6009
74 64 4739
74 40 1316
74 33 3628
74 2 1579
74 21 902
74 42 1348
74 11 2216
74 15 3957
74 13 3894
74 26 5038
74 54 2662
74 59 4536
74 49 5738
74 30 4445
74 53 1145
74 27 5130
74 70 1812
74 5 421
74 6 1109
74 41 2343
74 39 1550
74 68 6147
74 50 4403
74 8 723
74 51 3746
74 3 4604
74 34 1543
74 25 4422
74 38 6283
74 61 5694
74 20 4533
74 60 5430
74 9 56
74 55 4185
75 51 2111
75 21 3312
75 26 3462
75 46 3990
75 9 1176
75 30 220
75 18 2591
75 39 3419
75 36 5860
75 10 1152
75 48 4060
75 35 5405
75 67 4275
75 7 2945
75 22 5229
75 64 3664
75 57 892
75 20 650
75 13 1039
75 68 367
75 23 3800
75 74 75
75 73 4050
75 44 5472
75 69 5929
75 17 5207
75 4 5314
75 52 4106
75 63 2344
75 25 4510
75 50 3807
75 66 5424
75 24 2013
75 29 4073
75 53 5964
75 19 1748
75 62 5350
75 55 1819
75 15 3103
75 27 5938
75 34 5369
75 45 5971
75 49 3108
75 32 1972
75 16 3192
75 43 609
75 38 583
75 28 2240
75 12 1921
75 33 437
75 65 5066
