75 4200
1 41 2169
1 18 6270
1 46 1029
1 74 3404
1 63 1478
1 68 5146
1 33 1323
1 14 4332
1 2 1809
1 73 5056
1 40 100
1 16 3654
1 11 1920
1 72 4838
1 12 3219
1 66 2448
1 28 952
1 75 1805
1 17 2112
1 42 4244
1 43 1778
1 7 3089
1 5 4176
1 67 5908
1 69 4714
1 47 5297
1 30 3058
1 71 4797
1 34 5637
1 48 2221
1 39 3667
1 20 2964
1 13 2367
1 23 2484
1 45 3099
1 6 3141
1 59 6168
1 56 1159
1 53 2496
1 4 1831
1 35 1062
1 65 3354
1 58 689
1 50 5506
1 9 5588
1 60 739
1 19 2735
1 49 3218
1 52 5111
1 36 557
1 70 2565
1 24 2864
1 21 930
1 57 2257
1 38 2551
1 26 207
1 3 5973
1 62 1933
2 63 425
2 20 3776
2 45 4123
2 17 6044
2 58 4876
2 39 4986
2 52 4607
2 15 1196
2 1 5875
2 42 5717
2 55 2968
2 61 860
2 75 4907
2 4 6074
2 46 5578
2 14 137
2 32 348
2 56 5973
2 60 6256
2 50 5118
2 53 4348
2 22 2964
2 24 761
2 67 2098
2 57 4814
2 19 4379
2 16 5078
2 37 5387
2 40 2420
2 48 3233
2 5 3523
2 73 4811
2 26 1544
2 7 2478
2 72 458
2 41 222
2 21 1019
2 68 4069
2 3 947
2 28 3077
2 36 2513
2 30 1496
2 11 110
2 8 5927
2 49 899
2 10 2316
2 25 4025
2 33 4856
2 69 1961
2 34 4923
2 18 479
2 6 1548
2 54 284
2 71 2356
2 12 2876
2 44 5469
2 29 876
2 74 1675
3 25 4240
3 54 4044
3 61 2576
3 14 3299
3 53 6241
3 57 6189
3 23 6291
3 22 5930
3 1 978
3 6 945
3 36 2047
3 32 478
3 24 4931
3 68 2784
3 16 2893
3 64 2677
3 69 3722
3 49 5904
3 26 702
3 60 6211
3 39 6052
3 41 3603
3 40 659
3 33 1575
3 5 3353
3 13 1669
3 18 6196
3 47 5565
3 17 1773
3 8 3682
3 27 3547
3 12 5159
3 11 3177
3 42 899
3 45 4858
3 56 1151
3 44 4403
3 31 3567
3 70 4845
3 20 3020
3 9 545
3 48 2683
3 55 2113
3 37 1217
3 59 2998
3 19 2805
3 28 487
3 63 1546
3 73 3915
3 10 2975
3 66 1896
3 35 1101
3 7 4462
3 30 2866
3 34 2785
4 73 492
4 28 2234
4 3 1899
4 69 3862
4 47 2882
4 53 815
4 46 2521
4 66 5157
4 20 3270
4 49 2607
4 15 2429
4 71 2933
4 9 1713
4 65 4991
4 58 3662
4 74 5292
4 63 4790
4 40 3224
4 41 358
4 34 6054
4 56 6277
4 42 5949
4 1 3957
4 24 5208
4 55 2669
4 35 960
4 57 565
4 50 4963
4 48 4720
4 19 4528
4 45 5227
4 17 3784
4 26 325
4 32 5082
4 16 4307
4 43 2203
4 44 3372
4 75 4501
4 59 4173
4 62 1219
4 5 2235
4 33 4400
4 61 6189
4 18 2089
4 27 5877
4 7 5039
4 22 2004
4 72 923
4 39 2652
4 70 3301
4 23 4469
4 6 4441
4 25 168
4 31 441
4 68 1959
4 37 3620
4 64 498
4 30 1280
4 12 216
4 51 567
4 29 3839
4 52 5189
4 8 4378
4 11 2785
4 21 5737
4 60 1314
4 67 5931
4 36 5427
5 50 1056
5 18 70
5 9 2765
5 19 1019
5 10 5031
5 74 2614
5 17 2644
5 41 5318
5 32 1184
5 27 2919
5 22 1077
5 46 203
5 45 4612
5 60 3534
5 39 2354
5 6 2827
5 69 5675
5 23 4816
5 59 2487
5 35 927
5 44 1404
5 14 5764
5 56 2559
5 7 4002
5 48 2309
5 16 4643
5 25 4752
5 13 4362
5 42 3690
5 26 6272
5 64 1853
5 55 4934
5 51 958
5 24 2293
5 75 1762
5 57 5808
5 53 3795
5 37 3391
5 58 2545
5 30 2482
5 29 1509
5 28 5976
5 47 4475
5 31 4917
5 1 5421
5 15 3447
5 20 2417
5 70 3181
5 73 5962
5 68 6137
5 8 5609
5 33 6228
6 17 2707
6 2 160
6 47 4679
6 10 2260
6 66 6160
6 46 3251
6 42 5487
6 51 1569
6 5 2512
6 59 4145
6 15 2457
6 11 1703
6 26 2103
6 40 2180
6 31 357
6 60 6153
6 14 3346
6 56 4671
6 3 5720
6 52 5055
6 64 328
6 13 549
6 50 4662
6 48 5634
6 41 6210
6 12 3940
6 24 5908
6 7 1916
6 44 2833
6 39 1564
6 75 4658
6 34 3558
6 8 2425
6 21 4151
6 71 5059
6 69 5391
6 27 3965
6 63 3991
6 61 5862
6 30 3737
6 4 1516
6 20 4079
6 37 2596
6 36 398
6 29 2790
6 18 2141
6 58 5549
6 19 4342
6 16 4744
6 25 5974
6 55 3275
6 62 1195
6 74 2956
6 67 622
6 35 1388
6 28 5848
6 65 4299
6 68 2783
6 72 1583
6 22 5372
7 12 1132
7 49 2542
7 64 3436
7 23 2992
7 33 883
7 2 3319
7 28 3149
7 54 1997
7 36 4711
7 68 3423
7 1 4796
7 29 2747
7 67 3041
7 6 1860
7 4 4891
7 8 2111
7 71 5393
7 24 4416
7 55 4634
7 73 2011
7 9 3167
7 3 5608
7 45 1368
7 41 6054
7 43 2926
7 30 2655
7 34 760
7 13 1350
7 10 3846
7 18 2802
7 69 2766
7 31 3049
7 63 3107
7 70 2033
7 74 3950
7 50 5329
7 66 3980
7 56 4452
7 16 2379
7 44 2855
7 21 245
7 40 3216
7 61 1973
7 42 6147
7 20 4632
7 5 115
7 38 1817
7 72 6032
7 14 1287
7 15 2877
7 19 4147
7 26 570
7 39 4808
7 11 166
7 47 2197
7 35 5977
7 27 4491
7 46 1554
7 57 289
8 39 2550
8 22 2013
8 38 3373
8 24 5052
8 64 5729
8 30 4245
8 19 666
8 45 1713
8 41 745
8 26 3100
8 29 1815
8 66 2329
8 52 1094
8 42 4979
8 54 2051
8 37 6141
8 34 2904
8 17 2348
8 10 2679
8 6 1213
8 48 5828
8 40 3076
8 28 5820
8 73 3934
8 1 2093
8 3 4725
8 35 2274
8 60 660
8 67 5495
8 75 1653
8 63 5154
8 27 309
8 44 5196
8 43 3495
8 9 4105
8 31 303
8 68 1686
8 33 5231
8 57 3124
8 14 4868
8 56 4815
8 65 5356
8 49 4998
8 23 1398
8 74 2317
8 4 460
8 13 4762
8 36 521
8 71 3339
8 12 769
8 2 3415
8 32 1260
8 46 5765
8 5 5016
8 61 4426
8 50 1429
8 7 6202
8 55 3516
8 69 5334
8 53 5423
8 62 5665
9 11 1346
9 6 5560
9 36 4951
9 15 2143
9 21 2963
9 23 6198
9 12 5738
9 34 6083
9 19 3107
9 31 4303
9 41 3447
9 61 6176
9 42 1731
9 18 2572
9 1 5019
9 73 702
9 39 1055
9 66 1710
9 69 874
9 7 1694
9 51 1702
9 24 3908
9 29 1043
9 22 947
9 56 3131
9 74 4561
9 35 3499
9 8 5631
9 68 5940
9 75 4137
9 47 1754
9 20 2040
9 28 158
9 4 5402
9 17 5912
9 26 6108
9 65 5676
9 57 2949
9 10 655
9 16 3169
9 44 2070
9 13 3582
9 60 4657
9 63 1600
9 43 5195
9 32 4283
9 58 4890
9 48 943
9 72 238
9 25 962
9 67 2187
9 2 5292
9 62 724
9 55 4795
9 71 4185
9 70 4787
9 5 5944
9 27 1699
9 59 3792
9 33 1251
9 30 4637
10 69 4684
10 42 2984
10 67 1645
10 5 1993
10 4 4980
10 44 2454
10 34 2301
10 12 4383
10 11 4195
10 2 4596
10 36 4343
10 64 4440
10 39 3474
10 59 4850
10 63 4077
10 66 518
10 15 1950
10 74 4738
10 52 2839
10 57 4743
10 48 1264
10 35 3789
10 61 1947
10 43 4812
10 14 5993
10 21 4671
10 23 1381
10 68 4253
10 73 3578
10 9 4969
10 17 44
10 27 4737
10 6 6238
10 72 2683
10 60 5288
10 41 4475
10 29 5803
10 47 3973
10 7 2990
10 31 3803
10 58 3597
10 71 1675
10 46 4992
10 38 686
10 56 4906
10 3 1641
10 26 1218
10 20 6161
10 51 1252
10 49 2180
10 62 6252
10 33 4519
11 7 1
11 63 4065
11 18 2494
11 45 1534
11 37 531
11 74 101
11 67 3463
11 72 3298
11 70 850
11 38 4789
11 51 5995
11 17 476
11 58 1234
11 29 2668
11 50 5599
11 68 4245
11 33 4079
11 24 1780
11 59 958
11 8 4944
11 36 320
11 21 5142
11 39 1210
11 57 3447
11 2 1828
11 19 2480
11 28 2095
11 62 3653
11 13 367
11 23 1935
11 49 5722
11 60 238
11 40 6283
11 6 1543
11 3 6104
11 27 6225
11 73 243
11 5 2813
11 43 2604
11 47 701
11 66 3904
11 41 5794
11 46 1433
11 26 3015
11 55 3081
11 34 2047
11 31 2221
11 20 4157
11 4 4858
11 12 4519
11 69 3231
11 42 1135
11 56 5805
12 3 5044
12 27 6102
12 43 5616
12 7 5053
12 28 2494
12 74 4947
12 33 750
12 62 1348
12 75 1701
12 34 4920
12 73 4028
12 17 2394
12 4 5713
12 71 6293
12 32 3837
12 38 1894
12 56 2760
12 68 4568
12 70 4102
12 39 1850
12 58 1695
12 11 5140
12 23 2999
12 54 3000
12 69 5530
12 18 1271
12 63 1619
12 42 4998
12 14 3634
12 31 2204
12 29 1533
12 60 1571
12 10 3487
12 6 5946
12 5 3674
12 21 5523
12 48 5850
12 13 3425
12 52 809
12 59 2606
12 44 3233
12 30 1907
12 40 5889
12 46 3055
12 49 1045
12 57 2128
12 8 3996
12 61 981
12 47 462
12 37 4474
12 64 515
13 51 5472
13 34 3287
13 2 589
13 46 2670
13 59 3764
13 55 2463
13 58 3363
13 24 725
13 21 2484
13 49 5972
13 48 2311
13 69 6156
13 31 1652
13 29 4964
13 39 6246
13 11 3831
13 38 596
13 10 3992
13 26 4442
13 1 3873
13 36 3410
13 28 5950
13 63 156
13 9 1441
13 35 5866
13 61 3831
13 70 3871
13 53 3657
13 14 3178
13 68 3026
13 52 4469
13 32 1775
13 71 1900
13 37 438
13 33 1107
13 6 3632
13 30 3826
13 44 1599
13 65 5666
13 18 902
13 54 676
13 12 501
13 41 516
13 43 5057
13 66 4411
13 40 1724
13 22 659
13 50 1226
13 60 1788
13 5 1173
13 27 1363
13 42 774
13 25 2053
13 67 5741
14 43 4174
14 65 6209
14 4 360
14 59 5072
14 19 3432
14 7 5469
14 1 1785
14 50 677
14 49 2202
14 3 1170
14 28 3719
14 57 2039
14 74 5158
14 27 4097
14 26 538
14 32 1274
14 21 4694
14 5 824
14 13 5398
14 68 1040
14 23 1679
14 53 2813
14 37 4028
14 60 3911
14 12 3136
14 52 928
14 20 1119
14 75 3600
14 51 896
14 63 3325
14 6 653
14 2 3125
14 71 2263
14 56 2602
14 73 4261
14 24 2750
14 72 4479
14 16 880
14 69 3796
14 67 2545
14 54 1703
14 8 3311
14 66 187
14 44 6018
14 38 64
14 35 1658
14 42 4286
14 62 6165
14 22 944
14 15 5711
14 10 1102
14 18 1061
14 36 5431
14 46 5967
14 61 4738
14 40 5821
14 30 6055
14 39 5760
14 31 2379
15 60 5819
15 44 297
15 29 2165
15 30 2039
15 63 1179
15 73 5067
15 59 4483
15 10 4731
15 31 681
15 14 3298
15 52 3920
15 6 3799
15 36 2055
15 2 1729
15 65 1430
15 26 915
15 53 4001
15 62 3945
15 11 5431
15 8 4963
15 61 4475
15 72 1176
15 39 4267
15 47 4695
15 37 2041
15 34 4022
15 67 5835
15 32 857
15 13 666
15 75 6083
15 40 2511
15 46 5264
15 51 2565
15 19 1395
15 9 417
15 3 920
15 33 2896
15 1 5667
15 24 2975
15 71 706
15 74 3364
15 57 3428
15 41 5743
15 23 884
15 70 4471
15 48 4510
15 58 3753
15 56 5737
15 69 1457
15 28 4984
15 35 1112
15 27 6094
15 21 4085
15 5 4901
15 38 4778
15 12 5687
15 49 999
15 20 4789
16 5 43
16 26 5677
16 9 3000
16 40 2163
16 74 249
16 45 3054
16 51 2416
16 38 1490
16 44 1982
16 67 49
16 33 1289
16 56 350
16 35 4733
16 15 45
16 66 616
16 73 712
16 41 1537
16 27 2326
16 3 3534
16 19 1254
16 37 1977
16 20 3784
16 4 1627
16 54 3695
16 43 6163
16 65 555
16 70 3525
16 71 6189
16 34 1187
16 64 3043
16 68 1704
16 32 4640
16 7 4522
16 24 2770
16 1 852
16 50 4207
16 17 5294
16 61 3418
16 10 4227
16 42 77
16 23 2366
16 48 2960
16 14 1117
16 22 187
16 25 1155
16 72 3188
16 28 1748
16 55 5915
16 47 1344
16 46 2190
16 39 1038
16 49 1174
16 63 4616
16 59 3492
16 18 3980
16 60 3731
16 11 3250
17 7 3080
17 11 4131
17 28 4857
17 8 3203
17 74 2663
17 31 1280
17 12 6145
17 30 5266
17 67 2456
17 14 2379
17 63 3578
17 34 639
17 20 3834
17 56 1225
17 6 5707
17 53 191
17 59 3539
17 24 5382
17 5 5694
17 69 1095
17 2 4710
17 66 2127
17 18 5558
17 45 4466
17 15 507
17 13 2798
17 9 4782
17 21 5878
17 40 469
17 4 1626
17 49 5742
17 52 1659
17 68 5853
17 61 5512
17 1 3906
17 47 151
17 26 2569
17 64 2523
17 36 232
17 19 5092
17 29 3539
17 62 2516
17 44 5417
17 3 2
17 55 2762
17 70 2898
17 22 798
17 58 269
17 73 819
17 46 2254
17 48 1556
17 27 151
17 39 720
17 33 5978
18 42 4709
18 31 2915
18 61 3587
18 45 2046
18 33 4356
18 36 4236
18 24 1062
18 11 826
18 49 1931
18 56 3262
18 17 4324
18 60 5329
18 41 2859
18 59 6124
18 5 1529
18 58 4021
18 73 451
18 8 4225
18 10 6082
18 50 5791
18 75 682
18 57 1547
18 15 1028
18 68 416
18 69 4032
18 47 900
18 26 2351
18 71 1005
18 63 5173
18 25 3938
18 35 3313
18 6 3873
18 23 4565
18 52 1089
18 54 595
18 27 1362
18 4 869
18 67 2265
18 64 3028
18 16 5195
18 51 2700
18 28 2430
18 12 1397
18 74 3079
18 19 5080
18 34 4462
18 14 1654
18 20 482
18 44 3508
18 53 5886
18 55 3195
18 72 1741
18 21 5368
18 65 5294
19 62 4189
19 44 1136
19 17 6197
19 9 3280
19 29 4625
19 16 1933
19 56 4832
19 23 1930
19 25 1370
19 40 199
19 53 5392
19 66 2266
19 59 3148
19 1 1462
19 57 3365
19 20 6214
19 75 4249
19 27 4490
19 35 2476
19 5 377
19 49 5673
19 4 2003
19 36 6213
19 72 68
19 21 626
19 39 4509
19 60 5071
19 73 703
19 13 5532
19 8 4495
19 50 4034
19 10 416
19 2 5962
19 41 5111
19 32 2071
19 30 5518
19 31 355
19 6 4677
19 38 2631
19 54 190
19 46 4393
19 43 3396
19 22 184
19 63 5128
19 71 1862
19 74 2217
19 12 883
19 61 5040
19 47 3084
19 37 5430
19 68 1992
19 55 4258
19 69 817
19 58 3539
19 70 1911
20 47 5603
20 73 2858
20 13 2534
20 17 1281
20 58 5901
20 26 4909
20 29 1736
20 65 2431
20 35 5464
20 71 2968
20 9 5014
20 61 2518
20 41 1420
20 1 3682
20 51 6136
20 15 4864
20 62 573
20 37 4424
20 7 1550
20 24 4545
20 19 2804
20 56 1256
20 27 3359
20 18 3051
20 12 2845
20 36 6229
20 3 490
20 28 1465
20 54 3256
20 59 2250
20 4 4910
20 44 953
20 14 6084
20 52 4051
20 5 2514
20 74 4428
20 57 3733
20 55 498
20 22 5805
20 70 613
20 2 520
20 60 5527
20 66 3769
20 16 1094
20 42 3729
20 31 1195
20 43 1777
20 25 1114
20 49 1747
20 6 792
20 46 3610
20 75 2928
20 32 1565
20 11 4415
21 37 5203
21 44 1464
21 35 2101
21 33 1462
21 18 1350
21 9 1124
21 36 670
21 26 1617
21 16 1482
21 71 2834
21 1 1989
21 41 824
21 3 4001
21 20 3986
21 64 2870
21 50 4925
21 23 2424
21 42 472
21 19 1574
21 6 4944
21 59 904
21 74 4482
21 75 1480
21 68 4698
21 61 5433
21 72 2834
21 5 27
21 17 6049
21 39 4471
21 12 3044
21 10 2554
21 22 2604
21 32 5913
21 54 2028
21 27 6165
21 4 3195
21 2 4866
21 60 5686
21 55 132
21 69 525
21 43 2447
21 24 1197
21 29 654
21 8 2578
21 11 1456
21 73 4385
21 47 4255
21 46 4262
21 14 6235
21 56 1790
21 65 6171
21 7 4895
21 38 4354
21 70 4586
22 12 3000
22 7 4983
22 10 4982
22 11 692
22 48 1199
22 72 1313
22 55 5022
22 26 2301
22 70 4534
22 21 1859
22 9 4110
22 74 3038
22 28 4816
22 39 2052
22 3 1582
22 30 4483
22 52 4620
22 27 2554
22 17 1344
22 4 5344
22 35 3024
22 38 3286
22 20 2893
22 51 2476
22 59 1583
22 58 1476
22 32 2258
22 13 4050
22 71 1729
22 69 2988
22 63 5789
22 2 4445
22 40 3784
22 64 2876
22 8 2038
22 46 4299
22 33 362
22 50 2842
22 73 3404
22 62 3274
22 44 3593
22 47 3070
22 57 4540
22 19 6196
22 53 3209
22 23 4136
22 54 2846
22 75 1017
22 42 3258
22 41 4245
22 66 2313
22 29 3039
22 37 234
22 67 1782
22 14 2885
22 49 5323
22 36 844
23 15 5132
23 70 5620
23 71 621
23 62 683
23 28 2361
23 68 1332
23 51 4853
23 13 4787
23 33 1460
23 60 1747
23 66 3066
23 69 3409
23 73 647
23 64 3450
23 25 5485
23 43 2206
23 72 1474
23 35 507
23 50 4542
23 2 4599
23 8 577
23 45 5691
23 34 668
23 5 1531
23 21 5320
23 59 2328
23 39 5191
23 75 124
23 38 3114
23 17 1390
23 16 5236
23 53 1119
23 63 5152
23 14 6059
23 10 1007
23 46 222
23 40 379
23 52 2258
23 49 3293
23 6 2952
23 65 382
23 48 3684
23 61 6045
23 26 3960
23 54 1619
23 29 689
23 4 200
23 57 1461
23 37 5456
23 67 4237
23 12 1304
23 32 2298
23 30 4639
23 44 3698
24 3 94
24 53 835
24 54 4869
24 43 5964
24 39 5279
24 55 2421
24 10 5566
24 41 3368
24 51 5013
24 59 5825
24 13 1785
24 2 117
24 33 5927
24 16 3208
24 11 5870
24 42 1467
24 46 3259
24 73 2061
24 28 1104
24 50 2422
24 32 2159
24 12 635
24 75 2719
24 61 5038
24 27 4873
24 69 5060
24 66 4657
24 74 1995
24 18 2563
24 72 898
24 7 1491
24 68 5883
24 63 4461
24 8 5506
24 47 4561
24 25 571
24 1 3341
24 9 1903
24 71 3947
24 65 3420
24 23 5384
24 38 3240
24 58 3527
24 20 1840
24 44 3544
24 21 3748
24 22 1637
24 62 962
24 49 2495
24 30 5825
25 67 2853
25 45 1773
25 47 2594
25 27 6290
25 32 1941
25 40 4428
25 13 2508
25 39 750
25 59 3038
25 24 3201
25 58 4544
25 46 2796
25 5 1603
25 22 318
25 26 3349
25 64 5145
25 70 5692
25 28 1722
25 50 1067
25 71 4604
25 1 3343
25 74 1161
25 63 1441
25 31 5267
25 10 2082
25 44 5187
25 29 920
25 7 2292
25 16 4996
25 6 5319
25 73 2397
25 55 3341
25 49 3006
25 60 2714
25 53 4718
25 69 3215
25 66 3362
25 52 3193
25 18 6048
25 20 2447
25 23 1618
25 12 2619
25 61 4460
25 51 5997
25 48 5550
25 3 427
25 15 663
25 72 881
25 57 2696
25 62 274
25 9 564
25 4 1904
25 37 358
25 36 4066
25 65 6243
25 42 4496
25 11 1410
25 19 3831
25 30 938
25 38 2282
26 34 2942
26 61 1295
26 3 494
26 49 890
26 27 3429
26 72 4644
26 64 4097
26 18 1932
26 32 4155
26 44 1671
26 6 3000
26 30 1709
26 20 716
26 59 1661
26 10 2066
26 2 2440
26 68 2709
26 52 4385
26 42 4520
26 25 4700
26 67 5054
26 14 5342
26 36 710
26 58 4184
26 74 5908
26 43 5863
26 69 445
26 19 1460
26 9 5481
26 22 5835
26 24 4631
26 57 6109
26 4 6112
26 48 6080
26 13 5326
26 71 5554
26 55 4047
26 1 2183
26 38 3877
26 63 1729
26 75 3567
26 53 1422
26 35 3216
26 47 806
26 11 3901
26 40 5435
26 60 984
26 56 4053
26 54 4541
26 21 456
26 28 3154
26 50 3858
26 65 1769
26 39 2940
26 51 331
26 45 888
26 46 2631
26 31 186
26 37 4887
26 29 1257
26 73 476
27 68 4646
27 66 284
27 8 3441
27 21 5237
27 11 4976
27 45 6277
27 33 1134
27 69 3971
27 37 66
27 34 4053
27 26 1278
27 71 3153
27 70 4561
27 50 4614
27 20 4991
27 25 5845
27 32 1686
27 74 5094
27 31 489
27 51 2606
27 18 206
27 58 2085
27 17 3893
27 3 5316
27 56 3111
27 67 2340
27 4 1880
27 38 5043
27 29 3431
27 72 334
27 73 4282
27 63 1728
27 65 5559
27 48 1671
27 49 3672
27 16 4911
27 9 1488
27 30 5320
27 54 3128
27 47 5028
27 61 5519
27 62 4213
27 22 5876
27 35 4586
27 14 1053
27 64 535
27 15 78
27 46 6275
27 55 3523
27 59 5278
27 7 1540
27 44 2102
27 60 5483
27 57 5300
27 28 5766
27 39 1361
27 24 1797
27 2 6128
27 12 5493
27 53 246
28 66 2474
28 61 414
28 29 3158
28 30 3647
28 14 5844
28 44 4983
28 54 4556
28 37 4493
28 40 502
28 38 4248
28 48 2768
28 55 4052
28 21 5298
28 34 6075
28 47 781
28 51 672
28 41 3205
28 31 3904
28 19 2105
28 33 1635
28 32 4833
28 75 223
28 15 4834
28 7 4755
28 71 69
28 63 2436
28 52 6197
28 69 5867
28 9 1649
28 42 1630
28 65 3673
28 73 4176
28 13 1645
28 68 2102
28 57 3014
28 35 5698
28 6 1034
28 26 686
28 2 4369
28 23 4603
28 62 1303
28 53 6222
28 70 4037
28 72 4151
28 25 2405
28 59 3128
28 58 5327
28 36 2691
28 3 4067
28 43 1766
28 8 191
28 12 3900
28 67 6181
28 10 3179
28 46 960
28 45 2254
28 50 5620
28 1 5139
28 17 2167
29 9 4643
29 33 4331
29 42 4342
29 61 5478
29 64 5860
29 74 5679
29 26 2186
29 51 4473
29 27 1241
29 44 2406
29 15 6266
29 24 512
29 7 1071
29 52 2880
29 17 29
29 8 6173
29 55 4288
29 53 3295
29 14 2727
29 63 1123
29 72 5221
29 12 5920
29 43 4110
29 20 182
29 22 4311
29 28 4302
29 23 3721
29 57 5606
29 49 4631
29 1 5370
29 67 5451
29 40 2234
29 36 2047
29 59 1223
29 46 1341
29 54 3851
29 4 2661
29 71 3273
29 41 4917
29 6 2102
29 75 633
29 30 946
29 50 4390
29 73 3307
29 62 3063
29 39 1388
29 13 3036
29 31 4245
30 31 1377
30 24 1464
30 70 3245
30 14 513
30 72 6211
30 39 2239
30 8 6237
30 69 5110
30 52 944
30 22 6077
30 47 6188
30 53 2612
30 65 2824
30 12 627
30 7 6129
30 51 5204
30 36 4974
30 5 5779
30 16 1663
30 62 3266
30 71 2563
30 59 3661
30 2 2000
30 56 1434
30 13 6015
30 32 659
30 48 2166
30 38 5796
30 34 4036
30 60 1645
30 25 868
30 37 5348
30 44 4091
30 17 5971
30 63 1698
30 23 4543
30 45 1558
30 15 5771
30 61 3541
30 50 2537
30 21 5718
30 10 3325
30 18 2871
30 40 4259
30 55 154
30 1 4626
30 35 2975
30 6 492
30 54 4392
30 73 4458
30 41 3922
30 42 4554
30 11 286
30 74 4032
30 49 72
30 9 4976
30 26 3413
30 43 2925
31 11 5718
31 49 5700
31 28 648
31 46 1115
31 21 6021
31 33 1018
31 58 5489
31 59 1806
31 55 1507
31 41 3279
31 72 1109
31 34 5192
31 8 2937
31 39 4342
31 54 1480
31 71 5662
31 12 4542
31 25 2723
31 44 2663
31 68 2861
31 69 206
31 42 4387
31 66 1393
31 45 1607
31 23 5236
31 17 406
31 15 2809
31 6 3536
31 30 4115
31 73 4281
31 7 760
31 20 5190
31 9 159
31 4 1095
31 5 968
31 67 2842
31 64 93
31 62 5869
31 70 3437
31 24 4993
31 10 209
31 56 4285
31 14 381
31 26 106
31 3 2191
31 51 1787
31 29 4647
31 53 1570
31 57 1218
31 52 89
31 16 3193
31 1 1340
31 27 2660
31 61 5576
31 2 2063
31 65 3777
31 36 3152
32 38 3164
32 47 6178
32 72 1628
32 1 1326
32 7 618
32 62 328
32 73 2619
32 27 2795
32 49 2922
32 20 1891
32 46 2640
32 41 1946
32 53 1594
32 55 6233
32 71 2560
32 61 2467
32 66 5901
32 42 3801
32 36 4497
32 10 2651
32 43 2558
32 11 2419
32 24 4859
32 40 1994
32 12 3440
32 13 3842
32 3 1233
32 37 5076
32 45 1603
32 58 287
32 44 5957
32 57 1880
32 23 2611
32 9 1399
32 60 3549
32 56 4802
32 51 3521
32 31 500
32 22 5395
32 5 3165
32 59 3978
32 64 1081
32 68 2499
32 35 4153
32 6 3293
32 67 2027
32 54 1618
32 48 682
32 21 2077
32 19 2605
32 29 2022
32 34 1330
32 30 539
32 65 1262
32 63 5329
33 5 428
33 44 1664
33 66 2676
33 58 2360
33 62 5713
33 20 539
33 6 3404
33 7 2061
33 37 2262
33 35 5309
33 56 3383
33 48 5832
33 1 4777
33 11 2358
33 16 3805
33 10 1273
33 70 1221
33 4 545
33 24 789
33 46 1128
33 42 5273
33 31 4961
33 2 2741
33 30 2361
33 49 5569
33 3 5193
33 26 5615
33 74 745
33 25 2242
33 12 4235
33 21 1306
33 19 2132
33 53 329
33 51 5923
33 14 2783
33 65 1517
33 18 4242
33 23 470
33 50 3447
33 45 4835
33 40 5303
33 59 2521
33 36 4902
33 55 346
33 9 356
33 47 2998
33 38 3878
33 61 4588
33 32 2565
33 52 6228
33 68 3174
33 43 3673
33 54 3502
33 73 720
33 39 6211
33 34 4941
34 52 4129
34 64 6210
34 42 5926
34 56 2855
34 14 229
34 45 1076
34 31 4919
34 16 5101
34 46 886
34 51 2306
34 69 482
34 62 4718
34 74 5022
34 75 4426
34 7 2645
34 2 2198
34 35 1932
34 25 1051
34 71 1124
34 26 1719
34 30 3504
34 6 976
34 43 4256
34 58 4515
34 67 2078
34 33 2779
34 38 472
34 11 5283
34 55 4361
34 44 168
34 17 2499
34 63 1835
34 3 3397
34 40 243
34 59 1430
34 1 3912
34 50 2170
34 57 5031
34 24 5007
34 28 993
34 21 4963
34 39 5801
34 47 4610
34 72 385
34 41 2928
34 60 3511
34 61 1198
34 13 4335
34 20 703
34 8 4312
34 18 4320
34 54 1663
34 73 6190
34 29 4331
34 36 5172
35 32 3445
35 71 479
35 53 1092
35 70 1167
35 16 4822
35 13 1827
35 66 602
35 11 1929
35 19 4250
35 2 422
35 9 700
35 21 1835
35 48 6261
35 37 4528
35 5 5787
35 39 420
35 51 2533
35 22 3048
35 47 3514
35 20 131
35 50 3896
35 69 4637
35 55 6264
35 28 5316
35 4 5992
35 31 1334
35 24 4616
35 54 5304
35 61 399
35 30 659
35 73 1735
35 49 2281
35 17 6096
35 29 3341
35 25 338
35 72 3426
35 65 3711
35 57 977
35 14 2150
35 44 3487
35 74 3955
35 62 4536
35 59 2519
35 68 615
35 64 3685
35 42 6138
35 46 4284
35 67 1704
35 56 2646
35 33 47
35 7 3452
35 60 1437
35 45 5357
35 41 2675
36 72 2294
36 70 4286
36 38 4452
36 13 1680
36 34 1148
36 19 3162
36 32 2837
36 53 215
36 40 3966
36 66 1652
36 55 6042
36 25 4688
36 50 705
36 5 6242
36 20 830
36 67 5248
36 26 2467
36 54 4325
36 58 552
36 6 5390
36 56 6157
36 59 1394
36 4 5741
36 12 2038
36 69 2325
36 29 1287
36 42 210
36 48 2565
36 18 778
36 71 585
36 35 2675
36 1 1839
36 47 2421
36 22 2573
36 15 2414
36 17 601
36 7 2608
36 9 781
36 60 600
36 37 127
36 16 1279
36 74 5108
36 2 2756
36 52 3296
36 62 3397
36 31 5203
36 11 236
36 45 5765
36 49 5785
36 44 6129
36 24 4919
36 57 478
36 61 3025
36 41 227
36 73 4744
36 27 5601
36 3 5780
36 14 1451
36 43 2167
36 64 409
37 8 2588
37 23 1764
37 33 2554
37 67 760
37 30 2554
37 38 1780
37 12 3714
37 26 5562
37 62 3255
37 10 1945
37 19 3162
37 48 584
37 24 5628
37 52 3695
37 7 4192
37 6 3346
37 60 4830
37 49 5590
37 63 156
37 72 3187
37 5 507
37 25 2952
37 17 4650
37 35 2626
37 59 3119
37 42 3506
37 55 83
37 43 5645
37 27 1057
37 9 2609
37 47 4371
37 41 5810
37 20 1365
37 39 1908
37 1 1821
37 71 3438
37 18 2235
37 50 127
37 11 5929
37 64 6168
37 75 3262
37 32 2506
37 15 6245
37 4 3228
37 22 2222
37 34 6272
37 56 848
37 66 653
37 14 1686
37 31 1614
37 61 664
37 28 2846
37 13 2543
37 58 275
38 7 6178
38 73 133
38 14 5770
38 53 4938
38 63 2494
38 71 2012
38 13 4106
38 37 2106
38 8 3926
38 75 5619
38 21 4197
38 64 4346
38 28 3023
38 3 6002
38 72 1874
38 46 1129
38 12 6097
38 74 37
38 44 5895
38 39 845
38 62 2529
38 36 4944
38 29 4263
38 48 1717
38 45 3338
38 22 6043
38 70 1563
38 65 3673
38 18 6159
38 68 5512
38 42 5143
38 16 2027
38 27 4434
38 26 1121
38 6 730
38 35 5957
38 19 3576
38 57 4435
38 60 694
38 15 4288
38 55 4751
38 17 2974
38 20 5139
38 4 2662
38 32 3250
38 61 4306
38 11 696
38 10 4814
38 49 2849
38 9 6239
38 5 1927
38 2 1545
38 40 2201
38 31 4017
38 34 5776
38 52 3510
38 69 407
39 20 397
39 13 1110
39 5 1271
39 58 5944
39 51 1084
39 50 3900
39 34 3335
39 4 4378
39 56 3391
39 41 5988
39 62 2831
39 64 1022
39 11 2258
39 14 5019
39 6 795
39 54 5164
39 73 4717
39 36 5298
39 15 4871
39 75 1729
39 16 787
39 2 1117
39 71 4589
39 26 5411
39 35 3307
39 67 2415
39 10 3222
39 48 3967
39 47 2370
39 70 3405
39 22 2131
39 61 169
39 52 1898
39 66 4656
39 38 2756
39 55 2264
39 27 798
39 3 3140
39 43 5449
39 53 8
39 17 829
39 57 3166
39 37 1512
39 59 1301
39 18 1690
39 31 3825
39 24 3799
39 33 1488
39 74 1874
39 7 602
39 63 1947
39 32 193
39 69 1973
39 46 1300
40 33 5574
40 41 4602
40 66 1842
40 19 2276
40 17 5698
40 21 4272
40 26 3575
40 28 496
40 60 6263
40 45 3165
40 59 2091
40 72 2407
40 13 1892
40 62 6172
40 7 3006
40 42 5746
40 24 4986
40 57 2918
40 1 5162
40 50 543
40 5 423
40 61 3208
40 46 4033
40 47 2785
40 51 1920
40 64 3595
40 34 329
40 10 4747
40 16 4962
40 18 4600
40 71 5984
40 43 1454
40 74 2348
40 32 5714
40 69 2445
40 54 501
40 3 5388
40 15 5845
40 56 315
40 53 6220
40 23 1634
40 25 2007
40 29 2759
40 73 1513
40 65 1193
40 30 4487
40 12 1212
40 70 1106
40 14 4735
40 75 556
40 37 5369
40 38 2200
40 36 3529
40 6 3675
40 63 6082
41 22 5201
41 69 3259
41 36 5572
41 48 577
41 2 4337
41 38 5321
41 35 5213
41 17 5658
41 40 2636
41 43 3642
41 11 937
41 55 2579
41 39 4260
41 16 5679
41 51 1304
41 13 4615
41 70 2818
41 4 2114
41 53 502
41 66 1994
41 19 4205
41 12 2295
41 47 5776
41 33 4020
41 1 4973
41 56 2992
41 37 4626
41 59 5616
41 63 3187
41 32 909
41 23 6127
41 21 6103
41 75 567
41 45 6165
41 67 4896
41 18 2738
41 68 846
41 31 4643
41 15 4349
41 65 4062
41 25 515
41 61 100
41 60 3954
41 54 1591
41 9 1607
41 74 5550
41 7 4494
41 24 2311
41 42 2726
41 5 3657
41 57 4759
41 27 958
41 8 2336
41 73 4193
41 6 4052
42 46 30
42 32 4321
42 35 476
42 8 1380
42 33 764
42 15 1910
42 39 3563
42 16 144
42 17 5283
42 34 2886
42 27 423
42 20 1253
42 28 3446
42 63 6205
42 6 703
42 75 5544
42 62 4449
42 43 4670
42 58 1657
42 54 1339
42 59 3409
42 61 228
42 12 1126
42 14 4316
42 74 3866
42 56 2458
42 29 4751
42 5 4621
42 1 269
42 49 1766
42 50 5200
42 70 1789
42 69 3349
42 52 3436
42 36 3263
42 66 3604
42 45 3928
42 30 5258
42 67 135
42 23 1130
42 37 621
42 38 2210
42 24 1038
42 4 1183
42 41 2786
42 7 1234
42 31 2244
42 9 643
42 53 3376
42 68 2558
42 21 1201
42 26 1833
42 65 3648
42 25 4958
42 73 3739
42 72 4621
42 55 6271
43 66 50
43 10 4534
43 3 4425
43 65 2440
43 59 2418
43 60 3030
43 73 2478
43 34 2883
43 12 1809
43 67 3324
43 2 1568
43 29 2343
43 9 5827
43 51 198
43 11 1156
43 21 4736
43 14 1910
43 8 5828
43 41 726
43 72 233
43 4 5815
43 53 983
43 1 5726
43 75 5323
43 15 593
43 62 80
43 33 805
43 58 6061
43 24 218
43 42 5840
43 52 4393
43 19 3044
43 23 1269
43 36 895
43 57 3732
43 68 368
43 28 4060
43 13 555
43 6 1994
43 55 3840
43 69 1530
43 38 2579
43 37 6251
43 44 980
43 7 34
43 63 1194
43 48 5725
43 74 3745
43 70 252
43 49 3452
43 71 5976
43 40 3694
43 35 3909
43 47 319
43 61 4903
43 27 5426
43 46 3122
43 5 1061
44 53 2362
44 2 1307
44 11 607
44 74 3953
44 59 1544
44 67 4916
44 4 3814
44 43 6083
44 55 2348
44 18 6145
44 27 5232
44 70 5350
44 5 44
44 75 6052
44 16 1786
44 30 782
44 22 2560
44 37 1250
44 13 3673
44 47 386
44 52 3729
44 28 739
44 6 874
44 48 732
44 35 5658
44 25 4550
44 63 969
44 14 5508
44 42 5840
44 9 1447
44 15 4316
44 73 4563
44 68 5106
44 20 4710
44 12 3498
44 32 5665
44 51 4883
44 45 789
44 69 370
44 17 947
44 54 5036
44 8 1594
44 41 2767
44 46 540
44 23 1144
44 66 2808
44 72 2397
44 39 4007
44 34 5144
44 61 1722
44 64 3969
44 7 468
44 3 2087
44 10 973
44 21 5435
44 40 569
44 31 454
44 29 5078
44 62 1141
44 36 3602
44 60 5783
45 12 2862
45 34 1913
45 20 4076
45 70 5282
45 67 5359
45 18 2928
45 2 3484
45 11 4902
45 37 1514
45 68 2963
45 66 636
45 58 5875
45 44 224
45 36 1721
45 41 1692
45 61 4476
45 21 3119
45 62 3569
45 14 1026
45 42 4530
45 13 3870
45 5 3828
45 53 4076
45 27 6273
45 31 1537
45 74 432
45 8 5946
45 75 847
45 3 2963
45 15 615
45 54 2942
45 43 1384
45 23 6178
45 25 2730
45 59 4186
45 40 300
45 19 1209
45 56 5858
45 4 4102
45 33 2369
45 17 6192
45 22 2565
45 51 1606
45 73 960
45 9 1858
45 6 4360
45 60 2179
45 64 1237
45 47 5324
45 26 3102
45 7 4877
45 29 3063
45 30 3086
46 16 4362
46 8 2716
46 69 5225
46 29 3751
46 24 2256
46 6 4037
46 27 4835
46 18 2293
46 21 4507
46 10 2175
46 33 485
46 37 290
46 19 1647
46 36 1702
46 12 3100
46 38 2387
46 3 4934
46 62 5970
46 23 439
46 70 5376
46 22 2179
46 68 1095
46 20 6186
46 67 5795
46 71 3791
46 31 3694
46 52 4181
46 64 996
46 9 4116
46 1 999
46 41 3561
46 7 3937
46 39 5990
46 51 1760
46 66 2239
46 17 1498
46 73 5980
46 14 3253
46 40 4600
46 25 3445
46 61 4734
46 42 277
46 63 2278
46 49 805
46 43 1117
46 57 272
46 35 5281
46 11 767
46 47 4663
46 2 4917
46 13 3861
46 53 19
46 45 5585
46 60 3776
46 56 1458
46 74 3014
47 61 3759
47 32 2888
47 14 3437
47 67 61
47 38 1862
47 6 3847
47 2 4402
47 72 2964
47 7 3453
47 73 2402
47 30 3986
47 9 2814
47 71 586
47 64 772
47 17 401
47 46 2086
47 23 5368
47 21 2144
47 42 1095
47 63 4699
47 55 6024
47 12 3382
47 8 4695
47 34 5184
47 48 4698
47 58 2567
47 51 3713
47 36 3580
47 43 5182
47 15 3488
47 24 375
47 25 1516
47 56 1137
47 70 5616
47 28 1131
47 13 2013
47 44 4730
47 29 2256
47 41 2361
47 68 6248
47 10 5952
47 27 5444
47 60 3518
47 4 584
47 62 4724
47 65 5865
47 49 5226
47 45 3020
47 33 4364
47 69 3445
47 1 1524
47 37 4515
47 74 3326
47 59 5105
47 53 1359
47 3 4054
47 57 3795
47 16 5189
47 40 5809
47 11 3670
47 39 3573
47 31 30
47 52 2346
48 53 4668
48 10 1111
48 16 1156
48 38 1783
48 37 1981
48 18 2098
48 50 2514
48 56 489
48 2 2714
48 69 5478
48 65 1051
48 17 3200
48 49 1160
48 54 3243
48 36 5228
48 29 6099
48 11 3196
48 5 781
48 15 2604
48 43 385
48 25 3707
48 19 4647
48 72 3496
48 41 123
48 34 2992
48 28 1552
48 47 5727
48 73 4164
48 61 440
48 62 752
48 35 594
48 42 3567
48 9 3089
48 51 3459
48 66 2309
48 40 5987
48 3 2626
48 74 303
48 21 4038
48 26 1152
48 64 1922
48 30 4223
48 33 910
48 20 2448
48 45 82
48 71 5624
48 4 677
48 59 3519
48 70 34
48 68 727
48 27 1571
48 22 4771
48 7 6285
48 52 34
48 58 1103
48 23 3831
49 65 4326
49 29 117
49 33 3851
49 58 2559
49 71 4403
49 67 1680
49 12 2100
49 11 4988
49 68 2654
49 23 648
49 72 3675
49 17 2306
49 45 3891
49 37 6265
49 55 1904
49 30 1756
49 38 6174
49 41 5324
49 9 5584
49 10 5331
49 75 4516
49 25 2435
49 35 194
49 73 5121
49 6 5430
49 28 3157
49 60 2828
49 70 1925
49 42 2990
49 32 2013
49 1 5129
49 66 1980
49 20 5794
49 26 4538
49 22 2670
49 52 5938
49 62 4174
49 43 2633
49 34 4234
49 59 5621
49 48 2212
49 50 793
49 46 4701
49 16 449
49 13 2136
49 24 2264
49 27 2829
49 61 1867
49 3 3163
49 21 5330
49 47 2911
49 74 2763
49 64 128
49 14 3552
49 53 445
49 51 5358
49 15 647
49 54 3899
49 39 4673
49 31 5940
50 42 738
50 12 5849
50 2 3804
50 4 5219
50 27 5714
50 14 4175
50 17 1855
50 61 4140
50 67 30
50 29 3232
50 5 1177
50 58 5238
50 39 1571
50 59 5416
50 75 9
50 8 5429
50 70 5160
50 16 5471
50 13 541
50 30 4869
50 60 4401
50 35 1160
50 3 1501
50 38 3621
50 26 1376
50 6 578
50 23 5239
50 66 2165
50 9 3814
50 68 2411
50 56 519
50 57 5315
50 53 5055
50 21 5116
50 45 3770
50 55 5676
50 32 6078
50 44 3838
50 46 2846
50 37 2392
50 54 5399
50 74 2559
50 24 4007
50 28 3831
50 15 4796
50 72 6206
50 25 3133
50 18 1622
50 49 5534
50 31 5033
50 73 1502
51 33 3612
51 40 468
51 6 5564
51 69 5655
51 5 1077
51 67 5456
51 8 4879
51 19 2944
51 71 1418
51 55 313
51 37 55
51 53 3170
51 73 4639
51 26 3448
51 20 1819
51 17 4884
51 22 5979
51 56 5267
51 72 6119
51 68 1109
51 43 4770
51 32 2319
51 52 2159
51 61 5013
51 42 2129
51 62 5711
51 27 1564
51 36 5828
51 4 5044
51 29 5763
51 58 3331
51 57 2203
51 16 3328
51 54 1325
51 31 5360
51 49 4767
51 3 5699
51 15 4523
51 12 1728
51 11 2334
51 45 3707
51 24 2184
51 75 3282
51 7 1269
51 18 2641
51 23 6087
51 47 2276
51 46 1796
51 59 5658
51 1 5056
51 70 6151
52 50 1549
52 75 1659
52 56 773
52 69 4120
52 39 3332
52 57 4719
52 20 2752
52 64 6176
52 37 3704
52 29 6164
52 21 6248
52 74 355
52 23 3669
52 60 2175
52 65 1884
52 2 5656
52 24 5808
52 17 3490
52 18 4377
52 55 1869
52 30 394
52 10 5157
52 1 652
52 45 2479
52 26 1770
52 9 1229
52 41 1341
52 48 3516
52 40 4632
52 31 3357
52 12 3334
52 27 993
52 71 1795
52 62 834
52 35 2008
52 49 6123
52 43 6248
52 16 5778
52 67 3416
52 7 4436
52 59 5429
52 32 665
52 38 683
52 8 2926
52 70 3120
52 4 3066
52 15 2547
52 73 716
52 53 3991
52 68 3196
52 22 1014
52 19 1352
52 54 1207
52 25 2129
52 66 5318
53 36 5956
53 7 5697
53 61 4667
53 22 2772
53 1 6275
53 64 5236
53 23 1647
53 46 6062
53 56 3328
53 3 1240
53 26 994
53 29 3051
53 39 2281
53 30 4659
53 18 2878
53 27 4138
53 33 3035
53 59 3929
53 71 3725
53 15 3243
53 47 5012
53 75 4100
53 57 4827
53 34 2803
53 5 3140
53 69 5047
53 12 6179
53 20 5046
53 73 4624
53 19 3330
53 54 4885
53 25 5876
53 43 2538
53 65 5387
53 10 3543
53 32 1792
53 13 4602
53 55 2107
53 70 3949
53 28 1300
53 37 5376
53 16 4856
53 2 1844
53 67 3558
53 72 583
53 31 2738
53 8 3615
53 58 3677
53 62 250
53 44 4524
53 14 579
53 66 5085
53 45 5187
53 42 1857
53 49 3015
53 4 1196
53 41 4147
53 40 1524
54 53 3663
54 41 1159
54 21 5113
54 29 312
54 13 5232
54 45 5730
54 34 5108
54 75 2818
54 69 869
54 5 4609
54 70 5360
54 20 2498
54 55 3789
54 22 2004
54 73 538
54 10 3591
54 3 1562
54 46 4928
54 1 2396
54 28 4387
54 44 3925
54 72 3476
54 39 5253
54 6 305
54 71 5709
54 35 1975
54 15 3375
54 23 1661
54 47 3373
54 74 964
54 2 1863
54 8 5530
54 63 3335
54 25 4533
54 18 3476
54 52 1575
54 33 1301
54 24 4459
54 11 1075
54 31 17
54 50 6050
54 17 4661
54 37 4398
54 26 4699
54 16 6000
54 9 3148
54 7 867
54 59 2525
54 67 340
54 68 3911
54 12 2362
54 64 2466
54 65 6028
54 57 5868
54 30 966
54 40 1069
54 14 3492
54 42 5385
54 56 2064
54 19 1535
54 61 2780
55 58 5565
55 21 6284
55 54 1176
55 74 2925
55 38 1015
55 63 3665
55 49 5231
55 50 3267
55 52 5788
55 65 4249
55 46 3229
55 39 135
55 40 2821
55 6 4108
55 15 1552
55 9 5300
55 19 5223
55 25 4826
55 36 341
55 10 5521
55 62 1263
55 73 1259
55 30 3090
55 31 393
55 61 5865
55 71 6144
55 53 1232
55 67 5039
55 56 3516
55 28 3359
55 37 2458
55 33 5809
55 5 4250
55 20 5320
55 48 3562
55 16 5541
55 18 874
55 42 5142
55 59 4657
55 27 744
55 69 4001
55 43 2171
55 29 2900
55 26 5526
55 22 4807
55 1 6070
55 70 4491
55 23 1817
55 41 867
55 75 2631
55 51 4291
55 17 1531
55 72 5575
55 57 1074
56 28 274
56 52 5613
56 44 90
56 57 5618
56 19 3716
56 5 1182
56 31 5124
56 61 2230
56 30 3047
56 55 2162
56 22 1701
56 48 4925
56 27 1555
56 63 1863
56 74 5332
56 40 5998
56 37 1496
56 65 5410
56 54 3789
56 13 1632
56 70 4253
56 33 1488
56 3 806
56 24 2233
56 7 2046
56 50 5479
56 23 4587
56 41 3884
56 58 5403
56 25 2379
56 38 5239
56 75 6262
56 49 396
56 6 1376
56 42 4154
56 20 2127
56 36 5421
56 71 5308
56 8 3116
56 68 4286
56 15 6059
56 34 1483
56 9 3254
56 45 5277
56 69 3863
56 16 706
56 43 5696
56 18 3546
56 2 1432
56 72 3628
56 21 2006
56 14 4706
56 53 4799
56 17 3497
57 17 588
57 47 2190
57 50 5989
57 48 3579
57 61 3530
57 55 1987
57 16 4154
57 62 3895
57 39 130
57 34 4998
57 18 2245
57 54 5581
57 71 437
57 37 76
57 2 2554
57 15 1699
57 32 5471
57 12 1038
57 63 2701
57 6 4696
57 25 4997
57 8 3392
57 31 4452
57 66 604
57 58 3060
57 19 4757
57 75 5942
57 59 5636
57 74 4930
57 64 1138
57 69 2154
57 70 5189
57 5 1061
57 26 3005
57 60 784
57 65 986
57 13 4994
57 9 4086
57 23 88
57 46 2210
57 27 1898
57 14 5073
57 24 6235
57 52 4641
57 38 2255
57 3 1735
57 33 643
57 22 2468
57 53 1951
57 41 2334
57 73 4335
57 1 5188
57 30 777
57 28 5058
57 51 4016
57 35 3921
57 44 3207
57 43 294
57 68 3509
57 11 189
57 42 1614
58 42 6294
58 2 2858
58 68 531
58 70 3285
58 15 1077
58 12 3259
58 10 419
58 56 2420
58 3 19
58 30 2514
58 5 1257
58 61 1380
58 8 1999
58 71 5745
58 31 4634
58 72 2019
58 59 4753
58 27 3083
58 57 6040
58 17 4713
58 6 1904
58 21 3887
58 39 138
58 20 3511
58 40 3278
58 69 4956
58 65 3993
58 24 5691
58 63 5482
58 35 3276
58 38 3773
58 22 3677
58 55 2862
58 43 5624
58 19 3426
58 4 2099
58 44 2521
58 66 4635
58 7 1396
58 16 2493
58 11 3463
58 34 661
58 36 5180
58 29 3244
58 9 824
58 18 1368
58 67 2395
58 53 2225
58 33 4607
58 1 3589
58 45 2454
58 25 428
58 74 299
58 47 4696
58 51 2584
58 50 2523
59 10 5168
59 29 3226
59 15 2181
59 41 4111
59 13 5933
59 21 998
59 39 1842
59 47 1652
59 25 5562
59 7 6031
59 49 5854
59 6 5234
59 68 3637
59 32 742
59 54 1322
59 9 5620
59 19 3204
59 72 1414
59 11 3386
59 69 2430
59 4 4023
59 2 6278
59 70 407
59 27 4863
59 12 1346
59 48 5912
59 33 2122
59 38 3921
59 42 1109
59 73 6256
59 67 2350
59 22 1136
59 18 1630
59 75 5754
59 31 806
59 61 1663
59 62 5511
59 46 937
59 44 228
59 26 721
59 51 2851
59 24 2146
59 17 2227
59 55 3778
59 65 6281
59 1 709
59 40 2389
59 43 5568
59 35 394
59 50 4409
59 63 4783
59 74 3053
59 16 3590
59 5 4534
59 60 848
59 14 5606
59 71 1386
60 61 6089
60 75 4068
60 44 782
60 18 3297
60 34 635
60 51 4090
60 15 6299
60 68 1677
60 40 1788
60 30 4166
60 47 2390
60 22 5445
60 73 4249
60 55 392
60 20 5310
60 52 4790
60 23 2725
60 63 5119
60 8 2526
60 16 1863
60 10 5670
60 13 91
60 45 128
60 46 4812
60 31 6121
60 17 5775
60 72 3540
60 69 1878
60 71 1871
60 74 3196
60 50 3711
60 42 348
60 12 4088
60 14 4257
60 66 1834
60 7 1453
60 27 1059
60 41 6185
60 70 1829
60 54 5702
60 32 6055
60 64 4293
60 26 6184
60 37 727
60 56 4641
60 28 777
60 9 5751
60 53 3794
60 49 1709
60 43 185
60 11 1934
60 58 6250
60 25 1522
60 2 5534
60 4 712
60 65 3071
61 29 3341
61 69 1853
61 25 954
61 26 452
61 3 447
61 40 360
61 4 3374
61 39 3293
61 49 5297
61 35 2952
61 36 2116
61 38 5913
61 27 1165
61 15 185
61 67 849
61 33 5100
61 44 2789
61 31 99
61 46 534
61 19 5858
61 73 2776
61 9 4875
61 8 5546
61 55 4799
61 41 3700
61 28 2291
61 60 2243
61 2 6058
61 58 2128
61 5 4119
61 75 2470
61 47 1125
61 14 5530
61 63 1476
61 17 6106
61 66 1607
61 6 4062
61 51 2711
61 10 2793
61 70 123
61 42 289
61 11 3239
61 71 2499
61 48 4953
61 56 5323
61 18 5969
61 34 704
61 23 234
61 57 1192
61 20 1401
61 52 456
61 32 5088
61 7 1564
61 50 1259
61 22 868
61 37 4407
61 13 2241
61 74 2645
62 52 3570
62 41 810
62 22 5479
62 63 6018
62 20 3736
62 46 247
62 64 5064
62 12 1754
62 36 365
62 19 2069
62 74 250
62 72 4089
62 38 923
62 24 6287
62 3 1723
62 48 3988
62 66 1610
62 21 647
62 65 1538
62 37 4651
62 15 754
62 43 2744
62 14 4087
62 75 4770
62 42 524
62 8 282
62 51 1850
62 68 3886
62 11 675
62 6 1134
62 32 345
62 16 58
62 25 5171
62 47 3965
62 73 4155
62 57 4137
62 34 305
62 29 1519
62 39 2540
62 69 3124
62 45 3134
62 23 2279
62 26 3737
62 31 5870
62 1 3149
62 70 1163
62 40 4957
62 5 3534
62 10 212
62 60 73
62 33 5925
62 49 5952
62 2 5756
62 28 3355
62 4 5374
62 59 1798
62 67 5437
63 5 3836
63 18 1028
63 68 6116
63 34 890
63 71 1040
63 53 5194
63 50 4156
63 19 4985
63 48 3634
63 74 2867
63 6 3556
63 39 3870
63 15 4393
63 28 5307
63 11 3931
63 69 5661
63 24 1704
63 38 6066
63 44 2434
63 4 3190
63 20 5204
63 43 3378
63 32 3230
63 52 2519
63 3 4481
63 62 2053
63 64 3256
63 40 4699
63 21 3603
63 23 189
63 30 5494
63 9 3186
63 46 4665
63 49 5903
63 22 5465
63 36 839
63 55 5355
63 14 2537
63 42 592
63 75 1859
63 51 5467
63 37 5356
63 12 5314
63 65 1230
63 57 3032
63 27 3865
63 7 2292
63 31 5916
63 13 6262
63 58 1316
63 17 5290
63 33 1405
63 35 1130
63 66 517
64 43 5097
64 19 1605
64 71 4879
64 38 6215
64 52 1170
64 75 6195
64 60 4162
64 33 2835
64 23 3509
64 29 4810
64 44 3561
64 18 2532
64 47 487
64 50 3804
64 30 5803
64 28 1974
64 22 79
64 49 3450
64 48 3633
64 67 4596
64 5 5938
64 36 6013
64 45 4545
64 27 2902
64 73 1924
64 2 4095
64 24 4192
64 56 3922
64 55 5835
64 53 6179
64 35 4484
64 25 749
64 4 3256
64 6 6148
64 8 2850
64 15 3532
64 26 3191
64 46 625
64 37 652
64 34 5881
64 39 3573
64 69 1650
64 51 305
64 9 4374
64 42 3190
64 14 4547
64 65 884
64 7 230
64 11 3259
64 59 502
64 58 5765
65 71 6108
65 21 1570
65 42 3397
65 59 938
65 3 99
65 27 1826
65 34 6006
65 20 2002
65 45 2071
65 1 3690
65 55 1201
65 12 1656
65 26 86
65 32 2542
65 60 1528
65 67 1090
65 73 4311
65 15 3736
65 33 4337
65 29 2946
65 2 3112
65 69 5959
65 74 6095
65 35 5184
65 53 914
65 24 4733
65 48 1996
65 8 682
65 14 2316
65 63 1861
65 64 2359
65 18 5655
65 22 5452
65 25 3001
65 16 1750
65 68 4796
65 30 2800
65 52 4081
65 19 3586
65 62 4190
65 13 4123
65 50 1374
65 57 2743
65 72 4712
65 46 1873
65 51 5337
65 10 810
65 28 2312
65 40 1016
65 43 3561
65 6 959
65 61 5677
65 58 581
65 39 2558
65 41 1932
65 44 5594
65 70 4780
65 54 2134
65 9 236
65 31 2935
65 5 1607
66 3 3125
66 75 5508
66 57 5863
66 59 4355
66 54 4254
66 19 1928
66 6 1891
66 21 6103
66 37 1947
66 60 4834
66 73 5663
66 70 1054
66 20 4758
66 72 3559
66 33 3954
66 65 3606
66 52 3269
66 62 4514
66 36 4522
66 22 4680
66 64 4328
66 26 3584
66 24 94
66 8 1856
66 49 3632
66 39 4444
66 11 2288
66 44 49
66 71 4248
66 18 3500
66 43 891
66 32 141
66 41 5378
66 35 6188
66 23 4400
66 68 718
66 47 2042
66 10 1927
66 50 1490
66 28 5211
66 4 2304
66 29 5290
66 42 5137
66 17 4365
66 45 5748
66 55 1277
66 67 1807
66 74 4014
66 16 346
66 38 1026
66 58 5863
66 25 113
66 13 2555
66 34 3624
66 69 2082
66 48 2361
66 14 1786
66 51 3577
66 30 5189
66 53 4762
66 5 1262
66 9 6198
66 27 3789
66 1 1572
66 2 670
67 27 4129
67 36 1340
67 74 6112
67 45 5148
67 35 2234
67 3 5849
67 50 1877
67 5 1867
67 44 2224
67 69 1248
67 13 3671
67 49 5086
67 46 3550
67 15 4563
67 71 3187
67 34 1856
67 59 4378
67 33 2943
67 54 948
67 64 3000
67 47 5561
67 75 1396
67 66 1392
67 14 1653
67 65 137
67 63 1565
67 70 3677
67 4 1372
67 40 3563
67 10 5098
67 21 1437
67 32 5165
67 52 5236
67 25 4584
67 51 5264
67 73 4549
67 7 1867
67 17 4260
67 72 3507
67 39 3734
67 56 991
67 19 4404
67 26 1920
67 30 6196
67 9 6283
67 37 4862
67 48 922
67 29 1876
68 15 4051
68 14 5687
68 58 699
68 45 366
68 11 5962
68 46 1403
68 4 145
68 48 4120
68 49 879
68 63 4003
68 3 2669
68 9 2061
68 2 6157
68 40 1809
68 20 5501
68 30 5858
68 23 1326
68 16 4088
68 60 1230
68 65 112
68 37 1516
68 34 1368
68 47 5920
68 36 4328
68 43 5049
68 8 6060
68 62 1627
68 44 2775
68 5 4962
68 19 3603
68 75 3946
68 66 1703
68 29 1970
68 21 4490
68 35 5451
68 25 2496
68 41 1357
68 1 3673
68 42 1929
68 18 3042
68 61 3852
68 7 3332
68 57 266
68 39 4293
68 69 750
68 28 4425
68 71 2037
68 70 301
68 54 3320
68 67 4105
68 74 2992
68 73 694
68 64 107
68 17 2314
68 13 151
69 39 3697
69 61 5810
69 5 4794
69 57 793
69 45 5782
69 29 3258
69 48 1947
69 7 5516
69 1 1631
69 25 4586
69 17 3161
69 36 2790
69 30 3956
69 15 3633
69 34 670
69 75 5321
69 53 5565
69 71 5811
69 50 4084
69 18 364
69 10 562
69 42 5332
69 37 2061
69 8 3540
69 23 4424
69 33 4524
69 9 5154
69 21 5064
69 56 249
69 44 3185
69 13 2019
69 26 3081
69 67 4094
69 22 4697
69 20 239
69 16 4638
69 28 3883
69 62 2864
69 70 5570
69 55 2205
69 41 2283
69 68 5024
69 3 4043
69 54 4773
69 11 4035
69 58 4747
69 38 5763
69 60 2889
69 24 657
69 32 6282
70 32 3939
70 65 3517
70 28 1879
70 39 707
70 74 4827
70 2 6025
70 1 1472
70 62 373
70 51 3719
70 55 5600
70 30 6221
70 22 312
70 40 1827
70 68 3
70 63 5746
70 48 614
70 11 5699
70 43 5070
70 41 2115
70 8 1113
70 60 6100
70 12 370
70 36 2484
70 42 2286
70 27 1321
70 57 4489
70 3 1579
70 20 5818
70 75 2258
70 46 4866
70 34 824
70 29 5023
70 45 84
70 59 1288
70 19 3716
70 9 1315
70 4 4641
70 44 163
70 73 109
70 31 2181
70 17 3298
70 25 1909
70 15 2916
70 69 4533
70 67 2285
70 24 2306
70 26 4977
70 10 3312
70 71 3163
70 72 2545
70 6 1475
70 7 1503
70 23 736
71 23 741
71 17 320
71 31 3754
71 49 5046
71 5 2087
71 24 1060
71 57 4123
71 70 1393
71 45 985
71 44 1199
71 72 4145
71 63 1189
71 15 3829
71 51 2443
71 62 5883
71 20 4621
71 67 800
71 58 43
71 56 3419
71 40 1622
71 19 439
71 75 30
71 55 2791
71 65 5061
71 46 3147
71 16 4436
71 25 5077
71 33 1948
71 7 1862
71 29 3269
71 53 3859
71 34 2415
71 61 1234
71 27 5996
71 50 6064
71 22 4618
71 4 92
71 8 291
71 35 4348
71 21 1872
71 32 5758
71 28 3840
71 30 1649
71 18 4098
71 36 388
71 59 2633
71 13 568
71 42 6043
71 14 5628
71 54 801
71 66 5757
72 5 250
72 36 4710
72 7 2492
72 1 847
72 66 1854
72 68 5023
72 24 2350
72 18 1678
72 61 5478
72 59 3458
72 56 5897
72 74 931
72 71 1134
72 55 855
72 29 3290
72 34 828
72 16 1727
72 26 936
72 75 1876
72 22 3113
72 44 5205
72 54 3487
72 42 3274
72 13 1598
72 12 1256
72 2 2587
72 4 2319
72 31 4645
72 48 5917
72 35 558
72 50 1665
72 64 2788
72 39 5368
72 58 1772
72 33 4426
72 62 3679
72 6 1329
72 47 2409
72 67 5657
72 60 4479
72 15 2643
72 51 5991
72 17 815
72 65 156
72 57 3912
72 8 3742
72 19 693
72 30 4846
72 25 2626
72 40 5095
72 9 393
72 14 3086
72 11 3257
72 53 2844
72 52 4604
73 23 3103
73 11 1743
73 14 487
73 40 5135
73 48 4342
73 59 2577
73 22 5588
73 41 2971
73 26 4440
73 33 2616
73 32 5852
73 10 4454
73 8 5701
73 24 4144
73 34 3214
73 45 661
73 21 2009
73 50 5785
73 16 4377
73 31 3601
73 47 3288
73 30 878
73 54 3118
73 46 4893
73 43 453
73 29 5790
73 66 1475
73 70 1834
73 51 3298
73 3 2459
73 61 4335
73 18 5644
73 36 666
73 4 4011
73 69 3049
73 12 4171
73 27 3053
73 55 616
73 68 580
73 42 46
73 64 1458
73 17 4395
73 74 4125
73 35 3873
73 28 2528
73 15 3240
73 38 1710
73 53 3624
73 71 5916
73 56 2001
74 46 204
74 55 22
74 7 6285
74 29 4911
74 3 3450
74 56 721
74 49 3869
74 4 193
74 63 4970
74 42 4925
74 51 1229
74 48 620
74 19 4659
74 28 6147
74 30 2418
74 73 722
74 9 2476
74 41 580
74 65 6232
74 54 3333
74 10 5524
74 53 4051
74 8 4667
74 60 3241
74 5 1375
74 27 3273
74 43 3904
74 72 704
74 66 5547
74 57 3560
74 62 4804
74 20 5127
74 40 3118
74 37 6012
74 59 1621
74 50 3099
74 64 5701
74 68 6243
74 67 2403
74 25 2038
74 31 2018
74 12 4768
74 69 4505
74 38 2252
74 1 4906
74 6 2966
74 45 6068
74 15 3542
74 16 1283
74 2 1128
74 58 4329
74 52 556
75 74 686
75 49 529
75 64 1325
75 73 5199
75 44 2233
75 12 2054
75 27 1083
75 68 3015
75 67 1416
75 26 707
75 10 5160
75 18 878
75 70 1599
75 54 3124
75 46 2548
75 40 3346
75 51 3774
75 38 4602
75 6 5453
75 42 2226
75 19 2948
75 30 2807
75 47 4197
75 56 5734
75 34 2941
75 4 342
75 61 591
75 72 2912
75 59 2819
75 52 3498
75 14 226
75 45 2524
75 65 1486
75 16 1076
75 2 2614
75 15 5511
75 71 5241
75 35 932
75 63 3925
75 31 5036
75 33 1120
75 37 4539
75 36 5447
75 23 5795
75 20 4403
75 62 2414
75 29 1530
75 53 5549
75 13 3555
75 39 2351
75 60 1869
75 24 4000
75 57 3897
75 66 6128
75 48 2589
75 8 6074
