75 4200
1 49 5582
1 18 4113
1 56 4625
1 61 1418
1 32 1607
1 53 5814
1 16 5529
1 6 530
1 65 6027
1 10 1172
1 52 6218
1 47 3175
1 43 5590
1 22 5251
1 2 4867
1 58 2826
1 64 1512
1 24 3743
1 60 5748
1 55 3699
1 20 3948
1 48 2512
1 68 1713
1 17 5574
1 11 3120
1 8 6148
1 13 2552
1 35 5878
1 31 2366
1 30 1141
1 37 2505
1 44 5574
1 74 2489
1 75 649
1 26 136
1 69 5766
1 66 2885
1 7 1161
1 23 1824
1 63 1808
1 36 5008
1 28 686
1 50 4563
1 19 4369
1 45 3469
1 34 5768
1 40 97
1 29 617
1 25 5404
1 67 3717
1 46 5383
1 9 5201
1 70 2530
1 62 355
1 12 3172
1 33 5869
1 59 4185
1 38 2832
2 34 4554
2 54 2907
2 24 3577
2 23 4402
2 36 1256
2 51 4678
2 48 6105
2 45 1563
2 66 4951
2 47 4979
2 44 4155
2 40 6108
2 43 3325
2 28 5115
2 20 4270
2 64 6055
2 53 476
2 6 1525
2 49 695
2 1 4473
2 35 5132
2 10 953
2 70 2750
2 9 379
2 21 5905
2 8 4640
2 15 2258
2 5 2732
2 57 3760
2 56 5452
2 42 954
2 12 5370
2 50 5170
2 63 6080
2 27 396
2 67 5050
2 55 5929
2 32 5709
2 4 780
2 59 923
2 73 1826
2 52 4766
2 60 3732
2 25 4595
2 39 388
2 62 6199
3 46 3275
3 70 4644
3 50 6246
3 26 3575
3 33 1673
3 13 3983
3 14 3026
3 60 3147
3 49 5328
3 36 1487
3 38 2502
3 74 6026
3 40 6081
3 69 2873
3 20 6266
3 5 2558
3 25 3593
3 67 99
3 62 1285
3 51 6116
3 22 2246
3 18 4955
3 53 3025
3 15 5650
3 54 2349
3 61 428
3 28 6210
3 48 955
3 71 401
3 52 2403
3 41 5077
3 4 1521
3 32 1241
3 11 2916
3 8 3926
3 27 509
3 42 5549
3 66 2445
3 23 3571
3 10 5612
3 19 5833
3 24 4278
3 16 2375
3 34 5475
3 57 1011
3 44 4884
3 7 5062
3 68 1905
3 12 4644
3 63 4867
3 47 6223
3 39 4196
3 6 5421
3 35 5765
3 31 154
3 75 3004
3 65 5827
3 73 6163
4 20 4662
4 57 4204
4 49 4664
4 64 3957
4 60 112
4 38 3724
4 69 5722
4 24 6038
4 48 4365
4 16 4646
4 73 4646
4 56 2567
4 13 5561
4 26 1433
4 2 1484
4 71 1528
4 61 5159
4 34 6231
4 74 597
4 9 2220
4 75 1050
4 6 4056
4 45 859
4 1 1873
4 32 3391
4 65 5767
4 17 4671
4 55 1071
4 21 2583
4 42 1662
4 39 2519
4 66 3524
4 23 1798
4 37 3525
4 25 3125
4 29 1990
4 22 2259
4 68 2225
4 10 3547
4 46 5218
4 18 346
4 19 3261
4 54 5228
4 72 1563
4 3 976
4 41 1125
4 28 5388
4 53 1546
4 70 4928
4 59 3836
4 62 5441
4 36 4443
4 51 122
5 16 5976
5 22 1164
5 18 3256
5 62 4918
5 45 5875
5 28 454
5 3 1455
5 70 3029
5 47 4675
5 6 1661
5 2 4839
5 10 5635
5 13 1387
5 35 1606
5 27 3507
5 59 2802
5 67 1201
5 29 5881
5 23 342
5 49 5136
5 40 651
5 30 3096
5 20 1880
5 56 642
5 61 4943
5 39 3873
5 19 53
5 74 3645
5 34 1097
5 14 5878
5 31 3204
5 38 564
5 52 928
5 36 5895
5 11 659
5 63 2248
5 58 1391
5 4 2058
5 53 1188
5 1 849
5 50 1958
5 24 2858
5 26 3753
5 25 6264
5 65 3069
5 64 3140
5 68 5304
5 33 1262
5 60 3519
5 54 3583
5 73 9
5 17 741
6 70 4288
6 27 438
6 13 922
6 25 4601
6 14 423
6 30 4226
6 17 6139
6 53 5178
6 60 1184
6 55 4751
6 39 1201
6 41 2322
6 12 3921
6 5 1080
6 75 1177
6 63 1936
6 28 2641
6 47 4462
6 36 1049
6 65 1358
6 22 595
6 73 4605
6 44 5084
6 42 5766
6 11 5702
6 33 3894
6 10 2269
6 46 4389
6 7 5193
6 3 2864
6 2 4511
6 43 2013
6 51 439
6 21 1166
6 26 723
6 59 3731
6 18 2116
6 56 5331
6 49 4146
6 19 3677
6 29 5290
6 48 408
6 62 4588
6 50 3949
6 4 5638
6 23 3206
6 68 4651
6 66 70
6 61 5340
6 15 4807
6 72 5437
6 57 2126
6 54 330
6 38 2905
7 51 5661
7 65 166
7 41 1431
7 47 1676
7 32 6098
7 40 1980
7 44 1976
7 75 18
7 57 2664
7 72 4120
7 68 5633
7 20 788
7 33 1872
7 55 3537
7 49 2878
7 73 3295
7 70 4747
7 42 4149
7 15 1466
7 17 6131
7 63 4239
7 36 3411
7 59 5757
7 45 2777
7 58 5201
7 46 4580
7 31 6181
7 14 5814
7 4 5230
7 37 210
7 8 5343
7 50 3959
7 25 2194
7 53 5423
7 27 463
7 39 799
7 10 4866
7 9 6001
7 3 2411
7 19 364
7 11 5389
7 43 1722
7 60 2733
7 74 2211
7 34 4475
7 22 1267
7 54 3144
7 69 1630
7 24 4035
7 62 3429
7 61 4323
7 67 751
8 22 660
8 13 3144
8 31 1389
8 44 995
8 2 337
8 63 5312
8 72 1629
8 38 2612
8 50 2190
8 37 3558
8 58 1783
8 60 4776
8 28 1830
8 10 3063
8 51 4541
8 27 4571
8 43 3637
8 46 111
8 20 5179
8 71 3881
8 21 833
8 48 2209
8 12 6026
8 29 1885
8 14 3859
8 62 2882
8 11 2246
8 17 4543
8 23 5052
8 33 5575
8 4 3210
8 15 3341
8 45 5275
8 54 1822
8 47 2020
8 24 4066
8 69 4672
8 67 2071
8 53 3253
8 6 2733
8 41 1454
8 52 4247
8 32 28
8 73 6253
8 34 5680
8 55 2623
8 16 4149
8 1 5416
8 35 4083
8 25 2937
8 61 5977
8 19 5491
8 56 2574
8 64 3256
8 57 3510
8 49 2322
8 70 4923
9 4 5019
9 18 3573
9 29 2425
9 14 1924
9 16 5827
9 25 751
9 74 2375
9 3 2023
9 27 2039
9 46 2580
9 2 1169
9 51 478
9 68 1197
9 52 3551
9 53 2722
9 30 363
9 41 3704
9 57 3528
9 58 2762
9 63 5640
9 12 3705
9 21 5263
9 15 4324
9 61 4942
9 66 6143
9 37 3470
9 67 6184
9 72 161
9 62 6007
9 13 3427
9 39 3527
9 33 148
9 40 5105
9 70 987
9 20 6261
9 49 6196
9 48 85
9 38 5457
9 60 6022
9 32 6163
9 42 1283
9 11 2987
9 22 1881
9 45 4337
9 75 3154
9 23 4477
9 56 3563
9 55 5497
9 44 4372
9 10 1618
9 24 3386
9 64 265
9 43 2680
9 8 4118
9 1 3954
9 28 2999
10 1 3125
10 35 1638
10 58 907
10 16 1554
10 13 5745
10 45 4373
10 18 4163
10 3 5561
10 2 3245
10 41 322
10 63 141
10 64 5348
10 54 1331
10 11 4072
10 32 6229
10 66 2072
10 34 2213
10 38 1766
10 47 1608
10 40 1157
10 50 1376
10 17 3627
10 70 2809
10 59 4978
10 62 1440
10 65 1203
10 67 3340
10 27 3640
10 68 689
10 14 3563
10 55 4913
10 60 397
10 48 5142
10 42 5932
10 75 2236
10 51 4370
10 37 5378
10 73 2272
10 30 3786
10 15 4507
10 28 3679
10 46 2741
10 44 1219
10 74 1669
10 21 4296
10 69 799
10 5 921
10 52 2155
10 33 4959
10 71 872
10 43 3230
10 24 5266
10 29 6104
10 20 5057
10 4 2235
10 26 358
10 25 2626
10 57 2575
10 23 446
10 36 3386
10 19 4154
10 9 2917
11 18 3442
11 5 4020
11 46 33
11 57 3217
11 54 913
11 72 3992
11 28 1230
11 39 1265
11 71 3175
11 2 4731
11 10 3077
11 42 4723
11 41 2860
11 45 2067
11 52 2712
11 12 2795
11 66 3377
11 51 1786
11 30 1778
11 35 2317
11 60 4794
11 34 4180
11 63 1750
11 19 3963
11 26 2067
11 43 2171
11 25 3931
11 8 2475
11 20 3287
11 4 3673
11 29 2164
11 59 1404
11 22 348
11 64 2531
11 65 3788
11 17 1383
11 48 3477
11 68 6105
11 14 1709
11 74 3905
11 47 684
11 9 2205
11 38 4583
11 33 760
11 1 4777
11 50 1313
11 13 3222
11 70 3825
11 75 4449
11 37 5661
11 58 1294
11 23 2417
11 7 2990
12 20 6081
12 3 1656
12 10 3
12 5 3685
12 39 837
12 62 2110
12 22 1470
12 4 4387
12 43 5306
12 69 4950
12 63 2240
12 58 2037
12 57 4050
12 35 277
12 1 4010
12 54 2281
12 32 2284
12 53 1051
12 61 4482
12 52 4558
12 31 2669
12 70 5202
12 56 4850
12 26 2423
12 67 4376
12 71 1298
12 59 1097
12 41 6210
12 16 3455
12 55 4221
12 64 765
12 2 82
12 68 1218
12 66 2692
12 65 1727
12 38 1081
12 25 6299
12 23 4997
12 28 3713
12 72 3663
12 34 4784
12 37 2831
12 50 4584
12 40 2838
12 17 2436
12 33 1438
12 24 807
12 74 2012
12 15 3776
12 14 103
12 42 1236
13 53 4447
13 5 4948
13 66 4718
13 32 1407
13 6 682
13 63 3516
13 74 338
13 9 69
13 69 5000
13 15 4650
13 41 6256
13 25 1398
13 11 590
13 61 4025
13 21 5427
13 26 5356
13 10 4827
13 67 385
13 33 6296
13 37 5909
13 34 5770
13 43 2652
13 72 5364
13 62 4509
13 47 3172
13 8 4117
13 12 3644
13 14 740
13 29 2385
13 46 2329
13 7 6159
13 17 2766
13 60 1470
13 42 1574
13 58 4674
13 56 5493
13 52 5843
13 64 3980
13 70 3995
13 75 3102
13 4 4951
13 36 4889
13 65 84
13 39 4954
13 54 4250
13 30 4915
13 38 862
13 55 1292
13 51 5072
13 40 3807
13 19 5557
13 18 3590
13 23 332
13 73 85
13 48 4453
13 2 2636
13 71 2044
13 50 5423
13 1 357
14 40 2200
14 63 2152
14 48 6036
14 20 3170
14 66 5755
14 12 4075
14 26 4331
14 49 1175
14 9 3046
14 43 4845
14 70 4501
14 72 4493
14 15 4198
14 69 3549
14 22 2671
14 39 435
14 17 1412
14 16 4567
14 58 5228
14 56 3891
14 47 118
14 24 5036
14 73 608
14 64 616
14 60 576
14 59 2663
14 51 4893
14 13 1379
14 46 2905
14 30 1007
14 45 2625
14 75 5724
14 55 5307
14 18 5060
14 35 2614
14 62 918
14 3 5044
14 74 1908
14 42 1477
14 61 1584
14 5 2542
14 50 3601
14 7 5854
14 52 3444
14 27 5537
14 28 5321
14 8 3609
14 53 4682
14 54 1410
14 68 5284
14 33 1933
14 37 348
14 57 859
14 11 3214
14 67 905
15 12 3866
15 41 4742
15 10 147
15 59 3716
15 50 470
15 42 2017
15 52 1990
15 39 2113
15 21 4375
15 16 684
15 30 1613
15 56 678
15 7 2683
15 65 5531
15 26 2536
15 32 3146
15 53 1175
15 57 4092
15 63 3622
15 66 4969
15 73 2109
15 27 5734
15 44 747
15 29 2397
15 37 4783
15 58 4081
15 31 4361
15 61 3277
15 33 6196
15 36 2856
15 38 1421
15 72 4276
15 69 5712
15 8 1360
15 49 975
15 17 5311
15 60 2201
15 9 1384
15 67 2654
15 71 715
15 22 420
15 4 3457
15 55 1997
15 68 6042
15 46 3546
15 6 4036
15 75 4928
15 2 5630
15 20 3468
15 35 3222
15 3 4411
15 74 6042
15 18 1287
15 51 5145
15 28 193
15 43 4760
15 40 2244
15 64 5314
16 20 3689
16 40 3540
16 31 2064
16 37 2525
16 50 3159
16 68 5063
16 17 3719
16 53 3227
16 62 5642
16 67 3644
16 65 745
16 27 53
16 11 5037
16 39 1210
16 5 5954
16 54 5602
16 51 2849
16 64 1128
16 3 3449
16 58 4790
16 8 702
16 47 4807
16 56 78
16 23 3721
16 12 4079
16 35 1440
16 52 1655
16 43 4302
16 45 915
16 26 1801
16 4 2653
16 14 723
16 42 2151
16 10 2011
16 46 2845
16 38 3142
16 36 3
16 57 2408
16 22 70
16 55 3120
16 59 6276
16 44 3384
16 63 1868
16 19 3196
16 72 1546
16 71 5924
16 74 5061
16 73 344
16 30 113
16 60 1506
17 34 1696
17 53 4019
17 19 3737
17 59 2403
17 52 4429
17 75 3397
17 70 6080
17 16 1215
17 8 3199
17 14 5346
17 29 5927
17 32 1470
17 30 1101
17 27 3685
17 62 3167
17 43 2509
17 73 1070
17 24 1211
17 42 4843
17 38 3735
17 2 5351
17 45 4216
17 28 1116
17 9 1636
17 51 2375
17 48 3803
17 18 5921
17 20 2178
17 11 2147
17 37 5167
17 3 3112
17 22 2929
17 46 5855
17 12 402
17 44 1224
17 5 382
17 50 1383
17 31 1979
17 15 3122
17 4 6120
17 63 6005
17 33 3081
17 60 512
17 69 1042
17 66 187
17 39 1047
17 41 2366
17 23 1311
17 26 4465
17 71 553
17 68 4298
17 36 2208
17 61 4759
17 72 5480
17 6 1881
17 55 657
17 40 1790
17 13 5043
17 35 450
17 57 3527
17 74 2365
17 49 3970
18 42 6010
18 23 3441
18 2 3027
18 70 4264
18 35 3486
18 75 3391
18 12 2877
18 11 3725
18 14 3353
18 69 5363
18 63 2645
18 50 1812
18 47 4897
18 27 3162
18 51 2803
18 40 5951
18 19 5345
18 61 1435
18 62 3627
18 57 2906
18 39 1226
18 74 456
18 30 5197
18 3 4234
18 60 5474
18 53 2022
18 59 5172
18 45 6064
18 38 5549
18 1 2860
18 54 5221
18 34 3019
18 17 5595
18 37 5656
18 46 5044
18 9 2967
18 65 5237
18 52 5433
18 33 5868
18 20 592
18 32 326
18 28 4042
18 24 948
18 66 162
18 58 2780
18 48 744
18 43 4413
18 26 1963
18 25 5843
18 64 5963
18 13 1042
18 73 2069
18 21 1439
18 29 5809
18 36 1853
18 10 1622
18 67 4734
18 71 2635
19 34 619
19 42 1355
19 40 6059
19 38 1724
19 62 3005
19 65 2789
19 13 3891
19 33 2688
19 35 6294
19 22 3696
19 71 4929
19 36 5771
19 69 2786
19 24 4756
19 18 4289
19 72 2639
19 59 289
19 29 6153
19 2 2935
19 41 3848
19 47 6052
19 49 3373
19 55 1524
19 20 1803
19 31 2155
19 9 5618
19 10 3636
19 7 5037
19 30 5493
19 23 277
19 75 5953
19 52 990
19 6 356
19 21 1280
19 70 5255
19 66 4104
19 14 960
19 74 6036
19 73 3018
19 43 268
19 54 5916
19 1 1682
19 28 1756
19 17 606
19 51 2657
19 60 1583
19 5 184
19 53 1715
19 57 4630
19 16 3327
19 4 477
19 56 2792
19 64 5710
20 62 4230
20 15 4919
20 5 4059
20 57 340
20 64 1356
20 50 1509
20 7 5808
20 46 5601
20 17 911
20 18 2284
20 22 5367
20 6 4488
20 63 324
20 65 3904
20 47 2242
20 72 6028
20 2 6214
20 3 4791
20 23 3145
20 13 3295
20 51 5754
20 21 1733
20 67 3783
20 49 5622
20 8 2985
20 44 2719
20 53 1813
20 73 5833
20 27 4364
20 1 4371
20 31 5652
20 60 1902
20 36 1839
20 56 5295
20 54 5858
20 10 2000
20 41 1464
20 30 5668
20 19 4455
20 58 5017
20 33 4654
20 32 1251
20 42 3432
20 24 1029
20 48 5364
20 25 237
20 68 3128
20 55 460
20 34 2538
20 35 5032
20 45 3985
20 70 5594
20 16 3729
20 43 4782
20 26 3718
20 39 3345
21 57 3408
21 50 6187
21 9 5367
21 6 4902
21 75 2693
21 17 3954
21 64 1018
21 44 6285
21 2 5338
21 31 99
21 69 3112
21 32 202
21 19 3108
21 70 6221
21 60 1767
21 3 1383
21 72 5372
21 41 1938
21 40 5215
21 28 3257
21 39 3093
21 66 1441
21 61 2252
21 5 31
21 38 6261
21 27 4969
21 24 3753
21 53 1643
21 12 5614
21 59 1375
21 10 4114
21 11 1399
21 8 431
21 45 6233
21 20 4005
21 52 295
21 13 1098
21 29 4682
21 33 3364
21 43 3608
21 36 5389
21 46 1060
21 73 3245
21 34 3955
21 58 1484
21 56 3202
21 35 2895
21 26 2600
21 67 2585
21 15 6173
21 63 1259
21 30 2688
21 48 5654
21 14 1115
21 74 3538
21 54 6194
21 71 5372
21 4 5310
21 47 298
21 22 5850
22 50 3362
22 59 217
22 30 1735
22 64 4780
22 57 4878
22 67 4328
22 51 3085
22 4 250
22 25 3700
22 26 6072
22 61 194
22 14 2432
22 44 3381
22 16 5533
22 31 370
22 34 3779
22 43 3911
22 62 2280
22 42 2883
22 17 2667
22 23 1297
22 69 3445
22 27 1417
22 32 3587
22 5 912
22 56 1377
22 72 2816
22 68 2587
22 49 743
22 53 167
22 75 2991
22 65 3459
22 63 1669
22 28 2138
22 9 677
22 38 2052
22 52 4176
22 1 5450
22 12 907
22 3 1897
22 2 5919
22 45 2769
22 36 4225
22 73 5787
22 13 350
22 33 4105
22 29 5350
22 74 1960
22 18 3253
22 55 3881
22 19 4944
22 70 3720
22 6 3474
22 35 5325
22 37 6143
22 11 4240
23 46 4267
23 38 1393
23 66 4664
23 16 5043
23 36 4687
23 9 2273
23 26 3155
23 21 3726
23 65 1718
23 60 5823
23 29 3296
23 8 5133
23 51 5932
23 48 5542
23 6 6058
23 44 3892
23 55 3476
23 32 5790
23 39 2406
23 7 3462
23 49 5439
23 5 617
23 28 1789
23 62 5607
23 30 2738
23 27 739
23 58 1259
23 63 4416
23 74 5038
23 64 1493
23 71 2550
23 56 1691
23 54 580
23 37 4774
23 3 5251
23 17 6035
23 70 4525
23 69 1905
23 50 5303
23 40 19
23 14 822
23 57 5962
23 34 1649
23 52 1663
23 47 3312
23 53 1623
23 31 177
23 61 1637
23 20 626
23 41 2493
23 13 2340
23 11 5297
23 73 1672
23 43 5280
23 25 2268
23 33 4437
23 59 720
23 1 1709
23 67 3857
23 42 592
23 10 645
24 62 1364
24 38 5784
24 58 191
24 7 6224
24 43 5370
24 41 5062
24 5 1823
24 44 2958
24 59 292
24 60 4230
24 3 2102
24 34 4282
24 40 3584
24 52 4941
24 37 1279
24 33 4622
24 48 1688
24 46 2350
24 29 4530
24 28 4616
24 25 2203
24 50 659
24 13 624
24 54 3633
24 45 182
24 17 4893
24 53 4329
24 64 2908
24 30 4140
24 51 5120
24 22 4315
24 55 3101
24 67 4621
24 10 3030
24 32 5233
24 35 4928
24 36 4893
24 23 3550
24 68 2982
24 9 3234
24 70 2090
24 2 5003
24 27 5211
24 73 1299
24 39 336
24 56 5209
24 19 4837
24 66 5853
24 63 3333
25 48 466
25 15 2518
25 43 1075
25 38 2597
25 63 6058
25 17 4137
25 39 5559
25 53 5641
25 66 1449
25 7 1285
25 9 4411
25 49 3648
25 29 2911
25 36 2834
25 5 762
25 8 1875
25 3 5056
25 24 5910
25 69 3836
25 50 6188
25 16 3088
25 28 1294
25 57 2069
25 30 291
25 46 5783
25 21 787
25 73 735
25 61 638
25 64 5389
25 27 1607
25 62 5386
25 23 3886
25 34 686
25 52 5801
25 22 2436
25 59 3171
25 40 3652
25 58 5874
25 4 5728
25 2 2814
25 37 1104
25 20 1362
25 47 5840
25 33 6070
25 35 2817
25 42 4284
25 12 3770
25 26 1706
25 31 6013
25 75 3449
25 70 3158
25 11 5115
26 58 2315
26 12 5979
26 56 4701
26 28 5963
26 70 3155
26 29 5580
26 54 5294
26 53 641
26 36 4158
26 44 1445
26 9 2057
26 49 6121
26 33 6266
26 8 1688
26 21 4652
26 34 2360
26 63 386
26 42 3656
26 1 1446
26 57 278
26 10 1305
26 38 1100
26 68 5698
26 61 247
26 73 1124
26 48 221
26 55 6226
26 7 802
26 72 502
26 19 1390
26 35 920
26 75 4087
26 65 1227
26 41 4292
26 74 3836
26 39 504
26 11 1459
26 46 5870
26 17 2541
26 20 730
26 4 4790
26 51 3058
26 69 5994
26 47 2672
26 66 4375
26 13 5052
26 14 2006
26 23 536
26 50 2942
26 64 1350
26 27 2958
26 59 1702
26 15 2835
26 71 5928
26 45 2334
26 6 1671
26 3 2333
26 31 2350
26 5 4217
26 37 1349
27 9 5785
27 5 4244
27 37 3887
27 14 266
27 7 2515
27 72 4788
27 56 4615
27 38 5616
27 43 555
27 73 1919
27 12 4944
27 59 2262
27 67 706
27 45 5891
27 25 2205
27 33 3037
27 57 5064
27 68 4612
27 42 1337
27 49 3606
27 39 3470
27 47 1814
27 52 1825
27 55 6195
27 23 3546
27 16 5779
27 11 2453
27 8 515
27 30 5697
27 24 2737
27 58 2235
27 69 5738
27 17 1366
27 35 2742
27 75 877
27 60 2633
27 21 3621
27 66 4766
27 1 4407
27 28 5779
27 65 3610
27 74 3089
27 61 4113
27 70 5832
27 15 6065
27 36 4038
27 22 2333
27 6 1661
27 40 2299
27 3 2556
27 64 5690
27 46 3701
27 13 20
27 62 634
27 2 2006
27 10 4298
27 20 3762
27 63 4413
27 54 273
28 40 4599
28 23 4111
28 57 3824
28 19 745
28 51 3486
28 47 2263
28 9 4365
28 5 3328
28 26 2701
28 2 2533
28 74 6280
28 46 4739
28 59 1205
28 39 2920
28 31 4577
28 30 4066
28 35 4739
28 70 4405
28 3 3657
28 60 529
28 1 842
28 68 5899
28 71 1377
28 14 3210
28 33 6231
28 72 4747
28 63 4045
28 37 475
28 55 5956
28 25 1197
28 42 3962
28 27 3573
28 66 5975
28 29 5813
28 56 3687
28 75 5733
28 38 414
28 49 3308
28 67 4996
28 50 3520
28 7 4551
28 15 2742
28 62 4788
28 6 301
28 12 2412
28 8 5030
28 58 910
28 4 6178
28 53 12
28 34 6042
28 16 4956
28 13 4545
28 64 4027
28 32 3999
28 21 2769
29 68 2145
29 17 4926
29 67 4667
29 35 1882
29 9 181
29 22 938
29 37 5858
29 31 3235
29 19 2651
29 53 5868
29 12 4407
29 50 5379
29 55 771
29 5 6113
29 61 793
29 49 2177
29 48 2102
29 6 1622
29 52 3202
29 43 4586
29 27 5953
29 71 1300
29 60 3025
29 62 4472
29 30 5321
29 11 4064
29 14 502
29 36 743
29 4 4341
29 25 4001
29 10 2480
29 34 5469
29 39 5690
29 32 4952
29 73 988
29 47 2311
29 75 2159
29 16 3802
29 13 5299
29 3 1521
29 23 110
29 64 6045
29 24 1077
29 20 5510
29 1 2665
29 51 4107
29 42 2274
29 33 5403
29 59 842
29 57 3149
29 41 5748
29 54 4385
29 21 4355
29 69 651
29 15 583
29 63 2351
30 14 1673
30 60 1787
30 37 158
30 54 5228
30 67 4736
30 71 1566
30 53 4282
30 72 3529
30 75 267
30 35 2355
30 33 4842
30 7 4779
30 47 3849
30 32 5123
30 10 3370
30 48 5854
30 19 4089
30 55 1275
30 16 4601
30 13 6061
30 1 71
30 22 4019
30 29 2800
30 70 5740
30 39 5761
30 44 713
30 66 858
30 50 2421
30 20 4285
30 18 1068
30 12 4053
30 40 2889
30 23 1421
30 46 5038
30 28 3146
30 52 3365
30 63 4383
30 38 5749
30 9 5328
30 61 635
30 41 4050
30 24 1490
30 57 3807
30 74 6214
30 43 634
30 51 3377
30 64 3885
30 49 855
30 56 5095
30 3 1761
30 68 577
30 58 4685
30 26 5466
30 2 3751
30 36 3680
30 62 4231
30 4 5531
30 34 2879
31 24 2048
31 6 4621
31 62 3626
31 64 2352
31 45 5831
31 69 2447
31 5 5106
31 10 5590
31 30 5555
31 67 1046
31 41 160
31 17 2681
31 47 5921
31 58 2608
31 44 677
31 14 1579
31 33 867
31 20 2629
31 25 5081
31 70 1151
31 13 2432
31 34 4039
31 35 2813
31 29 2071
31 51 943
31 57 763
31 52 925
31 22 4604
31 72 2776
31 28 4370
31 53 2764
31 74 1183
31 71 3363
31 68 4495
31 66 1712
31 42 5461
31 9 3304
31 16 3016
31 46 640
31 54 3557
31 75 1473
31 3 3433
31 36 2081
31 39 1999
31 59 3837
31 65 4934
31 21 5302
31 50 2578
31 7 4669
31 48 342
31 23 3823
31 61 6137
31 32 3331
32 1 5965
32 73 1791
32 75 3713
32 58 3602
32 6 255
32 64 3153
32 43 4066
32 33 3708
32 60 5983
32 45 4066
32 18 3363
32 40 1797
32 63 3112
32 30 3402
32 14 4843
32 26 3037
32 37 3793
32 28 3971
32 25 4083
32 24 4212
32 72 714
32 46 1098
32 53 877
32 38 3359
32 48 4025
32 34 145
32 16 4040
32 57 548
32 59 4415
32 74 1902
32 69 1165
32 8 5166
32 12 927
32 2 5240
32 13 813
32 21 3129
32 52 2220
32 19 1348
32 11 3932
32 51 4862
32 35 4731
32 31 1097
32 68 989
32 27 5488
32 4 2538
32 41 573
32 29 1833
32 42 2267
32 54 5083
32 7 381
32 50 2420
32 65 857
32 47 2015
32 61 3212
32 55 4096
32 9 4440
32 10 1433
33 34 6040
33 6 2135
33 30 402
33 23 5476
33 57 3017
33 58 2441
33 73 3768
33 56 4130
33 11 17
33 14 5818
33 49 3937
33 44 4457
33 26 3447
33 68 1054
33 69 4841
33 2 2348
33 60 1856
33 32 4202
33 45 2321
33 12 504
33 31 5081
33 47 3557
33 55 4590
33 66 3096
33 59 4854
33 20 5099
33 29 768
33 3 3857
33 9 1872
33 41 4527
33 10 6287
33 4 3939
33 71 19
33 70 5534
33 54 3678
33 25 1374
33 51 4371
33 39 4851
33 16 742
33 17 2877
33 15 3239
33 64 3813
33 74 5913
33 38 6194
33 48 5355
33 5 5696
33 75 4974
33 22 2913
33 24 1027
33 72 3488
33 67 5601
33 21 5663
33 53 2099
33 63 1716
33 35 3557
34 38 1226
34 75 6138
34 31 21
34 10 739
34 28 2985
34 60 2325
34 58 324
34 45 2528
34 70 4298
34 57 2434
34 48 1561
34 19 3716
34 47 6044
34 7 3718
34 8 5085
34 69 751
34 35 3524
34 37 4368
34 74 518
34 17 5662
34 56 1899
34 14 1544
34 24 4668
34 53 5226
34 61 904
34 59 4969
34 44 3546
34 11 201
34 23 1339
34 22 2587
34 3 1633
34 4 225
34 25 5263
34 36 4066
34 33 5925
34 65 2225
34 20 1062
34 30 3114
34 21 226
34 62 4451
34 68 3533
34 1 4307
34 26 2545
34 15 2428
34 39 3849
34 55 2512
34 49 2110
34 46 2581
34 6 2662
34 43 3949
34 73 3925
34 54 623
34 67 617
34 29 3978
34 50 873
34 12 5008
34 18 1570
34 32 4486
34 64 2776
34 41 5824
35 34 5409
35 3 6283
35 32 1091
35 21 4321
35 30 1326
35 42 4183
35 2 5508
35 19 5207
35 1 329
35 48 70
35 63 3438
35 67 2762
35 13 4305
35 44 1964
35 15 3466
35 14 3865
35 24 4969
35 5 1958
35 40 2177
35 4 6144
35 16 1946
35 20 3802
35 7 3104
35 36 2829
35 23 4843
35 31 5152
35 57 294
35 72 1860
35 43 2496
35 55 19
35 29 2557
35 50 646
35 56 4653
35 28 2021
35 6 4160
35 33 2054
35 69 1596
35 12 3448
35 52 6108
35 65 1321
35 71 3232
35 18 2164
35 39 5807
35 9 5397
35 22 4896
35 73 5562
35 58 2071
35 46 754
35 75 3288
35 17 3198
35 68 2049
35 62 625
35 60 1379
35 26 1477
35 66 1216
35 64 3742
35 47 5043
35 70 3229
35 41 1738
36 39 4433
36 51 4653
36 56 2356
36 49 3330
36 35 6011
36 48 2836
36 62 5870
36 55 3024
36 27 691
36 22 4530
36 1 3555
36 52 4491
36 41 3889
36 47 5506
36 59 1067
36 10 1992
36 8 5106
36 38 5225
36 69 4343
36 5 481
36 18 3201
36 72 2
36 2 1748
36 42 5743
36 73 408
36 15 888
36 33 4108
36 60 4
36 28 5372
36 67 1110
36 45 3319
36 26 272
36 25 3882
36 29 4411
36 54 5152
36 12 5113
36 30 1921
36 4 1070
36 16 4367
36 63 4925
36 58 2596
36 34 1149
36 7 4970
36 32 1027
36 40 751
36 17 4214
36 14 516
36 31 2319
36 13 6024
36 20 683
36 71 6101
36 66 5906
36 65 2218
36 53 2782
36 21 2852
36 37 3429
36 70 1695
37 3 3942
37 26 4656
37 27 918
37 45 2024
37 23 3865
37 64 3496
37 73 3959
37 11 512
37 75 2345
37 70 3117
37 16 6261
37 42 2286
37 38 2862
37 2 1486
37 57 733
37 44 1360
37 50 1066
37 18 2093
37 8 2591
37 25 2721
37 53 6213
37 74 372
37 29 1354
37 14 560
37 67 4982
37 17 2156
37 6 6275
37 19 886
37 24 5742
37 9 4707
37 62 743
37 56 562
37 21 5350
37 40 101
37 12 4912
37 1 1710
37 58 3657
37 59 5943
37 32 2551
37 13 818
37 10 3947
37 63 3692
37 35 5987
37 61 5313
37 22 408
37 60 2899
37 30 551
37 66 1542
37 34 5899
37 20 2500
37 15 4880
37 68 665
37 47 5077
38 3 4087
38 5 3044
38 56 3379
38 72 5845
38 24 2504
38 57 193
38 9 42
38 61 5092
38 4 5011
38 15 5413
38 19 4896
38 68 563
38 10 4693
38 53 1672
38 62 3402
38 45 5131
38 14 543
38 40 1874
38 28 4728
38 22 3657
38 58 2703
38 65 6160
38 7 1120
38 49 2174
38 74 4657
38 32 6206
38 1 3293
38 67 4448
38 20 6136
38 17 5110
38 16 178
38 55 4278
38 36 5600
38 37 2878
38 31 1428
38 2 2198
38 41 2324
38 11 3088
38 23 139
38 75 1470
38 6 1881
38 13 5272
38 39 2134
38 12 2402
38 48 2871
38 42 2330
38 64 2020
38 34 3915
38 25 4604
38 60 2968
38 54 2924
38 73 4472
38 46 1282
38 50 889
38 33 2233
38 71 372
38 69 4740
38 52 3889
38 59 2404
39 51 1674
39 32 4511
39 38 428
39 9 426
39 75 2890
39 64 440
39 33 2543
39 4 5454
39 19 6066
39 29 1223
39 31 4975
39 8 1014
39 50 511
39 21 3441
39 26 307
39 72 1963
39 67 5978
39 36 1063
39 45 5324
39 60 301
39 6 5149
39 18 5148
39 27 2447
39 11 890
39 22 5421
39 68 2433
39 15 3967
39 2 2232
39 52 2275
39 37 1424
39 65 3300
39 1 2551
39 13 1872
39 20 1319
39 48 2323
39 7 4219
39 43 3830
39 53 3843
39 59 3376
39 30 3917
39 69 4867
39 10 2807
39 14 4285
39 58 4688
39 25 6124
39 35 5122
39 73 251
39 66 2663
39 3 165
39 54 2772
39 17 2252
40 43 1759
40 21 3620
40 30 4452
40 20 5535
40 62 1833
40 12 2675
40 32 5327
40 48 6036
40 68 3451
40 13 3712
40 6 975
40 64 495
40 11 895
40 8 3624
40 50 1012
40 71 3244
40 18 6133
40 15 1752
40 47 2260
40 10 1820
40 59 73
40 14 27
40 49 5975
40 9 3917
40 23 4676
40 31 332
40 60 6016
40 74 5379
40 69 5980
40 19 5804
40 46 5352
40 22 137
40 35 3723
40 70 6086
40 24 625
40 28 3035
40 72 2215
40 65 4341
40 34 3516
40 33 3388
40 75 2292
40 5 3801
40 57 5600
40 2 3632
40 39 680
40 61 4904
40 56 5336
40 54 1896
40 25 1501
40 58 5307
40 37 4231
40 29 4287
40 44 4578
40 27 6255
41 12 5812
41 32 6157
41 75 4450
41 25 5859
41 68 5095
41 30 1025
41 58 2338
41 33 6195
41 40 5257
41 34 920
41 51 5526
41 3 294
41 73 5775
41 48 6081
41 57 5782
41 13 4292
41 20 2161
41 60 2875
41 55 5850
41 52 943
41 43 3008
41 9 1477
41 74 5641
41 71 5582
41 21 3267
41 11 5246
41 67 1940
41 65 2125
41 72 1634
41 69 2726
41 24 5866
41 59 4305
41 61 4862
41 31 265
41 64 1924
41 44 929
41 38 37
41 53 5967
41 26 6106
41 1 3453
41 10 3535
41 42 253
41 37 3371
41 66 3582
41 15 5334
41 19 3833
41 14 1453
41 16 3314
41 36 51
41 8 6288
41 46 3694
41 39 2488
41 28 1404
41 17 5257
41 56 1883
41 49 4372
41 45 2421
42 62 4730
42 53 1472
42 17 3791
42 72 1392
42 20 1451
42 1 3074
42 18 674
42 58 5959
42 54 1151
42 33 2867
42 75 1728
42 28 4082
42 15 3134
42 50 2381
42 8 599
42 45 536
42 36 3873
42 22 1145
42 2 3894
42 59 197
42 10 5431
42 39 4799
42 41 3768
42 14 2767
42 37 3908
42 9 1174
42 71 5885
42 5 1906
42 31 2888
42 21 5246
42 4 4377
42 49 4410
42 35 1320
42 26 171
42 66 2808
42 29 380
42 73 3338
42 12 3673
42 32 654
42 7 201
42 25 1720
42 51 821
42 6 2573
42 46 2534
42 74 2298
42 52 5830
42 55 2194
42 40 1948
42 64 3484
42 24 245
42 11 5197
42 48 4107
42 43 2178
42 68 5308
43 53 1092
43 26 3363
43 37 5379
43 65 5351
43 18 398
43 75 1348
43 27 1141
43 55 2637
43 32 1153
43 16 2414
43 28 2191
43 19 2456
43 22 876
43 70 2814
43 71 2987
43 72 1801
43 3 3922
43 51 6171
43 21 6031
43 44 817
43 56 23
43 33 3012
43 60 2417
43 15 1919
43 10 2216
43 1 105
43 11 772
43 34 5703
43 39 535
43 46 829
43 31 4011
43 74 1058
43 14 1890
43 25 745
43 52 2547
43 41 2400
43 23 5465
43 12 410
43 69 4696
43 48 391
43 9 5516
43 62 2469
43 7 2510
43 30 3413
43 36 5738
43 42 2764
43 57 1717
43 45 5952
43 73 5018
43 58 1256
43 66 5684
43 38 3518
43 13 3109
43 40 5386
43 35 4413
43 68 2748
43 17 275
44 24 1488
44 7 2020
44 31 1816
44 3 3120
44 4 5278
44 41 1559
44 65 1549
44 57 5910
44 70 820
44 34 549
44 72 3539
44 63 2800
44 45 1461
44 8 4255
44 67 5061
44 35 2364
44 56 4897
44 74 5530
44 1 2600
44 46 2193
44 51 5852
44 43 1955
44 25 390
44 6 2165
44 20 3621
44 42 5536
44 55 2612
44 14 4830
44 47 752
44 60 856
44 48 2511
44 71 5171
44 21 4997
44 27 5706
44 52 5642
44 54 1056
44 58 2761
44 28 4195
44 33 4943
44 53 4657
44 5 5703
44 30 1432
44 49 262
44 36 1382
44 19 4772
44 11 6281
44 23 4767
44 37 3560
44 73 5499
44 16 2719
44 61 532
44 69 3995
44 50 2178
44 2 5254
45 15 2243
45 26 4523
45 11 1429
45 16 2087
45 3 982
45 22 3187
45 13 1638
45 25 1804
45 75 3220
45 62 3962
45 30 4096
45 17 1801
45 44 3470
45 38 1253
45 7 849
45 32 668
45 29 629
45 20 4915
45 58 5851
45 68 3990
45 5 3488
45 35 1202
45 61 3390
45 54 6087
45 42 5339
45 49 4945
45 60 454
45 40 607
45 70 2225
45 72 2123
45 14 3950
45 10 4858
45 57 1538
45 41 4064
45 71 93
45 59 3652
45 43 2025
45 63 3050
45 27 4531
45 48 1334
45 46 113
45 66 1984
45 24 5979
45 65 2999
45 9 4710
45 36 4057
45 51 384
45 69 1721
45 37 11
45 1 1877
45 8 1411
45 4 1466
45 52 311
45 67 5469
46 58 419
46 62 5910
46 11 4007
46 70 4251
46 69 4174
46 72 3791
46 31 3974
46 15 733
46 53 3631
46 48 1103
46 43 1788
46 8 740
46 33 3056
46 18 5020
46 2 2022
46 41 704
46 56 4436
46 1 3295
46 21 1775
46 63 2977
46 20 2817
46 30 3742
46 59 3510
46 29 1947
46 24 905
46 28 1442
46 9 4293
46 3 4664
46 42 1911
46 4 1617
46 40 5419
46 16 1396
46 23 3236
46 25 2966
46 66 1738
46 12 629
46 22 1958
46 26 5840
46 51 5164
46 55 2976
46 37 1399
46 50 1103
46 13 2627
46 6 3293
46 44 4921
46 5 2916
46 64 3436
46 35 3269
46 65 710
46 38 415
46 67 2358
46 39 5760
46 54 5611
46 45 315
46 57 3238
46 52 5580
46 68 2768
46 47 1914
46 73 1319
46 36 3714
47 34 1527
47 52 5870
47 10 4395
47 44 1152
47 73 114
47 16 5663
47 75 773
47 2 4199
47 36 4398
47 39 2696
47 55 5958
47 59 2407
47 5 2039
47 15 209
47 41 1469
47 62 6003
47 53 1865
47 23 299
47 28 5628
47 22 712
47 68 1676
47 32 1804
47 1 441
47 43 3875
47 13 4866
47 45 4666
47 20 2999
47 19 4628
47 26 4796
47 3 4852
47 66 2113
47 21 4757
47 70 3002
47 72 5701
47 64 3168
47 61 1504
47 54 4584
47 57 1318
47 56 1767
47 25 1321
47 67 5564
47 40 3922
47 30 5890
47 4 3163
47 65 589
47 18 467
47 69 3699
47 6 3190
47 48 2214
47 33 4010
47 27 2485
47 14 2644
47 24 1872
47 29 2454
48 25 2461
48 6 4727
48 45 396
48 54 1007
48 7 1996
48 50 361
48 21 4729
48 30 5626
48 15 3855
48 64 4621
48 38 3085
48 8 266
48 62 1712
48 63 1447
48 42 1726
48 5 85
48 73 661
48 60 2858
48 59 3031
48 70 3161
48 44 2887
48 9 1193
48 28 2420
48 4 5932
48 55 2545
48 20 143
48 35 1889
48 22 5266
48 31 1114
48 41 3593
48 68 1329
48 27 345
48 10 3393
48 72 4585
48 18 3713
48 49 1425
48 29 3052
48 16 4485
48 39 1849
48 37 1537
48 43 2776
48 23 2010
48 46 4168
48 65 2267
48 33 5316
48 26 855
48 56 1231
48 24 5639
48 2 2914
48 67 4389
48 57 5423
48 69 1514
48 53 649
48 34 4181
48 52 497
48 14 5821
48 3 5320
49 8 4904
49 24 3354
49 26 780
49 63 1266
49 5 5784
49 15 4262
49 18 91
49 39 5801
49 31 5209
49 75 5815
49 19 2984
49 16 572
49 20 5929
49 56 5040
49 42 2509
49 45 2287
49 69 2213
49 62 6212
49 38 3049
49 57 3201
49 53 3391
49 7 3755
49 27 2763
49 72 5847
49 66 3788
49 28 635
49 35 4849
49 48 2495
49 64 1549
49 58 2821
49 34 5259
49 29 4682
49 1 5093
49 68 3139
49 60 3242
49 67 1724
49 17 2163
49 61 2316
49 50 6126
49 47 2791
49 13 3884
49 33 4562
49 12 277
49 44 2824
49 41 4173
49 51 5696
49 22 435
49 55 316
49 2 5731
49 65 5037
49 70 2119
49 32 40
49 30 2714
49 37 2197
49 46 5275
49 6 2667
49 71 5857
49 9 2923
49 10 2240
49 36 2200
49 14 480
50 51 1637
50 57 775
50 1 5604
50 25 1947
50 75 2104
50 33 1852
50 12 1473
50 37 809
50 6 6034
50 69 2124
50 46 5747
50 13 219
50 36 2653
50 18 5095
50 2 2275
50 63 5586
50 27 5657
50 64 6201
50 66 175
50 58 4683
50 30 3642
50 14 5013
50 52 965
50 4 1898
50 68 2599
50 45 4513
50 74 3415
50 71 5263
50 49 491
50 21 1803
50 48 4339
50 56 1875
50 42 4758
50 31 1603
50 65 73
50 47 3785
50 70 1066
50 44 4378
50 34 3676
50 24 3750
50 54 2242
50 5 2380
50 23 3484
50 32 1023
50 20 5960
50 11 2982
50 28 5560
50 15 3445
50 60 3068
50 16 3935
50 43 1820
50 10 3303
50 39 2266
50 41 4258
50 19 2939
50 59 424
50 40 1237
50 73 5910
51 23 3429
51 5 3450
51 56 5300
51 53 4878
51 69 4774
51 50 6052
51 19 2768
51 33 3969
51 55 1034
51 24 5236
51 20 5318
51 39 5704
51 41 3193
51 58 1527
51 49 4175
51 18 3131
51 74 5150
51 8 5669
51 38 3779
51 17 1628
51 4 4084
51 75 1544
51 7 5271
51 29 1198
51 28 127
51 34 3570
51 11 646
51 62 5232
51 44 4027
51 32 3029
51 14 5683
51 54 5620
51 22 1372
51 12 385
51 47 1264
51 66 424
51 37 3489
51 52 801
51 35 3856
51 16 3999
51 60 4721
51 61 4812
51 1 2416
51 63 800
51 45 6029
51 9 1171
51 59 397
51 36 2728
51 42 4425
51 71 2256
51 48 5602
51 25 2674
51 43 634
51 31 2926
51 67 5001
51 15 1874
52 68 3924
52 25 948
52 51 2503
52 73 3134
52 32 416
52 62 1255
52 6 5185
52 35 3155
52 45 3059
52 42 5329
52 60 5173
52 29 5729
52 65 3370
52 17 2868
52 14 3306
52 44 4247
52 59 2776
52 20 3162
52 10 1129
52 54 2891
52 23 1967
52 3 5134
52 15 4224
52 26 6068
52 72 6101
52 53 4888
52 74 5306
52 41 4925
52 56 3308
52 46 2453
52 69 3051
52 49 345
52 48 6190
52 67 2433
52 7 5784
52 8 1545
52 16 5276
52 40 5005
52 4 4829
52 19 2304
52 12 2931
52 33 2942
52 27 3595
52 63 1820
52 11 2867
52 36 62
52 28 1345
52 43 2583
52 24 2115
52 58 6156
52 61 6027
52 30 4042
52 22 604
52 9 5190
52 50 2032
52 70 2892
52 18 5475
52 75 3152
52 47 4653
52 5 1387
52 37 3180
53 9 1640
53 43 3260
53 64 3810
53 75 564
53 56 4842
53 14 5060
53 42 3066
53 47 3581
53 49 5131
53 17 364
53 7 1314
53 69 1900
53 28 2964
53 30 46
53 41 4863
53 13 2535
53 25 2481
53 66 73
53 51 5736
53 61 5560
53 50 1568
53 44 2345
53 29 1639
53 37 831
53 8 687
53 23 1193
53 58 653
53 52 6102
53 67 4711
53 15 3188
53 73 915
53 71 3247
53 10 2346
53 34 5230
53 6 2013
53 5 3007
53 74 3548
53 38 4617
53 59 5196
53 3 2098
53 46 395
53 12 2874
53 60 2793
53 33 3030
53 68 2258
53 54 2001
53 24 5801
53 35 321
53 31 3194
53 1 1654
53 39 3009
53 70 643
53 27 4854
53 32 3952
53 72 4498
53 57 241
53 16 1961
53 21 6015
53 19 1562
53 22 335
53 40 1472
54 58 5507
54 51 4844
54 53 2961
54 37 4796
54 55 785
54 30 1986
54 7 1944
54 2 4679
54 41 157
54 27 4574
54 66 126
54 69 4933
54 39 456
54 5 3055
54 33 3022
54 17 2350
54 62 2479
54 12 3651
54 24 6000
54 61 3811
54 16 5295
54 36 6135
54 29 1506
54 56 5932
54 6 1493
54 72 2889
54 60 2994
54 4 1123
54 74 5264
54 3 4198
54 28 6044
54 45 3573
54 22 3044
54 70 3792
54 19 3128
54 21 2314
54 42 82
54 40 3340
54 52 750
54 59 5218
54 44 1327
54 47 66
54 9 1720
54 18 1500
54 35 6153
54 73 214
54 68 1542
54 48 5625
54 75 5974
54 63 1530
54 15 6032
54 64 3717
54 46 6225
54 71 5854
55 51 5849
55 57 1348
55 72 3031
55 21 1657
55 11 233
55 49 1880
55 17 6277
55 71 3876
55 41 4371
55 65 640
55 6 3714
55 12 2993
55 75 422
55 25 5686
55 37 837
55 4 4737
55 22 3581
55 67 1995
55 26 1625
55 7 326
55 42 5997
55 73 5110
55 50 1600
55 30 3108
55 31 1596
55 35 2408
55 14 1860
55 28 13
55 27 3178
55 43 472
55 68 4346
55 19 4128
55 52 3260
55 29 5203
55 59 4618
55 24 2438
55 40 4422
55 60 2540
55 18 2021
55 36 3772
55 53 3667
55 62 4105
55 48 5900
55 54 1251
55 64 2192
55 3 5995
55 15 3791
55 33 2886
55 38 4435
55 23 5047
55 61 3708
55 39 4971
55 66 5626
55 56 562
55 44 3433
55 20 5573
56 48 871
56 8 5305
56 23 3169
56 44 4634
56 53 1035
56 14 2844
56 39 5398
56 68 1091
56 55 2546
56 62 5995
56 31 5632
56 37 605
56 13 6196
56 58 1700
56 7 3311
56 45 5857
56 47 95
56 29 4257
56 10 3967
56 41 3269
56 34 708
56 60 2719
56 51 3770
56 43 2989
56 12 1794
56 70 1560
56 71 3671
56 30 4380
56 57 5107
56 69 5859
56 52 3979
56 15 3955
56 19 539
56 67 5431
56 73 75
56 46 6074
56 2 5719
56 5 2641
56 75 235
56 61 5373
56 1 4508
56 38 5640
56 16 2333
56 4 3451
56 36 3780
56 42 5848
56 26 4407
56 9 3795
56 74 5936
56 35 861
56 64 1709
56 50 2546
56 20 5140
56 27 2351
56 33 4335
56 28 685
56 25 977
56 17 1432
56 3 3082
57 27 4987
57 49 2336
57 7 2058
57 16 60
57 72 693
57 63 5638
57 75 3251
57 26 5061
57 5 5063
57 69 217
57 36 316
57 2 3384
57 45 262
57 50 1785
57 34 4855
57 10 1023
57 25 5029
57 12 194
57 42 314
57 20 270
57 31 5674
57 59 2998
57 67 1583
57 53 2531
57 37 1174
57 38 1329
57 23 2453
57 29 1273
57 48 994
57 52 2273
57 73 986
57 18 1710
57 6 481
57 54 5864
57 44 2828
57 70 3752
57 40 1313
57 56 1412
57 14 4973
57 65 4662
57 13 6069
57 35 5426
57 3 3848
57 62 1283
57 74 3902
57 47 1519
57 66 1544
57 68 3435
57 58 6239
57 33 1879
57 19 5665
57 55 931
57 71 6253
57 15 6013
57 43 1432
58 35 5571
58 14 1759
58 25 2685
58 8 5416
58 73 336
58 43 3011
58 56 4608
58 37 4428
58 49 4461
58 45 5551
58 31 4724
58 42 3330
58 39 3823
58 18 5980
58 5 3030
58 55 495
58 50 686
58 11 5165
58 17 4630
58 74 2083
58 1 5757
58 13 5997
58 27 1747
58 44 4208
58 4 4518
58 71 4067
58 75 3673
58 57 3549
58 64 3109
58 63 3039
58 61 4769
58 10 4373
58 70 1032
58 21 1944
58 60 1453
58 29 121
58 16 1423
58 59 1533
58 52 5355
58 22 2454
58 68 2135
58 32 3809
58 6 426
58 20 2382
58 65 2094
58 19 330
58 12 3839
58 40 5715
58 53 3695
58 62 3352
58 67 2536
58 48 2381
58 9 1764
58 33 1328
58 3 1119
58 34 1563
58 47 1673
58 38 1355
58 26 524
58 51 4979
59 23 4933
59 26 4884
59 47 4690
59 38 4139
59 66 743
59 11 3578
59 35 2296
59 34 4661
59 7 2672
59 15 3587
59 29 2327
59 27 4795
59 60 5246
59 10 3442
59 12 3125
59 55 1373
59 30 431
59 53 1482
59 70 4282
59 71 3226
59 42 5328
59 48 4530
59 36 5153
59 24 2481
59 45 2271
59 72 1597
59 37 557
59 8 2032
59 49 2271
59 54 3443
59 6 3753
59 4 2585
59 68 1872
59 21 3425
59 73 1717
59 50 2067
59 57 2425
59 41 4375
59 61 2860
59 75 2055
59 52 2868
59 13 2057
59 32 3780
59 18 80
59 14 4817
59 56 428
59 20 931
59 5 3600
59 63 1340
59 33 4847
59 39 2933
59 46 3368
59 51 5724
59 3 1876
59 28 6131
60 52 2286
60 36 443
60 48 101
60 21 1447
60 5 227
60 11 3857
60 59 4477
60 46 6200
60 16 4911
60 32 2301
60 2 5001
60 13 2835
60 3 6171
60 14 2926
60 9 5990
60 47 1781
60 56 4403
60 26 4480
60 22 1411
60 62 390
60 75 2739
60 6 2434
60 30 5190
60 63 1777
60 45 852
60 65 4469
60 12 5437
60 69 4293
60 33 3698
60 49 2990
60 67 132
60 66 344
60 51 5056
60 41 3982
60 17 1213
60 10 796
60 1 3798
60 42 1077
60 50 4078
60 8 2096
60 58 5645
60 25 3473
60 61 1793
60 43 2946
60 40 4732
60 18 1092
60 4 1052
60 57 26
60 44 2612
60 35 5727
60 68 1662
60 55 2973
60 64 5191
60 54 1689
60 72 3466
60 20 3064
61 14 6124
61 23 4118
61 2 4489
61 74 696
61 47 5213
61 54 2149
61 38 5773
61 9 4111
61 49 5800
61 11 1736
61 25 2037
61 31 1466
61 45 1431
61 58 3156
61 18 1731
61 6 4611
61 17 6039
61 30 5487
61 35 2812
61 72 5854
61 62 3593
61 44 4933
61 22 2362
61 37 2073
61 5 3227
61 65 2517
61 67 585
61 15 2745
61 56 4575
61 59 5313
61 50 4681
61 40 1170
61 60 6001
61 27 303
61 51 5842
61 41 1932
61 7 3991
61 55 5462
61 64 1060
61 21 231
61 20 2830
61 34 2770
61 4 270
61 8 4469
61 19 292
61 36 3148
61 3 1719
61 68 5864
61 48 5836
61 42 5621
61 53 4420
61 75 5463
61 26 291
61 43 991
61 52 2169
61 33 3707
62 15 4406
62 46 5710
62 59 1294
62 54 4970
62 25 6172
62 68 1179
62 51 3114
62 69 2951
62 6 2330
62 55 6237
62 39 1727
62 16 3237
62 37 4461
62 50 1593
62 7 1905
62 32 4125
62 52 3500
62 49 3355
62 14 1301
62 24 4682
62 33 4843
62 66 2373
62 65 6204
62 61 2515
62 60 4137
62 2 4261
62 72 488
62 8 6287
62 21 4814
62 67 5654
62 48 2769
62 31 3588
62 63 1659
62 12 1548
62 3 5403
62 11 4342
62 29 1782
62 20 4334
62 75 4976
62 56 4010
62 53 5282
62 27 4725
62 71 4855
62 41 1561
62 19 4671
62 35 1198
62 30 4871
62 45 5043
62 58 605
62 42 4524
62 26 2280
62 22 5561
62 44 1504
62 10 533
62 57 6078
62 13 567
63 13 4012
63 42 493
63 51 2815
63 75 1326
63 41 3305
63 46 2502
63 44 4345
63 11 2775
63 50 757
63 38 84
63 18 1103
63 1 3406
63 33 3353
63 36 1182
63 73 5898
63 4 4092
63 47 4557
63 45 1989
63 34 4634
63 43 3928
63 35 5842
63 61 5474
63 49 3784
63 40 3620
63 32 2694
63 9 1882
63 66 942
63 28 3539
63 52 2691
63 57 1785
63 31 5531
63 5 4251
63 21 4638
63 24 4362
63 23 3650
63 70 1190
63 58 68
63 48 3943
63 27 5793
63 62 4441
63 3 5084
63 12 6012
63 60 975
63 25 5775
63 71 6277
63 37 3847
63 54 1965
63 26 1118
63 22 3357
63 74 5403
63 68 3575
63 56 1560
63 69 4569
63 53 5747
63 8 3152
63 59 3372
63 7 2516
63 29 5069
63 55 4082
63 19 2799
64 7 4885
64 13 2681
64 28 402
64 41 3572
64 59 739
64 54 3003
64 21 3890
64 66 3017
64 34 2620
64 69 783
64 43 5030
64 44 2692
64 52 4044
64 8 1323
64 39 1577
64 2 856
64 32 2348
64 56 5798
64 37 3837
64 15 1158
64 27 3693
64 3 780
64 24 2064
64 22 5477
64 29 5657
64 47 4755
64 57 3160
64 73 4026
64 74 5514
64 61 130
64 55 5228
64 14 5236
64 23 4561
64 51 4824
64 53 6041
64 62 3099
64 49 956
64 6 1386
64 40 5115
64 72 2790
64 19 4264
64 65 2938
64 75 1160
64 18 2390
64 67 1168
64 68 3706
64 46 5849
64 20 3366
64 50 931
64 26 3281
64 58 4111
64 63 445
64 36 949
64 1 2440
64 17 6001
64 12 5799
64 48 4719
64 31 4304
64 38 1844
65 59 3832
65 18 1414
65 8 5636
65 20 4220
65 24 1524
65 48 1444
65 53 3816
65 46 6249
65 67 5220
65 16 4977
65 25 333
65 51 1427
65 7 190
65 39 3681
65 61 1351
65 11 5701
65 21 4679
65 57 2118
65 68 2444
65 5 846
65 28 6246
65 34 1717
65 13 4564
65 72 5985
65 49 4557
65 54 3219
65 1 5054
65 43 6096
65 66 2628
65 4 4209
65 15 970
65 6 3184
65 30 2802
65 75 3172
65 42 5729
65 27 1071
65 19 360
65 3 5080
65 29 2557
65 62 5023
65 38 2068
65 58 1640
65 70 2073
65 37 3164
65 36 1521
65 2 5682
65 63 2993
65 60 391
65 50 912
65 74 5642
65 71 4573
65 52 2444
65 55 5676
65 40 4807
65 9 356
65 44 2009
65 31 2125
66 74 2332
66 48 2155
66 50 4169
66 17 2379
66 26 3073
66 15 3065
66 22 628
66 28 6061
66 41 5174
66 12 4665
66 10 1141
66 54 4895
66 7 1556
66 31 2911
66 9 3953
66 75 2316
66 24 3750
66 20 4561
66 14 3058
66 11 5513
66 65 5325
66 44 5643
66 56 2579
66 59 1499
66 58 4731
66 69 5262
66 19 515
66 46 4816
66 73 3614
66 60 217
66 2 3108
66 4 4548
66 40 5452
66 36 4691
66 51 2295
66 33 3841
66 67 3843
66 8 6176
66 35 3495
66 39 2878
66 21 2366
66 37 5462
66 53 5457
66 38 5344
66 52 2188
66 55 3734
66 68 2684
66 27 6194
66 18 4598
66 34 1862
66 43 2944
66 72 372
66 23 5100
66 5 5123
66 13 3423
66 57 775
66 29 375
67 47 2098
67 22 4422
67 69 4145
67 66 6184
67 48 6097
67 8 105
67 63 1937
67 17 5380
67 18 2592
67 12 5975
67 7 4836
67 31 2773
67 13 4333
67 45 3287
67 56 134
67 9 3288
67 43 929
67 23 1731
67 37 1209
67 57 2987
67 62 140
67 41 5950
67 65 606
67 16 519
67 39 3386
67 33 1076
67 61 2033
67 40 1947
67 15 888
67 52 5096
67 46 953
67 55 2115
67 64 1693
67 49 1294
67 14 2501
67 6 5694
67 25 1677
67 73 2688
67 2 4811
67 30 3376
67 20 4550
67 59 794
67 3 1250
67 74 784
67 54 400
67 36 251
67 19 4473
67 68 3607
68 50 3812
68 26 4702
68 41 5408
68 49 2079
68 2 1710
68 53 200
68 60 3039
68 9 2583
68 62 4679
68 45 5341
68 63 3109
68 65 3337
68 54 4183
68 64 2166
68 28 2934
68 11 791
68 5 5681
68 15 3123
68 40 4821
68 71 369
68 38 454
68 6 4139
68 47 2852
68 25 2326
68 75 4931
68 16 4279
68 34 5459
68 39 6284
68 51 534
68 27 6069
68 37 18
68 3 3469
68 44 2048
68 18 4419
68 74 4181
68 52 673
68 46 999
68 43 66
68 48 1083
68 33 3404
68 35 5074
68 19 4998
68 31 1716
68 21 10
68 14 5843
68 42 4146
68 36 4416
68 61 207
68 22 2075
68 70 3581
68 17 5540
68 57 5477
68 59 1764
69 9 4474
69 73 5220
69 49 709
69 58 910
69 26 238
69 37 3301
69 34 2383
69 68 4825
69 23 1744
69 66 5700
69 67 3662
69 31 1985
69 10 5385
69 20 2944
69 13 1817
69 51 2910
69 21 1368
69 15 5833
69 54 3614
69 70 5404
69 59 1219
69 16 5802
69 72 72
69 30 2569
69 55 1818
69 64 3217
69 25 4545
69 12 933
69 50 5068
69 7 5358
69 41 2950
69 24 561
69 35 3219
69 60 3118
69 39 6104
69 65 1964
69 6 3233
69 32 1472
69 27 1699
69 46 1677
69 22 5515
69 57 1774
69 29 5635
69 56 4309
69 45 659
69 36 123
69 52 3047
70 39 3321
70 16 6166
70 18 3497
70 22 2375
70 52 2358
70 50 4090
70 43 4506
70 45 1720
70 51 2905
70 61 2435
70 57 1458
70 7 2603
70 59 3297
70 35 4314
70 24 2051
70 63 1215
70 58 3114
70 23 2361
70 34 5596
70 46 4598
70 10 4006
70 21 4929
70 47 3980
70 32 5549
70 15 1206
70 53 5553
70 49 2154
70 74 1723
70 3 1253
70 11 4174
70 29 3914
70 55 4479
70 42 5191
70 37 565
70 1 1842
70 13 5399
70 56 2152
70 28 4855
70 26 4232
70 68 5120
70 64 5307
70 73 3141
70 27 926
70 30 4179
70 20 5973
70 71 5565
70 19 1774
70 2 5537
70 4 3514
70 65 4106
70 48 767
70 17 2041
70 75 4091
70 31 371
70 6 3883
70 67 2113
70 66 4982
70 41 3382
70 5 168
71 66 936
71 61 5455
71 10 4544
71 52 2037
71 69 3261
71 58 6142
71 17 3014
71 6 2802
71 56 1053
71 65 5057
71 67 5957
71 62 5349
71 60 2730
71 27 321
71 15 1217
71 2 487
71 48 3403
71 57 6254
71 23 5481
71 25 3048
71 12 6083
71 47 1031
71 38 5426
71 20 3502
71 18 3369
71 49 2968
71 30 4222
71 35 5793
71 36 5203
71 74 1651
71 63 1540
71 7 331
71 34 5023
71 43 2667
71 45 4610
71 4 2493
71 31 605
71 42 6138
71 32 5932
71 3 6189
71 24 3068
71 75 4578
71 73 4033
71 54 3526
71 40 3548
71 29 4403
71 64 1417
71 50 1655
71 16 5740
71 9 4515
71 11 4511
71 33 5775
71 21 2035
71 41 3720
72 26 2480
72 62 3926
72 51 3623
72 31 1549
72 2 1530
72 15 5910
72 53 4501
72 8 6234
72 46 660
72 19 4064
72 52 3155
72 14 3070
72 54 4401
72 25 5946
72 35 5797
72 49 6064
72 57 6217
72 17 816
72 68 4312
72 20 1741
72 63 4091
72 10 5403
72 59 5664
72 4 3629
72 47 6298
72 36 4149
72 23 5638
72 70 4363
72 29 6062
72 55 1835
72 9 5082
72 22 462
72 13 5550
72 45 4340
72 28 1194
72 3 545
72 7 880
72 40 6085
72 24 1052
72 21 2178
72 32 6299
72 71 3442
72 33 4275
72 75 4672
72 58 3113
72 44 534
72 6 4293
72 48 1159
72 39 4387
72 5 2581
72 74 5941
72 61 1267
72 34 3433
72 27 3857
72 60 1713
72 42 5375
72 66 2249
73 5 2747
73 64 5047
73 28 2679
73 6 2313
73 2 5074
73 53 5979
73 74 571
73 41 3956
73 49 4635
73 57 2160
73 70 91
73 11 4303
73 34 1186
73 31 4722
73 66 178
73 60 3908
73 12 2999
73 50 5593
73 59 4387
73 75 3447
73 42 6080
73 1 4355
73 48 1754
73 19 1716
73 23 1226
73 61 557
73 69 3153
73 29 990
73 4 4796
73 8 1023
73 21 5812
73 45 4240
73 3 562
73 40 6163
73 22 3529
73 18 3029
73 20 869
73 55 1589
73 56 5342
73 43 806
73 71 4100
73 65 3635
73 10 4704
73 63 6161
73 33 6175
73 24 1123
73 26 4801
73 13 4833
73 17 2720
73 7 771
73 54 5548
73 72 3955
73 15 4554
73 36 4679
74 32 4404
74 34 289
74 57 3244
74 35 1703
74 36 5567
74 7 2818
74 2 3142
74 18 3617
74 61 4478
74 40 877
74 41 2128
74 62 4461
74 27 3387
74 22 5979
74 48 1069
74 69 4786
74 25 4253
74 14 476
74 24 1068
74 53 5720
74 29 2796
74 70 2066
74 38 4743
74 3 1199
74 52 4146
74 73 4292
74 58 2635
74 68 3125
74 71 4370
74 8 5210
74 44 3374
74 11 3315
74 1 5087
74 43 2907
74 50 1134
74 5 3362
74 39 5328
74 21 3904
74 75 3609
74 67 5987
74 16 1361
74 72 2188
74 10 3288
74 30 5176
74 12 3113
74 47 6035
74 4 5862
74 60 899
74 45 2588
74 49 1523
74 42 134
74 59 6179
74 26 2920
74 55 2215
74 31 4729
74 17 4778
74 15 5385
74 33 5161
74 56 4598
75 17 200
75 3 4515
75 22 4140
75 35 1204
75 9 4014
75 10 967
75 7 4148
75 41 3983
75 14 1409
75 40 470
75 54 1790
75 38 1762
75 28 1980
75 48 5121
75 31 1028
75 20 2891
75 72 3360
75 46 2029
75 6 1993
75 26 1042
75 63 119
75 49 2426
75 64 3178
75 52 1351
75 21 4347
75 73 1386
75 55 68
75 29 6236
75 51 4543
75 69 2598
75 2 2700
75 5 2858
75 47 2447
75 50 5114
75 1 5287
75 59 4807
75 60 140
75 53 100
75 56 4235
75 16 185
75 12 5476
75 34 1436
75 19 289
75 18 757
75 67 5187
75 44 2970
75 32 2185
75 45 2041
75 65 2708
75 58 3519
75 74 3328
75 37 3163
75 66 516
75 24 5200
75 4 3782
75 33 4972
75 62 5860
75 13 2818
