75 4200
1 22 3275
1 56 2947
1 43 5647
1 4 2775
1 27 2522
1 29 1945
1 49 1211
1 58 3737
1 48 5300
1 17 4105
1 36 4306
1 44 1292
1 42 181
1 41 4166
1 52 56
1 53 329
1 46 2573
1 54 3628
1 67 3429
1 37 1576
1 18 123
1 68 1413
1 30 3377
1 70 1695
1 62 4579
1 57 266
1 15 5378
1 32 5215
1 26 3786
1 39 5668
1 3 3855
1 74 672
1 45 5081
1 73 1984
1 25 750
1 7 6288
1 13 3683
1 61 4204
1 10 4216
1 66 5716
1 28 4473
1 9 2959
1 24 6227
1 71 1
1 50 2282
1 20 131
1 55 1651
1 2 1206
1 11 2199
1 31 6097
1 14 3018
1 40 1926
1 75 3394
1 64 1809
1 72 410
1 59 3491
1 6 3658
1 12 2110
1 16 50
2 24 2025
2 71 858
2 40 6026
2 38 3878
2 42 1490
2 32 6282
2 50 6074
2 58 5237
2 55 3408
2 61 5943
2 33 389
2 54 3329
2 43 2443
2 39 5906
2 70 5515
2 74 3259
2 45 2415
2 73 5557
2 14 3256
2 67 4836
2 31 6240
2 29 4267
2 62 729
2 21 4011
2 63 4750
2 53 5527
2 49 5115
2 8 388
2 11 845
2 18 5897
2 9 1501
2 19 6286
2 30 2446
2 3 1161
2 22 6105
2 4 823
2 51 3303
2 65 1707
2 6 746
2 27 390
2 15 1047
2 16 3802
2 60 2384
2 7 731
2 28 5981
2 10 310
2 47 1906
2 25 115
2 41 176
2 13 5035
2 46 2917
2 20 4634
2 23 1248
2 72 2928
2 69 2973
2 5 2727
2 36 3952
2 35 640
2 57 5461
2 64 5787
3 64 3083
3 21 5992
3 53 2286
3 47 4586
3 57 3196
3 59 1743
3 41 4748
3 69 5011
3 56 1882
3 55 6026
3 50 1021
3 18 1471
3 24 2386
3 1 1370
3 72 1914
3 23 1720
3 28 5863
3 4 3149
3 66 4887
3 10 1010
3 27 1454
3 14 2028
3 37 6039
3 30 3297
3 58 3242
3 8 4249
3 52 1679
3 13 656
3 35 5703
3 65 5276
3 61 988
3 45 4908
3 20 3917
3 49 3971
3 22 558
3 33 2371
3 2 2905
3 44 4279
3 17 3875
3 39 443
3 15 1717
3 36 1905
3 43 297
3 73 4515
3 12 3143
3 40 5602
3 32 2768
3 54 5190
3 75 3418
3 70 2345
3 11 5679
3 42 748
3 67 1422
4 68 4214
4 2 5085
4 36 4836
4 63 4204
4 41 192
4 26 2328
4 59 4797
4 60 4867
4 37 186
4 46 4339
4 54 5680
4 34 2783
4 70 4146
4 25 4062
4 52 1150
4 10 5542
4 16 4481
4 65 4555
4 75 4148
4 39 2932
4 57 1338
4 8 3646
4 31 2545
4 24 2271
4 17 2405
4 11 4067
4 44 3194
4 38 1495
4 40 3697
4 50 3864
4 14 1607
4 33 275
4 28 5368
4 1 3391
4 30 2957
4 7 5110
4 18 2558
4 53 4971
4 55 697
4 9 2253
4 73 2915
4 61 5080
4 42 4674
4 6 3277
4 48 2689
4 29 3328
4 47 184
4 27 719
4 64 5102
4 3 4815
4 67 5756
4 22 5179
4 15 4590
4 69 5208
4 12 2708
4 20 3438
4 43 2497
4 35 842
4 19 2986
4 51 2009
5 47 4443
5 55 1106
5 66 5109
5 45 5243
5 74 228
5 22 3863
5 15 4064
5 6 1043
5 73 864
5 63 1242
5 65 2408
5 43 5556
5 44 2144
5 31 904
5 24 5102
5 67 898
5 52 1178
5 72 6178
5 59 1884
5 13 6113
5 14 2508
5 42 3637
5 71 1646
5 58 1249
5 50 766
5 12 4942
5 75 4393
5 53 4833
5 32 1744
5 2 617
5 23 5414
5 30 2207
5 40 4051
5 56 5686
5 62 2589
5 61 5368
5 25 2847
5 26 5249
5 69 1752
5 20 5731
5 33 4465
5 64 3424
5 48 5339
5 16 4859
5 35 3699
5 49 2792
5 29 718
5 60 2230
5 38 4465
5 34 5440
5 17 4238
5 8 4557
5 46 3447
5 54 2809
5 41 5131
6 52 2623
6 71 3949
6 13 3510
6 4 1215
6 3 2678
6 12 6174
6 38 5031
6 68 1290
6 21 4830
6 55 5642
6 35 1871
6 34 2491
6 31 5607
6 53 3999
6 45 450
6 46 417
6 16 1540
6 41 1999
6 40 2237
6 60 2589
6 59 4826
6 36 373
6 73 1662
6 29 1225
6 28 5457
6 48 1990
6 50 4562
6 30 5829
6 33 5276
6 23 1262
6 7 912
6 63 418
6 42 3380
6 10 2109
6 64 106
6 8 2716
6 65 3488
6 47 1746
6 69 3212
6 56 1820
6 20 3683
6 32 5966
6 57 675
6 1 6099
6 49 4246
6 26 387
6 11 536
6 70 2581
6 51 2622
6 58 1843
6 39 4520
6 27 6288
6 9 4228
6 2 5636
6 72 5267
7 49 3938
7 45 106
7 71 4049
7 26 471
7 62 6124
7 72 5044
7 29 5466
7 48 1390
7 24 2482
7 43 2992
7 40 3973
7 4 4786
7 10 696
7 64 5206
7 28 5050
7 14 2193
7 16 5277
7 2 1399
7 63 6001
7 35 2706
7 6 3645
7 19 928
7 60 2042
7 67 5268
7 20 3430
7 75 4174
7 39 3398
7 38 1175
7 65 1512
7 17 4450
7 56 2079
7 13 280
7 47 5295
7 54 3024
7 44 4638
7 34 532
7 58 2691
7 68 4313
7 21 745
7 51 1899
7 1 5079
7 12 3332
7 18 2869
7 36 1287
7 31 5411
7 37 2436
7 52 1375
7 46 299
7 15 4240
8 29 3799
8 52 1124
8 69 3944
8 36 5551
8 58 2045
8 61 6057
8 67 6189
8 54 5652
8 4 3011
8 3 392
8 75 4393
8 74 1063
8 64 4571
8 56 4477
8 13 2382
8 26 1279
8 24 3157
8 38 4013
8 70 874
8 5 2806
8 31 2460
8 72 5418
8 19 1416
8 34 1365
8 9 2637
8 73 3188
8 14 2035
8 37 1119
8 62 2257
8 7 6206
8 42 5979
8 68 5725
8 66 4674
8 40 5288
8 28 5499
8 48 5936
8 57 1431
8 27 4506
8 6 33
8 60 4345
8 11 3953
8 44 5346
8 47 5275
8 35 4048
8 32 2465
8 17 2257
8 49 5737
8 30 5209
8 55 5078
8 15 3880
8 53 972
8 45 5552
8 18 4575
8 25 5374
8 46 416
8 51 2104
8 43 1331
8 21 3440
9 8 56
9 59 6261
9 26 660
9 16 2180
9 42 6117
9 47 5674
9 56 5092
9 7 332
9 29 2295
9 35 1574
9 39 131
9 58 4871
9 69 2456
9 23 519
9 32 5771
9 57 3192
9 17 1718
9 30 2315
9 49 4673
9 65 6043
9 25 4677
9 21 3448
9 55 3193
9 33 3192
9 14 2418
9 22 680
9 51 5619
9 64 3376
9 13 464
9 5 777
9 3 4279
9 36 3061
9 70 1770
9 71 2084
9 66 2454
9 15 4364
9 20 2078
9 45 3326
9 19 5313
9 18 774
9 63 6117
9 74 218
9 68 2205
9 43 3435
9 31 4096
9 73 3979
9 48 5391
9 11 5865
9 44 2033
9 50 3545
10 57 4789
10 65 2495
10 52 6091
10 75 5310
10 13 817
10 24 5643
10 30 1810
10 16 1255
10 55 355
10 66 2513
10 60 3737
10 9 3257
10 14 5610
10 2 5937
10 8 895
10 22 5359
10 42 3988
10 32 241
10 7 1373
10 23 5651
10 36 6282
10 61 3161
10 71 3803
10 6 2977
10 49 212
10 58 839
10 4 957
10 5 126
10 73 6200
10 12 3652
10 50 4474
10 69 1
10 39 3851
10 62 2201
10 19 3703
10 37 1394
10 53 2545
10 28 233
10 31 6154
10 54 2232
10 33 4916
10 41 1878
10 18 1083
10 59 3519
10 47 340
10 17 4532
10 72 4183
10 68 2780
10 25 1681
10 3 4001
10 67 401
10 11 2274
11 34 1202
11 57 302
11 3 118
11 56 5458
11 21 3069
11 18 3306
11 47 3738
11 29 4352
11 50 5918
11 42 2674
11 12 2080
11 23 162
11 66 5754
11 48 5054
11 36 2788
11 19 4608
11 53 419
11 72 700
11 17 5454
11 39 5282
11 7 3783
11 30 5549
11 67 3704
11 5 2319
11 55 5805
11 58 5314
11 74 3403
11 10 3076
11 4 3522
11 33 2984
11 15 5793
11 41 5310
11 20 2461
11 73 179
11 2 3261
11 71 4863
11 32 3081
11 40 5731
11 60 657
11 25 5220
11 44 2234
11 68 4534
11 49 1704
11 1 4052
11 52 2932
11 28 3210
11 59 143
11 24 4774
11 70 1343
11 75 3016
11 9 2798
11 14 6260
11 61 4756
11 22 2845
11 54 4984
11 16 2175
11 43 3747
11 13 3169
11 62 6062
11 6 4825
11 65 3630
12 27 926
12 8 3745
12 68 5957
12 65 4301
12 26 2994
12 23 5711
12 38 5162
12 11 5737
12 62 4600
12 64 4786
12 18 808
12 5 1609
12 51 3624
12 36 2917
12 70 1496
12 54 2509
12 16 2195
12 31 3903
12 6 3355
12 40 2481
12 24 5368
12 32 3236
12 71 4664
12 19 1714
12 41 306
12 34 5775
12 66 5846
12 39 1529
12 48 5549
12 3 2757
12 42 6178
12 49 5222
12 14 4482
12 35 4035
12 20 1438
12 44 3678
12 46 2040
12 53 2296
12 69 2725
12 55 901
12 52 4655
12 30 1124
12 50 980
12 60 868
12 15 3208
12 47 2981
12 4 6099
12 75 1915
12 7 577
12 58 3232
12 59 3733
12 72 6135
12 67 3540
12 63 3587
12 28 1189
12 37 3366
13 32 5876
13 31 2759
13 33 4749
13 28 2769
13 66 732
13 9 2766
13 54 3836
13 49 6052
13 37 3937
13 51 4152
13 17 626
13 43 2795
13 61 6264
13 67 3938
13 65 4979
13 2 4378
13 19 4926
13 56 3974
13 30 5570
13 59 4805
13 35 5090
13 44 2324
13 4 5661
13 3 5484
13 71 291
13 40 1855
13 52 947
13 21 454
13 18 4088
13 22 6260
13 26 4541
13 38 3489
13 29 5735
13 25 1003
13 74 270
13 60 4160
13 23 2909
13 58 509
13 73 984
13 68 2345
13 41 319
13 69 188
13 10 5250
13 64 2856
13 7 4692
13 27 4006
13 8 3763
13 46 2416
13 45 792
13 53 1492
13 50 4707
13 48 4878
13 34 4352
13 1 5627
14 54 2563
14 9 2652
14 61 182
14 28 264
14 24 2467
14 8 3619
14 13 3305
14 18 2383
14 41 840
14 11 4241
14 65 3449
14 30 4743
14 22 2354
14 37 4119
14 15 1836
14 34 679
14 52 4448
14 50 3921
14 35 3019
14 36 2952
14 62 2875
14 74 2660
14 19 920
14 70 5164
14 72 5266
14 49 1375
14 71 2046
14 21 3880
14 39 2504
14 10 363
14 3 2264
14 45 1306
14 25 6025
14 4 2585
14 57 4141
14 64 5152
14 12 5653
14 68 3861
14 48 5001
14 38 2176
14 55 1053
14 5 1144
14 1 3812
14 20 4038
14 16 2822
14 56 4026
14 67 4050
14 26 3811
14 40 3476
14 73 4123
14 63 3132
14 17 5847
14 66 5746
14 31 3166
14 58 3387
14 75 1679
14 2 636
14 69 6056
14 42 975
15 19 4752
15 62 5389
15 22 5440
15 25 498
15 33 6208
15 39 680
15 23 81
15 57 1332
15 58 3603
15 70 3232
15 5 4459
15 72 5143
15 64 165
15 7 4590
15 6 442
15 55 6091
15 61 1533
15 52 1883
15 34 1693
15 75 4862
15 40 3730
15 73 3977
15 3 2261
15 41 6281
15 4 3492
15 74 4137
15 38 5052
15 44 2297
15 54 5699
15 2 3605
15 68 3059
15 45 766
15 65 75
15 32 567
15 30 4865
15 67 3113
15 31 4668
15 20 5126
15 10 2319
15 9 1713
15 46 5308
15 28 4755
15 18 1125
15 11 303
15 49 2088
15 17 2704
15 27 2953
15 12 5643
15 56 4373
15 14 4868
15 8 3706
15 24 5564
15 26 4546
15 59 3295
15 37 3949
15 47 3206
15 51 3662
15 16 4902
15 50 5538
16 70 3368
16 62 605
16 56 305
16 43 4545
16 59 1859
16 4 6188
16 40 1611
16 32 2779
16 10 5026
16 63 4635
16 74 4163
16 27 4712
16 11 4315
16 66 782
16 41 5443
16 57 1884
16 68 1788
16 38 3253
16 48 5064
16 75 1291
16 47 1202
16 12 3119
16 37 1460
16 9 4887
16 15 3882
16 7 3611
16 54 1220
16 42 4545
16 53 2378
16 18 2526
16 31 5125
16 33 167
16 67 5058
16 36 301
16 6 3
16 58 2132
16 34 3842
16 71 5346
16 26 586
16 22 3182
16 55 4539
16 23 5663
16 20 5889
16 44 1739
16 14 78
16 52 4589
16 49 2418
16 28 730
16 3 5744
16 64 1967
16 73 1356
16 17 253
16 29 1158
16 61 1467
16 8 1836
16 45 3572
17 8 885
17 44 4359
17 50 1790
17 51 1190
17 52 2777
17 71 2521
17 15 3823
17 75 5795
17 59 2182
17 45 5598
17 9 4942
17 16 4035
17 14 1546
17 39 2442
17 42 5566
17 73 1751
17 1 6298
17 30 413
17 58 3538
17 68 1162
17 22 2199
17 35 3046
17 26 2646
17 2 1686
17 29 1499
17 12 4687
17 62 663
17 27 1547
17 28 1388
17 48 4649
17 57 3084
17 21 5840
17 36 5411
17 32 1620
17 49 2362
17 11 5021
17 20 492
17 53 4094
17 7 5363
17 25 6171
17 46 2241
17 56 6051
17 38 5784
17 41 6117
17 3 2548
17 55 3549
17 67 5122
17 5 416
17 33 6232
17 61 304
17 69 2703
17 63 3331
17 72 4653
17 60 5785
18 48 3386
18 7 5244
18 10 3075
18 51 915
18 45 2790
18 24 4323
18 21 1099
18 2 6008
18 12 4695
18 70 4081
18 13 3699
18 42 1129
18 61 43
18 52 5433
18 31 1039
18 53 3063
18 73 2845
18 75 4488
18 56 1551
18 39 3384
18 5 4225
18 1 1925
18 41 2935
18 64 653
18 25 4601
18 49 3830
18 3 4695
18 55 4417
18 19 473
18 67 3870
18 30 5551
18 37 4831
18 35 1831
18 57 4976
18 74 6171
18 65 2952
18 8 5023
18 43 4330
18 33 4068
18 63 4955
18 14 1251
18 71 5697
18 32 2557
18 9 412
18 72 1431
18 40 1417
18 16 164
18 28 5943
18 15 3788
18 68 1526
19 65 6096
19 5 4053
19 14 596
19 20 5673
19 21 3425
19 31 4018
19 69 5192
19 8 5475
19 2 4611
19 28 735
19 29 5434
19 55 1479
19 42 1221
19 56 3989
19 53 2101
19 6 2699
19 43 991
19 73 3727
19 33 5137
19 38 5499
19 17 4244
19 48 144
19 50 4194
19 63 5193
19 9 3049
19 45 2862
19 13 4071
19 70 1999
19 35 4462
19 37 3057
19 26 3224
19 12 4939
19 57 4359
19 72 3630
19 40 4396
19 58 5721
19 15 924
19 34 4223
19 51 3392
19 10 5713
19 36 810
19 24 461
19 60 4854
19 74 371
19 30 1841
19 75 1718
19 71 3788
19 59 2960
19 7 2151
19 32 1888
19 22 4506
19 23 687
19 52 3966
19 44 2243
19 27 5492
19 49 4480
20 3 3588
20 13 3487
20 1 1294
20 59 464
20 70 3039
20 56 542
20 18 1332
20 64 5871
20 47 990
20 19 552
20 73 4467
20 63 3692
20 37 2548
20 27 1065
20 24 3626
20 14 3925
20 21 1516
20 9 553
20 16 3057
20 40 1726
20 42 3313
20 52 6129
20 48 4812
20 43 4678
20 15 3661
20 74 5844
20 22 4062
20 65 1353
20 4 1
20 8 58
20 7 2888
20 5 1324
20 35 1048
20 62 3373
20 69 4257
20 25 4036
20 10 3269
20 34 513
20 31 3394
20 46 3840
20 41 3547
20 11 5329
20 39 962
20 55 5550
20 23 5100
20 60 4620
20 29 410
20 2 4580
20 45 5142
20 53 2779
20 32 40
20 49 4997
20 30 4615
20 58 5335
20 68 1800
20 33 2831
20 54 2967
20 44 2792
20 71 1142
20 66 5372
20 72 3324
21 26 6231
21 40 5602
21 62 5194
21 39 5762
21 45 2623
21 49 503
21 33 3289
21 47 512
21 70 919
21 56 1336
21 11 3869
21 66 2397
21 57 2634
21 6 2684
21 75 6250
21 37 6057
21 67 3410
21 58 2423
21 7 5583
21 2 3065
21 8 1770
21 42 169
21 3 4905
21 16 1663
21 34 1737
21 74 4321
21 48 1949
21 25 4849
21 24 4311
21 43 2076
21 63 2165
21 60 4082
21 20 6287
21 69 6178
21 4 4720
21 18 326
21 65 3156
21 27 2251
21 5 5451
21 19 2927
21 64 2379
21 68 2413
21 35 9
21 23 1448
21 44 3326
21 61 2151
21 55 2730
21 46 69
21 17 1055
21 15 2056
21 72 4079
21 30 3187
21 36 1858
21 53 5009
21 51 3368
21 29 5402
21 38 3051
21 54 3164
22 65 4160
22 8 5625
22 43 1457
22 9 236
22 5 4310
22 72 1872
22 61 332
22 37 6112
22 15 3057
22 16 4104
22 17 5713
22 52 2599
22 18 449
22 48 4115
22 58 6279
22 40 1614
22 53 1955
22 50 2720
22 25 2843
22 60 418
22 4 6044
22 69 4260
22 24 3715
22 20 1926
22 57 864
22 55 809
22 34 4841
22 13 854
22 26 2855
22 33 5719
22 56 744
22 39 3014
22 47 5539
22 71 4835
22 63 5733
22 67 4350
22 41 3084
22 19 5003
22 64 2966
22 54 1740
22 59 960
22 38 1869
22 1 3570
22 68 2933
22 36 5831
22 49 3916
22 23 1630
22 70 4688
22 12 801
22 29 5976
22 14 1985
22 62 3176
22 3 3934
22 30 915
22 46 4042
23 58 6297
23 25 3026
23 34 5975
23 54 1966
23 63 5710
23 56 5452
23 31 1987
23 38 2486
23 49 4893
23 52 1909
23 37 4632
23 2 3303
23 26 2843
23 65 3128
23 12 5517
23 10 257
23 32 3307
23 3 923
23 5 592
23 16 3905
23 9 2223
23 30 5196
23 40 4174
23 22 4286
23 13 3179
23 33 4674
23 57 570
23 47 1895
23 45 3938
23 55 954
23 36 3836
23 20 3258
23 17 3294
23 7 2416
23 44 754
23 6 4908
23 62 3143
23 60 6056
23 69 4074
23 64 4583
23 8 4481
23 19 5879
23 15 2337
23 21 348
23 29 182
23 41 5353
23 66 1692
23 43 3859
23 72 3513
23 1 1740
23 74 701
23 11 6254
23 67 583
23 39 5902
24 27 1623
24 43 6026
24 28 1677
24 22 2871
24 10 2971
24 53 1322
24 20 2551
24 30 2964
24 35 4086
24 66 4973
24 21 3736
24 33 909
24 64 4045
24 32 4336
24 2 2143
24 62 1888
24 26 69
24 23 3681
24 75 512
24 63 4774
24 13 5501
24 1 6017
24 74 4241
24 9 1002
24 15 3328
24 50 2825
24 18 4181
24 25 1974
24 29 301
24 4 1315
24 7 1210
24 36 536
24 41 5004
24 61 5452
24 39 2472
24 55 5240
24 42 635
24 17 2947
24 45 2784
24 52 760
24 49 2001
24 51 123
24 44 4059
24 69 5316
24 37 1119
24 47 4030
24 8 5887
24 60 3233
24 34 4942
24 48 4989
24 56 3537
24 59 1330
24 73 3684
24 72 5316
24 11 135
24 19 3431
24 40 624
24 58 8
24 6 1647
25 36 5932
25 22 4929
25 58 2397
25 11 1424
25 57 5606
25 67 4454
25 34 4407
25 26 245
25 70 1041
25 42 4225
25 23 4906
25 48 912
25 24 708
25 20 6273
25 16 1817
25 12 642
25 2 3685
25 15 5547
25 52 5976
25 35 3198
25 8 3222
25 56 3086
25 41 1026
25 31 67
25 9 954
25 38 683
25 50 4778
25 55 1857
25 14 522
25 74 1682
25 17 6073
25 6 1919
25 4 4275
25 1 1130
25 33 3407
25 49 1319
25 66 4065
25 63 126
25 37 4445
25 43 6016
25 39 909
25 71 256
25 75 1238
25 61 261
25 19 2019
25 5 1810
25 46 3304
25 29 2498
25 32 1786
25 60 1596
25 47 4939
25 68 249
25 72 1014
25 51 378
26 51 5738
26 10 5970
26 39 2644
26 68 991
26 14 3296
26 54 4877
26 71 4236
26 72 5718
26 62 2744
26 73 879
26 7 2343
26 38 5485
26 27 3675
26 19 1350
26 74 1730
26 52 280
26 33 3180
26 58 4090
26 3 1915
26 64 5323
26 28 3954
26 35 5640
26 37 2935
26 46 1911
26 23 4518
26 70 3221
26 21 1805
26 22 5293
26 75 2006
26 69 3067
26 2 861
26 20 5682
26 9 5834
26 17 2630
26 57 1987
26 42 2523
26 24 652
26 4 3245
26 53 372
26 32 5775
26 48 4025
26 49 3780
26 56 3913
26 1 3679
26 34 5815
26 50 2722
26 45 2489
26 67 4487
26 36 3601
26 13 2860
26 11 1081
26 6 4909
26 16 3476
26 44 1588
26 29 3756
26 47 3139
26 12 1402
26 61 1833
26 30 533
27 75 3130
27 32 1116
27 55 1657
27 68 1280
27 59 4937
27 21 3327
27 41 3443
27 45 3811
27 18 3470
27 39 1704
27 31 3858
27 4 4077
27 23 5389
27 62 5883
27 1 1236
27 11 1258
27 33 1314
27 50 5342
27 22 3945
27 15 1917
27 60 791
27 26 6007
27 53 4000
27 57 114
27 47 4941
27 30 2288
27 71 5164
27 42 4856
27 9 3048
27 58 5652
27 64 501
27 63 6207
27 54 2845
27 56 3621
27 5 40
27 7 5598
27 12 4999
27 38 2735
27 35 456
27 37 4400
27 43 3249
27 2 3509
27 3 2936
27 51 3107
27 29 1859
27 70 3702
27 14 3768
27 19 287
27 44 800
27 34 5599
27 72 1842
27 16 3904
28 66 4356
28 17 5574
28 2 5000
28 64 1200
28 13 4046
28 49 4226
28 44 4453
28 70 5344
28 63 4870
28 68 5858
28 46 1064
28 21 2887
28 74 6230
28 8 2899
28 65 4862
28 9 4405
28 33 5790
28 41 4377
28 34 956
28 27 5225
28 6 2712
28 35 5218
28 45 1725
28 50 3351
28 69 391
28 73 1554
28 25 3247
28 75 4142
28 47 35
28 42 2250
28 71 4438
28 57 2537
28 20 3515
28 16 4865
28 15 6053
28 53 1454
28 30 1230
28 61 1434
28 40 4828
28 54 6090
28 32 1415
28 7 3213
28 60 1028
28 11 1043
28 23 2918
28 72 1392
28 14 2252
28 5 5723
28 12 325
28 52 6229
28 48 2079
28 4 2857
28 51 5581
28 67 6048
29 67 3886
29 4 5702
29 74 5184
29 62 753
29 38 5627
29 12 4738
29 19 245
29 33 4154
29 16 1120
29 61 3043
29 32 1558
29 23 5761
29 28 3480
29 35 5710
29 14 2554
29 59 2234
29 69 4954
29 40 3630
29 2 209
29 20 1545
29 71 2556
29 6 1896
29 47 4702
29 43 2088
29 66 2612
29 63 5709
29 39 3177
29 49 5591
29 5 4896
29 11 3376
29 37 3134
29 50 5648
29 64 2477
29 15 4895
29 46 2857
29 42 2011
29 26 1280
29 75 5706
29 3 4268
29 56 3732
29 25 4528
29 1 2067
29 51 279
29 10 2184
29 34 5425
29 55 49
29 44 3594
29 41 3459
29 48 1900
29 8 4212
29 52 352
29 24 2600
29 36 1964
29 54 6193
29 53 1762
29 21 3040
29 60 4334
29 65 5698
30 17 1191
30 56 506
30 3 2557
30 19 4313
30 70 2307
30 28 6070
30 74 2861
30 60 242
30 39 861
30 67 4839
30 31 4479
30 58 466
30 15 1033
30 44 3012
30 73 1031
30 48 3390
30 52 5318
30 22 4246
30 12 6090
30 33 399
30 20 1213
30 37 1410
30 75 4659
30 10 991
30 13 3764
30 7 4896
30 2 5025
30 41 3491
30 65 461
30 71 5327
30 4 4655
30 27 2371
30 43 4749
30 63 2789
30 34 1162
30 25 1391
30 23 402
30 1 2748
30 55 3623
30 62 2913
30 53 734
30 16 5381
30 35 4838
30 18 4744
30 14 5165
30 32 4537
30 54 3258
30 57 5708
30 38 4338
30 51 5664
30 68 173
30 45 3035
31 15 6116
31 72 6157
31 58 4022
31 42 4330
31 23 5571
31 68 4764
31 2 210
31 61 5239
31 3 601
31 65 4858
31 8 5343
31 33 5487
31 32 4991
31 25 3137
31 39 4575
31 55 2389
31 69 5907
31 40 5977
31 27 4486
31 46 1863
31 57 4617
31 43 1950
31 30 5046
31 51 1120
31 36 621
31 12 4792
31 22 5721
31 70 1272
31 74 3331
31 19 2232
31 56 4341
31 34 5136
31 66 5754
31 53 5936
31 60 2584
31 62 5808
31 18 3277
31 71 763
31 64 2109
31 38 4883
31 49 5359
31 20 4987
31 10 1166
31 41 989
31 45 3091
31 16 1458
31 37 819
31 52 4721
31 6 846
31 63 3145
31 44 3028
31 24 5988
31 26 1670
31 7 262
32 9 4762
32 18 5956
32 59 1643
32 15 4971
32 33 525
32 54 4704
32 20 58
32 37 5041
32 53 3580
32 66 3892
32 58 3475
32 74 2678
32 1 1811
32 41 4033
32 36 4678
32 31 2731
32 4 5381
32 62 1665
32 23 6060
32 29 6290
32 12 3922
32 13 4785
32 21 3036
32 3 4168
32 43 4857
32 22 3253
32 69 1958
32 35 6262
32 68 1692
32 19 4948
32 30 4643
32 67 4705
32 5 921
32 39 1589
32 48 719
32 28 2587
32 7 4837
32 71 4154
32 73 4245
32 42 4069
32 63 2623
32 24 3655
32 10 3294
32 14 5103
32 55 5008
32 72 4208
32 52 2370
32 6 3908
32 70 5248
33 7 1128
33 1 3722
33 8 5125
33 10 4065
33 73 348
33 72 6233
33 16 3913
33 30 5980
33 11 3247
33 23 5689
33 32 3774
33 9 2081
33 6 2331
33 35 3817
33 3 5087
33 75 264
33 60 4147
33 52 272
33 17 2210
33 62 237
33 24 5717
33 70 5503
33 2 6144
33 67 4048
33 21 4373
33 49 548
33 45 338
33 36 678
33 46 1013
33 15 5154
33 22 6221
33 40 5767
33 43 5832
33 5 564
33 66 4073
33 48 2832
33 55 445
33 38 4278
33 27 2602
33 59 1571
33 68 620
33 29 379
33 31 4375
33 34 3293
33 74 2306
33 28 1079
33 42 4863
33 51 5514
33 18 3200
33 12 1091
33 20 4719
33 50 4576
33 63 4288
33 44 5950
33 71 5547
33 53 127
33 69 2443
33 56 5223
33 64 3097
33 4 120
33 26 4058
34 1 6274
34 15 648
34 60 1383
34 5 2284
34 62 5128
34 35 4522
34 66 2929
34 51 5525
34 27 4695
34 13 241
34 55 5113
34 54 5926
34 48 5110
34 57 3557
34 71 1646
34 20 3714
34 38 831
34 28 1805
34 32 2574
34 49 1609
34 70 1664
34 36 5209
34 58 595
34 44 2887
34 43 3021
34 40 2252
34 74 3064
34 22 5489
34 47 1752
34 69 4504
34 26 4382
34 64 587
34 61 4889
34 14 3402
34 33 3642
34 12 1447
34 10 3377
34 18 3425
34 45 4849
34 16 1023
34 21 2629
34 17 4193
34 11 3647
34 59 4782
34 9 5783
34 72 614
34 68 2431
34 6 4426
34 24 5119
34 52 1832
34 75 2217
34 37 4885
34 4 5314
34 73 3863
34 39 266
35 20 5848
35 57 5107
35 51 4514
35 14 2817
35 34 1416
35 65 5413
35 10 4846
35 13 1278
35 59 5563
35 53 361
35 15 2103
35 17 4118
35 61 2668
35 54 4611
35 25 4603
35 2 1416
35 19 3153
35 40 3384
35 4 6068
35 33 4083
35 31 4680
35 7 2358
35 9 5355
35 68 2802
35 42 4667
35 39 2107
35 48 3891
35 75 1468
35 27 346
35 26 4369
35 49 4311
35 72 4475
35 66 2114
35 50 1344
35 22 5163
35 52 1737
35 64 4060
35 23 4386
35 60 2444
35 29 5348
35 73 2675
35 63 2118
35 41 5832
35 44 2533
35 46 843
35 38 2062
35 11 751
35 12 5762
35 16 2765
35 71 2386
35 6 3177
35 37 2463
35 55 519
35 30 1925
35 5 5515
35 24 502
35 69 6188
36 35 1985
36 69 608
36 29 418
36 16 3447
36 33 4995
36 11 3239
36 43 5238
36 20 3013
36 12 4503
36 32 4691
36 74 1284
36 13 5647
36 15 1153
36 19 3263
36 50 143
36 1 609
36 25 5498
36 57 1299
36 49 2488
36 53 3174
36 41 6245
36 75 5999
36 47 5977
36 42 6266
36 7 1461
36 21 5566
36 68 1582
36 64 1134
36 22 1974
36 27 3636
36 67 759
36 18 3853
36 46 2775
36 61 5454
36 10 1157
36 71 4101
36 9 532
36 59 5867
36 6 1827
36 63 4702
36 70 5699
36 73 873
36 60 1402
36 40 594
36 72 7
36 66 3369
36 30 2559
36 5 754
36 54 5953
36 34 1465
36 37 3092
36 39 4984
36 55 3962
36 17 474
36 45 2444
36 28 6230
36 8 1474
37 71 2235
37 5 6027
37 35 3103
37 28 3936
37 22 5296
37 50 4962
37 26 3431
37 45 5936
37 70 2038
37 12 3592
37 27 3358
37 3 667
37 13 3676
37 32 377
37 9 1443
37 44 4912
37 14 3896
37 60 2289
37 49 6018
37 67 6050
37 74 5995
37 30 5172
37 10 2106
37 75 1396
37 61 5530
37 54 3880
37 7 3116
37 58 4333
37 69 4419
37 31 6181
37 15 4221
37 29 5764
37 53 4365
37 57 3232
37 39 3387
37 66 4196
37 6 4699
37 20 40
37 63 5654
37 8 1121
37 33 1172
37 23 4068
37 36 4445
37 25 6047
37 68 5016
37 38 4688
37 73 5311
37 55 389
37 65 3827
37 52 1086
37 47 3779
37 24 1838
38 50 4469
38 68 4483
38 31 3669
38 49 5559
38 4 993
38 27 5879
38 28 3586
38 10 6078
38 26 3315
38 2 5116
38 62 4074
38 39 847
38 58 699
38 9 491
38 19 3463
38 61 414
38 71 3781
38 30 3612
38 69 3862
38 16 2851
38 67 801
38 23 582
38 13 3100
38 60 5841
38 43 3451
38 59 1325
38 55 2780
38 53 3465
38 17 3444
38 37 2262
38 57 2243
38 54 469
38 34 4589
38 56 5188
38 29 4785
38 73 707
38 42 793
38 65 1986
38 12 2441
38 48 3683
38 21 65
38 32 3562
38 75 6289
38 5 5607
38 41 5547
38 25 4321
38 6 3154
38 15 1497
38 11 419
38 3 3338
38 52 3626
38 47 3277
38 22 497
38 18 6267
39 25 4236
39 26 438
39 21 471
39 20 5654
39 15 3492
39 41 3791
39 4 13
39 28 5850
39 64 3113
39 48 1443
39 67 1443
39 61 1358
39 65 2128
39 37 558
39 56 2720
39 12 1942
39 10 69
39 74 4822
39 57 2061
39 58 147
39 53 4740
39 1 4666
39 31 441
39 72 3807
39 36 4176
39 45 2184
39 24 6292
39 18 704
39 27 1826
39 63 4186
39 50 1811
39 42 4453
39 30 1988
39 62 5289
39 22 3808
39 73 554
39 14 4549
39 40 6272
39 43 4848
39 32 1573
39 52 3584
39 47 3493
39 38 5005
39 54 2535
39 7 4717
39 13 6076
39 66 2590
39 75 2
39 19 151
39 68 6119
39 29 2390
39 6 4615
39 3 3006
39 23 5429
39 44 948
40 25 3859
40 47 2195
40 65 4913
40 45 3006
40 54 226
40 75 666
40 72 3431
40 1 5222
40 42 1863
40 44 3717
40 30 4752
40 52 3841
40 43 5772
40 56 4757
40 74 2751
40 6 5465
40 17 3014
40 9 3941
40 21 3382
40 70 4196
40 10 1374
40 62 3929
40 51 3678
40 38 1531
40 59 4446
40 16 5045
40 67 3568
40 68 1728
40 57 251
40 31 4087
40 28 1497
40 73 1949
40 61 233
40 7 2410
40 13 2326
40 12 5551
40 53 3958
40 20 1947
40 63 82
40 27 616
40 29 32
40 22 554
40 58 14
40 55 1669
40 26 4125
40 2 4519
40 11 5123
40 50 4650
40 71 3386
40 23 3580
40 37 78
40 32 4199
40 39 1559
40 15 5796
40 35 5499
40 41 2698
40 18 2822
40 5 2666
41 9 4407
41 2 2408
41 5 5122
41 37 4289
41 60 1043
41 8 4200
41 55 1040
41 4 1531
41 18 3798
41 74 5735
41 64 5746
41 30 5388
41 19 5577
41 67 6289
41 36 6288
41 39 26
41 57 1422
41 10 5216
41 51 591
41 70 2478
41 33 5037
41 73 4452
41 62 3987
41 68 2427
41 44 1757
41 32 3020
41 69 5475
41 24 682
41 72 5918
41 27 2630
41 20 5905
41 59 5737
41 31 5822
41 22 1689
41 61 5649
41 52 5340
41 65 3819
41 23 3124
41 49 5504
41 14 5616
41 53 3507
41 35 5121
41 38 5763
41 50 2564
41 46 62
41 45 5011
41 13 3954
41 28 4953
41 3 639
41 17 3226
41 58 5024
41 7 2778
41 16 3533
41 75 4298
42 40 3978
42 54 4443
42 24 3749
42 68 459
42 41 1726
42 6 665
42 73 3367
42 14 2354
42 46 111
42 12 4754
42 71 5943
42 60 6246
42 29 4940
42 15 2690
42 13 6188
42 27 3479
42 66 2543
42 50 1480
42 57 2937
42 3 883
42 44 1449
42 55 2969
42 25 3468
42 70 4782
42 69 1468
42 38 4802
42 30 1181
42 16 3205
42 75 1632
42 26 2951
42 33 3438
42 28 58
42 23 5956
42 1 6007
42 19 2940
42 11 3020
42 53 78
42 43 2582
42 32 4205
42 10 4856
42 56 3555
42 34 528
42 48 2768
42 22 232
42 49 125
42 61 5900
42 17 1567
42 18 2947
42 58 5162
42 51 1561
42 35 4894
42 72 4187
42 64 4124
42 8 810
42 20 3250
42 74 539
42 36 4239
42 9 2021
42 2 753
42 65 977
43 40 5272
43 31 4473
43 22 3503
43 23 26
43 70 987
43 7 1795
43 20 1158
43 68 5816
43 14 4364
43 29 230
43 75 4561
43 17 2354
43 24 1960
43 73 2010
43 46 5929
43 57 967
43 69 5418
43 30 5645
43 32 3846
43 60 5347
43 25 4771
43 51 3465
43 4 235
43 38 1621
43 12 5610
43 18 5549
43 10 922
43 34 557
43 52 2507
43 54 2475
43 35 2398
43 71 4565
43 66 5136
43 11 3999
43 42 3471
43 67 908
43 27 1497
43 48 6045
43 28 782
43 1 3130
43 41 1989
43 53 5959
43 64 6195
43 44 208
43 45 1251
43 33 3560
43 50 5170
43 63 3172
43 37 5857
43 62 2018
43 13 2364
43 2 6166
43 74 1350
43 58 1053
43 6 3684
43 56 1701
43 47 1591
43 36 703
43 59 3663
44 52 2434
44 46 3527
44 16 564
44 49 501
44 18 3526
44 38 5769
44 26 5628
44 35 535
44 58 2110
44 19 1503
44 54 2755
44 60 6048
44 69 710
44 27 6285
44 68 251
44 17 4854
44 37 4675
44 40 1218
44 71 2543
44 25 1289
44 41 2217
44 51 3791
44 20 5047
44 74 103
44 9 3020
44 47 491
44 13 2135
44 4 4462
44 22 3408
44 70 1601
44 75 1012
44 31 304
44 62 5988
44 57 392
44 42 1810
44 36 3946
44 64 1179
44 12 3244
44 24 190
44 8 1232
44 33 4581
44 73 3028
44 3 1341
44 30 692
44 5 1014
44 21 3426
44 2 1441
44 61 1391
44 14 4770
44 65 1524
44 7 5346
44 28 5727
44 72 2888
44 48 4648
44 15 1866
44 53 4461
44 10 4888
45 61 5694
45 75 1100
45 38 3052
45 58 1134
45 73 637
45 70 2479
45 63 317
45 36 2771
45 24 5497
45 10 6288
45 14 2611
45 46 4287
45 21 5654
45 53 1029
45 54 5456
45 18 1358
45 42 3425
45 47 5158
45 56 817
45 3 1190
45 37 3396
45 50 724
45 8 3321
45 31 2343
45 23 2013
45 29 5490
45 35 3429
45 39 5210
45 11 4918
45 2 456
45 4 4186
45 28 2953
45 44 1852
45 30 1652
45 69 5235
45 67 3973
45 33 2460
45 65 4255
45 66 1205
45 72 5939
45 34 3654
45 64 874
45 57 5932
45 74 2459
45 25 3531
45 5 4545
45 7 329
45 51 2863
45 49 563
45 20 3895
45 22 1321
45 68 1870
45 59 1222
46 74 6256
46 26 3835
46 28 5162
46 1 4794
46 31 181
46 37 5452
46 21 4753
46 40 4737
46 27 5277
46 12 3991
46 8 5391
46 29 1666
46 68 3330
46 70 3184
46 10 540
46 57 5826
46 64 2144
46 17 3371
46 15 1508
46 53 3249
46 58 3678
46 41 333
46 66 3461
46 32 1198
46 54 524
46 16 1071
46 59 3576
46 73 595
46 33 1080
46 63 6087
46 13 3523
46 35 4541
46 56 3425
46 5 6167
46 60 119
46 38 4524
46 3 3279
46 2 5992
46 50 4488
46 67 5411
46 47 3461
46 24 2421
46 62 2371
46 25 4980
46 20 2149
46 14 983
46 19 4482
46 44 932
46 75 2089
46 45 5104
46 30 3759
46 23 5636
46 42 510
47 21 3069
47 41 1959
47 17 1175
47 24 2152
47 31 3074
47 35 4716
47 62 3596
47 18 2457
47 67 1982
47 64 2747
47 33 175
47 73 1544
47 60 5109
47 50 2936
47 42 2891
47 28 4612
47 44 3659
47 29 2990
47 25 2833
47 59 2752
47 53 4813
47 16 5113
47 20 5648
47 74 5664
47 51 4857
47 61 4081
47 22 1602
47 66 3653
47 19 552
47 63 1522
47 49 3487
47 57 3237
47 5 1395
47 1 808
47 71 1721
47 40 6006
47 23 5995
47 45 567
47 8 5077
47 11 2264
47 27 5135
47 52 458
47 7 57
47 4 4844
47 6 3475
47 2 4225
47 39 4359
47 9 4168
47 54 814
47 58 6051
47 56 4793
47 13 5359
47 36 2583
47 69 2765
47 70 4182
48 55 3361
48 37 4725
48 70 4685
48 38 5569
48 29 5309
48 66 3155
48 59 1838
48 32 1517
48 26 6291
48 23 2323
48 53 4452
48 68 2523
48 16 3206
48 43 6041
48 28 3297
48 27 3980
48 39 943
48 33 1447
48 61 2660
48 51 1779
48 21 5959
48 19 3847
48 75 5195
48 69 6195
48 46 5182
48 36 2326
48 49 3491
48 20 2017
48 15 2412
48 9 18
48 63 2695
48 52 4798
48 67 861
48 11 5257
48 60 1996
48 74 779
48 2 5698
48 31 5377
48 10 3263
48 50 1270
48 5 831
48 8 1775
48 64 6104
48 57 2344
48 7 2115
48 62 4612
48 17 3707
48 6 5020
48 45 6127
48 41 4571
48 71 788
48 72 5566
48 22 635
48 12 3525
48 56 2702
48 58 2199
48 44 4118
48 4 1019
48 73 2550
49 51 3771
49 60 3669
49 31 2149
49 10 2636
49 65 4185
49 43 4018
49 2 2049
49 75 5532
49 54 3239
49 22 608
49 8 3774
49 38 996
49 35 4760
49 24 3149
49 63 2186
49 13 1828
49 71 1160
49 62 1709
49 14 6072
49 25 1413
49 39 2304
49 33 719
49 12 1974
49 72 1467
49 23 5065
49 52 4824
49 55 3161
49 16 3553
49 59 4712
49 74 6056
49 21 5686
49 42 650
49 1 1062
49 45 4064
49 29 5967
49 9 4287
49 47 89
49 53 3165
49 11 1249
49 6 3405
49 37 1465
49 40 2549
49 61 2253
49 28 146
49 50 130
49 5 1209
49 18 4546
49 20 3830
49 27 1522
49 66 2528
49 3 2352
49 41 2679
49 73 1153
49 4 2815
49 46 4552
49 26 4314
50 61 5630
50 30 5610
50 36 1528
50 4 4171
50 44 1861
50 24 6147
50 62 877
50 59 5511
50 47 190
50 33 3027
50 43 4077
50 1 371
50 75 1068
50 14 1034
50 52 4587
50 65 5872
50 34 653
50 37 5022
50 63 119
50 11 5431
50 60 3187
50 3 2933
50 54 1476
50 16 2183
50 9 797
50 38 3618
50 27 3640
50 29 1575
50 49 6294
50 73 5422
50 41 4800
50 32 2417
50 56 700
50 42 2847
50 40 5823
50 58 2595
50 72 4222
50 17 3353
50 35 3564
50 23 272
50 39 2853
50 8 5326
50 31 4325
50 26 3295
50 69 3673
50 19 4412
50 6 3104
50 74 3439
50 53 205
50 48 4449
50 13 4337
50 21 4998
50 45 4769
50 20 1843
50 12 4553
50 10 5225
51 20 4212
51 68 2135
51 16 2129
51 32 3194
51 71 1890
51 37 2739
51 5 1722
51 66 21
51 4 4550
51 61 4736
51 27 660
51 67 5411
51 59 4705
51 31 4391
51 41 5191
51 45 3024
51 18 3514
51 28 3962
51 34 1286
51 55 5137
51 15 892
51 73 2205
51 14 577
51 60 1691
51 6 1046
51 12 2490
51 29 4011
51 44 6227
51 62 2820
51 63 4715
51 30 727
51 53 1330
51 49 4149
51 74 4827
51 57 937
51 22 5646
51 46 5308
51 25 5567
51 38 906
51 70 3200
51 10 1197
51 40 5381
51 35 1955
51 52 3228
51 9 3337
51 1 1485
51 39 5585
51 48 1572
51 3 3591
51 33 1710
51 8 5685
51 36 4377
51 7 2298
51 43 5376
52 34 2023
52 20 5600
52 17 6196
52 72 5271
52 12 5148
52 46 4197
52 15 5703
52 57 1468
52 31 3008
52 68 3009
52 19 4145
52 60 3756
52 75 3043
52 71 4042
52 67 3105
52 61 2967
52 11 3121
52 3 3975
52 32 4303
52 74 6226
52 36 6270
52 8 5983
52 22 3779
52 62 6300
52 7 3592
52 24 6190
52 25 2962
52 45 5567
52 73 166
52 29 229
52 14 5978
52 33 2063
52 47 3414
52 66 237
52 16 2141
52 59 5697
52 6 1199
52 28 3928
52 65 4601
52 41 5507
52 64 5778
52 4 454
52 70 4250
52 63 3928
52 21 2460
52 40 2737
52 69 4535
52 27 4061
52 5 3515
52 18 5550
52 56 3497
52 53 3810
52 58 2618
52 9 4146
52 35 2642
52 2 3797
53 14 128
53 23 6008
53 40 2180
53 24 731
53 32 2781
53 20 1809
53 5 1505
53 74 3247
53 17 971
53 21 5491
53 35 797
53 19 2334
53 10 1491
53 75 4888
53 68 5787
53 67 6298
53 72 3567
53 51 2197
53 69 3893
53 11 3624
53 7 3757
53 6 5630
53 8 754
53 71 1699
53 16 6261
53 33 5467
53 58 3749
53 27 4372
53 60 4320
53 73 3084
53 59 4386
53 57 1567
53 25 2737
53 12 5283
53 64 3560
53 3 474
53 1 3918
53 42 211
53 61 1738
53 38 350
53 41 1653
53 47 368
53 15 487
53 28 5019
53 46 5596
53 4 1124
53 49 4493
53 63 3815
53 55 1895
54 37 4396
54 51 5722
54 23 23
54 33 5926
54 47 4022
54 26 449
54 19 3476
54 8 241
54 70 2454
54 1 3115
54 22 2538
54 71 489
54 6 3208
54 60 4775
54 4 989
54 31 3772
54 58 6121
54 68 5732
54 11 5164
54 27 6078
54 39 442
54 32 3414
54 40 2470
54 66 3401
54 9 1272
54 52 4183
54 72 3293
54 14 1769
54 3 4752
54 53 4792
54 64 4971
54 5 383
54 38 2451
54 13 1918
54 44 1080
54 75 145
54 16 6166
54 21 3463
54 29 3769
54 36 1277
54 25 2689
54 30 4962
54 67 2846
54 50 3167
54 41 650
54 45 4990
54 17 3089
54 2 540
54 56 6080
54 55 2796
54 63 5069
54 69 1422
54 46 366
54 10 3541
54 15 1447
54 73 4115
54 59 4930
54 57 5699
54 61 3100
54 34 6145
54 74 3161
55 44 4784
55 42 57
55 53 2877
55 45 387
55 66 4118
55 2 4860
55 73 3687
55 5 5983
55 26 4256
55 19 5356
55 12 23
55 65 2218
55 1 3997
55 30 5869
55 25 3404
55 38 3344
55 50 2536
55 61 3321
55 59 3410
55 8 1433
55 68 4495
55 18 550
55 27 3904
55 20 1166
55 24 3279
55 31 3330
55 57 936
55 72 3356
55 37 5672
55 15 1067
55 64 666
55 21 5964
55 4 3924
55 62 5359
55 49 2887
55 67 1862
55 33 3362
55 3 5438
55 63 5292
55 52 56
55 60 1663
55 6 3403
55 14 3871
55 39 1972
55 41 5338
55 75 5535
55 51 5304
55 56 4444
55 29 1648
55 69 4024
55 23 3473
55 35 6110
55 32 4867
55 74 1905
55 22 643
55 46 2393
55 47 1713
55 9 150
56 27 3899
56 63 1428
56 3 801
56 66 6094
56 48 2876
56 75 5
56 31 1396
56 58 5796
56 13 5199
56 1 5793
56 61 3463
56 57 715
56 22 2385
56 34 3227
56 74 1824
56 28 4426
56 54 6224
56 10 473
56 14 4127
56 21 1094
56 37 1415
56 12 2406
56 44 821
56 24 1953
56 15 5558
56 2 282
56 18 4879
56 17 2435
56 65 4630
56 4 816
56 7 3420
56 51 1101
56 52 3856
56 32 4040
56 72 1346
56 26 6275
56 35 6157
56 62 710
56 68 1466
56 53 4747
56 55 3964
56 67 4260
56 38 2437
56 71 169
56 43 4047
56 73 332
56 33 4864
56 36 1534
56 29 3486
56 11 3260
56 59 5269
56 5 6274
56 49 5999
56 47 1108
56 23 3825
56 64 622
57 7 4316
57 23 4378
57 68 2085
57 9 3054
57 42 5304
57 33 609
57 30 4646
57 50 4688
57 49 5602
57 53 808
57 26 5496
57 17 4443
57 75 5282
57 34 1900
57 54 2188
57 58 3288
57 45 1321
57 8 1959
57 1 5294
57 40 4027
57 3 2714
57 44 4571
57 51 3856
57 72 5910
57 20 4835
57 13 2221
57 22 4161
57 63 2584
57 62 2561
57 67 4600
57 19 580
57 21 4428
57 65 1487
57 71 4120
57 18 3342
57 41 616
57 66 2580
57 59 1175
57 27 4276
57 11 3547
57 29 582
57 47 2464
57 52 437
57 38 5749
57 39 2168
57 46 6057
57 24 856
57 73 4738
57 61 3673
57 60 4194
57 14 1680
57 64 5149
57 37 1592
57 2 4718
57 56 1174
57 15 5359
57 10 4120
57 36 3255
57 74 2368
58 12 6207
58 16 1132
58 1 4398
58 59 5576
58 55 325
58 73 5072
58 21 4552
58 11 664
58 71 3056
58 39 683
58 72 4576
58 30 3644
58 43 2980
58 7 2899
58 8 5967
58 22 4947
58 10 5091
58 31 3954
58 47 627
58 68 1989
58 34 3814
58 15 3335
58 54 527
58 2 3146
58 32 1293
58 3 5612
58 6 2070
58 36 6006
58 53 3900
58 49 1465
58 57 830
58 65 3506
58 44 647
58 60 1352
58 74 2205
58 20 5906
58 40 4097
58 50 3570
58 66 3717
58 18 5167
58 5 581
58 42 5868
58 33 4882
58 64 6226
58 13 2897
58 51 1879
58 63 258
58 61 922
58 41 1820
58 62 5216
58 67 807
58 70 786
58 19 999
58 46 2522
58 29 5366
58 27 6205
58 23 5666
59 6 2646
59 52 4142
59 61 6011
59 25 5402
59 69 952
59 56 3183
59 43 2040
59 57 1661
59 46 3827
59 48 3304
59 67 4
59 20 5815
59 10 4000
59 50 4742
59 73 2185
59 64 2782
59 29 5795
59 14 5857
59 37 2800
59 47 708
59 34 5708
59 49 2348
59 2 2582
59 35 959
59 4 1247
59 36 4540
59 31 5012
59 58 5078
59 33 5689
59 60 4350
59 22 1495
59 65 2491
59 63 857
59 32 948
59 45 3413
59 71 5474
59 13 4363
59 66 4459
59 7 2933
59 74 4925
59 24 2828
59 17 4642
59 44 764
59 1 2515
59 39 129
59 15 2644
59 54 3810
59 8 2763
59 53 5241
59 75 4123
59 51 615
59 27 4566
59 70 1926
59 40 5691
59 72 5571
59 3 4127
60 53 1261
60 17 6047
60 71 2518
60 72 4795
60 55 106
60 59 4879
60 27 5180
60 73 1778
60 46 3490
60 65 2197
60 15 850
60 42 1018
60 58 5110
60 19 3043
60 8 3984
60 3 570
60 33 201
60 61 1484
60 4 5318
60 75 194
60 7 669
60 38 1773
60 74 4036
60 34 3075
60 40 5287
60 62 1704
60 69 2023
60 49 1021
60 67 942
60 70 3881
60 6 140
60 54 5752
60 37 2467
60 18 1360
60 45 2614
60 57 1076
60 20 5133
60 39 496
60 5 2718
60 52 1579
60 30 5816
60 25 400
60 47 983
60 50 3530
60 48 4313
60 36 5552
60 10 3653
60 23 1613
60 56 3204
60 41 2312
60 12 3059
60 44 5236
61 8 3356
61 42 105
61 74 616
61 43 5086
61 60 118
61 37 2710
61 48 4555
61 63 918
61 56 5083
61 31 78
61 51 4078
61 21 6281
61 67 3040
61 65 1075
61 3 5120
61 52 5898
61 69 5923
61 38 2116
61 29 143
61 72 3658
61 2 4389
61 54 4542
61 45 5650
61 59 6084
61 46 5483
61 4 2822
61 64 1172
61 50 892
61 75 4211
61 36 2800
61 33 4724
61 49 4575
61 57 3586
61 14 4210
61 68 5684
61 15 5989
61 10 1600
61 66 2130
61 12 2518
61 47 2330
61 58 5498
61 17 5985
61 71 3069
61 18 5621
61 19 2871
61 39 4126
61 53 4799
61 22 3014
61 34 4675
61 25 6202
61 32 4127
61 44 2567
61 7 2248
61 1 4478
61 62 807
61 16 1140
61 55 5282
61 27 949
62 5 3562
62 56 5771
62 33 2603
62 27 363
62 66 5853
62 32 5210
62 48 716
62 8 2044
62 54 4301
62 15 4529
62 72 32
62 38 4632
62 26 4130
62 14 3264
62 44 3308
62 3 4541
62 46 3096
62 7 1620
62 41 4211
62 73 4995
62 51 490
62 1 1092
62 55 426
62 12 4195
62 19 5495
62 42 4892
62 67 4641
62 69 1848
62 49 1012
62 11 5533
62 75 5644
62 24 4935
62 50 1293
62 17 4338
62 43 1416
62 2 2054
62 71 233
62 68 5400
62 16 3662
62 22 1479
62 40 2060
62 47 1522
62 9 4286
62 35 312
62 21 2155
62 25 5526
62 61 5805
62 34 6243
62 13 4851
62 6 18
62 53 448
62 20 5336
62 28 3435
62 37 4563
62 29 1578
62 74 1608
62 59 1328
62 4 4771
62 52 3627
62 39 2176
62 70 3369
63 49 4586
63 24 375
63 9 1367
63 71 2300
63 12 5042
63 52 4523
63 19 3800
63 36 1099
63 7 2522
63 30 5575
63 66 3449
63 35 2994
63 64 545
63 28 6093
63 61 3407
63 51 4062
63 74 101
63 65 5207
63 25 5072
63 42 3588
63 33 4539
63 1 4324
63 22 3071
63 2 4084
63 6 5983
63 40 3382
63 59 6170
63 11 1547
63 57 291
63 41 1513
63 69 4575
63 32 3807
63 44 430
63 70 1099
63 67 1145
63 10 5218
63 53 4349
63 5 3169
63 72 4539
63 68 4596
63 46 5599
63 37 4268
63 31 1206
63 45 1019
63 18 6160
63 4 423
63 21 4042
63 58 4109
63 47 4333
63 54 2802
63 15 3609
63 48 5978
63 26 4334
63 73 1285
64 57 759
64 29 3476
64 39 5108
64 24 876
64 63 2478
64 28 3555
64 47 5116
64 31 2284
64 75 4113
64 11 1201
64 55 3147
64 41 2885
64 69 5997
64 20 3313
64 13 2611
64 60 5627
64 30 3581
64 37 33
64 67 3979
64 25 3017
64 35 3514
64 4 4866
64 49 4289
64 44 1823
64 59 2888
64 7 5271
64 18 2679
64 66 4863
64 22 1596
64 16 3295
64 54 4541
64 53 6264
64 45 3287
64 38 633
64 33 713
64 14 5474
64 27 1374
64 36 4139
64 34 5470
64 23 6132
64 1 4800
64 51 853
64 56 6099
64 74 3102
64 17 5185
64 58 4524
64 5 5566
64 70 5226
64 61 2636
64 65 2817
64 62 4590
64 73 594
64 68 339
64 8 3487
64 15 5981
64 46 2649
64 72 3547
64 48 6007
64 12 2300
64 3 5424
65 8 4910
65 17 2049
65 9 4873
65 7 4473
65 33 4860
65 20 2725
65 66 5511
65 61 4282
65 30 3578
65 69 5993
65 2 6007
65 45 4681
65 47 5679
65 36 842
65 74 987
65 28 1461
65 3 5019
65 12 1960
65 32 752
65 55 3495
65 4 5525
65 16 63
65 44 5469
65 62 4725
65 57 1566
65 29 127
65 27 5412
65 26 2534
65 10 621
65 42 5937
65 54 4663
65 34 3509
65 22 2521
65 39 1754
65 73 4112
65 59 2149
65 13 4175
65 11 3665
65 56 5367
65 37 3120
65 6 1669
65 1 1084
65 68 379
65 50 1427
65 75 3475
65 31 1381
65 49 6248
65 52 311
65 40 869
65 72 1284
65 51 694
65 58 1083
65 35 5913
65 41 4987
65 21 1790
65 53 5349
65 63 227
65 48 1020
65 14 229
65 24 2492
66 38 68
66 24 5349
66 28 5690
66 54 6145
66 53 618
66 26 2733
66 31 953
66 14 4530
66 50 4666
66 15 6234
66 17 1760
66 58 995
66 43 2213
66 25 6202
66 9 4341
66 49 4274
66 61 4124
66 35 1063
66 69 920
66 19 1322
66 45 4463
66 21 3586
66 59 1288
66 42 212
66 41 4423
66 10 6226
66 40 3686
66 34 3283
66 72 162
66 55 5912
66 48 1889
66 8 2442
66 52 5982
66 37 654
66 60 3347
66 36 2891
66 74 5223
66 12 6027
66 39 981
66 46 3311
66 67 106
66 30 528
66 11 5529
66 56 5167
66 16 2322
66 13 4434
66 64 5611
66 3 4455
66 44 151
66 51 2348
66 33 2794
66 32 3466
66 75 426
66 62 1552
66 47 2618
66 68 6023
66 65 2017
67 63 5826
67 45 3954
67 60 4760
67 8 4029
67 55 2135
67 74 991
67 52 46
67 24 5294
67 19 4286
67 68 4749
67 46 2334
67 73 3487
67 32 5595
67 3 758
67 33 5188
67 64 3013
67 72 3013
67 38 2678
67 43 3448
67 40 5129
67 30 6136
67 75 5123
67 27 2656
67 71 3746
67 36 2832
67 16 1115
67 44 3335
67 12 4381
67 9 3998
67 35 4446
67 10 6009
67 62 3362
67 57 130
67 15 3050
67 25 6080
67 13 5441
67 6 1135
67 69 5208
67 42 820
67 4 4881
67 14 1415
67 41 4332
67 18 1624
67 17 2405
67 53 4447
67 21 334
67 7 326
67 56 77
67 66 3181
67 50 1613
67 48 2492
67 5 4398
67 11 2711
67 51 1241
68 33 3474
68 10 4488
68 58 3462
68 50 3897
68 3 5623
68 30 4216
68 17 5660
68 59 3534
68 42 5873
68 43 5513
68 21 61
68 26 1723
68 6 3844
68 70 844
68 27 5513
68 57 127
68 39 6103
68 54 2941
68 63 8
68 15 1240
68 29 5876
68 71 2251
68 48 3456
68 73 1436
68 22 894
68 14 6286
68 13 3027
68 60 3146
68 19 3731
68 32 1481
68 24 1247
68 23 4170
68 35 6210
68 65 510
68 25 2881
68 69 5242
68 66 5957
68 56 4481
68 38 4194
68 64 4129
68 47 3608
68 37 3127
68 52 5585
68 2 5047
68 53 4208
68 55 5550
68 9 3754
68 62 2894
68 46 4260
68 20 38
68 18 6214
68 51 119
68 75 2506
68 40 1770
68 45 2695
68 1 4287
68 16 3332
68 7 5036
69 64 4966
69 23 2771
69 2 3947
69 39 1242
69 41 392
69 1 3186
69 10 4623
69 25 61
69 59 3259
69 18 4931
69 67 1263
69 49 4085
69 3 363
69 62 6113
69 55 6195
69 15 528
69 31 2167
69 12 1973
69 74 2865
69 34 1525
69 20 4394
69 26 951
69 11 1553
69 44 1990
69 65 1543
69 61 385
69 36 5039
69 71 5716
69 21 2911
69 27 4802
69 6 151
69 9 314
69 40 2555
69 37 1831
69 43 6212
69 70 102
69 60 4388
69 32 1601
69 58 360
69 48 1510
69 68 447
69 50 65
69 73 1577
69 66 4221
69 17 2579
69 53 1441
69 30 4206
69 52 5061
69 47 3930
69 56 5895
69 45 4835
69 4 78
69 75 2108
69 24 3405
69 63 666
70 50 3244
70 71 2646
70 15 857
70 36 5151
70 74 309
70 47 4667
70 14 3995
70 29 4431
70 6 3533
70 56 182
70 7 1107
70 5 1699
70 72 3017
70 53 3047
70 49 4245
70 4 3873
70 75 83
70 16 3320
70 24 2405
70 58 2923
70 40 4770
70 54 7
70 67 2168
70 12 4138
70 21 56
70 35 4032
70 69 1697
70 51 3794
70 11 5637
70 43 4708
70 34 5708
70 42 5435
70 17 4122
70 3 251
70 46 540
70 33 3624
70 2 3005
70 38 1882
70 55 3996
70 61 1281
70 18 1308
70 30 2794
70 27 237
70 41 311
70 64 4830
70 59 1206
70 65 2296
70 31 4825
70 66 5890
70 73 4125
70 52 488
70 37 461
70 32 544
70 26 3371
70 19 1764
70 9 3125
70 10 206
70 1 2780
70 23 2229
71 38 4852
71 55 2149
71 23 1653
71 46 4918
71 75 5921
71 60 1365
71 39 3188
71 8 3392
71 63 4240
71 36 605
71 51 117
71 18 1174
71 43 282
71 31 763
71 67 4852
71 70 3831
71 21 5218
71 15 2475
71 19 709
71 49 5391
71 72 3622
71 74 1060
71 69 2489
71 5 5251
71 22 170
71 34 6299
71 57 1119
71 32 3423
71 30 4200
71 65 5101
71 41 2040
71 20 1194
71 1 1725
71 35 5828
71 61 4685
71 13 3677
71 24 5530
71 40 4154
71 66 4224
71 62 105
71 58 4833
71 16 4905
71 7 5257
71 54 3252
71 2 144
71 73 1547
71 42 3558
71 12 5975
71 26 839
71 3 271
71 45 4216
71 68 2224
71 52 3982
71 64 711
71 59 2096
72 2 2796
72 51 3653
72 36 5315
72 68 4300
72 47 5860
72 12 5743
72 63 5195
72 75 6242
72 73 152
72 50 5946
72 8 1331
72 15 5771
72 1 6231
72 62 5296
72 53 4684
72 74 5392
72 69 4514
72 30 5345
72 29 1179
72 57 4235
72 71 1799
72 3 2599
72 41 788
72 22 1579
72 24 3573
72 35 4045
72 54 1229
72 43 1258
72 39 31
72 17 3086
72 34 1703
72 56 2058
72 55 2128
72 19 5360
72 31 4379
72 65 5048
72 26 5505
72 49 1011
72 32 2581
72 4 3349
72 46 3383
72 42 5161
72 48 4692
72 38 1208
72 70 34
72 44 2315
72 66 2848
72 37 1523
72 14 5277
72 61 3952
72 7 4061
72 59 2790
72 25 857
72 40 896
72 20 5103
72 23 546
73 30 5603
73 41 952
73 18 206
73 47 2327
73 25 5757
73 32 2234
73 10 3240
73 74 1304
73 26 4779
73 62 2072
73 12 3262
73 14 5118
73 4 4412
73 27 2057
73 9 176
73 51 4703
73 24 5127
73 71 4739
73 63 3546
73 72 4433
73 75 116
73 57 5881
73 56 2906
73 8 861
73 33 4864
73 46 1884
73 68 3387
73 70 759
73 50 4162
73 35 6059
73 2 1884
73 45 2853
73 28 5443
73 55 1032
73 37 5087
73 15 3105
73 43 6026
73 39 4506
73 54 1347
73 7 892
73 21 3335
73 58 371
73 5 5411
73 66 396
73 59 5602
73 53 2387
73 61 3506
73 17 1975
73 67 5785
73 20 5407
73 11 4969
73 40 272
73 36 4806
73 52 3180
73 22 4815
74 54 6171
74 62 4732
74 68 5271
74 60 2249
74 63 1039
74 65 1382
74 21 2561
74 12 3472
74 26 5027
74 43 2226
74 8 5328
74 5 877
74 39 2437
74 40 181
74 35 1777
74 49 5324
74 37 794
74 48 3663
74 59 1969
74 32 3528
74 2 1451
74 71 5192
74 72 2539
74 58 3337
74 31 2807
74 51 3210
74 19 2037
74 44 1113
74 67 3404
74 15 2293
74 42 3259
74 18 5561
74 11 6215
74 1 3668
74 41 282
74 22 564
74 36 4113
74 13 798
74 30 5725
74 46 1604
74 33 5003
74 70 6222
74 3 2295
74 28 5635
74 17 5952
74 24 5741
74 14 5895
74 27 5463
74 7 5867
74 75 3362
74 57 845
74 4 856
74 47 5701
74 53 3334
74 20 5219
74 52 4028
74 50 1808
74 55 1005
74 9 2498
74 34 5602
74 10 1058
74 61 4802
74 45 964
74 66 4262
75 25 1174
75 26 1195
75 32 16
75 6 1418
75 53 3727
75 39 2741
75 10 2740
75 72 3050
75 65 5572
75 28 2422
75 2 4024
75 74 1593
75 57 5592
75 11 6297
75 3 3201
75 33 1930
75 13 3670
75 66 379
75 50 1727
75 56 1917
75 67 4001
75 68 1676
75 64 1632
75 55 6234
75 73 2882
75 7 3768
75 29 1373
75 71 1393
75 18 1686
75 14 6107
75 41 5254
75 59 3686
75 15 5906
75 62 3907
75 24 2549
75 48 4724
75 42 1338
75 19 1889
75 22 1440
75 30 2352
75 40 4736
75 46 5772
75 1 648
75 8 1155
75 61 2773
75 4 2488
75 23 752
75 17 780
75 63 794
75 31 1760
