75 4200
1 17 2976
1 36 3066
1 54 147
1 55 4075
1 49 1982
1 30 2676
1 52 5317
1 28 5676
1 44 2992
1 11 2292
1 46 26
1 27 4054
1 50 3431
1 64 1469
1 39 5289
1 65 1251
1 69 1510
1 35 538
1 18 6291
1 4 1162
1 57 5365
1 33 4480
1 38 643
1 6 2533
1 5 3364
1 37 2261
1 41 3301
1 40 4894
1 42 2448
1 25 2043
1 8 5022
1 74 6224
1 12 1329
1 22 1994
1 62 3219
1 66 3289
1 7 5431
1 61 4868
1 72 4319
1 73 2221
1 60 3459
1 70 6264
1 32 1379
1 15 1473
1 24 4288
1 21 4031
1 16 1180
1 34 1847
1 51 4702
1 67 247
1 53 3232
1 20 5119
1 45 98
1 31 5032
1 14 458
1 63 6075
1 71 369
1 43 5076
1 59 3966
1 48 784
1 47 1572
1 9 1545
2 48 1753
2 26 2812
2 24 1618
2 73 1562
2 19 2872
2 3 4299
2 13 6195
2 59 3397
2 75 1694
2 57 3512
2 51 5746
2 20 4894
2 44 3083
2 47 1645
2 43 4054
2 31 142
2 69 1491
2 23 5026
2 16 2011
2 8 3198
2 60 2996
2 56 5610
2 9 5947
2 12 5750
2 1 4812
2 17 2937
2 10 2923
2 58 1585
2 32 5159
2 33 5067
2 62 816
2 74 3518
2 34 5742
2 15 572
2 18 5461
2 40 5481
2 64 4702
2 66 2617
2 5 1839
2 71 4432
2 14 1012
2 27 2138
2 70 984
2 28 3543
2 42 1505
2 46 2853
2 35 4355
2 29 3972
2 63 2360
2 41 4951
2 45 1705
2 11 4400
2 22 179
2 30 1200
2 54 2193
2 67 6039
2 36 3068
3 50 4791
3 15 2451
3 73 5429
3 33 4891
3 23 6283
3 60 4527
3 9 5588
3 5 5426
3 62 4864
3 67 5083
3 31 413
3 45 6244
3 28 345
3 68 350
3 46 3468
3 7 2
3 36 1057
3 13 1212
3 40 5680
3 27 2019
3 56 3920
3 65 2410
3 42 4113
3 4 243
3 43 711
3 21 5811
3 30 3855
3 59 408
3 29 5364
3 71 6184
3 41 878
3 53 4062
3 8 831
3 37 408
3 38 1523
3 25 1539
3 1 3297
3 54 2992
3 66 3334
3 55 3492
3 35 330
3 17 2223
3 39 3772
3 48 5801
3 75 3319
3 63 5246
3 14 963
3 64 2427
3 6 5232
3 61 5677
3 74 5578
3 10 6101
3 20 1570
3 58 2409
3 44 569
3 47 1536
3 72 5703
3 52 1402
4 1 1008
4 21 1097
4 67 1572
4 25 2178
4 70 4136
4 8 1548
4 13 1925
4 71 3805
4 42 4761
4 69 5489
4 26 3329
4 19 2900
4 33 5177
4 20 4741
4 61 340
4 56 234
4 2 6189
4 46 1310
4 31 6091
4 60 2851
4 44 644
4 37 2493
4 22 5469
4 49 3009
4 12 1476
4 75 514
4 51 2684
4 50 5558
4 11 2005
4 5 3342
4 29 3896
4 17 2309
4 73 4142
4 48 345
4 59 2639
4 3 2360
4 63 2005
4 40 2629
4 54 171
4 45 3154
4 7 5531
4 15 3001
4 24 5637
4 28 4057
4 64 2064
4 72 6065
4 30 2566
4 9 5843
4 39 3603
4 32 1419
4 38 4734
5 39 5420
5 25 250
5 14 5551
5 20 1665
5 62 4650
5 37 2793
5 31 666
5 53 651
5 13 1727
5 38 4880
5 22 5074
5 42 4158
5 29 995
5 2 275
5 30 4500
5 1 4314
5 71 5730
5 69 4591
5 73 3449
5 60 4009
5 19 5246
5 72 3321
5 68 6028
5 16 6275
5 27 5377
5 64 902
5 21 6252
5 65 3289
5 61 2253
5 32 2197
5 9 4410
5 63 5025
5 8 5604
5 26 3327
5 10 5740
5 4 2523
5 41 1397
5 58 2979
5 52 5926
5 12 142
5 24 3169
5 15 4160
5 47 2357
5 43 4214
5 40 4938
5 11 3011
5 67 615
5 6 3565
5 56 2452
5 66 3623
5 57 511
6 40 3719
6 31 2402
6 7 6110
6 3 3308
6 45 4453
6 49 2596
6 62 5420
6 47 4216
6 8 730
6 13 2927
6 75 4583
6 10 1577
6 25 5519
6 21 4649
6 53 6025
6 48 1845
6 30 4121
6 20 6168
6 57 309
6 12 999
6 33 4314
6 35 2616
6 44 2475
6 42 929
6 70 5346
6 55 1310
6 38 2557
6 58 1551
6 28 3449
6 11 4763
6 54 1940
6 50 4613
6 29 537
6 1 52
6 46 3480
6 37 3400
6 18 3372
6 32 4968
6 63 2151
6 17 4424
6 39 597
6 64 6029
6 27 939
6 65 4627
6 51 4832
6 19 583
6 73 2476
6 41 5506
6 68 5172
6 74 1194
6 22 1003
6 61 5435
6 60 290
6 59 3361
6 71 681
6 69 2654
6 26 1394
6 14 1405
7 18 4569
7 46 1772
7 62 6246
7 2 5179
7 57 1365
7 56 3603
7 42 3743
7 51 4230
7 27 5039
7 5 366
7 45 507
7 55 839
7 74 6136
7 23 4837
7 29 1083
7 22 5379
7 66 5112
7 30 2146
7 38 897
7 34 1353
7 8 3640
7 40 4512
7 3 5974
7 48 3756
7 16 1228
7 61 3177
7 58 5344
7 63 5751
7 47 2352
7 69 3578
7 52 1352
7 49 5217
7 67 3435
7 37 5411
7 70 3535
7 10 2382
7 20 2709
7 39 3945
7 11 799
7 4 1127
7 59 2032
7 75 425
7 44 2210
7 12 6013
7 21 4052
7 1 3021
7 14 3810
7 36 3798
7 53 2775
7 31 1725
7 65 4435
8 52 5510
8 49 5729
8 14 3539
8 37 4321
8 72 1359
8 60 4144
8 36 2862
8 55 2283
8 26 1729
8 41 2756
8 15 4888
8 61 905
8 20 4797
8 17 4970
8 6 946
8 48 3424
8 71 5874
8 67 6067
8 70 3335
8 9 6067
8 23 454
8 74 2757
8 66 2859
8 33 39
8 46 2308
8 62 3217
8 40 3628
8 43 4564
8 2 3070
8 39 4580
8 25 4875
8 44 114
8 29 5039
8 51 4680
8 59 730
8 12 5685
8 64 207
8 73 937
8 30 4634
8 7 1605
8 31 5850
8 3 5653
8 18 6205
8 13 1358
8 35 204
8 28 6167
8 4 5953
8 27 338
8 19 74
8 16 6039
8 34 5744
8 56 2447
8 75 1426
8 50 501
8 53 457
8 32 796
8 10 1903
8 57 1168
8 68 3281
8 45 4825
8 11 1926
8 1 5804
8 22 1639
9 8 4615
9 15 1948
9 13 5149
9 75 6223
9 23 5643
9 31 4269
9 27 249
9 2 6217
9 69 3558
9 22 1947
9 35 3788
9 72 1620
9 14 459
9 49 4697
9 33 1102
9 74 1271
9 7 2125
9 32 5490
9 21 5771
9 38 3506
9 65 3995
9 3 5136
9 24 2894
9 6 2116
9 44 1910
9 56 1425
9 60 4678
9 59 1657
9 43 2076
9 57 2347
9 61 1314
9 36 3097
9 48 4588
9 70 2547
9 53 3128
9 11 769
9 46 2109
9 50 5149
9 73 2249
9 18 4219
9 34 2356
9 17 4557
9 71 3832
9 19 1234
9 68 1907
9 26 4310
9 42 4308
9 5 1002
9 4 2403
9 39 790
9 66 1474
9 30 4109
9 10 1074
9 67 6098
9 37 1499
9 51 4075
9 16 1666
9 12 5838
9 62 5724
9 29 4846
9 64 2672
10 48 2684
10 52 2624
10 21 2018
10 18 4062
10 19 3669
10 39 2819
10 44 344
10 50 5925
10 42 4746
10 56 5314
10 51 3484
10 8 505
10 64 3355
10 62 5514
10 54 332
10 40 2391
10 43 4882
10 67 4380
10 26 1939
10 24 3386
10 11 1216
10 34 5720
10 6 4797
10 71 1052
10 57 4581
10 30 4967
10 69 1214
10 72 1081
10 9 2873
10 66 491
10 65 2468
10 29 2921
10 75 6122
10 16 635
10 31 3825
10 37 2103
10 3 128
10 4 5076
10 38 5810
10 49 1182
10 13 4086
10 73 961
10 63 716
10 35 3607
10 59 691
10 33 2062
10 17 4208
10 27 923
10 46 2698
10 23 4849
10 55 1739
10 68 5053
10 41 1134
10 7 6162
10 61 2087
10 20 12
11 33 1585
11 34 2603
11 12 2703
11 5 2152
11 40 656
11 20 518
11 47 6206
11 70 6126
11 56 4053
11 32 4814
11 19 5904
11 72 3232
11 17 3001
11 55 2535
11 60 2356
11 9 5697
11 28 539
11 30 2731
11 1 5963
11 7 215
11 59 441
11 27 3705
11 16 1117
11 23 6117
11 65 1997
11 73 3423
11 66 6044
11 22 5454
11 49 28
11 2 3920
11 8 716
11 50 5161
11 38 1822
11 75 2409
11 57 4211
11 25 2403
11 63 1635
11 61 6220
11 46 4287
11 67 5884
11 64 5122
11 18 5523
11 14 371
11 54 85
11 43 2302
11 4 2809
11 62 1117
11 39 5712
11 21 4701
11 29 350
11 74 2901
11 37 1156
11 42 5319
11 35 2797
11 36 4168
11 45 6223
12 21 1792
12 35 4256
12 22 1995
12 25 2604
12 24 3459
12 57 194
12 72 5929
12 69 2036
12 11 6238
12 47 374
12 59 6232
12 61 4350
12 40 5092
12 63 3554
12 6 5543
12 66 851
12 71 917
12 75 6184
12 41 4969
12 55 2560
12 16 3639
12 34 1649
12 53 5948
12 5 5081
12 51 1645
12 54 5073
12 39 4266
12 8 1304
12 28 3688
12 62 1391
12 33 2286
12 60 4702
12 32 768
12 14 6190
12 43 945
12 27 3867
12 29 2374
12 18 552
12 37 3028
12 9 6085
12 1 5070
12 50 1704
12 23 5948
12 15 3788
12 4 3252
12 58 4375
12 68 4895
12 67 95
12 19 1047
12 73 3489
12 10 4414
12 44 4048
12 36 2013
12 31 5776
12 42 5213
12 46 969
12 52 3792
13 18 1934
13 19 4174
13 56 125
13 36 5628
13 45 1212
13 53 174
13 40 1961
13 46 522
13 31 3552
13 7 4370
13 22 5629
13 28 1512
13 58 2429
13 61 4822
13 21 5876
13 51 872
13 37 4230
13 57 2271
13 8 2056
13 25 5576
13 6 3231
13 23 2392
13 17 4064
13 73 3767
13 75 4362
13 12 5982
13 43 4602
13 16 5477
13 26 3900
13 42 3259
13 32 1268
13 5 4011
13 47 2920
13 29 5702
13 72 3028
13 63 5229
13 10 4935
13 38 1352
13 39 4224
13 20 2447
13 52 2406
13 54 1880
13 66 3230
13 74 412
13 41 4469
13 34 2743
13 64 1437
13 49 3279
13 33 6132
13 35 2302
13 30 4969
13 3 1178
13 1 4840
13 27 1737
13 48 1097
13 9 2055
13 62 4892
13 60 740
14 60 829
14 23 5786
14 32 5053
14 70 2174
14 35 2276
14 5 3196
14 24 2174
14 1 2718
14 39 4235
14 55 1025
14 21 5680
14 30 5994
14 54 1678
14 36 591
14 38 5728
14 58 154
14 4 872
14 53 71
14 48 1266
14 65 5230
14 34 4768
14 17 1751
14 18 1648
14 8 5268
14 57 2109
14 56 381
14 7 3960
14 68 4845
14 69 6064
14 3 5311
14 28 1563
14 61 5359
14 43 5303
14 46 2103
14 63 486
14 25 4691
14 45 5618
14 2 1334
14 41 2449
14 40 3112
14 66 3808
14 62 171
14 15 2507
14 67 1898
14 26 879
14 44 4114
14 64 2729
14 51 4533
14 9 2598
14 59 926
14 52 3413
14 33 3259
14 74 2064
14 37 276
14 19 5409
15 20 5702
15 59 1242
15 8 4534
15 25 2727
15 18 1482
15 2 37
15 53 1867
15 17 1856
15 36 6186
15 75 3085
15 64 1172
15 19 5794
15 60 5840
15 40 928
15 56 595
15 35 2763
15 66 3882
15 51 5187
15 41 5468
15 22 1373
15 62 325
15 58 4355
15 16 3756
15 52 2909
15 31 5083
15 28 3652
15 44 1425
15 4 4792
15 67 3503
15 39 1121
15 57 4797
15 42 3445
15 29 5830
15 34 2478
15 45 1313
15 24 4510
15 70 2897
15 37 1806
15 27 5934
15 6 450
15 23 5117
15 49 363
15 38 614
15 7 1253
15 3 5910
15 55 6199
15 11 2470
15 5 3045
15 9 1577
15 72 5941
15 32 1307
16 62 2655
16 24 1108
16 32 576
16 69 2173
16 19 1877
16 8 2298
16 35 4597
16 29 4441
16 6 5661
16 68 6099
16 28 1601
16 67 1903
16 10 4610
16 48 5200
16 39 2006
16 45 843
16 52 3736
16 12 3970
16 40 4452
16 49 2424
16 23 2738
16 64 2977
16 61 2119
16 22 970
16 36 1273
16 27 3722
16 21 4889
16 20 5780
16 66 4772
16 58 4918
16 41 4218
16 9 2899
16 15 3090
16 13 4579
16 70 3080
16 72 5922
16 34 5016
16 11 6100
16 1 1598
16 26 2864
16 4 1601
16 73 2986
16 59 11
16 47 4142
16 14 591
16 17 438
16 71 2220
16 33 591
16 44 2158
17 38 4273
17 66 3451
17 21 1996
17 65 6209
17 3 537
17 30 548
17 72 5613
17 15 4540
17 73 4279
17 70 779
17 49 3121
17 59 4495
17 63 2053
17 25 2486
17 48 2303
17 26 958
17 64 6199
17 50 3947
17 55 6066
17 44 538
17 61 4530
17 5 5528
17 4 4026
17 41 5754
17 13 2581
17 40 332
17 57 1478
17 10 4833
17 6 4680
17 20 3639
17 23 875
17 19 510
17 62 275
17 14 5008
17 47 2683
17 22 1895
17 36 5507
17 45 2940
17 37 1583
17 8 609
17 58 1977
17 46 5267
17 28 3572
17 31 4462
17 52 2522
17 32 5383
17 7 2382
17 24 2111
17 67 574
17 43 3722
17 11 4488
17 35 110
17 34 428
17 29 5016
17 1 3348
17 71 5093
17 69 3293
18 6 3111
18 40 399
18 49 6138
18 13 3591
18 48 4249
18 61 5657
18 63 1117
18 42 153
18 50 5000
18 9 2635
18 55 5397
18 31 1020
18 16 5287
18 3 3130
18 2 4217
18 32 530
18 25 3997
18 53 5116
18 75 397
18 44 1495
18 24 804
18 36 6133
18 5 4133
18 68 2298
18 33 3227
18 22 1235
18 23 5233
18 59 3341
18 15 833
18 1 280
18 20 945
18 54 2962
18 71 1504
18 35 1230
18 41 4454
18 29 264
18 37 5664
18 17 4178
18 27 4536
18 12 5588
18 56 5483
18 26 286
18 30 638
18 66 1506
18 10 941
18 57 8
18 21 4994
18 52 1895
18 51 5502
18 70 2850
18 14 1268
18 72 3985
18 67 953
18 38 5242
18 62 4424
18 11 933
18 34 4639
18 45 1293
18 58 24
18 47 3140
18 60 1383
19 28 6065
19 45 5118
19 52 554
19 37 2915
19 31 2432
19 8 1240
19 10 386
19 38 382
19 66 3367
19 15 3757
19 65 1041
19 49 1795
19 41 2235
19 67 6065
19 17 327
19 26 4662
19 11 4609
19 71 185
19 54 5934
19 64 1992
19 12 5172
19 20 4855
19 16 1413
19 21 998
19 4 4217
19 63 3182
19 70 1244
19 7 2951
19 62 3924
19 46 2303
19 29 6239
19 44 5497
19 59 6005
19 40 4881
19 61 5405
19 42 4994
19 48 1589
19 32 2666
19 5 5865
19 18 2525
19 57 2133
19 25 6235
19 35 3506
19 36 5202
19 13 90
19 56 4995
19 6 2788
19 14 1409
19 33 5082
19 3 1109
19 55 2085
19 69 1527
19 27 2146
19 9 4665
19 30 997
19 1 3262
19 24 2749
19 58 2630
20 67 5534
20 39 1227
20 8 5698
20 73 2348
20 13 1849
20 58 3905
20 19 3744
20 68 2897
20 63 5102
20 45 4531
20 29 3765
20 24 257
20 49 2900
20 11 1986
20 6 1777
20 23 4370
20 55 3597
20 30 2010
20 1 2403
20 40 514
20 50 491
20 48 1930
20 72 5666
20 65 1429
20 61 4076
20 31 3785
20 21 4370
20 3 3324
20 14 2947
20 28 4711
20 47 4377
20 54 3451
20 35 5902
20 38 1537
20 36 1149
20 15 1021
20 42 1618
20 33 203
20 75 1333
20 26 5543
20 4 1644
20 57 1919
20 18 2832
20 43 2888
20 34 3076
20 27 178
20 62 3837
20 66 6140
20 37 381
20 22 2556
20 53 5968
20 46 4804
20 51 1253
20 10 588
20 16 152
21 49 5487
21 32 2041
21 1 4660
21 11 2416
21 34 1283
21 9 6019
21 31 5667
21 55 1334
21 7 6264
21 17 147
21 12 517
21 44 1107
21 37 5252
21 42 4389
21 40 5753
21 30 1848
21 33 2958
21 62 3743
21 29 4679
21 36 1083
21 5 1512
21 58 1808
21 56 3975
21 54 4838
21 71 4666
21 64 4764
21 45 4248
21 59 3947
21 3 5945
21 19 1852
21 16 1451
21 22 3893
21 6 5643
21 57 2667
21 13 2475
21 24 2140
21 65 727
21 46 927
21 47 4353
21 2 828
21 67 3209
21 43 1060
21 74 1593
21 72 4380
21 63 1032
21 35 4661
21 51 4846
21 26 5949
21 68 1008
21 60 5304
21 73 1387
21 38 1561
21 48 142
21 10 3956
21 39 1317
21 18 1493
21 23 524
21 28 332
22 32 505
22 20 1779
22 15 5460
22 13 3566
22 25 5554
22 55 35
22 26 2808
22 48 2309
22 72 1405
22 36 3674
22 53 5216
22 39 1997
22 14 3853
22 51 3733
22 47 3039
22 8 3242
22 23 2577
22 10 2636
22 27 3064
22 18 3972
22 19 5086
22 41 4382
22 12 5131
22 46 5603
22 50 4018
22 65 3610
22 4 5375
22 45 6022
22 30 3622
22 11 3723
22 69 5702
22 33 2373
22 60 1918
22 34 4611
22 68 3033
22 2 4411
22 1 4695
22 37 289
22 3 5138
22 42 1755
22 64 5564
22 61 6242
22 75 5435
22 63 2989
22 29 3723
22 67 4837
22 57 5315
22 62 3380
22 56 1873
22 66 1753
22 9 1541
22 70 3153
22 54 3857
22 40 5656
22 52 1678
22 16 4251
23 21 1381
23 17 1797
23 30 4713
23 48 6156
23 2 1475
23 33 5474
23 57 2248
23 70 3577
23 31 2594
23 46 2617
23 71 3287
23 61 514
23 19 2338
23 24 2623
23 37 5970
23 52 94
23 14 3370
23 69 2553
23 36 5660
23 50 3405
23 62 5757
23 8 2607
23 75 2296
23 35 410
23 54 3792
23 59 5189
23 5 593
23 64 3441
23 72 4529
23 9 4405
23 58 1286
23 43 3534
23 3 5116
23 34 6262
23 51 3336
23 74 5786
23 25 4868
23 40 728
23 6 2882
23 65 3955
23 22 652
23 1 5202
23 39 6053
23 11 4452
23 26 185
23 10 2509
23 44 2872
23 29 4823
23 16 2842
23 68 367
23 73 1276
23 56 2379
24 75 333
24 16 717
24 10 1270
24 11 4427
24 36 2867
24 37 3103
24 18 91
24 28 5315
24 45 3288
24 69 2604
24 56 4250
24 54 2052
24 74 3643
24 22 357
24 46 3664
24 32 5007
24 4 3812
24 65 3801
24 23 4721
24 73 4630
24 68 2882
24 15 1644
24 67 3819
24 62 5204
24 44 3235
24 1 5376
24 59 4595
24 27 3966
24 9 711
24 39 4653
24 26 2039
24 71 2405
24 72 4368
24 2 4667
24 55 5238
24 60 5721
24 31 808
24 63 1148
24 38 6072
24 57 2537
24 5 4036
24 52 1344
24 61 3746
24 34 84
24 3 2436
24 14 3174
24 19 2479
24 21 3451
24 58 3002
24 70 620
24 50 4426
24 25 6092
24 53 3521
24 7 2564
25 53 6295
25 62 4311
25 22 2917
25 52 1496
25 19 3350
25 9 3561
25 4 5962
25 7 6136
25 29 1373
25 72 6090
25 35 373
25 48 291
25 42 3441
25 60 4272
25 15 6260
25 57 4006
25 38 5275
25 2 2839
25 14 863
25 31 4385
25 36 566
25 73 3753
25 56 1634
25 40 2944
25 30 1061
25 58 5266
25 49 3412
25 21 4371
25 55 3707
25 23 4200
25 75 6274
25 45 5232
25 10 2722
25 1 4927
25 44 5803
25 28 3101
25 41 2257
25 13 2317
25 3 2200
25 17 3356
25 68 1262
25 24 2423
25 50 1887
25 61 2735
25 59 2763
25 63 6069
25 69 5037
25 67 4940
25 26 6038
25 27 523
25 39 4661
25 71 5227
25 6 1184
25 65 2903
25 51 2666
25 5 5882
25 18 1807
25 43 4574
26 64 5852
26 47 5384
26 42 2042
26 63 3070
26 53 5765
26 25 3686
26 38 4546
26 70 3280
26 66 4260
26 7 3084
26 31 3264
26 34 2653
26 39 39
26 43 171
26 32 827
26 8 3266
26 16 4491
26 52 1266
26 12 1610
26 56 4284
26 21 57
26 49 5296
26 1 1023
26 51 2719
26 50 4672
26 57 2502
26 74 4863
26 13 959
26 40 3545
26 2 559
26 61 5936
26 35 3907
26 10 2957
26 65 3954
26 48 4197
26 41 4652
26 67 2323
26 23 1242
26 58 4137
26 30 4977
26 55 4136
26 72 3223
26 11 5607
26 71 1222
26 75 1537
26 22 6084
26 28 3053
26 27 3090
26 62 3397
26 19 2498
26 6 3264
26 17 3911
26 73 3539
26 37 2554
26 5 1552
26 4 674
27 3 6061
27 18 2592
27 43 1108
27 68 2252
27 15 1937
27 71 2178
27 31 86
27 14 854
27 9 1690
27 26 354
27 36 1151
27 62 3178
27 44 4192
27 70 305
27 34 3592
27 63 4748
27 48 617
27 17 4700
27 11 1908
27 30 6229
27 67 4228
27 29 566
27 20 1242
27 66 1089
27 23 2803
27 54 3950
27 35 1837
27 55 1355
27 38 4531
27 49 2903
27 51 6067
27 69 1403
27 47 4043
27 4 3109
27 10 5898
27 58 4816
27 61 230
27 33 2906
27 1 2174
27 28 5087
27 56 997
27 25 3954
27 40 3202
27 7 180
27 60 3983
27 24 1582
27 32 2498
27 5 6078
27 59 4705
27 16 4000
27 75 1223
27 53 1467
27 21 1864
28 6 5488
28 46 1182
28 44 5912
28 10 4590
28 65 5725
28 29 5871
28 30 5867
28 5 5099
28 47 5338
28 36 5485
28 9 584
28 35 5183
28 20 5198
28 39 4973
28 48 2544
28 16 1844
28 4 2236
28 33 1849
28 43 3907
28 23 6268
28 63 5585
28 61 2848
28 17 1212
28 45 4805
28 12 1302
28 37 1573
28 51 5481
28 21 2166
28 8 4602
28 66 1340
28 14 3337
28 25 3639
28 59 5860
28 69 1973
28 41 3376
28 7 6118
28 70 3155
28 60 1959
28 34 6028
28 27 3495
28 53 2778
28 52 835
28 71 6168
28 62 719
28 2 2970
28 56 1991
28 13 3265
28 49 6171
28 72 4217
28 54 3918
28 42 4771
28 19 3213
28 31 4750
28 40 5913
28 58 1458
28 1 396
28 18 4854
28 74 1382
28 38 4267
29 20 2093
29 72 5198
29 55 4623
29 23 2112
29 48 2708
29 73 225
29 22 3613
29 62 3338
29 45 5120
29 58 230
29 67 5163
29 10 4726
29 35 3998
29 69 3767
29 1 3285
29 36 1342
29 42 5401
29 70 4493
29 30 4959
29 14 4625
29 47 3761
29 18 309
29 2 334
29 64 3449
29 28 1474
29 38 467
29 8 2198
29 26 1605
29 13 5130
29 27 828
29 74 4058
29 39 5379
29 43 4803
29 6 1791
29 5 4064
29 40 4785
29 25 1800
29 37 2805
29 33 5458
29 57 5878
29 50 657
29 3 2888
29 75 6189
29 21 2753
29 71 5063
29 60 3126
29 32 1151
29 17 5296
29 54 3341
29 7 466
29 12 382
29 11 5536
29 49 4779
29 24 1151
29 63 3527
29 34 3112
29 52 645
29 68 3111
29 4 4206
30 69 2525
30 63 143
30 6 5362
30 35 2701
30 25 5909
30 39 420
30 75 5148
30 60 1447
30 37 2485
30 52 1924
30 10 3155
30 33 5799
30 68 6181
30 40 3838
30 38 241
30 48 4925
30 53 1247
30 72 4795
30 28 2059
30 31 4435
30 11 1903
30 42 2013
30 7 3021
30 26 1761
30 66 2950
30 34 2588
30 24 4195
30 4 4878
30 20 3705
30 47 2020
30 12 84
30 19 1586
30 45 1792
30 8 5114
30 22 4979
30 62 2564
30 32 5790
30 13 2023
30 43 4758
30 3 5939
30 46 4271
30 23 5073
30 71 3770
30 55 1379
30 2 6109
30 59 4125
30 21 4400
30 73 1357
30 18 6160
30 49 5235
30 56 6144
30 65 997
30 9 4436
30 41 4191
30 14 3303
30 1 71
31 43 551
31 37 5127
31 33 4377
31 9 3744
31 53 4825
31 13 2653
31 63 4862
31 65 3149
31 22 1580
31 73 3100
31 30 1931
31 60 3164
31 70 603
31 32 2312
31 54 2032
31 41 4130
31 72 5836
31 52 2092
31 71 4435
31 14 604
31 42 4910
31 29 2553
31 35 1566
31 16 4405
31 69 5888
31 57 3501
31 47 2859
31 11 3636
31 7 4616
31 74 5185
31 26 5393
31 24 4842
31 34 2191
31 21 5949
31 75 2170
31 58 2622
31 2 4916
31 40 4952
31 59 3152
31 55 4709
31 56 889
31 4 3336
31 1 2475
31 36 6070
31 8 647
31 12 327
31 61 972
31 64 552
31 49 6149
31 38 351
31 39 2493
31 66 2155
31 62 4688
31 23 2901
31 17 181
31 68 5779
31 18 5735
31 27 2627
32 12 1137
32 57 6000
32 75 2309
32 10 4191
32 47 1187
32 68 1575
32 4 1794
32 48 3179
32 28 859
32 43 5513
32 73 1765
32 21 5550
32 15 5790
32 70 162
32 74 208
32 39 1409
32 16 4182
32 14 3954
32 19 5667
32 5 4344
32 17 1901
32 45 4918
32 50 5257
32 24 911
32 22 829
32 51 820
32 67 6167
32 66 4718
32 40 2383
32 58 3951
32 2 5441
32 54 1635
32 37 3202
32 30 5178
32 59 2381
32 69 4062
32 62 2668
32 29 876
32 23 3590
32 31 5616
32 33 1253
32 49 4727
32 26 3430
32 6 1291
32 13 1452
32 1 2935
32 64 1425
32 18 4072
32 27 4165
32 8 3724
32 72 2927
32 60 4178
32 9 4274
32 7 3559
32 20 3574
32 61 6024
33 57 875
33 45 2517
33 40 4977
33 19 4377
33 44 3339
33 1 4598
33 74 5386
33 26 4739
33 7 1350
33 63 5112
33 72 5937
33 36 1581
33 60 4587
33 32 1361
33 68 777
33 34 5757
33 48 275
33 20 1068
33 69 933
33 58 6286
33 10 4951
33 54 5064
33 39 5792
33 51 5093
33 24 1677
33 4 5075
33 59 6127
33 29 4063
33 5 703
33 46 960
33 37 1186
33 25 5794
33 43 5649
33 8 5294
33 12 1131
33 35 1979
33 28 4071
33 9 740
33 17 98
33 73 5361
33 71 566
33 49 1526
33 53 3463
33 64 5
33 61 5145
33 47 314
33 52 5080
33 42 1269
33 75 2482
33 62 5044
33 14 5973
33 6 3088
33 2 2962
33 50 2215
33 16 6272
33 23 5246
33 67 210
33 27 1620
33 55 2366
33 56 4341
33 3 5941
33 65 798
34 23 5459
34 10 2826
34 18 188
34 5 1105
34 15 1704
34 48 4904
34 45 6268
34 62 609
34 21 3611
34 35 1586
34 36 2298
34 20 2393
34 9 3952
34 14 6283
34 51 2831
34 67 3615
34 41 4325
34 63 4407
34 69 963
34 74 3494
34 25 6125
34 16 1073
34 53 4594
34 72 2864
34 61 3545
34 3 5882
34 13 5935
34 58 5000
34 1 16
34 46 865
34 7 3443
34 49 2797
34 50 5057
34 60 1188
34 8 32
34 56 3552
34 2 4073
34 75 5925
34 71 5349
34 30 3777
34 24 3141
34 52 2320
34 55 3809
34 43 1550
34 29 2467
34 37 1619
34 12 1570
34 59 687
34 26 5817
34 54 1699
34 31 645
34 70 3984
35 45 5870
35 70 5200
35 57 5688
35 37 3901
35 55 4101
35 52 4721
35 40 851
35 31 6077
35 41 4067
35 34 4205
35 44 1401
35 3 1147
35 22 4528
35 6 1559
35 15 1218
35 1 276
35 19 2472
35 30 4772
35 9 1279
35 17 5789
35 27 4006
35 51 3023
35 36 6259
35 28 3612
35 14 6196
35 68 268
35 46 2104
35 59 2687
35 33 6260
35 54 1552
35 26 5103
35 16 5027
35 24 3615
35 63 636
35 39 5823
35 5 1117
35 7 4676
35 29 1865
35 32 1559
35 50 78
35 23 1898
35 43 1182
35 60 2282
35 20 4459
35 8 3702
35 2 2569
35 64 4435
35 72 989
35 62 2499
35 47 729
35 25 2997
35 48 3875
35 69 3412
35 10 3112
35 73 3281
35 66 912
36 38 3153
36 2 2039
36 66 5576
36 23 372
36 15 687
36 68 1376
36 51 5471
36 12 1836
36 13 4277
36 11 4022
36 72 57
36 9 6178
36 16 2276
36 24 479
36 3 5841
36 74 4348
36 61 4223
36 26 1918
36 63 1668
36 35 2453
36 69 1606
36 31 910
36 30 108
36 4 4032
36 21 6188
36 62 3321
36 28 2769
36 60 5240
36 25 4618
36 42 6004
36 5 1125
36 55 6084
36 52 938
36 10 6134
36 8 4710
36 67 5501
36 33 3861
36 46 5013
36 47 5512
36 49 5543
36 27 5622
36 39 4111
36 19 1463
36 73 4349
36 65 5409
36 41 1649
36 1 3985
36 20 332
36 32 1687
36 44 4643
36 71 5703
36 22 3261
36 54 6274
36 75 3331
36 59 4230
36 48 5678
36 14 4030
36 17 2199
36 57 1266
37 55 3796
37 5 5818
37 7 556
37 67 352
37 33 3047
37 65 2214
37 35 2616
37 62 4068
37 27 4499
37 63 4959
37 3 1271
37 71 1085
37 6 3426
37 64 6145
37 39 5438
37 70 2695
37 22 3176
37 15 4400
37 34 890
37 23 2488
37 18 587
37 12 2734
37 73 5577
37 47 3238
37 53 3115
37 11 2963
37 57 754
37 42 2259
37 52 1656
37 1 2216
37 31 1788
37 46 249
37 49 4439
37 25 3212
37 19 4142
37 61 482
37 26 1841
37 43 1279
37 58 3725
37 4 1519
37 41 3709
37 54 2103
37 29 4391
37 51 5483
37 40 3388
37 13 674
37 8 5640
37 16 638
37 69 40
37 59 2348
37 30 1314
37 36 5435
37 56 3166
37 50 4909
37 2 3853
37 17 195
38 52 1526
38 71 1611
38 68 1880
38 72 6226
38 54 5346
38 59 118
38 16 5154
38 29 3165
38 22 3979
38 30 5163
38 7 696
38 55 5455
38 14 4421
38 10 4884
38 73 4847
38 63 4379
38 67 547
38 13 670
38 50 429
38 41 5406
38 25 3574
38 44 12
38 24 3105
38 26 1371
38 11 3026
38 19 3887
38 75 4155
38 1 872
38 61 596
38 53 435
38 2 6036
38 12 5944
38 47 4371
38 28 355
38 51 1077
38 33 3975
38 3 4829
38 57 675
38 46 2797
38 40 3406
38 17 1615
38 9 2199
38 45 6149
38 65 2737
38 58 1423
38 27 4511
38 18 2889
38 15 2826
38 20 3504
38 43 1535
38 34 2675
38 70 5741
38 37 5871
39 59 1390
39 6 3214
39 42 5722
39 33 1856
39 36 5643
39 17 3106
39 31 4450
39 3 909
39 47 1813
39 14 2939
39 12 811
39 5 1385
39 28 784
39 74 1519
39 60 2846
39 9 5352
39 54 2984
39 37 106
39 18 1320
39 16 699
39 72 3716
39 70 2446
39 61 6031
39 64 1177
39 62 5159
39 46 1016
39 53 5637
39 30 1537
39 1 3185
39 49 6287
39 75 3998
39 21 3821
39 55 124
39 10 4553
39 22 6194
39 51 6001
39 40 1641
39 50 4887
39 20 690
39 56 4732
39 8 5318
39 29 325
39 13 1191
39 71 1896
39 66 2774
39 52 334
39 11 3853
39 32 42
39 45 4516
40 44 3533
40 50 6136
40 51 3219
40 66 3924
40 31 5175
40 10 5369
40 19 3385
40 23 4969
40 71 6012
40 53 1653
40 42 2728
40 2 5514
40 49 1815
40 69 3261
40 70 4482
40 25 5929
40 24 977
40 17 2946
40 8 1283
40 41 2411
40 37 5234
40 39 6078
40 14 1247
40 63 2841
40 32 4669
40 57 2032
40 67 4323
40 45 2655
40 75 1939
40 68 1990
40 35 2535
40 65 3333
40 12 5139
40 52 1741
40 6 198
40 61 5041
40 26 140
40 20 4593
40 58 4374
40 34 2811
40 11 3591
40 36 1116
40 60 3981
40 15 3995
40 43 1726
40 55 4288
40 62 1561
40 22 5928
40 18 5419
40 64 3681
40 3 88
40 4 3537
40 73 4422
40 1 3422
40 30 2160
40 13 3230
40 16 4578
40 21 2493
40 9 4453
40 56 2820
40 54 87
40 46 5132
40 27 6232
41 44 3112
41 72 5513
41 6 5240
41 69 1722
41 37 3317
41 38 1651
41 43 5123
41 68 2762
41 39 2506
41 62 3175
41 51 3043
41 18 5567
41 9 1617
41 71 3424
41 2 5528
41 31 5775
41 32 2883
41 49 2574
41 47 2171
41 15 1289
41 57 2476
41 40 309
41 14 3453
41 63 1684
41 17 5770
41 21 336
41 26 5703
41 60 5129
41 65 108
41 50 2364
41 4 3306
41 11 3193
41 66 1308
41 67 1936
41 12 1734
41 8 1599
41 34 5727
41 30 3351
41 54 5255
41 74 5211
41 10 3066
41 58 4495
41 29 364
41 24 6247
41 46 4915
41 45 1701
41 28 779
41 16 4323
41 25 4217
41 75 3033
41 27 2340
42 53 2828
42 10 3591
42 70 734
42 26 3300
42 56 1974
42 3 1249
42 59 2783
42 74 734
42 40 5226
42 61 4002
42 23 5562
42 2 5013
42 51 5331
42 31 665
42 65 298
42 28 735
42 58 5598
42 49 806
42 50 701
42 67 2733
42 33 5768
42 64 4668
42 19 1460
42 57 3310
42 47 2516
42 60 155
42 36 1830
42 21 3815
42 63 3904
42 69 3443
42 62 1151
42 41 1806
42 45 5543
42 43 1315
42 14 4067
42 55 6059
42 6 613
42 71 6147
42 66 1142
42 46 5842
42 35 1882
42 24 4862
42 13 2643
42 32 1834
42 38 1024
42 73 690
42 44 5484
42 37 5198
42 20 4594
42 72 5761
42 54 1909
42 12 3068
42 22 4420
42 4 6002
42 7 1445
42 75 4676
42 15 3783
43 61 59
43 71 4224
43 69 3588
43 29 5767
43 39 4841
43 26 4071
43 66 4407
43 1 1024
43 34 2667
43 64 1980
43 31 774
43 30 5322
43 67 1603
43 27 5851
43 37 1089
43 7 302
43 38 4622
43 65 5131
43 11 3491
43 53 3393
43 73 4512
43 52 2184
43 20 2600
43 22 1236
43 57 203
43 40 5507
43 25 4276
43 33 538
43 4 6129
43 47 5513
43 44 2783
43 15 181
43 46 602
43 3 848
43 16 3628
43 36 824
43 23 1248
43 32 4105
43 56 2051
43 10 2601
43 28 879
43 62 3032
43 9 1720
43 75 672
43 49 994
43 12 1234
43 63 3760
43 17 1263
43 35 5452
43 19 1600
44 15 5740
44 63 1981
44 3 4270
44 40 4568
44 22 1291
44 31 6206
44 54 6027
44 25 867
44 55 2090
44 33 579
44 28 5501
44 60 4030
44 73 611
44 26 1593
44 47 6166
44 10 5291
44 69 4463
44 57 5728
44 9 5466
44 58 3688
44 30 2519
44 72 1571
44 75 1091
44 16 1916
44 7 3903
44 12 4971
44 45 272
44 41 4377
44 53 3865
44 11 5596
44 62 6135
44 20 3424
44 50 538
44 52 5900
44 8 5448
44 38 5453
44 17 3449
44 27 3822
44 70 3668
44 32 2340
44 65 4668
44 14 1915
44 66 2766
44 36 750
44 21 165
44 64 1310
44 74 3933
44 6 3510
44 59 3911
44 68 4596
44 1 3720
44 42 6074
44 4 1891
45 70 1611
45 60 1941
45 75 4250
45 6 4642
45 13 1853
45 47 1776
45 72 1885
45 49 5782
45 10 397
45 50 1370
45 36 3001
45 71 11
45 34 398
45 40 1756
45 38 1319
45 48 490
45 18 2356
45 21 766
45 44 5801
45 32 1365
45 29 2387
45 26 3611
45 30 1560
45 57 4145
45 67 2575
45 73 767
45 74 1964
45 35 346
45 69 4662
45 15 1564
45 5 1026
45 27 1442
45 55 6083
45 11 3399
45 22 3138
45 43 3402
45 52 73
45 39 5026
45 9 3147
45 63 5232
45 62 1850
45 17 4643
45 2 5728
45 23 3187
45 53 4199
45 4 3845
45 20 3409
45 3 2512
45 59 5439
45 24 3078
45 31 6232
45 16 4360
45 7 6063
45 65 3886
45 28 1009
45 56 4735
45 1 4735
46 35 5907
46 20 2643
46 58 5310
46 68 3424
46 60 4687
46 75 5130
46 40 6179
46 50 4839
46 15 1667
46 31 1733
46 67 5165
46 26 2053
46 70 5784
46 1 3350
46 23 3225
46 42 537
46 72 229
46 73 4027
46 24 4597
46 64 5652
46 27 5737
46 62 1355
46 55 4471
46 30 4336
46 37 2323
46 3 6042
46 13 5569
46 7 172
46 61 1374
46 56 1186
46 54 5368
46 69 3763
46 9 5697
46 52 6138
46 51 5946
46 47 5868
46 48 2728
46 25 822
46 53 5522
46 28 6236
46 38 776
46 5 1691
46 11 5438
46 49 3108
46 41 4401
46 6 1885
46 57 3182
46 43 5932
46 21 5036
46 29 5936
46 71 1478
46 34 4467
46 74 2352
46 65 4178
46 22 1005
47 71 399
47 61 5317
47 9 4090
47 54 6275
47 74 3240
47 8 483
47 2 2157
47 51 1882
47 58 2310
47 34 3731
47 7 2070
47 21 5861
47 25 592
47 50 5887
47 53 2094
47 57 497
47 49 5744
47 27 1987
47 37 2035
47 5 1115
47 36 2764
47 22 5889
47 63 270
47 46 2654
47 14 2842
47 10 381
47 35 4272
47 23 3855
47 72 848
47 1 5357
47 67 2738
47 52 3278
47 24 2038
47 17 4115
47 59 3077
47 68 25
47 16 3296
47 44 3013
47 33 1618
47 42 4598
47 45 5312
47 19 4308
47 64 2681
47 75 6244
47 6 3345
47 66 795
47 43 3126
47 26 3748
47 55 1647
47 32 2812
47 15 4628
47 73 3685
47 11 871
47 69 4630
47 20 2004
47 31 1296
47 56 3323
48 56 1467
48 57 4880
48 44 1501
48 13 105
48 35 640
48 17 1764
48 11 3680
48 40 1091
48 72 3404
48 28 5704
48 73 4246
48 50 5115
48 71 4917
48 66 5356
48 8 356
48 15 3589
48 53 4369
48 25 5467
48 47 4869
48 74 1417
48 3 3246
48 64 1742
48 33 739
48 19 4974
48 4 4495
48 54 3996
48 59 6099
48 31 2439
48 52 3716
48 34 6194
48 23 1567
48 21 5340
48 7 1619
48 51 2682
48 10 4760
48 6 5113
48 26 1525
48 61 3517
48 29 5746
48 58 6001
48 14 6120
48 45 5503
48 63 4968
48 43 4152
48 5 4761
48 70 3509
48 27 5526
48 36 3507
48 30 2014
48 1 4023
48 46 755
48 41 3129
48 18 3542
48 12 6110
48 39 5103
48 2 6014
48 65 5848
48 67 4587
49 4 1688
49 35 1716
49 54 3854
49 52 3038
49 71 2722
49 56 2102
49 21 4625
49 65 1767
49 31 5545
49 12 5885
49 50 3927
49 45 3959
49 7 2899
49 9 1755
49 67 5665
49 73 4393
49 46 3387
49 19 4308
49 64 2703
49 48 1360
49 44 3354
49 20 2437
49 10 5956
49 62 5675
49 37 1185
49 68 2497
49 18 2919
49 55 3218
49 26 5211
49 28 402
49 59 4217
49 32 2943
49 53 5699
49 29 4027
49 38 5913
49 41 5278
49 60 2843
49 61 6184
49 25 4107
49 58 679
49 2 4538
49 5 376
49 74 5580
49 23 2388
49 15 3588
49 66 2292
49 14 3913
49 13 2912
49 1 4295
49 40 6109
49 11 2769
49 22 5113
49 63 2895
49 47 5837
49 27 2773
49 70 4366
49 8 1947
49 34 464
49 75 6116
50 19 3020
50 16 1000
50 5 374
50 65 2814
50 70 2237
50 62 967
50 45 4903
50 57 226
50 38 1142
50 73 4205
50 49 612
50 42 2573
50 24 5759
50 56 1040
50 14 4569
50 29 5682
50 23 4861
50 30 5947
50 7 1123
50 53 3920
50 47 3673
50 6 5581
50 8 5728
50 59 1648
50 33 2457
50 74 2734
50 15 277
50 48 525
50 44 1488
50 37 1210
50 39 2876
50 43 5094
50 61 1958
50 10 2211
50 21 4209
50 46 5711
50 41 4372
50 32 5301
50 2 1692
50 13 1914
50 22 5924
50 12 1348
50 60 4061
50 3 5300
50 25 4711
50 9 4944
50 67 4038
50 35 464
51 33 4470
51 64 3227
51 15 6046
51 34 4677
51 62 4423
51 45 3428
51 61 4730
51 52 2536
51 8 1588
51 66 1176
51 35 4232
51 73 4003
51 70 1551
51 29 2368
51 16 6066
51 5 4901
51 9 1460
51 65 2703
51 27 2098
51 3 1433
51 38 5558
51 21 2315
51 53 3552
51 30 5780
51 57 4624
51 28 2485
51 47 1887
51 68 2108
51 14 5187
51 60 5266
51 7 1169
51 42 5197
51 54 3000
51 19 1035
51 18 5196
51 50 2966
51 17 5370
51 58 4147
51 4 5542
51 1 5758
51 40 3795
51 20 1812
51 12 1228
51 36 103
51 24 3857
51 48 1437
51 43 4742
51 31 2406
51 46 156
51 11 525
51 23 3905
51 37 5276
51 13 1750
51 44 5149
51 75 5046
51 39 659
51 71 4485
52 24 2747
52 74 975
52 39 1359
52 18 5062
52 14 866
52 57 118
52 26 1706
52 47 6253
52 25 3612
52 66 4733
52 42 1944
52 34 1590
52 71 5810
52 8 4803
52 2 1351
52 58 5564
52 73 2669
52 40 72
52 22 5677
52 56 2258
52 19 1061
52 67 2573
52 45 5712
52 62 1451
52 68 3800
52 38 1935
52 36 683
52 43 367
52 64 537
52 51 5167
52 15 4488
52 48 2422
52 30 2528
52 9 3772
52 20 2407
52 49 1492
52 21 1317
52 7 4504
52 13 2839
52 61 466
52 17 407
52 5 326
52 54 1058
52 44 3797
52 46 3445
52 1 4765
52 6 154
52 33 163
52 31 293
52 75 5589
52 12 2205
52 16 6228
52 55 1948
52 69 4102
52 63 1217
52 37 3451
53 75 5429
53 37 5197
53 9 4135
53 27 3931
53 23 4565
53 31 878
53 8 684
53 65 619
53 67 4935
53 54 3368
53 58 5726
53 42 6016
53 48 4064
53 59 1659
53 4 35
53 70 6299
53 46 5297
53 6 3423
53 55 1801
53 28 4912
53 71 2690
53 44 3296
53 5 59
53 73 3589
53 10 3200
53 64 5430
53 63 201
53 26 2182
53 62 5436
53 74 484
53 56 1029
53 51 3534
53 25 6222
53 3 2374
53 72 2565
53 24 4672
53 29 1682
53 69 5257
53 2 4340
53 40 6180
53 43 3697
53 57 3723
53 11 3894
53 36 3909
53 33 1306
53 39 5384
53 21 1245
53 14 1791
53 66 382
53 13 3699
53 41 140
53 61 3680
53 7 592
54 62 5381
54 35 5825
54 51 5613
54 65 3179
54 29 2250
54 7 2475
54 46 3795
54 64 1267
54 14 313
54 2 65
54 36 4430
54 53 5281
54 72 1908
54 63 287
54 21 14
54 16 3735
54 30 3245
54 33 2831
54 44 4963
54 40 3474
54 61 904
54 5 5152
54 68 428
54 22 994
54 42 991
54 4 2846
54 49 5760
54 67 5148
54 39 3095
54 45 2923
54 25 4749
54 28 3079
54 47 4609
54 55 3698
54 69 5408
54 31 3953
54 15 2257
54 60 4648
54 11 2441
54 17 2467
54 24 4584
54 19 817
54 26 1227
54 58 2179
54 43 68
54 13 3172
54 10 3761
54 18 2501
54 3 5145
54 41 5488
54 59 432
54 20 5556
54 12 1219
54 32 3275
54 52 2614
54 37 2801
55 18 3226
55 23 448
55 45 3873
55 74 5322
55 41 2216
55 47 1816
55 20 2782
55 68 4719
55 11 1310
55 16 368
55 25 443
55 33 3788
55 14 6182
55 66 940
55 54 5507
55 39 2753
55 9 652
55 5 2125
55 34 4816
55 28 6030
55 2 2619
55 58 4587
55 36 2794
55 7 2786
55 35 2815
55 73 2740
55 56 1821
55 26 2212
55 71 3270
55 50 6047
55 21 1579
55 64 3833
55 29 3718
55 40 3881
55 62 5571
55 31 2113
55 63 3792
55 48 5311
55 51 3389
55 6 5601
55 32 4359
55 42 2066
55 37 1324
55 44 5172
55 67 2274
55 69 1991
55 38 4796
55 22 123
55 70 4533
55 4 3078
55 8 4516
55 19 610
55 46 3514
55 27 5078
55 52 5209
55 49 2265
55 24 3918
55 59 6031
55 30 2383
55 61 5265
56 38 499
56 18 3636
56 41 4114
56 7 4080
56 39 2475
56 24 5975
56 50 492
56 13 877
56 34 2392
56 72 2035
56 9 806
56 16 3872
56 14 2765
56 22 742
56 33 5238
56 55 4496
56 45 2292
56 44 4305
56 17 5207
56 25 5259
56 31 3156
56 37 5224
56 64 1912
56 69 4065
56 57 5072
56 75 3391
56 26 6068
56 70 1776
56 71 5340
56 73 4328
56 49 5594
56 62 5391
56 61 5496
56 74 3148
56 3 6230
56 6 4322
56 47 4957
56 53 4125
56 60 5080
56 59 6289
56 43 1614
56 65 3747
56 63 3835
56 52 160
56 54 3226
56 58 4044
56 11 2305
56 36 3323
56 40 4677
56 27 5908
56 46 3011
56 19 2367
56 20 3738
56 42 5823
56 66 3594
56 1 2103
57 11 6102
57 22 2682
57 53 128
57 9 241
57 10 2412
57 44 5417
57 46 5850
57 36 249
57 40 5933
57 41 4513
57 4 2869
57 75 1877
57 59 2006
57 70 267
57 23 5279
57 21 6153
57 28 1310
57 43 1445
57 42 1233
57 55 3139
57 29 4453
57 1 3883
57 12 2263
57 48 6265
57 18 233
57 62 5591
57 32 3144
57 61 603
57 19 4809
57 25 1235
57 24 3678
57 56 4478
57 60 3838
57 30 4779
57 69 1439
57 31 2562
57 34 3550
57 67 6082
57 27 727
57 64 873
57 26 129
57 37 2848
57 74 4355
57 66 5142
57 33 155
57 13 2202
57 7 4882
57 68 4237
57 6 1508
57 38 4888
57 58 3039
57 20 4230
57 63 5168
57 65 2512
57 15 2489
57 72 3616
57 2 5444
58 45 1045
58 46 4402
58 74 1374
58 17 6008
58 43 1033
58 70 5668
58 67 4116
58 7 5531
58 53 672
58 32 3532
58 18 3683
58 12 2744
58 73 192
58 10 6248
58 27 4275
58 40 4957
58 57 3945
58 60 1407
58 36 770
58 9 3256
58 44 3567
58 42 5487
58 71 5112
58 35 4610
58 19 4308
58 72 5374
58 6 647
58 14 1641
58 48 2012
58 33 1242
58 25 3183
58 34 1428
58 31 5587
58 22 5349
58 20 2702
58 55 3560
58 54 3720
58 1 112
58 28 3664
58 68 1064
58 64 2853
58 37 3688
58 59 6198
58 66 3829
58 75 223
58 69 1272
58 24 2420
58 41 437
58 47 5812
58 62 2102
58 15 4354
58 3 4564
58 11 2921
58 61 851
58 30 317
58 2 2992
58 38 1824
58 52 993
58 56 805
58 16 5636
59 12 5872
59 14 409
59 46 1370
59 57 2339
59 37 5185
59 20 2436
59 72 4114
59 54 142
59 27 1690
59 73 2664
59 16 2137
59 60 6007
59 26 1660
59 21 2571
59 23 2308
59 10 3276
59 66 2522
59 41 3482
59 53 3997
59 5 3594
59 38 4907
59 43 5927
59 71 4100
59 45 2722
59 47 1942
59 11 6114
59 3 3391
59 49 3806
59 36 2056
59 56 1149
59 31 4295
59 18 5040
59 52 2724
59 58 5292
59 8 3721
59 4 5021
59 34 3083
59 15 2188
59 35 2126
59 13 4230
59 19 5380
59 28 3403
59 74 5439
59 70 3117
59 6 4407
59 44 2130
59 65 6008
59 40 5422
59 17 88
59 68 5794
59 22 6044
59 7 283
59 62 4081
60 32 4653
60 50 3287
60 9 1239
60 2 449
60 14 4128
60 62 6109
60 24 4882
60 8 264
60 47 563
60 11 5710
60 37 6273
60 58 3799
60 22 3017
60 52 36
60 65 1022
60 57 4973
60 46 4264
60 36 3090
60 15 2030
60 51 2750
60 5 464
60 75 1435
60 31 719
60 59 5588
60 69 2989
60 13 5606
60 40 1467
60 35 2496
60 33 3774
60 64 1707
60 70 195
60 63 3804
60 23 4079
60 73 2020
60 38 1839
60 43 3126
60 48 2785
60 26 417
60 4 5454
60 1 34
60 74 3973
60 20 1290
60 66 284
60 53 5367
60 55 285
60 54 6199
60 56 4993
60 21 1574
60 34 4195
60 44 879
60 17 3108
60 29 3363
60 49 3677
60 30 5128
60 18 66
60 42 1443
60 27 4334
61 66 1884
61 48 5717
61 6 4369
61 34 5396
61 54 6139
61 69 3731
61 64 909
61 63 5361
61 2 3701
61 42 2939
61 44 3576
61 71 2618
61 35 3633
61 20 1333
61 32 2725
61 29 2733
61 59 1111
61 9 5525
61 17 1510
61 12 3791
61 68 715
61 43 3660
61 26 3156
61 19 2352
61 4 3166
61 21 1024
61 36 1025
61 28 1203
61 55 5660
61 11 5727
61 62 2295
61 67 2794
61 52 643
61 5 6165
61 57 3539
61 45 3913
61 24 4679
61 53 1929
61 22 1266
61 51 566
61 30 1343
61 70 4646
61 72 2518
61 1 724
61 3 1847
61 41 626
61 75 733
61 49 5789
61 13 3491
61 58 1031
61 33 156
61 47 4185
61 10 2184
61 7 2564
61 50 2861
61 73 1042
61 38 3800
62 37 4754
62 5 5953
62 7 4589
62 16 4271
62 41 4530
62 59 4699
62 52 219
62 34 1539
62 57 814
62 74 4360
62 75 1273
62 66 1736
62 9 4883
62 48 142
62 43 2442
62 40 5383
62 45 5426
62 67 1892
62 64 2326
62 27 4463
62 11 3182
62 19 153
62 24 2147
62 61 3563
62 70 4640
62 54 2834
62 63 1467
62 42 4709
62 49 3975
62 23 4753
62 46 1018
62 38 4955
62 22 3869
62 13 3289
62 68 1708
62 29 1560
62 51 506
62 3 3357
62 17 2769
62 21 2103
62 8 2173
62 56 2047
62 58 4370
62 47 1029
62 53 5169
62 4 4106
62 65 3210
62 35 6184
62 25 5123
62 2 3464
62 18 5748
63 73 3215
63 3 1254
63 22 1104
63 49 3459
63 58 4891
63 57 3798
63 34 4736
63 70 2420
63 48 1345
63 2 2807
63 75 5632
63 33 2313
63 39 23
63 62 5790
63 16 3825
63 59 2585
63 44 4413
63 7 3101
63 45 3431
63 10 2066
63 60 6178
63 23 1039
63 50 5267
63 71 2742
63 25 6100
63 74 1635
63 43 5243
63 30 4554
63 29 4182
63 37 1004
63 67 1785
63 28 5297
63 38 4933
63 69 4879
63 9 4244
63 4 1683
63 20 548
63 31 1867
63 17 1378
63 19 1858
63 41 5461
63 64 5262
63 68 3221
63 40 715
63 8 6015
63 47 2809
63 66 4647
63 15 3150
63 5 3332
63 46 5000
63 65 2551
63 61 2087
63 55 3297
63 32 1438
63 36 742
63 24 4549
63 1 3936
63 12 3330
63 51 5856
63 54 1959
63 72 1183
64 31 2989
64 28 1479
64 6 2728
64 43 681
64 75 2769
64 72 6298
64 60 2121
64 65 1640
64 38 5413
64 44 5179
64 74 5868
64 21 4005
64 36 5568
64 20 4946
64 71 3310
64 66 1562
64 62 5364
64 63 1303
64 32 5932
64 59 4120
64 11 159
64 16 2615
64 34 27
64 46 3206
64 1 3863
64 57 3905
64 14 5281
64 23 2120
64 26 6183
64 3 2098
64 56 2341
64 15 1665
64 33 5127
64 55 5150
64 35 642
64 73 1124
64 52 909
64 48 4464
64 17 4124
64 61 6267
64 7 1666
64 27 579
64 49 2105
64 37 2058
64 8 5545
64 67 3683
64 10 5154
64 19 3002
64 29 3723
64 18 14
64 12 4021
64 39 2490
64 69 553
64 5 551
65 45 4095
65 48 4721
65 34 1397
65 61 4119
65 27 3318
65 67 2558
65 68 1293
65 58 1288
65 23 1659
65 6 5936
65 59 2391
65 18 4707
65 11 5718
65 60 826
65 38 1486
65 22 2814
65 74 4193
65 3 494
65 10 5859
65 13 239
65 66 5209
65 44 3944
65 47 5607
65 75 4173
65 51 2884
65 55 6140
65 32 819
65 7 1736
65 71 6073
65 24 1195
65 41 5553
65 63 2289
65 40 5105
65 35 5357
65 16 5048
65 69 2664
65 64 1940
65 43 3525
65 52 4080
65 54 5029
65 70 1870
65 14 4887
65 1 3456
65 37 268
65 25 1618
65 42 437
65 17 2711
65 62 4861
65 72 2130
65 46 2198
65 29 3307
65 26 2102
65 50 4832
65 15 1663
65 57 5657
65 73 5335
66 31 1312
66 7 4299
66 5 1155
66 58 1458
66 34 4922
66 26 2427
66 51 2346
66 14 1442
66 62 3630
66 27 974
66 45 4661
66 8 6274
66 42 2625
66 9 2587
66 59 2417
66 75 4197
66 40 3184
66 36 3651
66 44 2232
66 50 4034
66 61 3830
66 1 3078
66 55 965
66 53 4413
66 56 3736
66 32 6109
66 19 605
66 3 2086
66 10 2539
66 43 6073
66 4 5718
66 52 5276
66 68 3049
66 69 4784
66 74 5781
66 47 6230
66 65 2912
66 29 1105
66 41 2098
66 16 5821
66 33 3911
66 24 717
66 63 4145
66 21 1172
66 13 1964
66 11 4361
66 28 2341
66 49 1553
66 37 3027
66 48 3922
66 20 5607
66 46 4474
66 23 1851
66 30 3643
66 6 4852
66 73 3472
66 2 1205
66 22 388
66 60 3958
66 35 4711
66 57 2072
66 38 567
67 45 2042
67 36 4792
67 6 6148
67 17 3157
67 31 4916
67 18 5892
67 29 1008
67 27 4836
67 59 2677
67 75 5188
67 56 3619
67 71 5919
67 10 5805
67 39 1001
67 22 3034
67 11 199
67 19 1651
67 68 1495
67 62 1788
67 3 1271
67 72 5241
67 50 6018
67 42 3445
67 38 3710
67 21 841
67 66 1007
67 61 3358
67 24 406
67 34 1089
67 51 3968
67 5 5546
67 49 161
67 23 4891
67 12 4663
67 70 392
67 46 2940
67 14 4121
67 37 265
67 69 2543
67 54 2441
67 15 3104
67 28 756
67 65 644
67 41 626
67 48 82
67 9 4030
67 60 76
67 53 2460
67 2 954
67 47 3610
67 58 327
67 8 155
67 35 2058
67 74 3606
67 1 5205
67 43 5472
68 61 2723
68 31 902
68 63 208
68 66 2805
68 73 2476
68 70 1444
68 34 2492
68 43 4769
68 14 246
68 13 4303
68 69 827
68 47 1007
68 56 3495
68 46 3729
68 15 695
68 67 1570
68 38 2477
68 4 4544
68 74 639
68 18 4161
68 71 3199
68 54 1270
68 50 5278
68 5 2649
68 40 5667
68 10 2942
68 9 839
68 52 2234
68 35 5325
68 55 885
68 75 5455
68 7 1220
68 3 717
68 72 4893
68 23 2859
68 29 5035
68 60 1736
68 42 2414
68 51 5640
68 21 2154
68 59 957
68 6 4756
68 48 1724
68 28 1439
68 27 2441
68 45 1818
68 20 2562
68 57 818
68 19 3667
68 36 4977
68 26 4518
68 8 24
68 64 714
69 52 161
69 24 2129
69 59 3235
69 66 2495
69 46 5553
69 12 3175
69 42 3505
69 48 5549
69 58 1062
69 19 2758
69 64 3631
69 47 1021
69 20 3299
69 40 1329
69 51 261
69 39 4810
69 63 2715
69 60 623
69 75 5098
69 43 5764
69 49 1071
69 56 1295
69 32 1934
69 34 4583
69 5 3028
69 18 3049
69 25 1228
69 10 2013
69 53 3563
69 33 409
69 72 5812
69 67 3241
69 62 1919
69 21 4590
69 17 608
69 28 2867
69 16 4050
69 45 6193
69 7 3143
69 55 836
69 9 704
69 31 4615
69 3 600
69 1 5203
69 15 4700
69 54 4401
69 44 6113
69 23 1985
69 65 4582
69 26 2541
69 38 3070
69 14 2361
69 22 1963
69 2 5653
69 27 911
69 37 2485
70 40 2238
70 38 4265
70 44 2195
70 22 5131
70 29 3530
70 31 4031
70 4 120
70 46 3169
70 69 2127
70 39 962
70 14 1734
70 32 2421
70 33 3102
70 64 2463
70 54 3975
70 58 3706
70 20 2485
70 1 1976
70 60 2826
70 47 6299
70 49 3532
70 10 2307
70 21 4205
70 6 2061
70 13 4136
70 23 4106
70 57 1018
70 3 2894
70 43 3626
70 24 258
70 71 6221
70 37 2276
70 17 4691
70 72 1591
70 25 6274
70 8 2615
70 45 5972
70 26 2773
70 15 791
70 5 5551
70 65 5226
70 27 4640
70 74 3851
70 50 288
70 55 3196
70 51 3419
70 16 5249
70 2 4891
70 11 6095
70 61 363
70 12 3423
70 42 2990
70 18 3036
70 41 2579
70 52 4186
70 35 5291
70 63 1929
70 19 5129
70 62 5372
71 41 5841
71 45 1452
71 42 3835
71 51 3538
71 16 925
71 27 789
71 72 4540
71 6 162
71 53 1639
71 2 366
71 36 3276
71 46 5451
71 38 6245
71 34 4554
71 3 2115
71 26 6253
71 24 4525
71 4 4940
71 62 3929
71 20 1398
71 25 2773
71 7 6249
71 74 4583
71 64 1794
71 68 5220
71 10 2053
71 56 3378
71 9 1473
71 43 5606
71 33 50
71 48 1258
71 18 346
71 58 5124
71 70 2652
71 44 4087
71 66 3727
71 40 3092
71 11 3708
71 55 3628
71 28 567
71 63 5384
71 67 3567
71 13 4751
71 59 3624
71 12 2163
71 52 1503
71 37 5520
71 65 1911
71 57 5468
71 60 3271
71 19 1826
71 50 770
72 21 4712
72 57 5144
72 67 3511
72 1 164
72 54 4268
72 48 5050
72 56 5123
72 12 5690
72 63 2561
72 65 1819
72 25 5030
72 27 5112
72 62 4035
72 41 4715
72 74 910
72 34 2136
72 9 202
72 73 5530
72 49 5724
72 13 1176
72 75 5846
72 7 2350
72 33 4525
72 23 5762
72 8 1439
72 5 5923
72 32 77
72 52 355
72 45 2673
72 11 3130
72 64 4557
72 17 3072
72 70 280
72 60 1885
72 46 3615
72 35 1712
72 10 625
72 31 376
72 19 3438
72 16 3036
72 28 1935
72 42 282
72 66 4012
72 61 4613
72 40 23
72 71 4859
72 51 5316
72 43 1548
72 53 1724
72 55 547
72 39 1484
72 14 871
72 30 1771
72 4 845
72 2 4382
72 24 4378
72 36 2693
73 30 6248
73 26 5584
73 59 4092
73 57 2078
73 52 4653
73 31 4326
73 49 807
73 6 4279
73 60 1988
73 61 862
73 50 2285
73 44 2647
73 21 6119
73 38 4701
73 51 4504
73 67 4508
73 20 3455
73 72 6129
73 40 2824
73 56 5730
73 42 2772
73 53 516
73 19 1973
73 9 3792
73 13 970
73 18 2616
73 1 3331
73 39 758
73 48 1172
73 8 3855
73 22 4517
73 64 2763
73 36 2611
73 43 4572
73 37 1952
73 63 3755
73 68 2584
73 70 1725
73 45 1772
73 47 3130
73 23 2973
73 35 4519
73 16 4471
73 62 1610
73 55 3341
73 10 6120
73 46 4609
73 54 632
73 24 3433
73 74 5984
73 65 1519
73 71 2452
73 14 1962
73 32 4220
74 23 5018
74 14 1542
74 57 1818
74 41 571
74 75 4788
74 9 3732
74 39 323
74 54 1727
74 19 466
74 68 695
74 71 5166
74 72 3081
74 24 1469
74 16 2422
74 31 1501
74 73 4094
74 8 4085
74 66 3805
74 21 3767
74 1 1729
74 65 837
74 12 918
74 2 2285
74 64 2700
74 7 1751
74 63 4464
74 36 2375
74 27 3171
74 49 2386
74 33 4094
74 70 6128
74 40 5991
74 11 664
74 25 3474
74 32 1608
74 51 3189
74 4 1393
74 37 3442
74 3 5178
74 47 4299
74 10 3756
74 67 1071
74 56 4622
74 20 4053
74 48 3491
74 69 3440
74 59 4875
74 43 5864
74 5 2516
74 34 2475
74 6 1900
74 53 3038
74 38 222
74 55 190
74 26 3127
74 50 2661
74 42 5664
75 52 786
75 62 4720
75 17 4128
75 59 4821
75 27 2112
75 71 6126
75 43 1387
75 42 2846
75 10 2553
75 8 2952
75 21 466
75 47 1872
75 16 1649
75 54 5145
75 32 2351
75 68 760
75 11 3027
75 44 5293
75 26 389
75 22 2570
75 64 2164
75 20 5771
75 13 2081
75 41 3923
75 66 5904
75 9 3280
75 45 1522
75 35 1196
75 29 205
75 18 5543
75 1 3400
75 4 4475
75 50 303
75 58 3697
75 14 4723
75 73 2727
75 46 4687
75 28 1
75 61 106
75 12 3590
75 39 1691
75 3 1103
75 48 2700
75 30 499
75 25 1316
75 2 2121
75 49 3686
75 34 4291
75 24 3798
75 63 1217
75 56 4718
75 36 4759
75 69 4387
75 53 5108
75 72 6196
