75 4200
1 50 2514
1 19 246
1 22 4498
1 29 1614
1 72 2546
1 9 4822
1 33 5899
1 75 2164
1 7 3852
1 10 3275
1 49 5303
1 40 2171
1 32 1297
1 66 4290
1 27 2289
1 60 445
1 47 2541
1 26 5588
1 57 3692
1 67 1154
1 38 1636
1 54 4228
1 41 2472
1 11 919
1 25 2776
1 68 3204
1 16 3394
1 43 811
1 63 2312
1 15 1411
1 48 3411
1 21 1300
1 23 2222
1 64 700
1 59 342
1 73 4326
1 70 5587
1 46 5253
1 30 4541
1 61 4319
1 44 2082
1 56 4939
1 39 2364
1 42 3453
1 20 6119
1 36 2586
1 5 4343
1 17 5865
1 18 1276
1 45 3650
1 24 3772
1 3 5097
1 13 6
1 6 1249
1 55 2692
1 4 1607
1 14 3557
1 34 4694
1 71 1749
1 62 2141
1 69 4109
2 60 4889
2 18 2728
2 15 2862
2 14 2169
2 67 58
2 1 5530
2 68 5726
2 75 4516
2 4 600
2 74 4199
2 17 441
2 11 4716
2 23 841
2 27 18
2 59 894
2 41 1987
2 20 230
2 61 505
2 22 5950
2 12 327
2 43 2332
2 64 589
2 57 2266
2 16 4057
2 19 4552
2 30 3201
2 72 1384
2 55 6243
2 42 5696
2 51 5853
2 65 230
2 36 4253
2 49 4549
2 53 5285
2 37 3058
2 63 4896
2 9 2082
2 69 2750
2 56 3471
2 25 2811
2 34 4458
2 47 436
2 50 6281
2 7 2243
2 32 2723
2 10 2268
2 31 1800
2 58 5288
2 46 2654
2 6 4027
2 70 442
2 39 4740
2 13 5609
2 21 4560
2 62 6025
2 71 2529
2 29 3090
2 35 5870
2 40 1100
3 33 5653
3 36 5527
3 13 5124
3 9 2464
3 64 2902
3 22 1648
3 28 4549
3 47 4526
3 26 3868
3 16 2572
3 43 1159
3 71 3124
3 60 13
3 25 6145
3 30 4225
3 40 4390
3 68 3797
3 14 2904
3 12 4636
3 63 4077
3 15 1380
3 49 4651
3 5 1131
3 10 1651
3 37 2609
3 35 2979
3 27 3005
3 56 3990
3 23 4391
3 45 2439
3 11 3718
3 58 5577
3 66 1922
3 65 5222
3 19 1900
3 39 4545
3 51 1301
3 6 5915
3 4 1840
3 42 2456
3 55 1499
3 21 5943
3 48 5663
3 20 3453
3 8 5978
3 54 359
3 1 1902
3 38 2909
3 73 1166
3 61 218
3 59 5800
3 44 1834
3 50 4901
3 41 6028
3 74 1435
3 17 3383
3 34 4615
3 57 5053
3 72 5729
3 32 1734
3 52 141
3 75 3050
3 31 1812
4 13 5246
4 67 6193
4 32 400
4 48 2269
4 57 6280
4 7 4072
4 58 5249
4 9 1688
4 24 5888
4 45 1626
4 18 105
4 20 3782
4 30 3116
4 44 4518
4 53 1452
4 62 2308
4 54 2838
4 14 1354
4 66 4563
4 27 1390
4 2 428
4 40 5918
4 59 6237
4 5 2987
4 31 4070
4 3 3954
4 38 1307
4 73 5540
4 47 387
4 71 1593
4 49 3525
4 1 112
4 22 5825
4 56 5562
4 72 933
4 39 1128
4 16 3721
4 43 4255
4 8 5816
4 55 1318
4 63 3850
4 11 2010
4 50 2759
4 6 3063
4 28 3085
4 21 2942
4 52 5463
4 70 937
4 41 4579
4 46 635
4 12 5721
4 60 4440
4 34 3366
4 74 1203
4 51 6089
5 41 5286
5 56 4834
5 7 6042
5 9 1127
5 55 4543
5 44 634
5 36 3377
5 29 5445
5 65 6010
5 31 6029
5 52 3351
5 38 6015
5 8 887
5 73 5554
5 61 1592
5 50 5368
5 58 3027
5 13 1796
5 59 4879
5 35 897
5 74 2884
5 63 1154
5 17 2185
5 16 5599
5 12 2015
5 62 871
5 19 1193
5 3 769
5 46 1277
5 14 3528
5 34 3642
5 20 4326
5 30 2232
5 48 5211
5 60 2648
5 18 4248
5 67 4857
5 10 4881
5 25 1541
5 49 6131
5 45 4782
5 64 4375
5 22 1374
5 47 4047
5 54 4681
5 15 5144
5 33 4031
5 72 3831
5 23 3528
5 51 5708
5 43 1373
5 2 1090
5 39 5478
5 37 1099
5 4 1886
5 75 4878
6 8 6110
6 30 3352
6 37 1623
6 61 6072
6 63 1503
6 26 3998
6 40 2457
6 11 3823
6 60 1782
6 2 2338
6 36 2555
6 47 226
6 38 1565
6 18 5624
6 16 5234
6 53 3345
6 46 3439
6 71 144
6 9 595
6 42 1657
6 23 1088
6 75 1732
6 59 6046
6 64 4902
6 50 492
6 4 2127
6 73 2657
6 34 5341
6 28 5150
6 56 4396
6 51 6044
6 20 6037
6 31 1636
6 65 5580
6 1 6064
6 52 1004
6 13 956
6 66 5588
6 25 1051
6 39 3740
6 57 4267
6 41 3687
6 27 2626
6 24 529
6 29 388
6 48 2925
6 55 4208
6 32 2827
6 17 4353
6 44 1064
6 54 603
6 69 5651
6 15 499
6 62 1809
6 70 2640
7 10 1033
7 17 1157
7 36 2669
7 28 4402
7 16 936
7 23 3353
7 26 2284
7 45 6134
7 2 4583
7 43 1689
7 24 647
7 46 4722
7 60 3615
7 3 3465
7 34 5289
7 69 5282
7 58 3423
7 8 3084
7 49 4864
7 19 5306
7 61 5661
7 66 1924
7 33 1984
7 13 3676
7 74 4303
7 70 3652
7 25 1629
7 20 6262
7 5 2244
7 38 5535
7 4 2897
7 64 3791
7 48 5717
7 32 5871
7 72 4537
7 27 1866
7 30 1248
7 56 3068
7 47 697
7 53 308
7 31 5977
7 62 211
7 22 252
7 14 1319
7 51 2277
7 50 603
7 6 106
7 44 4961
7 35 5367
7 12 1633
7 21 1086
7 52 4413
7 18 3960
8 46 2184
8 21 1130
8 57 5067
8 37 3409
8 11 1469
8 52 3998
8 2 2503
8 39 6114
8 61 2597
8 45 284
8 59 980
8 30 3012
8 73 2702
8 63 4766
8 41 5779
8 7 5212
8 12 1424
8 29 5407
8 34 717
8 16 2972
8 60 2739
8 42 2661
8 65 4739
8 19 4449
8 15 5412
8 27 5366
8 25 4164
8 56 4751
8 55 17
8 14 3135
8 68 198
8 32 2532
8 51 284
8 62 5202
8 53 5231
8 43 5548
8 58 4493
8 31 3618
8 44 1812
8 48 6014
8 4 4801
8 35 2306
8 22 6026
8 18 3066
8 9 2974
8 10 5628
8 20 6020
8 17 251
8 5 4074
8 47 5608
8 54 1522
8 71 4902
8 75 2631
8 1 512
8 74 6300
8 69 5145
8 66 1465
8 28 5455
8 26 4268
9 24 3910
9 75 2154
9 45 3371
9 6 1798
9 30 2886
9 44 4808
9 20 4369
9 36 1027
9 21 2705
9 18 715
9 43 2963
9 50 6005
9 69 246
9 3 1167
9 73 114
9 34 2604
9 60 1599
9 31 3151
9 51 3431
9 8 3334
9 12 5125
9 49 3852
9 37 5102
9 56 215
9 39 6299
9 32 3087
9 53 2978
9 47 382
9 71 5313
9 59 4697
9 62 5310
9 14 802
9 19 3968
9 55 5737
9 25 1933
9 13 4048
9 63 236
9 7 4468
9 67 1683
9 15 4726
9 5 1463
9 65 992
9 22 4226
9 57 939
9 17 5536
9 61 4058
9 64 1023
9 16 5742
9 54 5403
9 58 1775
9 33 274
9 38 220
9 40 3644
10 12 71
10 35 2367
10 47 846
10 49 52
10 13 1995
10 59 4797
10 21 2909
10 1 1414
10 20 3125
10 23 5463
10 6 5638
10 28 2797
10 8 1016
10 45 5925
10 75 1187
10 62 2828
10 29 17
10 7 5156
10 9 3609
10 50 2318
10 14 5213
10 18 2835
10 60 5059
10 40 5174
10 30 3784
10 16 5727
10 17 4433
10 42 3652
10 58 5183
10 51 102
10 5 810
10 38 4583
10 44 5034
10 67 6239
10 53 2578
10 68 369
10 25 4366
10 26 5670
10 73 385
10 57 5258
10 2 4351
10 36 5927
10 64 597
10 27 2513
10 74 196
10 65 5931
10 31 2847
10 55 5573
10 71 44
10 63 5906
10 46 3191
10 4 5752
10 32 4058
10 56 5075
10 37 6181
10 41 1790
10 66 5357
10 11 4410
10 43 4352
10 15 5166
10 19 5719
10 3 60
11 69 3531
11 9 575
11 46 3202
11 16 2438
11 52 3776
11 19 6168
11 24 2368
11 55 1600
11 75 4502
11 39 2812
11 66 2116
11 17 1874
11 54 1670
11 38 198
11 41 4502
11 48 4306
11 59 2885
11 21 4805
11 34 2274
11 1 4032
11 7 3977
11 14 5210
11 73 1712
11 27 1730
11 64 3324
11 31 2119
11 47 371
11 62 510
11 37 1280
11 8 3030
11 58 1238
11 28 2410
11 36 6295
11 20 5213
11 74 4106
11 42 852
11 3 5619
11 2 4344
11 44 5727
11 56 2078
11 5 5965
11 13 4899
11 61 1587
11 26 3788
11 50 2965
11 4 4186
11 65 1816
11 35 3050
11 15 1964
11 51 881
11 71 5377
11 30 2102
11 45 4903
11 57 2858
11 40 515
12 40 3760
12 25 1663
12 66 5592
12 69 2366
12 18 567
12 58 3775
12 59 1998
12 49 1681
12 34 2037
12 6 3783
12 63 5582
12 53 4759
12 16 4061
12 39 5281
12 73 6066
12 26 5596
12 28 352
12 42 3863
12 22 2717
12 46 976
12 15 2120
12 68 2401
12 13 2118
12 74 3415
12 19 349
12 24 3188
12 71 455
12 14 4053
12 7 6060
12 62 1544
12 21 4632
12 72 4208
12 5 366
12 35 3102
12 33 6115
12 2 4399
12 52 6164
12 57 3300
12 44 4749
12 1 640
12 32 1614
12 10 2570
12 11 1392
12 31 5534
12 20 1842
12 64 1487
12 23 1714
12 70 5039
12 67 3658
12 55 5183
12 47 1236
12 56 2150
12 48 4422
12 4 4466
12 27 2744
13 57 3481
13 43 1554
13 70 3173
13 56 5503
13 75 2470
13 46 6117
13 3 1487
13 33 1714
13 16 121
13 48 5883
13 10 1680
13 14 5675
13 9 143
13 72 4802
13 23 3905
13 63 2904
13 69 2019
13 28 3999
13 30 1524
13 35 1681
13 26 3683
13 31 3232
13 37 5570
13 32 2991
13 42 5594
13 18 4879
13 22 18
13 29 854
13 51 6032
13 60 2532
13 39 3248
13 21 5737
13 44 6060
13 5 1495
13 50 2085
13 24 4903
13 20 1115
13 25 5823
13 71 4077
13 8 2996
13 59 1375
13 62 1956
13 2 4128
13 11 128
13 15 3752
13 1 6237
13 66 5002
13 47 264
13 40 4408
13 38 997
13 68 2034
13 17 5853
13 41 5233
13 12 3821
13 4 3810
13 73 618
13 61 5611
13 49 2310
13 36 1094
14 20 1902
14 44 4906
14 22 1662
14 24 585
14 10 4073
14 69 4549
14 59 5393
14 55 2135
14 3 45
14 74 1119
14 63 2327
14 66 5238
14 30 75
14 58 3229
14 25 2072
14 48 49
14 6 655
14 34 5472
14 27 2299
14 60 611
14 4 466
14 2 6066
14 38 1269
14 36 910
14 35 2836
14 68 812
14 31 1647
14 51 3396
14 47 5807
14 41 5704
14 32 772
14 13 5797
14 29 4092
14 57 3555
14 67 5034
14 19 1430
14 37 4721
14 72 3982
14 11 493
14 53 5402
14 75 2769
14 62 1952
14 9 1418
14 70 3219
14 33 29
14 73 1740
14 8 5364
14 45 2599
14 12 981
14 7 3726
14 15 3191
14 40 6001
14 1 1380
15 19 2719
15 37 2226
15 46 5315
15 16 4020
15 23 5045
15 70 1055
15 3 2313
15 75 487
15 20 4930
15 34 4506
15 33 61
15 45 626
15 7 89
15 29 3588
15 60 1496
15 32 518
15 63 2463
15 9 4280
15 68 5658
15 62 4335
15 22 1265
15 28 6222
15 25 4265
15 10 2290
15 49 2023
15 56 5719
15 43 4442
15 52 6221
15 67 2300
15 26 2591
15 50 1423
15 30 5095
15 59 4052
15 38 500
15 40 3908
15 1 5143
15 54 4660
15 74 4243
15 5 1641
15 64 5453
15 11 2975
15 27 1859
15 48 24
15 21 1285
15 24 958
15 41 5851
15 65 2875
15 73 6255
15 72 4444
15 31 3239
15 47 1247
15 12 4998
15 42 772
15 2 5963
15 35 694
15 14 56
15 36 3367
15 53 4303
15 58 1433
15 44 5756
15 66 5989
15 4 1651
16 30 5582
16 13 3454
16 66 2248
16 69 1383
16 42 1164
16 24 5847
16 31 5890
16 41 2511
16 74 3554
16 54 5503
16 33 2363
16 10 1723
16 47 5186
16 40 3860
16 67 1705
16 7 3903
16 6 2787
16 53 3531
16 57 4051
16 73 5005
16 34 2747
16 29 523
16 5 832
16 39 244
16 62 5757
16 18 3924
16 75 2338
16 17 5496
16 63 3409
16 20 4366
16 27 1905
16 3 6291
16 15 2411
16 52 967
16 46 6117
16 44 958
16 32 2189
16 26 4070
16 19 6273
16 9 2592
16 14 3625
16 72 5589
16 50 6149
16 36 3612
16 61 3230
16 12 4138
16 65 3500
16 23 3909
16 21 5581
16 55 2438
16 60 1634
16 49 871
16 35 5690
16 56 5634
16 64 2720
16 59 4987
16 48 132
16 70 1823
17 66 5548
17 57 2613
17 6 1008
17 11 2034
17 36 5560
17 45 2336
17 58 4210
17 68 5612
17 18 2142
17 38 2982
17 52 2876
17 46 1408
17 25 2827
17 14 4512
17 62 3879
17 21 1330
17 60 3124
17 28 3527
17 49 994
17 22 3801
17 56 4306
17 23 2004
17 34 2572
17 50 4767
17 10 4257
17 47 2673
17 42 5
17 40 2896
17 39 5521
17 54 3901
17 74 2680
17 4 2322
17 37 506
17 16 3351
17 72 4425
17 64 2513
17 9 2025
17 44 2762
17 75 1983
17 7 3282
17 48 4091
17 15 4953
17 12 711
17 43 3018
17 5 2486
17 31 2750
17 65 5723
17 73 2189
17 32 3310
17 51 3272
17 30 6096
17 19 178
17 1 547
17 3 1235
17 53 2364
17 55 2052
17 8 1022
17 70 2611
17 35 1550
17 26 3890
17 71 4606
18 29 3847
18 64 1379
18 17 3450
18 52 109
18 39 4970
18 56 2240
18 25 3816
18 65 6010
18 2 6019
18 19 5340
18 54 607
18 36 295
18 37 3410
18 62 5514
18 3 2550
18 48 27
18 4 6127
18 26 3521
18 12 662
18 63 1767
18 27 4741
18 32 1238
18 5 2491
18 40 1658
18 8 4770
18 53 199
18 30 4590
18 13 3809
18 33 5309
18 34 3689
18 70 3607
18 50 5802
18 74 367
18 57 2995
18 20 239
18 31 686
18 16 4783
18 67 4216
18 44 3828
18 6 3178
18 38 3462
18 75 1827
18 49 2503
18 41 722
18 22 2042
18 43 2579
18 47 2639
18 66 4596
18 10 3521
18 28 39
18 73 4928
18 72 541
18 45 4042
18 7 4179
18 23 1946
18 59 175
18 35 995
18 15 3382
18 46 5388
18 24 1801
19 27 198
19 8 2960
19 28 694
19 17 609
19 22 1534
19 44 2398
19 62 4591
19 16 1092
19 46 5577
19 34 3811
19 5 2947
19 72 5117
19 38 2780
19 31 2820
19 69 4681
19 67 5486
19 66 2573
19 73 261
19 6 749
19 3 2200
19 13 1023
19 2 5749
19 56 6295
19 29 2616
19 21 6003
19 26 4844
19 35 415
19 51 456
19 15 3450
19 30 841
19 41 4825
19 65 1608
19 54 5901
19 75 5205
19 18 5523
19 55 2440
19 40 586
19 63 5588
19 49 5844
19 60 69
19 68 528
19 7 889
19 61 3499
19 36 6025
19 10 226
19 50 5780
19 70 4698
19 43 4946
19 9 4647
19 37 2324
20 57 1046
20 34 679
20 67 4182
20 29 925
20 71 2789
20 21 4423
20 30 4746
20 66 4218
20 62 4963
20 23 870
20 10 2374
20 63 3076
20 15 5914
20 13 1855
20 2 4902
20 3 4651
20 14 5279
20 41 1956
20 18 4830
20 11 4969
20 42 5395
20 49 2492
20 56 3380
20 16 2851
20 54 3064
20 12 1960
20 75 3048
20 19 2251
20 68 4496
20 44 2456
20 1 4729
20 65 2844
20 47 2851
20 33 1249
20 59 1437
20 31 955
20 39 3108
20 17 2841
20 74 2319
20 5 3245
20 73 3859
20 69 4669
20 48 4250
20 43 711
21 19 2919
21 40 5149
21 25 28
21 27 347
21 54 2744
21 28 5500
21 63 1685
21 50 3871
21 42 4793
21 45 980
21 22 4875
21 64 5198
21 51 546
21 5 6188
21 16 3981
21 18 5088
21 38 1375
21 46 1278
21 11 4046
21 20 3518
21 31 354
21 35 6078
21 75 2839
21 59 4693
21 65 287
21 58 89
21 72 2296
21 23 2011
21 4 40
21 13 4356
21 12 4718
21 60 1389
21 48 5739
21 71 10
21 39 730
21 52 4625
21 9 5141
21 61 3362
21 30 4334
21 43 3496
21 74 5484
21 62 3774
21 68 3850
21 56 2834
21 33 3452
21 41 2273
21 29 5532
21 57 3019
21 14 1508
21 24 2386
21 49 2198
21 69 5345
21 8 1110
22 27 2617
22 66 4475
22 34 335
22 44 1548
22 5 3636
22 29 332
22 48 2921
22 14 558
22 23 5996
22 68 4945
22 73 4596
22 69 2744
22 63 4069
22 32 608
22 26 4445
22 36 4938
22 59 3646
22 8 838
22 21 4431
22 30 2127
22 24 6286
22 54 4778
22 50 3949
22 49 4965
22 57 800
22 18 5021
22 10 2480
22 55 4236
22 53 4612
22 1 2025
22 60 2281
22 31 5158
22 6 2420
22 15 1696
22 72 1430
22 20 5581
22 71 740
22 3 1470
22 28 2523
22 7 6187
22 2 3066
22 67 5463
22 40 4963
22 62 4906
22 33 2890
22 13 1662
22 25 521
22 9 126
22 75 4581
22 52 126
22 35 1102
22 41 5654
22 51 5501
22 47 2255
22 43 937
22 74 404
23 6 2134
23 70 5785
23 20 4024
23 26 5613
23 22 1837
23 65 618
23 47 3636
23 18 198
23 41 3144
23 56 4561
23 4 231
23 25 5645
23 9 5091
23 50 4957
23 30 2320
23 49 3929
23 68 3629
23 54 4838
23 55 1977
23 52 3183
23 24 5817
23 34 1717
23 66 3102
23 27 5447
23 11 2450
23 38 752
23 73 5619
23 57 6168
23 14 4489
23 32 4387
23 44 2214
23 58 3128
23 36 1449
23 21 3944
23 62 2127
23 64 4037
23 7 5774
23 15 3620
23 8 4403
23 19 5301
23 53 4621
23 1 4357
23 2 2628
23 75 5826
23 40 3828
23 10 4865
23 45 2858
23 5 5779
23 17 2751
24 4 2443
24 27 470
24 23 4332
24 2 464
24 45 1249
24 60 6300
24 71 4686
24 63 5534
24 34 5799
24 43 2276
24 75 3914
24 59 2348
24 69 4058
24 51 1614
24 8 3020
24 66 4747
24 68 5485
24 14 2318
24 48 3743
24 7 4455
24 64 5959
24 67 3687
24 11 4626
24 35 5765
24 39 3904
24 3 6129
24 46 604
24 31 7
24 16 4497
24 57 1170
24 38 3770
24 56 4632
24 10 4651
24 29 1684
24 1 487
24 25 5296
24 74 4794
24 65 1545
24 70 4898
24 73 1051
24 54 5577
24 13 2332
24 53 2408
24 32 2590
24 41 3712
24 36 1418
24 62 1647
24 17 930
24 58 4707
24 72 826
24 50 5768
24 47 1187
24 12 3258
24 18 5190
25 23 5065
25 22 690
25 49 2219
25 35 1483
25 55 5893
25 74 3744
25 17 5381
25 29 4774
25 21 5259
25 20 3469
25 52 3507
25 69 4776
25 59 631
25 27 4402
25 61 3325
25 16 1515
25 68 3683
25 45 1140
25 72 233
25 18 6147
25 60 1321
25 34 5970
25 12 106
25 8 1379
25 70 2124
25 10 3919
25 67 1133
25 19 3352
25 2 5195
25 28 4267
25 7 5601
25 41 4057
25 63 4849
25 32 1890
25 36 4015
25 1 403
25 30 537
25 9 1569
25 39 5122
25 38 316
25 4 5008
25 14 2885
25 62 3579
25 50 5653
25 65 143
25 73 5274
25 53 1061
25 31 1920
25 37 6262
25 57 1275
25 47 4188
25 33 3125
25 44 4788
25 64 1108
26 1 3329
26 9 1444
26 44 5349
26 64 3485
26 69 4124
26 28 3528
26 36 1368
26 33 2708
26 10 6140
26 24 2855
26 5 5572
26 7 1680
26 58 4590
26 31 3953
26 19 5795
26 38 5550
26 51 5071
26 61 964
26 8 4384
26 15 4662
26 46 2003
26 13 4128
26 54 2957
26 39 335
26 59 2984
26 6 3413
26 22 5638
26 71 155
26 55 145
26 66 1296
26 27 435
26 50 5786
26 73 6069
26 52 1918
26 3 126
26 14 3480
26 75 2138
26 70 654
26 4 1130
26 37 6269
26 65 3907
26 56 755
26 21 5011
26 30 1752
26 12 41
26 34 2427
26 57 6251
26 25 5063
26 29 4202
26 43 5439
26 32 4211
26 40 500
26 68 5937
26 63 1197
26 23 2445
26 11 766
26 72 3723
26 20 3619
27 32 2420
27 46 6274
27 40 4792
27 26 3527
27 33 3745
27 10 3969
27 42 2475
27 13 1724
27 6 3584
27 54 907
27 63 3149
27 41 5042
27 23 5016
27 37 6088
27 62 5997
27 30 444
27 19 5439
27 69 5362
27 25 3353
27 9 1067
27 73 1266
27 72 3160
27 15 5700
27 53 2284
27 8 1434
27 56 5697
27 18 5055
27 36 5788
27 49 3414
27 51 3887
27 74 3568
27 28 6192
27 38 2272
27 20 4352
27 39 5428
27 75 2852
27 14 3927
27 68 3478
27 48 3594
27 22 2379
27 21 6158
27 67 828
27 47 1142
27 2 5301
27 31 5857
27 24 4952
27 44 5973
27 59 5799
27 11 3894
27 50 127
27 57 5338
27 4 4482
27 5 5549
27 12 4066
28 19 3151
28 51 5545
28 4 1268
28 73 2829
28 30 2198
28 5 5935
28 23 6207
28 38 3741
28 72 5016
28 7 3612
28 13 5132
28 75 3078
28 65 3477
28 50 2808
28 17 1804
28 55 2493
28 18 1078
28 53 5997
28 70 4000
28 20 1502
28 16 3479
28 45 1372
28 24 4106
28 33 4353
28 14 2737
28 59 271
28 35 1462
28 10 1710
28 43 2724
28 52 3188
28 32 5497
28 71 2835
28 66 6146
28 62 5166
28 39 5340
28 1 373
28 63 1495
28 42 4929
28 22 4720
28 37 3674
28 34 2598
28 69 2566
28 21 3627
28 56 3063
28 46 1461
28 48 5362
28 15 6219
28 68 5245
28 36 1002
28 58 545
28 47 867
28 26 2313
28 9 5647
28 40 939
29 66 2997
29 14 2275
29 35 417
29 56 2755
29 75 1603
29 37 3065
29 60 2767
29 21 1898
29 39 5012
29 53 4896
29 22 4226
29 12 4296
29 33 2207
29 55 176
29 50 3670
29 30 4931
29 26 3977
29 16 3359
29 20 640
29 15 4340
29 54 5233
29 41 566
29 52 5285
29 7 4345
29 6 2207
29 8 5946
29 19 1468
29 45 2982
29 27 6152
29 44 4824
29 59 588
29 3 5901
29 2 5654
29 63 150
29 69 6203
29 48 1674
29 67 1156
29 24 4691
29 64 5500
29 31 5197
29 42 5052
29 65 4608
29 25 461
29 62 5121
29 51 2988
29 57 3540
29 13 2341
29 28 4364
29 11 3841
29 74 4482
29 32 1428
29 49 4219
29 23 4421
29 4 2186
29 18 1838
29 1 2580
30 61 3227
30 48 1498
30 38 426
30 57 5991
30 18 1688
30 41 2971
30 45 3748
30 36 1606
30 6 4117
30 13 4060
30 58 1315
30 7 2357
30 49 2309
30 69 1950
30 15 3320
30 25 6152
30 20 5528
30 26 1259
30 10 2093
30 24 1615
30 75 5045
30 71 4582
30 29 5126
30 27 1917
30 23 1011
30 22 4084
30 56 1698
30 65 3389
30 54 3737
30 14 2069
30 50 328
30 72 2955
30 32 2018
30 46 5344
30 5 5633
30 4 1720
30 64 5234
30 51 5293
30 60 4513
30 19 4128
30 12 434
30 2 1844
30 43 3533
30 9 3475
30 1 1238
30 40 4275
30 53 5406
30 42 580
30 34 1529
30 52 3654
30 33 5881
30 70 2167
30 55 5842
30 11 3279
30 47 6254
30 37 781
30 74 4120
31 6 475
31 52 1464
31 75 3373
31 60 1423
31 12 5454
31 42 2186
31 28 4519
31 56 3218
31 44 1450
31 25 2157
31 71 3399
31 59 3301
31 37 4
31 57 3906
31 41 1753
31 51 5867
31 10 2598
31 53 2492
31 50 4411
31 1 3136
31 22 1966
31 45 563
31 64 1645
31 69 2734
31 35 3769
31 2 1327
31 61 6196
31 34 5744
31 55 3586
31 27 1731
31 33 6120
31 40 3375
31 32 683
31 63 695
31 8 2502
31 4 6201
31 73 5691
31 36 206
31 19 2764
31 23 5241
31 49 2227
31 58 3301
31 16 2452
31 5 4549
31 48 3880
31 70 5543
31 13 6259
31 30 498
31 26 5896
31 74 5730
31 46 5230
31 9 4722
31 43 1800
31 11 2600
31 47 635
31 14 3124
31 29 777
31 21 1240
31 62 5279
31 67 2686
32 35 5168
32 34 2910
32 4 2929
32 29 2007
32 33 1241
32 9 2910
32 44 82
32 21 3644
32 8 1997
32 46 182
32 36 1555
32 45 1842
32 1 4980
32 30 486
32 42 5128
32 7 5696
32 11 1575
32 19 3104
32 16 3129
32 57 588
32 17 939
32 54 4242
32 24 4002
32 38 3234
32 49 2950
32 69 1095
32 47 2440
32 56 2890
32 51 1271
32 10 5314
32 3 2936
32 52 3415
32 64 2610
32 66 1845
32 65 5343
32 23 914
32 50 3239
32 31 5757
32 14 939
32 43 6147
32 60 5297
32 62 1096
32 68 5329
32 72 1434
32 63 4977
32 41 1473
32 26 4271
32 67 5746
32 2 5685
32 12 2219
32 48 3781
32 15 5078
32 27 3444
32 20 1242
32 58 6144
33 51 4147
33 55 438
33 32 815
33 45 1470
33 29 4455
33 59 6001
33 15 5361
33 30 970
33 24 5715
33 18 6028
33 34 920
33 69 1325
33 46 5574
33 63 3506
33 14 1158
33 60 4218
33 47 200
33 8 4013
33 71 6163
33 17 2420
33 39 1977
33 74 2394
33 42 1174
33 26 4263
33 48 1156
33 40 5127
33 3 189
33 70 3831
33 72 4920
33 44 4284
33 67 4301
33 61 4425
33 36 5213
33 62 1564
33 16 4430
33 31 6012
33 21 5141
33 66 3822
33 68 3412
33 9 4590
33 22 137
33 13 3916
33 75 4444
33 11 4398
33 2 3965
33 43 4974
33 6 1864
33 58 2921
33 10 108
33 1 2998
33 65 623
33 37 3595
33 25 3252
34 6 4330
34 54 1047
34 63 5391
34 15 261
34 7 3941
34 75 3572
34 52 4450
34 62 1487
34 23 5831
34 2 3863
34 49 1784
34 36 5882
34 70 534
34 8 203
34 53 4888
34 57 2862
34 59 4350
34 24 3117
34 18 3366
34 67 363
34 26 5799
34 27 4380
34 37 5678
34 60 4926
34 47 4022
34 40 1453
34 65 2269
34 74 4749
34 45 5434
34 28 1134
34 14 4620
34 21 6197
34 46 1851
34 64 4349
34 5 1885
34 16 347
34 35 4955
34 19 6107
34 20 3711
34 73 2042
34 9 1485
34 31 2279
34 38 3921
34 10 5645
34 55 1232
34 11 5544
34 1 2469
34 50 5237
34 71 4542
34 56 882
34 3 207
34 22 4608
34 68 3685
34 58 1549
34 48 787
34 29 2843
34 44 6220
35 68 902
35 46 4192
35 17 4935
35 67 6093
35 65 4776
35 48 4353
35 56 2815
35 30 5433
35 61 5273
35 19 3727
35 13 3931
35 34 676
35 1 3158
35 63 3860
35 47 4930
35 44 1096
35 42 221
35 4 2306
35 58 2925
35 60 91
35 51 1445
35 27 1027
35 43 4788
35 25 5114
35 75 2503
35 50 3687
35 64 4162
35 57 1128
35 72 2510
35 2 2594
35 9 4553
35 28 3828
35 12 5179
35 52 5051
35 40 5189
35 31 3929
35 18 2014
35 15 5307
35 29 5878
35 5 26
35 22 3048
35 70 907
35 66 4197
35 38 5259
35 23 3665
35 41 573
35 3 3568
35 74 2650
35 62 3500
35 55 3099
35 69 30
35 8 4803
35 11 3342
35 16 6092
35 32 4741
35 73 2833
35 59 4293
35 33 1745
35 37 4884
36 58 174
36 48 3448
36 1 3884
36 51 2064
36 28 3852
36 7 5646
36 22 6207
36 74 5035
36 64 353
36 17 4925
36 62 382
36 26 668
36 70 4399
36 53 4699
36 38 2051
36 66 446
36 16 49
36 31 1712
36 6 3710
36 43 2533
36 8 3973
36 63 1976
36 52 5365
36 45 1799
36 33 2489
36 59 4802
36 34 4019
36 60 2205
36 67 804
36 71 4663
36 37 2772
36 69 2915
36 15 471
36 41 2852
36 46 4767
36 13 2296
36 25 4874
36 10 5653
36 24 2345
36 9 4353
36 21 3589
36 14 2916
36 20 1063
36 50 5831
36 30 4776
36 12 936
36 42 2069
36 61 632
36 56 3996
36 75 2891
36 72 2488
36 65 4941
36 32 3167
36 27 4626
36 68 3827
36 73 1947
36 39 2309
36 54 5743
36 3 1545
36 57 3796
37 5 4166
37 55 2421
37 6 5169
37 48 5970
37 34 5052
37 11 6027
37 63 5521
37 50 4269
37 19 782
37 44 4690
37 29 1356
37 59 4472
37 65 293
37 41 4052
37 73 3539
37 1 4213
37 42 228
37 71 3846
37 32 4781
37 43 5368
37 31 3146
37 70 5768
37 7 5962
37 51 2825
37 24 521
37 38 1818
37 26 1414
37 58 3613
37 53 1902
37 39 4037
37 67 1915
37 9 5285
37 10 5288
37 21 4531
37 14 532
37 12 4203
37 47 4060
37 35 5941
37 60 2978
37 54 4514
37 45 2177
37 72 6215
37 13 1366
37 2 5642
37 22 1012
37 62 1077
37 40 827
37 69 3877
37 8 3751
37 33 1622
37 61 965
37 15 3552
37 56 51
37 30 4380
37 27 4902
37 36 3323
37 57 5123
37 28 5474
37 17 1624
37 75 6259
38 2 6183
38 29 4435
38 32 3568
38 59 5072
38 66 4976
38 62 3915
38 21 236
38 17 5311
38 36 4996
38 40 2652
38 75 5741
38 28 2517
38 69 1425
38 44 2221
38 73 232
38 15 5550
38 61 2030
38 63 2438
38 50 1847
38 49 6184
38 7 3168
38 68 3722
38 58 2515
38 10 4692
38 47 412
38 74 2152
38 57 2444
38 41 3677
38 27 3833
38 22 2179
38 20 5705
38 13 2882
38 11 2952
38 64 2287
38 4 1111
38 45 6271
38 71 3631
38 18 1676
38 37 3287
38 65 5307
38 16 2036
38 42 4684
38 6 1199
38 46 4025
38 55 1084
38 70 1363
38 31 4535
38 14 4617
38 43 451
38 54 5554
38 1 1045
38 9 1585
38 39 3778
38 24 1443
38 25 6073
38 72 1763
38 8 2202
38 52 5319
39 66 3871
39 73 2179
39 2 6233
39 61 3340
39 58 6030
39 64 2957
39 5 1685
39 24 2984
39 35 1719
39 54 2424
39 20 2373
39 16 808
39 72 6159
39 26 3319
39 22 2570
39 65 673
39 68 3739
39 48 3387
39 52 4532
39 36 4179
39 40 274
39 31 2306
39 17 5710
39 50 3775
39 53 1638
39 42 4969
39 51 1178
39 46 4726
39 28 3044
39 59 2649
39 8 446
39 38 1850
39 62 5585
39 9 5436
39 6 1821
39 30 3721
39 49 3753
39 7 6105
39 13 4172
39 60 4208
39 70 1986
39 63 431
39 19 707
39 75 2482
39 44 4036
39 27 1685
39 3 2510
39 15 1583
39 67 253
39 45 3227
39 25 4011
39 4 6047
39 21 433
39 37 1688
40 1 6259
40 39 6267
40 48 5473
40 70 4167
40 54 6185
40 2 6022
40 47 4244
40 59 6161
40 36 3260
40 65 4675
40 43 72
40 52 4752
40 56 157
40 44 1727
40 63 6205
40 50 2790
40 9 2636
40 21 1378
40 37 3769
40 68 5828
40 49 3579
40 33 2423
40 3 632
40 30 5157
40 62 3768
40 74 2621
40 13 564
40 58 4270
40 14 3546
40 34 1169
40 67 64
40 6 4635
40 24 390
40 61 6138
40 71 5095
40 72 4415
40 31 3103
40 66 1049
40 53 2817
40 27 2680
40 35 1707
40 7 5902
40 16 5698
40 75 1808
40 69 6239
40 23 4718
40 41 2529
40 4 1162
40 55 2822
40 26 5479
40 29 4290
40 8 5675
40 15 3730
40 51 6207
41 47 1938
41 62 2014
41 72 4558
41 33 3781
41 44 5591
41 23 145
41 40 5667
41 59 4963
41 20 211
41 53 3814
41 26 5786
41 25 1699
41 21 494
41 37 4516
41 14 6039
41 57 697
41 66 5876
41 74 313
41 2 1367
41 45 5568
41 48 2983
41 54 6228
41 3 2651
41 63 3595
41 6 3838
41 8 3960
41 11 75
41 30 772
41 19 1120
41 73 4381
41 39 5161
41 69 5728
41 17 2002
41 68 2041
41 16 1131
41 56 1214
41 5 1492
41 27 5872
41 71 4155
41 28 152
41 36 5227
41 65 5640
41 38 5393
41 70 4982
41 15 30
41 75 3625
41 51 1850
41 7 3994
41 61 1062
41 12 4084
41 46 485
41 60 4209
41 31 1028
41 50 2244
41 52 4138
42 9 3784
42 21 3785
42 8 4197
42 62 5467
42 40 548
42 18 6224
42 17 147
42 14 5032
42 51 1296
42 56 3515
42 54 4851
42 12 4443
42 69 2517
42 15 4839
42 66 3120
42 27 1473
42 72 4210
42 55 6278
42 67 7
42 7 2440
42 37 227
42 28 3638
42 36 1211
42 45 5468
42 64 1953
42 24 4032
42 43 5473
42 50 3039
42 39 4645
42 53 1194
42 57 1819
42 59 4469
42 41 1232
42 35 4667
42 61 383
42 47 213
42 6 495
42 13 2691
42 75 3204
42 58 5090
42 10 3648
42 23 487
42 44 5860
42 38 3875
42 16 2581
42 11 1165
42 2 5467
42 29 2279
42 46 4116
42 1 4239
42 34 3826
42 73 323
42 5 2859
42 63 3505
43 3 3591
43 16 2864
43 56 865
43 58 1080
43 39 3712
43 11 671
43 21 4677
43 33 4563
43 44 5972
43 12 5383
43 31 3559
43 18 6003
43 35 1465
43 75 5868
43 71 5870
43 48 2595
43 5 3809
43 73 82
43 54 1796
43 22 3016
43 62 2636
43 15 4281
43 37 1725
43 32 5916
43 10 5807
43 9 1937
43 20 3182
43 25 4818
43 55 200
43 1 4571
43 17 1569
43 46 2223
43 8 1344
43 28 3746
43 72 3966
43 52 4478
43 24 5898
43 2 6030
43 42 3689
43 27 1626
43 40 5062
43 69 5607
43 65 2125
43 4 312
43 60 65
43 68 4745
43 59 3688
43 38 1082
43 26 6029
43 51 1543
43 19 5309
43 66 2153
43 45 621
43 23 5029
44 2 3592
44 12 4939
44 4 5004
44 62 177
44 72 1175
44 51 4843
44 47 152
44 68 796
44 6 5939
44 3 239
44 15 5114
44 10 3872
44 54 4610
44 73 1570
44 45 308
44 23 6116
44 43 5783
44 34 4647
44 31 5318
44 50 5332
44 38 5776
44 56 1144
44 14 5908
44 32 5688
44 42 62
44 1 2721
44 69 2705
44 13 5210
44 64 1456
44 28 5869
44 21 2794
44 25 3543
44 27 1360
44 39 2916
44 67 3272
44 63 5770
44 65 4714
44 46 2981
44 19 2934
44 53 5764
44 36 867
44 17 5528
44 37 585
44 66 842
44 7 1882
44 57 1855
44 40 5244
44 18 818
44 29 4344
44 70 920
44 48 4441
44 49 293
45 49 2770
45 3 2600
45 74 852
45 7 6054
45 29 5317
45 42 817
45 30 2089
45 63 1805
45 62 1896
45 69 3012
45 67 434
45 14 4616
45 43 3958
45 24 3128
45 66 1397
45 16 4719
45 19 3151
45 60 5066
45 6 5358
45 55 5723
45 18 2209
45 8 309
45 58 433
45 36 259
45 54 3095
45 38 329
45 59 4775
45 27 5720
45 70 3942
45 22 4327
45 23 5157
45 26 4054
45 9 3747
45 2 3451
45 61 2763
45 47 4810
45 5 2842
45 75 5940
45 52 3511
45 72 959
45 25 2455
45 34 795
45 57 6151
45 41 5014
45 35 1008
45 31 3373
45 33 4265
45 71 5125
45 50 969
45 37 4554
45 65 5315
45 48 5106
45 56 327
45 44 4778
45 13 1639
46 24 5854
46 13 6043
46 26 1296
46 61 5878
46 21 3742
46 42 596
46 33 179
46 50 2818
46 22 1294
46 15 6143
46 64 5504
46 28 2554
46 34 2881
46 40 4942
46 7 1880
46 67 2708
46 73 1125
46 65 5934
46 10 3393
46 37 5605
46 3 536
46 19 3048
46 56 2745
46 27 5382
46 53 2183
46 60 2346
46 51 4353
46 12 3163
46 20 2025
46 49 898
46 70 4903
46 5 3293
46 45 5337
46 72 4451
46 55 1967
46 66 2877
46 43 5180
46 38 5146
46 69 559
46 31 6052
46 29 128
46 57 525
46 9 3808
46 35 3861
46 6 183
46 54 4003
46 58 33
46 30 2954
46 71 1559
46 25 1849
46 62 2931
46 17 1303
46 32 4003
46 47 2915
46 14 3093
46 75 4579
47 56 290
47 57 5803
47 20 1319
47 35 2098
47 12 464
47 25 3557
47 13 2755
47 34 5558
47 53 2881
47 6 5300
47 9 2820
47 72 1234
47 71 5353
47 59 5103
47 44 3421
47 48 123
47 7 2401
47 21 1484
47 27 5480
47 26 1701
47 65 1198
47 10 5629
47 5 1838
47 40 1131
47 73 4639
47 69 1884
47 36 2428
47 58 110
47 2 2685
47 19 5816
47 3 322
47 45 2983
47 49 1945
47 55 965
47 64 3066
47 67 280
47 18 2198
47 28 1844
47 41 2076
47 11 5131
47 1 1147
47 8 6275
47 60 3747
47 24 1301
47 52 5703
47 30 5031
47 29 1864
47 70 4963
47 38 159
47 17 3206
47 50 4133
47 74 5852
47 62 4125
47 33 2593
47 42 3294
47 32 4480
47 46 5478
47 75 3122
47 51 5876
47 22 5559
47 68 134
48 22 4831
48 60 996
48 64 2636
48 72 1729
48 65 367
48 43 5585
48 67 3899
48 66 2402
48 73 3675
48 71 3972
48 58 5996
48 70 5962
48 57 1077
48 23 3097
48 45 1046
48 50 1563
48 42 4289
48 46 4771
48 13 1023
48 74 5571
48 39 2929
48 32 1772
48 8 6201
48 4 4867
48 62 2988
48 69 5635
48 38 2119
48 26 4744
48 40 3405
48 6 1278
48 54 1440
48 12 5995
48 20 2114
48 52 1804
48 30 3440
48 75 4837
48 56 239
48 49 3901
48 31 2522
48 47 5910
48 14 3466
48 2 2581
48 59 5437
48 25 5586
48 28 2237
48 68 3609
48 19 5371
48 21 4743
48 1 1285
48 15 5128
48 7 5555
48 17 2605
48 24 1107
48 18 778
48 55 2844
48 27 4651
48 51 1857
49 12 3000
49 15 2605
49 26 1740
49 29 2964
49 67 6050
49 2 6243
49 69 2887
49 55 2222
49 73 3074
49 30 6224
49 25 2129
49 39 3053
49 31 1145
49 72 1340
49 51 144
49 75 117
49 9 1804
49 7 4536
49 36 851
49 46 4232
49 52 6257
49 44 4277
49 68 5806
49 32 3303
49 27 1545
49 42 5537
49 21 364
49 70 1282
49 28 154
49 1 2830
49 6 987
49 45 1823
49 19 5339
49 35 1432
49 71 1071
49 24 2540
49 40 4718
49 60 5177
49 56 6214
49 11 3854
49 22 370
49 53 229
49 43 3254
49 8 4672
49 37 3318
49 64 5256
49 33 530
49 23 2961
49 41 2066
49 48 1375
50 66 3995
50 32 4243
50 69 1671
50 25 2330
50 71 1175
50 58 6
50 1 5175
50 6 959
50 75 794
50 34 453
50 42 4854
50 41 3603
50 52 3896
50 73 3272
50 47 5106
50 4 5264
50 65 6155
50 40 4814
50 62 830
50 14 2964
50 27 2233
50 63 1954
50 24 2061
50 48 4934
50 15 5643
50 68 3606
50 22 3289
50 5 3191
50 29 3335
50 12 3084
50 39 2948
50 54 1424
50 2 1898
50 21 1144
50 9 577
50 64 2223
50 16 555
50 55 3093
50 60 600
50 51 5532
50 13 4904
50 43 6116
50 67 279
50 38 5314
50 56 6150
50 35 2309
50 31 5431
50 53 4261
50 11 1609
50 23 2444
50 36 1070
50 44 315
50 61 3566
50 33 2934
50 17 1378
50 74 3139
51 37 2558
51 39 5720
51 42 5466
51 48 2063
51 15 5697
51 20 5995
51 24 3175
51 56 2756
51 67 5785
51 29 742
51 23 1379
51 35 2978
51 25 3899
51 33 5777
51 61 1027
51 45 2533
51 44 4836
51 49 5018
51 43 6027
51 54 5472
51 30 1930
51 62 6253
51 28 1821
51 6 2071
51 9 3925
51 64 5436
51 22 2680
51 50 4971
51 1 888
51 65 2451
51 70 1437
51 26 4931
51 46 4210
51 52 1189
51 10 4235
51 57 5204
51 3 4062
51 75 1582
51 18 2318
51 68 5930
51 63 3730
51 13 2614
51 71 6075
51 59 5214
51 5 523
51 60 2412
51 4 4389
51 40 4472
51 27 5935
51 53 2238
51 32 4433
51 41 1340
51 21 184
52 69 1749
52 43 1893
52 61 3625
52 5 5661
52 21 5352
52 3 1613
52 36 2479
52 17 5742
52 12 894
52 42 2568
52 35 3789
52 73 1243
52 48 72
52 28 1388
52 34 2014
52 6 4333
52 51 5744
52 47 1057
52 33 3058
52 4 3270
52 11 3888
52 9 4666
52 20 2532
52 26 2219
52 24 1481
52 59 5034
52 40 432
52 72 4832
52 1 2184
52 74 4296
52 60 3253
52 16 833
52 22 956
52 10 725
52 64 2459
52 27 2434
52 31 2761
52 70 3598
52 46 2782
52 14 3013
52 50 3940
52 19 5496
52 41 3661
52 8 1934
52 30 4399
52 32 5564
52 7 1890
52 57 1165
52 58 3428
52 13 2738
52 67 4635
52 29 1322
52 75 1691
52 15 464
52 2 2619
52 37 5812
52 18 4482
52 23 3141
52 53 3285
53 63 3319
53 30 1363
53 46 1
53 73 4946
53 43 3406
53 29 4774
53 22 99
53 21 2926
53 60 4593
53 11 5201
53 7 951
53 15 2783
53 49 2189
53 74 429
53 31 797
53 52 4532
53 16 4653
53 45 5893
53 9 4934
53 69 1032
53 32 5911
53 67 5679
53 2 5664
53 57 5749
53 33 1324
53 13 5499
53 35 1967
53 39 717
53 40 4458
53 54 3985
53 8 4536
53 5 3880
53 72 4729
53 26 5255
53 71 3854
53 58 1214
53 42 3792
53 20 6216
53 61 727
53 10 2954
53 18 300
53 14 3525
53 75 1315
53 36 3464
53 28 5541
53 3 5329
53 47 2739
53 38 5126
53 59 1064
53 24 3434
53 55 6058
53 51 174
53 4 4328
53 6 5878
53 25 1177
53 12 1908
53 17 5053
53 70 3675
53 62 2848
53 64 382
54 14 2767
54 53 1430
54 46 90
54 31 21
54 28 1033
54 27 1768
54 38 954
54 75 3893
54 29 1005
54 20 1590
54 2 550
54 22 3102
54 18 5808
54 49 2718
54 23 5998
54 47 2770
54 74 3623
54 73 5616
54 42 5738
54 68 3198
54 7 644
54 40 4846
54 71 5798
54 19 3046
54 41 3265
54 72 2826
54 62 6145
54 55 6128
54 67 4724
54 60 5535
54 48 3151
54 26 2143
54 39 6226
54 37 1884
54 30 90
54 33 4274
54 63 4878
54 1 1708
54 5 2072
54 16 1708
54 6 1828
54 45 2533
54 24 5450
54 15 4875
54 52 3357
54 9 3647
54 69 1641
54 64 4579
54 10 2963
54 11 35
54 57 1845
54 34 1880
54 25 1033
54 36 2509
54 3 953
54 58 1995
54 21 2134
54 59 2004
54 70 5890
55 63 4213
55 64 4039
55 9 4539
55 11 4871
55 15 4500
55 10 1531
55 57 3265
55 38 2516
55 4 5353
55 36 1292
55 27 1611
55 39 3805
55 60 779
55 66 736
55 47 2009
55 45 4773
55 46 2012
55 6 2955
55 23 2645
55 30 925
55 74 3181
55 41 1919
55 28 5749
55 2 1582
55 13 373
55 17 4677
55 22 3516
55 12 5917
55 24 1186
55 73 3096
55 71 718
55 50 2317
55 54 5467
55 19 2981
55 35 5599
55 69 1991
55 49 5499
55 61 5799
55 18 4010
55 33 4732
55 16 2888
55 52 2165
55 56 1381
55 65 3884
55 29 4713
55 25 1869
55 21 247
55 14 2688
55 7 3425
55 44 1616
55 51 4553
55 72 3649
55 70 719
56 60 6092
56 27 2887
56 32 984
56 31 4400
56 10 6023
56 23 535
56 69 2050
56 37 4673
56 30 6048
56 52 465
56 75 429
56 9 4906
56 61 2682
56 53 5602
56 21 3667
56 11 2057
56 44 2977
56 15 206
56 66 2907
56 51 1146
56 12 629
56 13 5651
56 33 73
56 55 1735
56 20 944
56 36 6213
56 34 1904
56 57 414
56 74 1597
56 22 5757
56 5 5575
56 14 2152
56 1 228
56 70 1329
56 63 144
56 64 6201
56 72 1111
56 41 1590
56 62 1669
56 42 4841
56 65 4414
56 19 1759
56 28 3618
56 39 490
56 24 2011
56 38 3955
56 47 937
56 2 2356
56 73 1099
56 46 5224
56 71 1018
56 54 634
56 3 1983
56 16 3493
56 40 1364
56 59 1047
56 17 4518
57 64 5772
57 58 4907
57 53 1220
57 26 840
57 31 1908
57 75 2461
57 73 1765
57 68 4637
57 55 4014
57 12 636
57 45 2861
57 7 5563
57 9 5459
57 59 1494
57 43 2946
57 41 4110
57 51 3218
57 8 3007
57 17 5851
57 1 1809
57 34 679
57 19 1889
57 40 5513
57 21 5123
57 3 795
57 15 226
57 16 3039
57 11 2382
57 10 3903
57 42 5640
57 32 4019
57 39 3525
57 2 1435
57 28 243
57 20 5219
57 60 5832
57 62 5358
57 54 531
57 46 1991
57 24 1193
57 22 3245
57 66 1268
57 74 4043
57 25 3
57 27 6148
57 29 5461
57 30 2601
57 67 4033
57 47 5692
57 65 6057
57 14 5878
57 36 4273
57 18 3351
57 33 1221
57 69 5225
57 71 381
57 70 5938
57 35 3543
57 61 958
57 5 464
57 52 10
57 56 5290
58 73 954
58 55 1184
58 37 5634
58 49 3271
58 9 2733
58 43 458
58 14 1512
58 6 38
58 13 78
58 47 5245
58 27 1598
58 56 5992
58 67 5790
58 12 3166
58 65 6227
58 50 6003
58 36 2149
58 74 168
58 46 4488
58 71 428
58 17 1752
58 3 2396
58 61 6171
58 54 4332
58 7 2271
58 39 4357
58 1 4425
58 63 1877
58 2 2432
58 28 1021
58 44 3985
58 53 5135
58 38 5020
58 15 3768
58 29 3966
58 11 5208
58 19 4444
58 21 5070
58 33 4309
58 34 378
58 10 2484
58 25 378
58 5 5454
58 35 4657
58 68 6263
58 8 4749
58 75 1267
58 72 1488
58 57 356
58 70 4671
58 66 1582
58 48 1183
58 16 5002
58 69 1458
58 52 261
58 62 401
58 64 3316
58 31 6226
58 22 4347
58 24 832
58 30 2001
58 40 2343
58 42 876
59 50 4240
59 32 1545
59 40 5344
59 1 1920
59 53 4896
59 60 3287
59 4 575
59 6 6243
59 73 5474
59 62 3940
59 54 4034
59 13 5952
59 47 4210
59 45 3129
59 12 4809
59 21 1178
59 11 166
59 38 2741
59 68 6004
59 7 3680
59 64 3849
59 75 2448
59 63 5493
59 15 4802
59 49 2932
59 66 2176
59 35 4469
59 72 3943
59 23 1958
59 74 1106
59 46 2823
59 3 5142
59 17 43
59 31 1378
59 57 4854
59 5 4738
59 70 3541
59 18 3267
59 69 4066
59 51 463
59 43 4192
59 33 4280
59 44 2665
59 56 3992
59 42 233
59 28 3752
59 48 2323
59 52 4630
59 2 4351
59 8 2751
59 19 2530
59 9 4724
60 23 4706
60 51 4719
60 44 6128
60 73 4200
60 31 3699
60 48 146
60 62 481
60 54 2908
60 41 5178
60 20 1277
60 65 1799
60 13 1530
60 3 4330
60 25 2356
60 57 1928
60 1 3175
60 35 5081
60 11 2185
60 46 3689
60 74 2195
60 33 806
60 53 2466
60 24 4222
60 36 5394
60 71 310
60 26 5916
60 27 3312
60 21 4338
60 17 5567
60 10 3586
60 28 2299
60 42 1574
60 2 2927
60 15 4303
60 22 2515
60 29 4183
60 75 1459
60 9 83
60 59 2314
60 66 4899
60 67 4169
60 47 3005
60 49 4188
60 37 2696
60 39 3489
60 63 3793
60 34 752
60 8 5371
60 5 1015
60 38 5113
60 32 1274
61 28 3165
61 64 3540
61 19 231
61 70 3078
61 41 4061
61 27 427
61 32 3656
61 36 2762
61 3 3288
61 38 5845
61 71 2086
61 6 2464
61 73 626
61 75 355
61 7 4509
61 21 4669
61 34 1659
61 63 953
61 69 6126
61 18 3163
61 14 3750
61 58 4314
61 54 649
61 72 275
61 60 901
61 46 3107
61 57 2107
61 53 244
61 22 3700
61 17 3057
61 43 5067
61 47 3716
61 29 2332
61 62 2622
61 4 1968
61 15 4955
61 51 5554
61 24 2765
61 49 3208
61 9 3497
61 67 4813
61 5 1373
61 42 1760
61 52 1988
61 44 3283
61 33 5874
61 25 37
61 50 3680
61 40 4591
61 23 1752
61 20 2657
61 45 509
61 13 3255
61 10 674
61 55 1312
61 59 3225
61 11 4434
61 37 4080
61 65 5921
61 66 2505
62 2 5277
62 32 3316
62 14 5448
62 53 5164
62 16 285
62 10 3696
62 39 5921
62 40 3067
62 35 6234
62 13 2866
62 30 684
62 7 4625
62 24 4431
62 36 5522
62 21 3161
62 47 3471
62 69 6261
62 46 415
62 9 1618
62 6 2660
62 28 5475
62 75 835
62 8 610
62 4 4783
62 63 680
62 18 1809
62 72 2183
62 60 5217
62 61 5514
62 74 948
62 11 4945
62 54 6182
62 37 2309
62 56 1610
62 20 3633
62 41 6032
62 70 5513
62 48 184
62 29 2482
62 22 269
62 59 630
62 45 4386
62 19 4683
62 15 812
62 5 39
62 71 2519
62 31 4432
62 50 2464
62 3 3070
62 68 956
62 43 1972
62 33 1196
62 42 5674
62 55 5586
62 27 3425
63 3 4487
63 51 4748
63 67 1834
63 6 4422
63 64 4030
63 2 5778
63 16 5160
63 65 1236
63 59 609
63 46 1032
63 28 3913
63 10 5762
63 21 5291
63 43 4410
63 72 6210
63 71 6008
63 58 5197
63 57 33
63 17 6111
63 53 2954
63 24 5090
63 23 56
63 45 2424
63 50 3287
63 18 5592
63 48 717
63 75 312
63 30 44
63 19 288
63 9 3431
63 1 5890
63 69 1115
63 27 1205
63 40 4750
63 33 1482
63 68 3543
63 54 2475
63 29 6137
63 12 3792
63 32 1881
63 7 5293
63 14 5054
63 20 4926
63 22 4089
63 8 6010
63 42 4381
63 37 1227
63 62 4568
63 55 3225
63 34 4665
63 52 3662
63 5 3419
63 47 1761
63 39 3899
63 38 4511
63 61 6227
63 35 1934
63 74 2834
63 66 1868
63 73 1200
64 22 4304
64 59 3069
64 18 6114
64 70 4692
64 32 1037
64 35 3785
64 49 1228
64 38 1486
64 12 2230
64 10 947
64 23 61
64 34 2162
64 68 1667
64 3 4525
64 60 5167
64 74 1157
64 24 2469
64 51 6274
64 71 2715
64 40 736
64 58 1570
64 45 4298
64 29 2009
64 16 3495
64 62 3512
64 37 2991
64 53 3066
64 19 5703
64 57 1656
64 73 2869
64 31 1104
64 36 4018
64 20 4424
64 56 79
64 25 4472
64 39 2795
64 67 4533
64 28 1302
64 5 4387
64 30 3507
64 47 4939
64 63 2214
64 75 472
64 65 4642
64 26 143
64 9 2842
64 46 1929
64 43 2794
64 4 6202
64 1 561
64 13 5218
64 55 3447
64 61 2892
65 60 5390
65 5 1875
65 33 2219
65 26 2163
65 23 5635
65 10 1249
65 18 2793
65 1 4024
65 31 2948
65 55 4991
65 8 3370
65 30 2193
65 21 2179
65 61 4555
65 28 2610
65 27 5545
65 51 465
65 53 4024
65 3 5763
65 70 1221
65 2 470
65 68 3018
65 38 6145
65 14 3964
65 69 2668
65 17 1090
65 37 1341
65 19 5431
65 52 1424
65 36 5148
65 12 2852
65 7 4135
65 63 2614
65 9 2328
65 67 5482
65 41 1367
65 57 2689
65 29 3249
65 4 4213
65 22 1933
65 6 725
65 66 3126
65 39 5611
65 13 4197
65 48 433
65 15 4233
65 32 1955
65 16 1772
65 44 5903
65 49 3796
65 71 3614
65 54 4672
65 75 698
65 35 1738
65 25 6161
66 1 4698
66 5 2908
66 20 4412
66 59 4777
66 30 865
66 61 6279
66 21 2525
66 44 735
66 74 1884
66 71 619
66 28 5863
66 50 5034
66 47 5008
66 64 4670
66 52 2105
66 54 6002
66 72 5304
66 3 717
66 49 2651
66 57 4027
66 35 6020
66 60 5184
66 23 5229
66 11 3049
66 42 1123
66 31 6229
66 56 1456
66 2 5325
66 37 4094
66 43 2795
66 40 3696
66 70 3726
66 45 1012
66 58 1838
66 24 2259
66 62 2404
66 65 2655
66 17 6181
66 14 5795
66 29 3973
66 67 5730
66 53 1986
66 55 6106
66 75 4105
66 4 2076
66 34 3141
66 19 2622
66 63 5319
66 25 890
66 27 2397
66 7 2125
66 36 3428
66 10 6263
66 8 2971
66 13 4998
66 39 5125
67 28 4264
67 53 125
67 32 113
67 29 2779
67 16 1416
67 60 574
67 39 3632
67 31 1876
67 56 3941
67 62 5546
67 14 2840
67 66 4987
67 49 3634
67 15 2721
67 51 2567
67 44 3568
67 21 3346
67 33 2326
67 8 1526
67 71 5138
67 48 2109
67 43 1420
67 40 4468
67 24 1645
67 42 5390
67 6 1649
67 9 3698
67 20 3404
67 2 5596
67 25 368
67 75 2231
67 3 5942
67 74 294
67 10 6045
67 52 5788
67 23 445
67 12 4539
67 68 2326
67 63 1177
67 19 1359
67 1 3329
67 7 3079
67 54 3638
67 30 1537
67 34 975
67 65 1814
67 11 4949
67 18 2567
67 13 4160
67 27 3735
67 72 2022
67 17 1449
67 50 3406
67 41 1292
67 57 5563
68 26 1600
68 24 5693
68 27 4312
68 49 1411
68 34 1571
68 21 240
68 16 4540
68 56 1074
68 43 5174
68 17 1972
68 62 3735
68 37 3461
68 10 5902
68 31 5886
68 7 331
68 67 3505
68 4 6
68 3 5736
68 29 3547
68 51 816
68 47 3280
68 35 5609
68 61 3772
68 20 2954
68 69 4414
68 12 1099
68 11 1448
68 55 604
68 50 2099
68 25 485
68 8 4614
68 23 2380
68 33 5441
68 60 1732
68 32 5919
68 75 4067
68 57 100
68 9 5321
68 72 1465
68 65 1386
68 18 5169
68 13 4544
68 38 653
68 45 154
68 71 530
68 59 5734
68 63 6097
68 44 2293
68 53 6230
68 6 3330
68 74 3140
68 41 1195
68 30 4825
68 22 76
69 55 5121
69 34 5108
69 28 4170
69 74 1076
69 43 3014
69 63 5390
69 20 2629
69 16 3036
69 26 3282
69 31 3516
69 11 4603
69 22 5766
69 73 4603
69 17 588
69 9 2029
69 45 375
69 67 1070
69 15 2015
69 62 1155
69 39 2673
69 4 5915
69 30 1262
69 54 5080
69 19 1043
69 68 429
69 21 5707
69 36 4617
69 57 2889
69 44 1394
69 75 5992
69 72 5675
69 53 927
69 12 971
69 14 1475
69 59 5101
69 52 6045
69 37 485
69 64 5286
69 5 213
69 3 5048
69 32 4761
69 25 3488
69 27 420
69 1 2328
69 35 4395
69 42 5265
69 60 4627
69 38 6130
69 33 5731
69 7 3000
69 70 1525
69 51 551
69 66 3190
69 10 1882
70 1 396
70 19 3652
70 72 3597
70 23 257
70 30 4949
70 43 3267
70 40 5238
70 71 173
70 22 3552
70 21 826
70 5 6066
70 16 4223
70 13 5905
70 17 1995
70 74 2297
70 9 5551
70 39 4249
70 18 3645
70 32 5086
70 4 5850
70 6 5107
70 38 5765
70 57 3848
70 75 3192
70 61 4707
70 66 447
70 50 5995
70 46 2767
70 33 3842
70 8 6068
70 65 6085
70 28 1306
70 53 340
70 55 3551
70 11 337
70 25 4380
70 42 1335
70 67 2124
70 15 1596
70 54 858
70 34 2720
70 58 2303
70 73 77
70 49 2652
70 27 5699
70 51 139
70 36 2892
70 62 1321
70 37 4348
70 63 2166
70 41 4451
70 47 3240
70 14 209
70 56 5968
70 12 2669
70 20 6032
70 26 4227
70 68 2697
71 35 2140
71 19 1238
71 32 399
71 73 5453
71 56 5445
71 65 3585
71 48 4584
71 52 3941
71 40 1471
71 31 5353
71 27 2306
71 70 2758
71 45 5712
71 47 3107
71 64 3728
71 74 3345
71 18 2138
71 43 4
71 62 5096
71 39 1715
71 34 470
71 25 3989
71 54 552
71 30 4527
71 75 3647
71 60 6283
71 46 361
71 67 5272
71 41 3195
71 51 3350
71 66 2472
71 7 3011
71 2 4140
71 4 5422
71 44 994
71 58 2182
71 37 538
71 42 2663
71 12 1294
71 11 684
71 10 1447
71 6 4384
71 55 5961
71 9 996
71 59 5821
71 57 5528
71 63 1648
71 22 5562
71 16 318
71 53 1016
71 3 2866
71 8 4367
71 21 1401
71 24 5479
71 69 5414
71 14 3276
71 5 1643
72 46 1032
72 1 5627
72 31 1275
72 36 3203
72 18 2427
72 71 3295
72 41 4658
72 29 567
72 70 3896
72 54 2605
72 10 1288
72 24 134
72 49 6283
72 11 6240
72 16 593
72 21 1707
72 45 251
72 17 6092
72 14 1942
72 12 2585
72 4 2670
72 74 579
72 22 2475
72 65 5497
72 37 1619
72 57 1861
72 58 484
72 19 202
72 43 867
72 8 5043
72 67 5893
72 32 2605
72 50 1045
72 7 2532
72 64 5896
72 20 5069
72 42 1
72 59 5087
72 38 5942
72 9 2397
72 60 5766
72 73 4817
72 55 4775
72 53 2071
72 6 4872
72 5 1223
72 68 2920
72 47 2118
72 35 4514
72 75 3006
72 30 5372
72 40 870
72 23 2646
72 34 998
72 48 3143
73 30 1007
73 74 5171
73 23 4280
73 21 6129
73 47 1318
73 66 3671
73 57 6224
73 3 47
73 32 4960
73 8 4376
73 4 3090
73 53 5215
73 75 2997
73 2 3047
73 35 1371
73 56 5574
73 29 5004
73 28 6024
73 45 3281
73 39 1152
73 44 4741
73 17 521
73 33 1340
73 5 2884
73 68 5811
73 9 1979
73 18 2817
73 27 662
73 7 5966
73 59 1239
73 50 2933
73 40 1559
73 58 4062
73 12 4578
73 34 796
73 70 2289
73 60 2699
73 62 175
73 72 3797
73 22 6181
73 38 3348
73 31 6257
73 1 786
73 16 5284
73 41 2604
73 37 5407
73 42 1008
73 48 1443
73 52 4555
73 61 4007
73 24 1212
74 40 2229
74 68 776
74 49 4353
74 24 1298
74 59 169
74 72 2155
74 62 2573
74 35 5832
74 10 1864
74 52 3217
74 5 5422
74 39 4383
74 22 989
74 48 2897
74 4 2568
74 44 5914
74 58 516
74 69 2404
74 55 53
74 66 3767
74 30 4415
74 63 2985
74 26 4705
74 25 6116
74 54 2151
74 27 813
74 60 2691
74 18 1984
74 70 6123
74 31 4307
74 29 1623
74 21 3369
74 71 2887
74 20 3594
74 23 3010
74 37 3115
74 28 1842
74 41 2072
74 43 1911
74 19 4127
74 13 1229
74 64 2037
74 53 1168
74 16 4244
74 8 1058
74 38 639
74 36 1909
74 32 493
74 50 3290
74 7 4754
74 73 1092
74 42 1321
74 46 5064
74 75 3043
74 56 2619
74 6 2912
75 46 4068
75 44 4383
75 70 262
75 6 5280
75 51 3374
75 4 1017
75 53 250
75 22 3503
75 67 126
75 5 569
75 59 4439
75 48 3464
75 31 6083
75 32 757
75 60 5940
75 71 2929
75 47 201
75 37 5808
75 40 1100
75 56 1212
75 19 3954
75 55 6000
75 45 3628
75 16 580
75 52 3081
75 14 1106
75 43 5817
75 72 6008
75 2 333
75 41 989
75 66 3300
75 29 1110
75 28 6080
75 11 5798
75 9 3399
75 12 3968
75 74 4827
75 58 2285
75 1 6112
75 68 6136
75 62 4470
75 42 4019
75 73 2282
75 15 1724
75 3 185
75 26 5880
75 69 97
75 50 5158
75 34 4863
75 61 1295
75 49 6206
75 39 5317
75 63 3626
75 65 4084
