75 4200
1 9 5007
1 21 175
1 63 1083
1 55 3040
1 49 5340
1 36 6033
1 64 737
1 11 966
1 22 1268
1 27 5152
1 24 3179
1 20 1402
1 4 3152
1 68 1433
1 17 3078
1 13 630
1 12 2023
1 53 3389
1 3 3862
1 33 3742
1 19 3096
1 18 3806
1 5 181
1 66 4842
1 41 1706
1 50 5292
1 54 2250
1 30 1356
1 15 6218
1 56 3337
1 44 657
1 62 1524
1 34 4682
1 60 4584
1 48 3118
1 10 2166
1 46 3589
1 14 4520
1 61 354
1 31 1893
1 2 4321
1 52 5567
1 59 3651
1 43 828
1 26 2248
1 37 2658
1 71 4347
1 65 4964
1 16 3879
1 72 3973
1 47 3123
1 7 2941
1 35 531
1 45 2424
1 57 4542
1 70 3002
1 67 744
2 6 3913
2 65 2947
2 21 6087
2 55 5727
2 50 3895
2 17 5569
2 60 5976
2 63 3530
2 30 4050
2 24 1407
2 70 3436
2 35 1135
2 8 1801
2 71 1084
2 38 3794
2 4 2160
2 72 3237
2 69 4165
2 15 3561
2 47 3961
2 46 5306
2 41 1431
2 58 5739
2 23 3996
2 62 4514
2 39 5755
2 13 1069
2 67 1455
2 29 2808
2 12 2898
2 3 402
2 14 675
2 37 3891
2 16 3988
2 44 1397
2 74 4775
2 43 4423
2 7 1851
2 42 5769
2 20 4698
2 51 4340
2 27 1349
2 54 2687
2 45 2716
2 19 2110
2 52 5321
2 10 4041
2 5 3073
2 53 5590
2 75 6009
2 11 3523
2 57 5472
2 31 2528
2 40 9
2 68 5501
2 33 2618
2 22 989
3 73 2659
3 22 5580
3 13 4077
3 43 4158
3 62 2052
3 69 2344
3 52 523
3 56 698
3 14 5045
3 30 1406
3 53 1289
3 26 3666
3 36 1027
3 74 4236
3 4 5378
3 1 1662
3 29 3978
3 71 4810
3 39 1946
3 66 1608
3 15 2940
3 21 3512
3 34 887
3 42 3694
3 55 5424
3 44 1428
3 54 1456
3 8 5946
3 5 3343
3 51 3190
3 37 4149
3 41 892
3 70 5411
3 49 476
3 50 5082
3 63 3256
3 7 3850
3 40 3806
3 38 5875
3 20 5178
3 46 5832
3 25 853
3 57 4743
3 35 3716
3 75 5194
3 16 5163
3 58 1451
3 10 336
3 12 3036
3 6 3394
3 17 3046
3 47 1127
3 27 4224
3 60 4250
4 57 2348
4 47 6256
4 12 5681
4 32 3495
4 40 2080
4 15 2183
4 21 1988
4 46 625
4 18 790
4 7 2757
4 52 1057
4 44 5210
4 53 2715
4 63 2025
4 31 5011
4 13 3514
4 42 1877
4 66 3292
4 61 5781
4 26 1287
4 29 1849
4 35 4254
4 6 1209
4 72 3031
4 19 2860
4 51 1841
4 45 4705
4 69 2937
4 11 5007
4 50 2082
4 9 1907
4 65 4216
4 74 3863
4 67 768
4 17 379
4 8 5032
4 37 5261
4 27 4317
4 5 3581
4 59 6022
4 33 4184
4 73 3553
4 54 214
4 41 4205
4 43 1310
4 56 3853
4 38 1807
4 10 5155
4 71 546
4 55 304
4 3 1546
4 2 250
4 24 3834
4 30 4331
4 16 5906
4 14 3169
4 75 3019
4 28 1011
5 42 3953
5 48 4268
5 15 4941
5 21 1955
5 10 4255
5 32 2523
5 33 685
5 47 6110
5 13 2075
5 51 4232
5 4 5438
5 58 1280
5 39 2544
5 7 4963
5 74 1225
5 66 2605
5 67 959
5 36 2900
5 45 6275
5 54 629
5 25 2448
5 71 3179
5 1 2030
5 64 4059
5 72 3471
5 2 641
5 8 5848
5 6 110
5 50 1540
5 61 550
5 75 480
5 27 3254
5 28 4903
5 9 3096
5 68 1497
5 52 407
5 31 1935
5 38 6106
5 41 2014
5 63 5294
5 19 2506
5 17 3352
5 73 2041
5 44 5194
5 70 6148
5 57 1202
5 20 4121
5 12 502
5 55 253
5 56 5168
5 3 6228
5 69 4149
5 40 527
6 25 4510
6 13 4937
6 62 1788
6 74 4520
6 3 5718
6 64 5979
6 63 1655
6 2 6173
6 75 6223
6 54 5178
6 22 5709
6 32 4754
6 36 2993
6 31 1984
6 69 5733
6 70 640
6 53 3601
6 43 1213
6 47 4598
6 29 1252
6 50 3341
6 16 3873
6 4 705
6 27 229
6 34 6290
6 9 5948
6 7 5252
6 20 1737
6 72 4259
6 30 2826
6 28 5943
6 65 1303
6 66 4612
6 51 1993
6 12 4501
6 26 5029
6 8 1419
6 24 3896
6 49 1602
6 73 4378
6 15 521
6 56 5080
6 40 610
6 41 4414
6 42 4434
6 19 5526
6 39 2877
6 23 4490
6 1 2287
7 44 242
7 4 2806
7 25 5212
7 31 6289
7 28 668
7 68 1077
7 8 1505
7 9 831
7 11 5362
7 33 5015
7 38 334
7 46 2453
7 24 5733
7 2 2690
7 54 2512
7 39 1105
7 47 1791
7 56 3771
7 34 4860
7 70 191
7 58 395
7 26 2043
7 51 6009
7 73 3543
7 3 3907
7 75 5256
7 45 559
7 67 3507
7 72 3364
7 66 6273
7 13 5751
7 21 6083
7 6 3525
7 64 4999
7 23 767
7 61 1834
7 48 3927
7 40 2732
7 15 852
7 30 1110
7 5 4121
7 22 2122
7 32 5532
7 35 3793
7 19 5184
7 12 1127
7 49 4684
7 69 1223
7 41 2662
7 59 744
7 55 4199
7 10 4679
7 18 5627
7 74 4892
7 37 5811
8 18 2082
8 54 5247
8 42 836
8 17 5405
8 66 4116
8 1 1059
8 49 798
8 47 3362
8 52 5521
8 39 4463
8 74 1883
8 62 4671
8 2 1440
8 31 5293
8 22 2494
8 37 5734
8 10 166
8 21 3753
8 12 1617
8 38 1563
8 13 3970
8 36 1726
8 27 5683
8 43 5843
8 55 5513
8 19 61
8 71 5656
8 51 3165
8 5 3660
8 67 482
8 4 4125
8 33 607
8 59 2235
8 35 4749
8 40 3622
8 14 2764
8 75 5012
8 15 276
8 58 180
8 46 4860
8 7 5952
8 48 4646
8 11 2770
8 24 1890
8 69 2226
8 34 4853
8 44 3715
8 20 1849
8 64 619
8 3 3366
8 73 2235
8 26 5748
8 57 6207
8 28 2983
8 50 210
8 6 2624
8 32 2205
8 70 1144
9 49 4045
9 23 1942
9 14 5254
9 59 4179
9 45 3224
9 50 3325
9 64 148
9 31 3109
9 37 4861
9 51 6253
9 52 3702
9 73 1215
9 17 1934
9 1 1255
9 27 2534
9 42 6156
9 33 5454
9 39 3495
9 56 4473
9 57 351
9 69 2028
9 3 817
9 24 92
9 36 4272
9 74 372
9 67 2325
9 66 2046
9 35 2554
9 2 304
9 48 3892
9 43 1860
9 7 1932
9 16 5439
9 28 4637
9 4 2011
9 71 4012
9 32 1036
9 70 1135
9 34 4737
9 40 3525
9 10 4509
9 25 1009
9 55 5890
9 19 5828
9 47 779
9 30 4837
9 38 5361
9 6 3000
9 62 2053
9 41 4172
9 18 2565
9 21 315
9 65 598
9 58 2449
9 29 269
10 74 165
10 46 939
10 22 2981
10 9 1640
10 62 3321
10 3 1153
10 4 2388
10 75 5943
10 70 5814
10 57 3316
10 29 568
10 71 529
10 26 1093
10 40 6207
10 1 389
10 7 2919
10 61 2411
10 55 2975
10 2 5572
10 33 2740
10 36 1542
10 19 4595
10 43 2670
10 28 3750
10 39 2539
10 17 809
10 18 4103
10 8 152
10 5 4419
10 11 5366
10 68 2248
10 21 5901
10 32 1427
10 14 1519
10 23 2981
10 47 3228
10 13 5422
10 56 1919
10 54 2939
10 49 3573
10 42 784
10 38 3764
10 53 2988
10 58 499
10 24 5695
10 25 2530
10 15 1843
10 60 2577
10 20 4470
10 6 3339
10 41 1022
10 64 2483
10 72 1019
10 63 4122
10 66 1630
10 67 676
10 52 4713
10 30 1078
10 34 65
10 16 1761
10 65 2242
11 41 1
11 75 1431
11 55 4425
11 33 4578
11 67 493
11 29 139
11 7 2935
11 2 5827
11 9 1741
11 44 5260
11 32 3074
11 30 2644
11 23 5085
11 64 2998
11 6 6145
11 66 4737
11 42 1538
11 20 4558
11 22 1754
11 28 4568
11 56 3510
11 74 5445
11 34 515
11 19 4806
11 70 5420
11 63 3739
11 21 788
11 53 5598
11 54 5531
11 12 4580
11 27 3783
11 61 3388
11 65 3755
11 14 503
11 46 3264
11 73 2366
11 40 3594
11 31 2507
11 10 3299
11 37 626
11 51 3449
11 38 1249
11 35 3450
11 43 5533
11 60 2245
11 25 404
11 50 3281
11 68 4508
11 69 4822
11 49 5772
11 1 3162
11 58 4488
11 72 1735
11 16 4308
11 45 1295
11 47 1759
11 17 1400
11 62 4811
12 72 4817
12 33 4895
12 14 4456
12 49 222
12 16 4255
12 9 3406
12 47 6078
12 60 5196
12 63 6225
12 22 5433
12 67 2165
12 3 896
12 69 40
12 44 3104
12 7 1683
12 39 4018
12 50 212
12 17 5495
12 45 3355
12 70 3195
12 59 6051
12 54 589
12 37 4769
12 42 4371
12 23 5942
12 10 5236
12 64 3992
12 40 2739
12 41 5603
12 62 2771
12 66 6166
12 4 3825
12 61 2682
12 29 2255
12 28 3855
12 55 428
12 36 2042
12 30 6121
12 6 218
12 27 3371
12 11 5120
12 24 3169
12 74 5342
12 35 1720
12 8 858
12 15 5302
12 1 1096
12 57 1871
12 2 4693
12 71 3039
12 51 2827
12 53 4077
13 20 3431
13 34 333
13 42 505
13 61 3913
13 72 3665
13 30 704
13 28 5846
13 26 2476
13 4 3791
13 18 1870
13 31 4468
13 32 702
13 12 6082
13 44 3343
13 29 5174
13 1 2930
13 36 6216
13 64 4045
13 23 5659
13 9 945
13 40 1149
13 21 6254
13 53 2356
13 50 1010
13 65 2834
13 19 3375
13 14 5563
13 33 4192
13 27 4008
13 16 5436
13 56 420
13 55 5143
13 38 703
13 73 2615
13 49 2931
13 57 3054
13 66 3632
13 67 5074
13 45 3247
13 25 2470
13 68 287
13 63 1807
13 58 4549
13 54 1997
13 62 906
13 6 3821
13 2 6050
13 17 6292
13 15 2626
13 39 657
13 70 5594
13 48 3518
13 60 510
13 47 540
13 41 2841
13 8 2472
13 3 5681
13 5 1400
14 59 6148
14 73 3499
14 56 4484
14 3 1357
14 9 4486
14 36 904
14 51 3623
14 68 1670
14 44 2871
14 17 1276
14 11 2426
14 72 5126
14 50 2089
14 10 1831
14 69 4794
14 39 3831
14 29 2530
14 43 2977
14 66 4923
14 7 1807
14 33 4709
14 16 679
14 48 414
14 21 6296
14 46 4899
14 49 577
14 28 4403
14 60 3804
14 62 4679
14 52 3961
14 24 2137
14 25 4329
14 67 4735
14 65 5201
14 40 6271
14 27 4140
14 75 976
14 71 6295
14 30 1679
14 12 1800
14 70 3981
14 34 4579
14 23 4602
14 5 2419
14 58 4674
14 32 3969
14 1 3305
15 61 2947
15 33 6059
15 68 1548
15 48 240
15 6 2027
15 58 3568
15 64 5974
15 3 3617
15 36 1033
15 2 3637
15 5 3266
15 45 1282
15 12 4910
15 55 4759
15 54 3203
15 53 3979
15 65 1593
15 60 5731
15 10 1742
15 59 1815
15 41 6061
15 4 3213
15 18 3207
15 57 2264
15 9 5279
15 11 4270
15 24 1644
15 19 5648
15 17 3105
15 28 4146
15 16 4549
15 27 4028
15 63 1335
15 71 5337
15 1 1815
15 42 1588
15 25 4299
15 66 5266
15 32 3751
15 72 3731
15 56 5331
15 34 4712
15 52 591
15 23 2032
15 70 3437
15 38 4760
15 31 196
15 30 5767
15 47 138
15 43 2571
15 51 5578
15 39 5785
15 62 5165
15 8 2544
16 50 1704
16 46 801
16 42 763
16 58 5165
16 72 875
16 53 5532
16 2 5439
16 66 4348
16 33 2131
16 19 4489
16 38 5996
16 34 1844
16 45 5056
16 1 5113
16 3 4453
16 9 209
16 64 6104
16 69 1278
16 20 3655
16 70 3657
16 67 1636
16 56 3349
16 11 45
16 41 1028
16 35 468
16 49 4604
16 40 3739
16 7 2263
16 8 3753
16 59 3804
16 23 4920
16 30 3468
16 31 5916
16 61 4537
16 73 1290
16 14 5951
16 71 3929
16 55 4277
16 62 1748
16 18 5762
16 43 3282
16 74 176
16 51 5077
16 12 3715
16 57 4941
16 37 2696
16 68 4301
16 22 2439
16 17 147
16 21 3415
16 54 2214
16 26 1301
16 48 1769
16 36 2100
16 60 4482
16 29 1313
17 38 2190
17 7 5864
17 5 1726
17 54 3944
17 44 1337
17 24 3283
17 11 3557
17 49 2837
17 19 3785
17 50 5638
17 9 914
17 74 145
17 16 626
17 14 5331
17 41 875
17 57 3519
17 43 1144
17 33 5399
17 21 663
17 53 3231
17 51 2159
17 68 6152
17 35 2098
17 47 4362
17 69 4574
17 10 5027
17 26 4421
17 8 2726
17 59 4623
17 65 2952
17 62 1672
17 15 3132
17 34 120
17 18 2241
17 45 5609
17 55 4518
17 61 1390
17 23 610
17 13 3499
17 12 5417
17 72 5669
17 39 3949
17 20 135
17 67 5964
17 71 3258
17 3 3262
17 56 4242
17 75 3322
17 70 4083
17 4 3594
17 48 2621
17 29 2965
17 6 376
18 26 2024
18 6 5688
18 59 4930
18 4 1589
18 49 1475
18 40 124
18 41 4106
18 39 2737
18 27 3160
18 38 6009
18 33 5752
18 9 3325
18 21 2460
18 1 3179
18 45 168
18 5 574
18 10 2731
18 42 1350
18 61 5123
18 53 5002
18 7 5730
18 34 5633
18 30 2432
18 48 179
18 3 5238
18 2 4535
18 23 2948
18 24 5717
18 11 4791
18 73 5373
18 16 473
18 75 187
18 32 2158
18 28 3152
18 65 4004
18 25 1730
18 58 82
18 60 6147
18 68 2348
18 31 5011
18 66 1538
18 17 2850
18 52 5009
18 29 3466
18 46 5579
18 15 4608
18 22 2571
18 36 3063
18 50 2172
18 43 4210
18 72 1142
18 67 2874
18 74 3136
18 35 2344
18 62 307
18 71 5776
18 51 966
18 56 3369
18 69 5281
18 54 2578
18 64 4635
19 4 3900
19 45 1709
19 75 2246
19 55 2935
19 20 4941
19 31 6184
19 60 4516
19 44 2748
19 59 3332
19 62 5080
19 43 3253
19 9 1618
19 68 4169
19 35 4986
19 2 3368
19 54 4017
19 36 1183
19 34 3475
19 3 4907
19 65 1460
19 22 5625
19 13 3204
19 11 4754
19 61 1376
19 46 2271
19 29 6047
19 21 3083
19 32 3825
19 30 5619
19 26 6277
19 7 5161
19 1 5109
19 25 4161
19 74 2685
19 49 4441
19 58 268
19 10 1036
19 56 5081
19 69 3786
19 51 6126
19 48 5128
19 39 546
19 73 43
19 23 5767
19 16 3593
19 63 4096
19 38 2545
19 41 665
19 37 2478
19 42 6041
19 72 1548
19 18 647
19 8 1400
19 33 5352
19 70 145
19 52 4726
19 40 3863
19 27 406
19 5 71
19 47 2895
20 18 807
20 31 3532
20 69 3131
20 6 422
20 52 2545
20 19 1721
20 12 4311
20 26 387
20 40 2428
20 15 1989
20 22 1105
20 54 2090
20 5 2400
20 1 2756
20 36 4796
20 62 5129
20 74 3224
20 44 1211
20 73 482
20 51 5768
20 58 5577
20 8 110
20 10 3241
20 39 1122
20 33 3801
20 38 5944
20 57 1286
20 37 4300
20 56 2118
20 72 178
20 68 1474
20 64 957
20 60 388
20 23 2997
20 46 2147
20 13 4108
20 27 2928
20 67 2217
20 17 6094
20 47 4780
20 63 4967
20 70 221
20 2 5600
20 35 4038
20 75 3298
20 7 1097
20 50 2413
20 48 3044
20 11 3651
20 16 4711
20 49 3695
20 24 407
20 71 1709
20 28 1428
20 41 4192
20 61 5198
20 55 3020
20 42 1657
20 3 2330
20 32 1296
20 65 6257
20 66 2727
20 45 5932
20 25 1104
21 27 2748
21 44 905
21 45 3988
21 36 970
21 6 4914
21 67 4814
21 13 6214
21 56 2232
21 49 2250
21 60 779
21 52 5291
21 32 982
21 66 20
21 25 3914
21 74 1617
21 10 3641
21 40 3607
21 47 3652
21 22 2429
21 33 2452
21 70 3863
21 73 1504
21 18 2361
21 11 1899
21 71 295
21 58 4982
21 16 838
21 54 3316
21 34 2283
21 48 2806
21 50 3292
21 12 4501
21 2 473
21 57 3129
21 59 1274
21 5 5472
21 64 3953
21 53 1043
21 4 113
21 23 5629
21 9 1757
21 55 199
21 20 4530
21 51 645
21 30 3263
21 31 3241
21 63 211
21 41 721
21 65 2442
21 42 5093
21 62 2738
21 17 2708
21 19 3282
21 43 3357
21 8 4168
21 14 1268
21 28 1553
21 39 5195
22 3 4144
22 38 5612
22 40 1565
22 49 6057
22 25 3558
22 46 6054
22 54 6188
22 34 5195
22 13 6160
22 53 4600
22 19 6096
22 31 5547
22 23 5280
22 51 1820
22 63 37
22 12 1434
22 10 5071
22 39 2361
22 5 3070
22 36 95
22 70 3244
22 72 1757
22 37 1599
22 18 2631
22 69 1858
22 1 3305
22 68 1422
22 47 2882
22 6 4606
22 33 4756
22 52 517
22 67 1781
22 29 4959
22 15 3953
22 17 2543
22 58 1073
22 45 5493
22 21 2937
22 28 4748
22 27 3477
22 16 2604
22 20 2701
22 74 2824
22 65 118
22 73 1883
22 43 6049
22 62 3863
22 57 4378
22 4 49
22 55 3900
22 41 1006
22 14 4870
22 64 2170
22 44 4379
22 50 850
22 30 999
22 24 432
22 59 2785
23 47 2059
23 66 3865
23 17 4467
23 33 906
23 32 2138
23 4 2474
23 49 4491
23 28 2635
23 54 2872
23 22 3906
23 15 2811
23 60 3900
23 42 5997
23 56 6035
23 67 2103
23 35 3477
23 40 4107
23 13 793
23 34 1861
23 39 409
23 69 5120
23 48 5956
23 51 5876
23 30 3919
23 11 782
23 46 5677
23 58 3947
23 57 2844
23 61 416
23 55 1466
23 1 5026
23 68 2011
23 12 3058
23 43 1501
23 70 1143
23 52 1117
23 18 5597
23 10 650
23 26 1815
23 75 1563
23 50 5030
23 59 5093
23 6 5243
23 53 2093
23 2 2041
23 62 2553
23 9 4331
23 65 274
23 63 2995
23 16 5562
23 21 705
23 44 4195
23 29 5398
23 45 4183
24 33 2355
24 19 1428
24 6 5210
24 62 4191
24 64 1501
24 3 3247
24 9 3528
24 44 1040
24 4 823
24 73 86
24 23 2497
24 72 4582
24 11 191
24 40 5217
24 56 1613
24 51 3366
24 39 729
24 42 4923
24 28 537
24 14 275
24 26 189
24 61 4843
24 63 5332
24 29 4803
24 32 482
24 2 1759
24 47 4796
24 55 469
24 54 3949
24 46 3114
24 43 1432
24 30 5367
24 31 3876
24 22 3691
24 45 2699
24 57 1817
24 36 3578
24 25 3577
24 13 4302
24 75 347
24 58 1557
24 16 2739
24 34 4207
24 10 568
24 8 4217
24 67 802
24 15 2959
24 5 5975
24 53 4511
24 74 3151
24 20 1359
24 38 5510
24 17 1308
24 71 3154
24 69 4531
24 27 3240
24 18 3999
25 66 2893
25 65 3709
25 62 5512
25 40 725
25 50 3968
25 16 4538
25 15 3385
25 45 2053
25 44 777
25 24 2467
25 33 3638
25 23 456
25 59 4047
25 26 2774
25 6 2333
25 3 4921
25 60 187
25 5 5303
25 48 83
25 43 5632
25 68 5723
25 12 6007
25 47 1117
25 74 2700
25 9 1781
25 54 872
25 49 622
25 20 5378
25 56 538
25 17 4570
25 18 4116
25 51 1427
25 71 1933
25 2 4418
25 75 2740
25 27 1975
25 55 2462
25 1 1989
25 29 3067
25 14 1076
25 61 951
25 37 4140
25 21 4682
25 42 66
25 41 1666
25 63 2362
25 31 2176
25 67 5068
25 64 2106
25 39 5826
25 30 6072
25 72 3947
25 28 3561
25 38 2235
25 8 532
25 34 839
26 27 2197
26 63 4497
26 52 2829
26 21 2545
26 46 47
26 20 2968
26 23 213
26 25 6214
26 7 483
26 16 160
26 37 415
26 42 288
26 33 1820
26 12 6093
26 44 2176
26 57 1235
26 2 1669
26 67 535
26 45 4158
26 59 1808
26 43 4027
26 58 716
26 74 4815
26 41 2627
26 54 4647
26 75 6102
26 65 4020
26 61 1496
26 35 4028
26 38 1628
26 28 3749
26 8 5233
26 19 3849
26 34 4062
26 55 4666
26 66 2687
26 56 162
26 1 4878
26 9 4007
26 48 1532
26 29 3794
26 69 5861
26 71 4177
26 15 5167
26 73 2529
26 53 2055
26 68 4661
26 36 5286
26 3 4254
26 62 1661
26 22 1732
26 60 4206
26 50 707
26 30 570
26 47 1693
26 39 4932
26 70 3856
27 17 1560
27 64 1462
27 40 598
27 6 576
27 4 5244
27 62 2878
27 66 3322
27 1 4106
27 23 939
27 29 1957
27 56 340
27 25 4540
27 16 1435
27 72 2459
27 47 636
27 20 4622
27 70 5475
27 5 3848
27 43 4407
27 15 2686
27 36 2943
27 75 3524
27 57 2034
27 24 1556
27 61 4704
27 48 2166
27 18 3319
27 11 4584
27 37 3774
27 63 5485
27 59 4597
27 12 5226
27 32 5962
27 41 1314
27 22 3332
27 26 2060
27 3 5140
27 42 5556
27 7 5267
27 10 2587
27 68 4782
27 71 6255
27 55 1169
27 19 4358
27 28 5815
27 2 3870
27 9 4859
27 34 5749
27 49 640
27 13 5056
27 73 4558
27 67 3791
27 65 6057
27 53 2411
27 51 4593
27 60 3633
27 39 2915
27 21 3084
27 54 1139
27 30 4996
27 33 1119
27 52 4340
28 21 4195
28 65 1032
28 42 563
28 43 3925
28 41 5139
28 30 4339
28 74 5497
28 57 2863
28 33 5901
28 40 2527
28 22 904
28 44 3061
28 26 2390
28 38 551
28 17 1745
28 10 937
28 46 2796
28 48 4781
28 4 3113
28 25 890
28 1 3033
28 70 6217
28 51 3870
28 11 4105
28 62 1018
28 7 5669
28 35 2225
28 27 2861
28 61 946
28 58 3065
28 56 2084
28 64 5402
28 45 486
28 63 1143
28 47 6173
28 29 4534
28 13 4116
28 52 4791
28 50 363
28 75 2722
28 37 509
28 3 2809
28 66 1537
28 24 4252
28 31 1125
28 53 170
28 55 416
28 19 1918
28 72 4474
28 39 4261
29 26 5552
29 53 3770
29 67 3803
29 55 5427
29 15 805
29 40 1771
29 74 3576
29 73 480
29 31 1232
29 62 4465
29 16 2991
29 2 1039
29 10 2452
29 45 3593
29 24 320
29 8 1306
29 54 4614
29 50 3359
29 23 707
29 72 5189
29 33 4029
29 46 4447
29 56 1813
29 11 5641
29 18 5385
29 13 2068
29 65 5761
29 14 898
29 3 2587
29 63 3996
29 32 5951
29 70 3543
29 28 3390
29 66 3233
29 27 2730
29 21 1575
29 20 6153
29 22 3864
29 61 3887
29 17 3279
29 44 3143
29 51 5377
29 42 1094
29 59 2700
29 49 62
29 60 1337
29 36 506
29 1 3266
29 6 4085
29 39 1729
29 9 5328
29 30 2011
29 19 3223
29 58 1158
29 68 4674
29 25 741
29 7 6291
29 43 55
29 5 2820
29 47 5184
30 47 2909
30 19 309
30 54 4374
30 40 6244
30 28 3566
30 12 3687
30 36 1232
30 72 1302
30 59 4703
30 67 4452
30 73 6093
30 3 3693
30 52 2443
30 69 1876
30 48 4087
30 42 1274
30 4 1929
30 34 1178
30 49 3234
30 9 5700
30 29 3087
30 27 3495
30 37 1833
30 51 3360
30 46 4077
30 16 16
30 56 3458
30 14 2688
30 44 1095
30 75 2810
30 17 399
30 68 5449
30 33 9
30 31 3895
30 38 5517
30 53 5919
30 35 4549
30 25 120
30 74 4587
30 2 1849
30 60 2759
30 21 898
30 24 5094
30 50 1666
30 1 140
30 62 2718
30 65 4525
30 70 6116
30 5 2935
30 22 460
30 58 399
30 10 5854
30 41 3063
30 15 365
30 55 4186
30 7 1446
30 63 5311
30 71 2409
30 64 514
30 57 2501
30 43 5114
30 8 1899
31 59 6077
31 22 98
31 33 4302
31 13 4819
31 61 5256
31 4 1836
31 2 6285
31 42 3954
31 46 4565
31 37 5782
31 14 4668
31 8 1233
31 52 5384
31 26 6028
31 53 3037
31 54 3790
31 44 5839
31 3 6196
31 20 978
31 70 672
31 51 1982
31 69 3577
31 74 3083
31 65 1501
31 73 520
31 5 264
31 62 6179
31 50 2730
31 18 213
31 41 1508
31 57 3254
31 60 5984
31 15 3996
31 11 2866
31 56 4492
31 38 5131
31 63 3339
31 36 301
31 17 4318
31 16 3043
31 28 4311
31 49 4244
31 39 534
31 58 4865
31 55 3157
31 72 5135
31 24 2617
31 27 3181
31 34 4129
31 12 176
31 19 2196
31 66 3671
31 43 2547
31 47 1110
31 1 1880
31 7 1561
31 48 456
32 3 1137
32 31 4555
32 64 4908
32 53 1466
32 42 3636
32 14 4715
32 7 5404
32 22 2685
32 68 5824
32 46 5327
32 59 2495
32 17 3939
32 37 5360
32 26 4066
32 13 1575
32 51 3995
32 50 1429
32 12 260
32 4 4333
32 52 2862
32 28 6132
32 74 1796
32 48 5508
32 35 749
32 69 4562
32 36 147
32 73 4571
32 75 102
32 72 307
32 63 2376
32 9 5273
32 66 2484
32 71 2292
32 33 372
32 41 1747
32 43 4512
32 23 5711
32 61 3913
32 19 2893
32 20 6015
32 29 992
32 70 5901
32 27 5474
32 5 4698
32 2 3996
32 57 330
32 65 1625
32 8 273
32 44 555
32 10 53
32 62 2803
32 40 1215
32 11 37
32 38 3510
32 1 4312
32 15 1877
32 45 5836
32 6 3062
33 66 2235
33 46 2562
33 29 2280
33 63 2091
33 37 1887
33 47 3896
33 24 1177
33 61 4338
33 51 885
33 8 4360
33 53 5642
33 28 1930
33 41 2086
33 50 946
33 2 1212
33 56 5087
33 36 2225
33 69 2245
33 35 4602
33 74 2883
33 62 6160
33 21 112
33 25 2830
33 16 6038
33 73 710
33 59 4795
33 48 2675
33 49 4185
33 27 1892
33 71 1999
33 42 2617
33 13 1386
33 14 4401
33 23 4885
33 12 2093
33 15 4484
33 70 6255
33 5 1841
33 55 5640
33 10 4377
33 17 1421
33 1 3411
33 45 6181
33 75 1064
33 44 4603
33 31 2668
33 22 6269
33 64 3964
33 68 2459
33 67 1948
33 54 370
34 52 5649
34 2 5887
34 75 4148
34 32 5705
34 70 3467
34 4 399
34 73 1360
34 46 1962
34 15 104
34 49 3877
34 27 1089
34 61 713
34 19 377
34 64 2522
34 37 5506
34 62 1959
34 14 2740
34 69 4092
34 16 5751
34 40 4221
34 13 1644
34 30 4362
34 72 6123
34 6 5155
34 43 4406
34 48 4413
34 3 4474
34 18 391
34 33 672
34 24 5560
34 1 1465
34 58 3277
34 21 3567
34 63 2308
34 55 474
34 44 3812
34 47 5891
34 8 4172
34 56 337
34 50 2268
34 65 561
34 25 5451
34 74 4755
34 57 3484
34 53 4544
34 12 609
34 54 548
34 20 5234
34 31 3045
34 41 5060
34 9 847
34 10 6215
34 71 357
34 39 2004
34 51 4874
34 22 5726
34 45 1693
34 42 3665
34 66 4400
34 28 5025
34 11 4379
35 48 5997
35 4 409
35 13 5483
35 2 3522
35 5 2158
35 31 4870
35 68 3737
35 47 1093
35 7 2787
35 16 644
35 24 4100
35 25 2053
35 30 4210
35 12 463
35 9 4017
35 51 4409
35 73 3396
35 17 5104
35 22 5004
35 54 3427
35 3 1816
35 55 4532
35 23 2237
35 63 663
35 19 3678
35 72 3751
35 52 5851
35 44 4355
35 75 3038
35 64 4834
35 10 965
35 1 6244
35 26 1133
35 6 5386
35 46 1466
35 18 717
35 20 2970
35 67 5658
35 74 3298
35 11 3689
35 65 2437
35 27 2967
35 61 5835
35 39 5021
35 45 4034
35 40 3129
35 38 830
35 36 5997
35 21 5579
36 41 415
36 12 1631
36 39 2213
36 29 5023
36 43 2570
36 18 2640
36 6 657
36 38 5337
36 49 818
36 2 4911
36 57 5181
36 26 4166
36 31 1661
36 7 624
36 30 2505
36 33 5814
36 74 5126
36 44 3270
36 9 1959
36 51 1057
36 68 3434
36 10 4709
36 59 4258
36 5 2680
36 42 1659
36 16 1006
36 25 2812
36 73 1292
36 46 5769
36 3 3025
36 20 1788
36 63 2470
36 54 1861
36 66 5255
36 50 1317
36 60 1398
36 56 4610
36 28 4444
36 14 5532
36 75 5750
36 53 4832
36 21 6266
36 4 1331
36 55 5290
36 70 5070
36 8 1766
36 15 3665
36 27 2774
36 45 4821
36 32 3106
36 35 2765
36 17 4762
36 64 1085
36 23 377
36 52 5598
36 62 985
37 26 3720
37 50 2701
37 45 2256
37 74 2062
37 8 59
37 69 5048
37 22 3646
37 1 139
37 75 2436
37 7 2226
37 17 1157
37 64 506
37 70 2605
37 58 343
37 67 2168
37 12 2134
37 35 4077
37 60 4291
37 29 2475
37 55 416
37 32 1502
37 40 1542
37 4 4329
37 30 3447
37 46 3653
37 43 3506
37 25 5066
37 73 3566
37 52 636
37 54 1811
37 33 240
37 63 5601
37 41 1967
37 11 1206
37 24 632
37 20 325
37 47 4581
37 3 5182
37 23 3653
37 71 5096
37 62 356
37 72 525
37 5 448
37 48 4383
37 44 1182
37 14 3834
37 19 4409
37 61 2077
37 38 5225
37 65 4174
37 28 3961
37 21 3242
37 16 1272
37 18 3481
37 10 5088
38 65 3158
38 7 5100
38 73 1641
38 37 1797
38 34 3470
38 32 2577
38 64 401
38 17 3127
38 52 2585
38 71 5291
38 63 2316
38 24 444
38 16 3006
38 10 998
38 48 5144
38 36 278
38 59 4840
38 28 6148
38 21 1057
38 8 4259
38 58 5159
38 27 198
38 26 2836
38 2 3424
38 18 2751
38 40 1944
38 60 1706
38 75 1669
38 45 3123
38 30 288
38 9 3269
38 56 2250
38 12 6265
38 13 3043
38 72 5823
38 47 4043
38 5 4216
38 20 5041
38 54 5815
38 31 4400
38 74 2709
38 49 5225
38 35 5116
38 70 1291
38 19 4981
38 14 1592
38 41 4778
38 44 3098
38 11 1761
39 35 6296
39 1 1866
39 19 6203
39 42 5260
39 15 2842
39 28 2681
39 45 745
39 63 135
39 43 3951
39 18 3944
39 59 618
39 52 4272
39 11 321
39 23 5908
39 20 1468
39 72 48
39 49 2573
39 25 2972
39 55 5073
39 46 3872
39 4 5068
39 70 3954
39 21 5407
39 53 797
39 5 2494
39 13 886
39 64 4756
39 57 3052
39 47 304
39 37 2245
39 6 5023
39 38 4512
39 9 5718
39 12 5911
39 27 6075
39 10 5292
39 51 1268
39 29 4610
39 56 2820
39 30 1210
39 33 4113
39 48 1826
39 66 2305
39 69 1354
39 34 6035
39 17 5686
39 74 3098
39 50 766
39 36 2953
40 55 4895
40 15 6194
40 68 1543
40 59 4163
40 32 1332
40 46 2568
40 71 1702
40 53 2135
40 12 4820
40 33 1014
40 13 5429
40 30 5670
40 10 3221
40 25 2241
40 28 5972
40 18 3005
40 22 3823
40 54 3946
40 23 931
40 26 346
40 64 2480
40 37 5735
40 48 3016
40 69 2060
40 47 4919
40 70 2758
40 50 1512
40 16 5067
40 38 1759
40 73 3617
40 42 861
40 44 3465
40 41 5756
40 51 4591
40 43 603
40 3 1527
40 74 3440
40 24 3328
40 29 4159
40 52 5591
40 57 3692
40 39 1054
40 36 1083
40 49 2459
40 63 6278
40 72 591
40 75 5690
40 1 5264
40 17 5760
40 27 813
40 4 3572
40 56 5868
40 35 1081
40 21 4570
40 5 3656
40 58 2471
41 13 1404
41 33 1130
41 74 5574
41 35 4040
41 5 1035
41 3 3642
41 15 2548
41 24 2503
41 26 1715
41 67 4835
41 30 5575
41 59 3188
41 64 111
41 16 355
41 61 2350
41 45 3282
41 71 2034
41 49 5528
41 73 4666
41 22 4920
41 57 4023
41 52 1410
41 42 653
41 29 950
41 70 6146
41 47 5239
41 60 2484
41 66 3757
41 9 330
41 37 2012
41 2 3674
41 23 3016
41 10 790
41 25 3424
41 43 3300
41 27 3575
41 19 3812
41 46 5144
41 4 2248
41 48 3867
41 6 5097
41 62 3750
41 14 3226
41 44 3346
41 21 2366
41 72 886
41 69 4821
41 34 5885
41 1 5419
41 20 1568
41 58 4242
41 36 243
41 12 3781
41 51 3013
41 53 4170
41 8 1321
41 54 4605
41 7 5391
42 31 6149
42 20 124
42 15 2266
42 5 6153
42 55 2871
42 13 2399
42 56 3327
42 46 1799
42 40 6223
42 38 5032
42 63 4210
42 69 1387
42 9 6123
42 59 3026
42 19 882
42 44 4615
42 25 5129
42 65 5504
42 21 2269
42 72 1190
42 4 3042
42 17 6226
42 18 4844
42 73 736
42 60 1474
42 68 1923
42 66 3023
42 28 5019
42 39 2853
42 74 5729
42 41 5212
42 29 1041
42 67 4332
42 12 411
42 2 584
42 53 3808
42 35 2269
42 37 3893
42 71 6177
42 47 2561
42 54 2940
42 58 2656
42 43 5390
42 51 1728
42 8 1897
42 14 5094
42 61 4449
42 26 4789
42 11 4366
42 6 3418
42 32 343
42 30 2836
42 36 1235
43 9 1846
43 35 4121
43 74 6122
43 12 308
43 73 5211
43 1 5951
43 27 693
43 62 126
43 6 3948
43 70 5420
43 60 3928
43 10 3880
43 34 3868
43 19 4476
43 41 164
43 55 1774
43 59 3378
43 65 5410
43 75 3236
43 63 2663
43 56 5007
43 7 1003
43 31 5072
43 61 5703
43 54 5963
43 13 3209
43 33 2782
43 15 597
43 66 2355
43 36 1584
43 37 5037
43 17 1034
43 23 3646
43 28 3950
43 53 1732
43 50 3328
43 58 162
43 57 300
43 64 1935
43 42 2555
43 30 2008
43 29 1151
43 16 1207
43 68 4328
43 38 4490
43 40 3350
43 48 1769
43 14 160
43 44 521
43 4 4441
43 39 1898
43 20 2271
43 67 5689
44 38 1245
44 65 4052
44 2 3098
44 8 4514
44 31 5780
44 63 3431
44 46 747
44 52 2503
44 6 1218
44 33 493
44 39 5772
44 53 2790
44 72 4942
44 9 530
44 35 4878
44 55 2213
44 16 3124
44 51 3826
44 14 5286
44 22 5098
44 43 6107
44 75 2995
44 7 5801
44 74 2779
44 49 5350
44 26 5220
44 64 5649
44 10 1742
44 54 2652
44 17 4850
44 48 1182
44 12 1216
44 11 4936
44 59 5292
44 40 2239
44 5 3887
44 27 2559
44 62 2031
44 21 1472
44 37 1238
44 24 3249
44 15 1710
44 56 1229
44 20 804
44 34 1542
44 50 191
44 71 2658
44 4 3422
44 13 5776
44 60 3342
44 1 6071
44 47 4072
44 3 2609
44 70 3040
44 68 130
44 25 5667
44 18 4787
44 36 1322
44 32 722
45 64 1172
45 75 4617
45 18 1621
45 62 5960
45 49 1582
45 32 6139
45 46 3163
45 27 468
45 51 4869
45 67 2195
45 26 4770
45 11 2361
45 24 3966
45 28 2319
45 56 5813
45 30 3332
45 63 2468
45 19 1500
45 2 2468
45 37 867
45 6 801
45 73 1213
45 22 893
45 14 1824
45 36 2273
45 20 3051
45 17 4331
45 48 4853
45 12 1306
45 8 2359
45 10 4839
45 68 2563
45 31 2776
45 42 1247
45 58 5596
45 70 3803
45 55 5912
45 29 2918
45 52 4683
45 47 1955
45 44 3763
45 21 6295
45 34 4150
45 41 2739
45 23 5417
45 13 3749
45 35 5436
45 60 4762
45 15 1209
45 61 2299
45 9 5948
46 53 1978
46 44 2110
46 11 3305
46 65 4154
46 63 5531
46 62 5258
46 7 1779
46 2 1361
46 9 2116
46 10 2744
46 19 6034
46 68 2329
46 23 6104
46 32 2245
46 51 1528
46 66 4453
46 48 5199
46 29 2301
46 56 3773
46 37 4397
46 5 5939
46 27 1854
46 39 4880
46 3 1862
46 24 2574
46 4 377
46 22 5760
46 25 5876
46 26 6274
46 50 3180
46 8 5310
46 72 6258
46 64 116
46 41 905
46 54 5314
46 59 3062
46 74 5417
46 28 5267
46 36 4357
46 55 4322
46 18 5336
46 69 4482
46 47 4809
46 15 4184
46 75 5828
46 6 3338
46 42 283
46 35 1350
46 61 4278
46 21 3637
46 43 3359
46 14 48
47 38 4131
47 6 902
47 51 3778
47 28 862
47 18 3595
47 25 74
47 5 1917
47 20 2296
47 53 5611
47 66 4027
47 57 3372
47 59 5585
47 75 1835
47 60 6235
47 21 1264
47 39 567
47 64 2297
47 42 1492
47 10 1581
47 71 4452
47 52 4515
47 36 3843
47 41 3315
47 16 6210
47 4 1053
47 70 1890
47 62 2077
47 32 4272
47 12 1246
47 43 2309
47 30 182
47 37 393
47 17 3207
47 50 6179
47 31 4654
47 14 1228
47 2 1295
47 35 1989
47 33 39
47 3 2812
47 72 3981
47 44 1568
47 15 6088
47 22 4165
47 56 1667
47 48 2669
47 46 277
47 11 1329
47 19 4340
47 45 1107
47 13 3835
47 40 5217
47 49 3969
47 8 1843
47 24 3178
47 23 2480
47 1 5408
48 41 151
48 8 5297
48 23 5204
48 37 5618
48 4 598
48 29 3601
48 50 608
48 62 1868
48 64 75
48 33 4630
48 5 897
48 74 3293
48 70 857
48 20 979
48 45 2824
48 73 5095
48 55 1222
48 54 4182
48 53 3562
48 36 4330
48 56 4205
48 22 4397
48 69 4979
48 25 3368
48 38 6069
48 14 2251
48 15 1722
48 26 5482
48 19 6100
48 67 5596
48 28 4271
48 31 988
48 6 1113
48 61 915
48 39 4815
48 44 2454
48 11 1517
48 35 3777
48 40 3342
48 49 1439
48 52 5554
48 58 465
48 9 4879
48 16 3024
48 72 3705
48 42 4029
48 1 4427
48 60 234
48 66 3959
48 75 129
48 3 2659
48 12 1177
48 46 4887
48 57 3580
48 27 4975
48 17 3691
48 30 2915
48 24 886
49 59 41
49 69 431
49 57 1399
49 50 1680
49 45 1575
49 34 4857
49 16 1002
49 58 2901
49 30 831
49 9 266
49 41 3314
49 51 2546
49 8 1491
49 44 3012
49 46 2211
49 5 471
49 35 17
49 55 1803
49 2 1992
49 33 4344
49 10 1415
49 67 5794
49 12 3284
49 66 341
49 61 4873
49 13 3213
49 68 4626
49 27 3206
49 65 5458
49 40 1169
49 11 5604
49 73 2262
49 6 3423
49 26 4709
49 53 3338
49 25 2835
49 52 1649
49 18 3013
49 42 542
49 24 1162
49 54 4690
49 37 1743
49 29 2203
49 3 1025
49 32 874
49 20 5030
49 21 3525
49 1 6004
49 60 3797
49 62 463
49 38 5238
49 75 4847
49 74 3350
49 22 2719
49 36 298
49 15 3386
50 12 5187
50 20 5524
50 63 6219
50 40 2088
50 32 1294
50 55 2944
50 45 652
50 4 3711
50 39 1285
50 13 3189
50 70 6271
50 29 373
50 35 2942
50 57 2771
50 71 2189
50 72 2844
50 6 6144
50 36 5604
50 52 4078
50 44 597
50 59 4342
50 43 130
50 74 3064
50 26 3753
50 28 6211
50 67 2184
50 8 2435
50 22 829
50 24 3723
50 46 5030
50 10 4275
50 14 201
50 42 2221
50 7 4162
50 58 4
50 2 3093
50 21 3343
50 31 500
50 41 4314
50 48 1244
50 1 4031
50 38 2437
50 5 2221
50 56 3947
50 16 841
50 53 6095
50 34 1825
50 17 1470
50 15 4898
50 9 1456
50 27 5793
50 33 3216
50 18 4236
50 65 1493
51 14 2343
51 44 1690
51 36 4620
51 13 4686
51 47 2194
51 38 153
51 72 1052
51 40 2453
51 54 2256
51 12 1859
51 21 214
51 43 2943
51 62 6002
51 61 6033
51 63 3890
51 25 533
51 48 5281
51 6 5739
51 15 1550
51 50 3588
51 59 3225
51 60 1190
51 9 3895
51 41 3613
51 26 4361
51 3 698
51 73 5445
51 18 2018
51 24 5971
51 53 5095
51 46 2774
51 27 4258
51 55 2455
51 29 5979
51 74 2803
51 49 146
51 16 2427
51 11 2372
51 31 2332
51 8 2661
51 42 1549
51 66 4476
51 5 2074
51 45 1645
51 67 3474
51 71 102
51 2 4390
51 39 241
51 37 2038
51 20 3520
51 65 4924
51 68 2926
51 22 2533
51 34 5676
51 69 1995
51 23 4464
51 30 3831
51 32 4446
51 70 1640
51 57 2050
52 70 5984
52 43 1886
52 74 2683
52 25 6207
52 51 2101
52 53 3538
52 16 1704
52 66 2196
52 54 1070
52 9 3070
52 36 4654
52 49 41
52 8 5909
52 15 5609
52 14 1249
52 42 2165
52 35 6071
52 3 691
52 45 1234
52 40 374
52 39 2424
52 41 2125
52 56 14
52 20 5686
52 62 1827
52 38 2051
52 71 5393
52 75 4853
52 73 1975
52 21 4175
52 28 1704
52 69 3930
52 23 5178
52 24 3981
52 47 2390
52 10 320
52 57 5510
52 31 3578
52 44 4214
52 17 3059
52 67 3997
52 2 5550
52 55 3517
52 50 3259
52 18 1014
52 19 2931
52 11 1125
52 60 281
52 5 5570
52 59 2795
52 48 3556
52 61 4233
53 65 1926
53 27 2086
53 71 701
53 75 5829
53 49 3579
53 29 3884
53 22 3721
53 5 4024
53 59 3876
53 23 2271
53 35 1783
53 63 510
53 20 707
53 10 695
53 68 5387
53 64 876
53 72 5954
53 39 3164
53 12 4864
53 50 993
53 17 5410
53 7 1515
53 24 954
53 16 1336
53 14 4142
53 44 5488
53 69 4206
53 28 3762
53 60 4572
53 30 6183
53 73 6179
53 36 255
53 47 3094
53 41 5845
53 74 808
53 67 3527
53 55 6113
53 19 3658
53 46 2741
53 38 2560
53 34 5321
53 56 3109
53 21 3237
53 4 1291
53 54 2425
53 18 56
53 48 1482
53 1 2881
53 3 3404
53 33 1621
53 52 2177
53 70 3419
54 4 1516
54 29 3212
54 57 586
54 14 5569
54 27 3721
54 9 1477
54 63 3897
54 68 2571
54 30 2770
54 17 4267
54 66 6066
54 32 1143
54 55 5311
54 65 3810
54 18 163
54 2 4887
54 58 1226
54 10 5847
54 19 4295
54 37 2065
54 72 5358
54 44 2599
54 62 2932
54 73 3592
54 52 4908
54 35 5505
54 49 4456
54 20 5292
54 5 4479
54 38 5394
54 59 151
54 48 3549
54 1 3956
54 12 1060
54 39 2420
54 50 3967
54 60 2991
54 51 1508
54 70 1990
54 67 3116
54 36 5266
54 42 5974
54 15 5007
54 71 4407
54 11 984
54 23 184
54 25 2902
54 61 6292
54 24 847
54 33 905
54 7 5892
54 75 586
54 8 657
54 53 1093
54 22 6291
54 41 4857
54 56 2018
54 40 4497
54 45 4408
55 49 3826
55 58 122
55 2 3751
55 18 2030
55 54 4133
55 75 2528
55 19 3056
55 38 1713
55 21 1419
55 57 576
55 32 1008
55 46 701
55 6 1408
55 71 5464
55 67 868
55 53 5919
55 3 5078
55 66 4144
55 4 1625
55 17 6149
55 41 307
55 52 4975
55 12 5460
55 24 3914
55 42 39
55 68 1494
55 28 5201
55 36 1269
55 39 5342
55 45 5807
55 26 3620
55 15 4732
55 9 2254
55 1 3509
55 56 4008
55 30 3755
55 5 1066
55 69 4260
55 72 2896
55 59 5667
55 34 4766
55 35 4171
55 43 5251
55 48 4355
55 62 5596
55 25 2976
55 33 1745
55 16 636
55 63 1192
55 23 4935
55 47 2136
55 14 1721
55 10 3986
55 22 3236
55 20 890
55 27 5392
55 13 353
55 65 5274
55 61 2247
55 60 163
55 7 4073
55 29 1080
56 19 4316
56 48 2320
56 33 1573
56 42 2884
56 44 24
56 31 3040
56 75 2347
56 69 4400
56 7 388
56 58 2638
56 57 5873
56 22 5266
56 45 5953
56 64 4720
56 4 340
56 20 2921
56 26 2395
56 74 161
56 36 1616
56 11 6050
56 52 4358
56 67 2681
56 51 1789
56 15 107
56 41 5410
56 6 3342
56 21 3582
56 28 5195
56 43 5513
56 5 3753
56 12 6279
56 63 5750
56 23 374
56 66 599
56 18 3512
56 27 3504
56 55 6292
56 50 2404
56 39 3880
56 9 743
56 29 4733
56 3 1397
56 32 6281
56 13 4277
56 46 583
56 38 4522
56 40 2483
56 71 5533
56 49 1833
56 17 6188
56 25 5882
56 10 430
56 65 6092
56 62 1765
56 24 65
56 14 4862
57 24 3553
57 19 3134
57 53 2419
57 6 2290
57 32 425
57 75 4434
57 10 1568
57 33 311
57 8 2537
57 65 5330
57 35 3978
57 3 2615
57 27 5062
57 51 1842
57 58 14
57 21 1360
57 16 5257
57 42 5617
57 70 216
57 11 3757
57 73 1984
57 17 2100
57 50 1756
57 66 3014
57 44 2471
57 28 773
57 30 3572
57 40 3156
57 59 4235
57 20 1675
57 69 130
57 54 3900
57 63 4735
57 31 2378
57 36 6062
57 34 5290
57 29 2663
57 52 2442
57 49 586
57 25 2863
57 56 55
57 9 6030
57 4 3098
57 39 3928
57 5 2959
57 41 4486
57 67 6040
57 61 1266
57 64 4180
57 26 505
57 68 3778
57 55 4651
57 13 585
57 47 3820
57 14 1533
57 12 1424
58 30 5463
58 38 5619
58 70 3364
58 48 2304
58 40 3731
58 21 5343
58 71 2215
58 64 560
58 23 511
58 47 5770
58 72 3375
58 39 3508
58 52 2956
58 75 855
58 69 4583
58 61 5905
58 74 17
58 50 4093
58 18 2811
58 46 4029
58 27 4627
58 25 5360
58 60 3182
58 56 4515
58 33 1916
58 73 4487
58 65 4520
58 54 1623
58 2 2240
58 57 2802
58 63 893
58 34 3228
58 51 363
58 13 46
58 20 2291
58 14 251
58 36 6288
58 1 4717
58 53 2207
58 45 5478
58 16 3127
58 31 625
58 49 3853
58 67 3035
58 37 2521
58 3 2881
58 4 2742
58 12 4441
58 41 2633
58 8 1435
58 62 3506
58 35 2987
58 32 349
58 22 2258
58 6 5856
58 5 1587
59 31 4052
59 33 1468
59 39 4767
59 23 2727
59 3 3373
59 1 4104
59 35 583
59 36 671
59 21 5090
59 54 224
59 73 5706
59 38 5607
59 8 2962
59 7 1279
59 2 4142
59 22 5309
59 16 1664
59 51 734
59 56 5462
59 64 3703
59 68 975
59 67 1703
59 53 515
59 15 4686
59 6 4916
59 26 2052
59 30 3394
59 62 5316
59 63 2263
59 29 975
59 48 1044
59 61 4555
59 43 1164
59 5 5940
59 50 3698
59 32 4761
59 14 3399
59 40 3401
59 47 1350
59 74 6259
59 20 482
59 24 383
59 41 2392
59 11 2662
59 55 1398
59 28 4355
59 46 4446
59 44 665
59 9 3690
59 66 3266
59 57 231
59 10 4845
59 12 2693
59 71 5155
59 34 4501
59 19 3251
59 27 6154
59 58 1729
59 72 5242
59 49 6042
60 61 5504
60 30 2396
60 9 2484
60 1 898
60 31 3475
60 41 2268
60 68 3614
60 47 5488
60 49 6271
60 13 476
60 63 3092
60 55 365
60 28 3
60 18 5000
60 21 4746
60 27 3819
60 14 4943
60 44 859
60 46 5962
60 12 1197
60 5 4594
60 75 4902
60 2 4760
60 66 713
60 35 2806
60 38 3406
60 23 3035
60 43 5049
60 36 4571
60 40 1056
60 11 1768
60 54 4032
60 20 4626
60 10 4150
60 71 3484
60 52 1777
60 6 1343
60 50 473
60 22 5883
60 37 1932
60 39 108
60 70 2062
60 65 1788
60 74 621
60 51 1190
60 64 4161
60 3 4708
60 67 4618
60 59 2686
60 53 3350
60 57 2589
60 42 689
61 38 1870
61 3 1787
61 48 2992
61 5 2240
61 57 4501
61 31 2632
61 24 2155
61 4 4751
61 71 3272
61 45 1923
61 10 3852
61 22 251
61 75 1208
61 60 3042
61 37 601
61 36 2256
61 55 6061
61 67 5214
61 58 4921
61 12 5810
61 43 2884
61 13 504
61 14 4832
61 35 6004
61 8 2962
61 66 3169
61 30 9
61 70 1452
61 1 4603
61 15 1216
61 42 4827
61 54 5775
61 16 2434
61 44 4290
61 32 1665
61 41 2922
61 21 161
61 40 1079
61 73 2931
61 65 2349
61 50 4844
61 64 6208
61 47 4895
61 18 1241
61 74 3023
61 7 3670
61 2 5627
61 33 329
61 69 5539
61 28 4175
61 6 556
61 68 5830
61 27 3129
61 51 4244
61 29 1341
62 36 978
62 44 3467
62 64 5934
62 55 3145
62 37 4660
62 72 2247
62 30 1080
62 18 3488
62 41 172
62 19 2100
62 33 1775
62 49 6260
62 29 5081
62 20 4703
62 16 3157
62 21 540
62 68 4721
62 11 2618
62 46 1455
62 8 4554
62 57 1756
62 54 1832
62 59 3648
62 22 2821
62 32 1699
62 9 3094
62 67 27
62 63 1911
62 6 6055
62 60 3322
62 34 4575
62 2 2621
62 61 266
62 66 1526
62 15 4585
62 28 31
62 23 5600
62 75 3778
62 56 5884
62 10 3154
62 51 5279
62 26 6090
62 24 1802
62 48 5810
62 42 2305
62 38 2360
62 70 4623
62 3 6025
62 74 4136
62 39 1659
62 65 644
62 17 6109
62 4 3907
62 47 5311
62 7 3576
62 58 5228
62 43 2544
63 17 3292
63 28 3042
63 27 2619
63 20 41
63 60 5046
63 19 5762
63 13 3994
63 35 502
63 48 555
63 74 5039
63 31 753
63 36 3512
63 38 3918
63 3 3701
63 68 4786
63 32 5143
63 18 4691
63 42 2453
63 49 5876
63 57 5350
63 73 1950
63 67 3773
63 51 2166
63 64 943
63 22 2424
63 29 3736
63 44 1442
63 14 846
63 56 4118
63 58 2506
63 45 1973
63 6 1297
63 43 2578
63 62 5121
63 16 1317
63 34 5393
63 24 4525
63 75 4691
63 8 2033
63 7 5083
63 41 1840
63 55 4908
63 54 1327
63 52 5673
63 59 2387
63 25 6263
63 40 5240
63 46 4582
63 2 1791
63 15 2218
63 30 2198
63 53 4274
63 71 4758
63 39 3717
63 66 2116
63 4 366
63 21 4575
63 33 850
64 13 2853
64 38 2421
64 6 379
64 25 4352
64 58 5621
64 74 3619
64 50 2344
64 66 1949
64 62 6221
64 10 2119
64 30 3368
64 54 1361
64 1 5772
64 47 2244
64 69 3800
64 59 3199
64 12 1184
64 71 3294
64 34 125
64 27 1016
64 24 1776
64 21 5551
64 46 2685
64 16 4095
64 28 4886
64 31 5469
64 37 3206
64 48 4299
64 8 5083
64 57 5048
64 45 3319
64 26 5135
64 43 2351
64 55 3753
64 44 5358
64 19 2858
64 9 1331
64 52 3855
64 56 2100
64 40 617
64 42 951
64 53 3347
64 35 2995
64 68 678
64 18 1197
64 22 2718
64 67 6283
64 70 2435
64 17 5953
64 32 5915
64 11 5828
64 36 2373
64 63 5021
64 65 2222
64 60 3156
64 15 4081
64 3 601
64 72 3804
64 39 1905
64 20 2974
64 5 2065
64 23 6208
65 16 328
65 21 1368
65 45 6143
65 70 1280
65 59 4826
65 56 2682
65 36 6224
65 48 1050
65 44 2600
65 75 4093
65 42 3211
65 32 392
65 43 5238
65 2 2881
65 55 2770
65 49 3258
65 12 3626
65 58 1955
65 71 1050
65 63 1287
65 53 3893
65 15 2065
65 62 1595
65 22 992
65 72 1400
65 5 584
65 30 254
65 23 976
65 19 5989
65 35 5507
65 3 1130
65 54 3140
65 41 258
65 38 499
65 68 2074
65 1 4358
65 73 3884
65 29 898
65 18 3479
65 60 1933
65 61 2911
65 50 939
65 69 398
65 74 3109
65 51 5843
65 31 5125
65 4 5467
65 20 513
65 25 1240
65 52 2347
65 6 5434
65 46 6115
65 27 3972
65 66 3928
65 10 2754
65 24 4374
65 8 1623
65 34 2447
65 47 5203
66 8 2389
66 22 5678
66 57 5776
66 2 1018
66 7 2030
66 53 4547
66 28 5698
66 54 476
66 41 4756
66 9 51
66 51 2629
66 29 4560
66 40 5921
66 46 1751
66 23 3099
66 3 946
66 1 5083
66 24 5009
66 11 5111
66 42 3702
66 48 3386
66 16 3761
66 55 6058
66 14 5593
66 72 738
66 43 4860
66 45 2735
66 44 2343
66 26 1863
66 18 5023
66 34 5397
66 50 2828
66 65 2735
66 73 693
66 68 4055
66 75 2704
66 62 3865
66 61 5612
66 15 1448
66 4 625
66 36 6237
66 69 440
66 39 2824
66 6 3075
66 52 6130
66 20 152
66 27 615
67 17 3293
67 39 4589
67 5 902
67 47 6000
67 71 784
67 42 609
67 43 5343
67 54 4293
67 35 5151
67 32 1118
67 57 4993
67 19 2622
67 64 6057
67 69 4270
67 3 2146
67 44 4224
67 62 3823
67 36 5726
67 75 961
67 24 6081
67 72 2083
67 23 1593
67 45 6246
67 15 1985
67 50 419
67 59 3770
67 14 1148
67 60 248
67 20 684
67 55 2256
67 11 5502
67 31 3756
67 34 4942
67 63 5162
67 10 5821
67 53 5206
67 41 3660
67 12 3500
67 2 1653
67 58 2287
67 22 5031
67 13 4319
67 74 2650
67 68 5780
67 8 640
67 16 3900
67 27 4686
67 73 1061
67 26 1591
67 37 2721
67 46 493
67 33 1009
67 51 81
67 7 890
67 18 5627
67 1 598
67 70 1703
68 27 3438
68 46 1260
68 25 1319
68 32 1450
68 65 4616
68 57 1158
68 36 857
68 70 2518
68 4 4356
68 15 5365
68 62 6154
68 28 4808
68 43 4472
68 47 4382
68 61 5092
68 9 335
68 55 4540
68 24 113
68 52 2026
68 26 792
68 39 1763
68 10 5837
68 29 606
68 7 2947
68 53 5349
68 63 3766
68 48 2927
68 11 3809
68 18 3133
68 3 1379
68 64 4800
68 37 4229
68 72 5918
68 30 2572
68 31 3053
68 45 2759
68 66 4996
68 49 1145
68 38 672
68 50 3458
68 51 5749
68 23 5465
68 73 1402
68 42 2057
68 40 1234
68 60 1154
68 75 1370
68 16 484
68 2 2569
68 71 5526
68 74 378
68 6 1733
69 16 5352
69 15 245
69 4 697
69 17 1365
69 23 1236
69 55 3146
69 45 1612
69 37 4157
69 40 5364
69 53 4102
69 62 4609
69 59 959
69 65 707
69 21 5635
69 2 5054
69 28 2021
69 32 3971
69 29 5569
69 52 5686
69 43 2669
69 22 1719
69 66 4824
69 6 5367
69 67 349
69 36 2940
69 51 126
69 3 989
69 44 4818
69 14 5923
69 42 3061
69 8 3568
69 35 1568
69 74 367
69 9 3339
69 73 2634
69 26 5668
69 11 1351
69 7 3919
69 72 1386
69 10 1514
69 68 6196
69 47 5711
69 13 4098
69 25 372
69 58 4266
69 39 2017
69 38 5589
69 71 5455
69 30 265
69 57 1381
69 56 5255
69 24 6163
69 31 1499
69 54 3450
69 49 1214
70 1 4744
70 32 5938
70 12 1214
70 38 4152
70 65 2771
70 71 6190
70 50 1837
70 48 2540
70 61 4004
70 46 638
70 24 2607
70 53 1555
70 13 4369
70 51 854
70 54 2144
70 63 3998
70 26 5252
70 29 5024
70 22 1633
70 35 5866
70 4 99
70 9 1313
70 36 6282
70 19 3765
70 7 3863
70 14 2975
70 30 6169
70 5 3671
70 72 5586
70 10 1519
70 18 446
70 31 341
70 59 1719
70 57 2969
70 16 5967
70 21 2981
70 20 4513
70 41 2216
70 74 5318
70 69 1098
70 52 5764
70 11 439
70 42 5243
70 47 2104
70 45 3134
70 33 5633
70 43 592
70 2 4126
70 28 734
70 64 715
70 44 2462
70 17 6182
70 15 266
70 40 4126
70 67 4278
71 25 169
71 58 5628
71 42 2323
71 22 2461
71 47 4037
71 70 1717
71 55 4291
71 7 1656
71 18 745
71 65 2655
71 21 5957
71 48 3052
71 52 2532
71 59 2557
71 16 5423
71 50 5294
71 68 1578
71 64 712
71 24 4001
71 67 5583
71 11 62
71 8 4933
71 46 2719
71 4 3200
71 74 2210
71 45 5246
71 51 1628
71 17 1459
71 63 1978
71 23 327
71 15 5487
71 35 5513
71 66 5220
71 10 823
71 28 4675
71 6 2115
71 1 2559
71 49 2368
71 31 1901
71 39 5282
71 57 2815
71 53 4278
71 43 4395
71 2 3631
71 30 2682
71 62 6237
71 20 4743
71 75 5512
71 19 598
71 29 5352
71 41 6098
71 38 5795
71 9 2747
71 32 3612
72 56 4559
72 25 1033
72 70 2220
72 6 682
72 67 4614
72 49 2921
72 46 608
72 55 2218
72 54 6224
72 24 1918
72 16 1591
72 7 5441
72 3 5200
72 69 3523
72 62 744
72 12 2968
72 34 331
72 1 3806
72 26 5991
72 75 1589
72 21 6113
72 52 1457
72 15 2852
72 61 2784
72 20 927
72 30 3535
72 23 6257
72 17 745
72 60 3912
72 37 3449
72 41 901
72 58 2468
72 59 5426
72 38 701
72 9 5807
72 8 2044
72 18 3786
72 51 2249
72 36 268
72 13 4787
72 5 1013
72 10 2086
72 48 2932
72 66 2901
72 64 5272
72 19 5286
72 43 3533
72 74 4896
72 32 1116
72 29 472
72 39 5000
72 44 1931
72 47 5751
72 33 2573
72 27 1581
72 22 4980
72 71 1686
72 57 5151
72 42 2525
72 68 394
72 35 3612
72 45 3718
72 4 5344
72 40 1458
72 28 4541
73 60 2694
73 38 2713
73 14 2169
73 23 3321
73 6 1671
73 12 2156
73 54 2895
73 18 4227
73 17 2
73 32 2616
73 41 1727
73 30 4276
73 8 3847
73 20 952
73 53 5991
73 36 3188
73 59 4692
73 25 2892
73 24 2884
73 58 228
73 50 2096
73 40 2877
73 1 3619
73 49 3649
73 57 2012
73 71 2438
73 34 2678
73 15 3457
73 4 549
73 52 1803
73 48 5940
73 42 3892
73 68 5944
73 67 6001
73 13 2833
73 56 2322
73 10 1896
73 64 5366
73 5 3379
73 7 2786
73 26 2512
73 47 1906
73 22 4435
73 69 216
73 35 3287
73 44 4906
73 66 423
73 55 3871
73 39 6218
73 62 2556
73 27 2799
73 74 1225
73 51 5596
73 61 2827
73 72 6286
73 63 3781
73 43 4915
73 75 1043
74 27 395
74 36 3864
74 41 2626
74 16 4822
74 34 204
74 55 1937
74 70 6234
74 14 5989
74 2 3841
74 18 2849
74 60 1422
74 51 2631
74 9 2513
74 54 624
74 71 2605
74 13 384
74 10 612
74 75 4535
74 73 3
74 20 4058
74 31 806
74 29 4131
74 65 6005
74 43 1904
74 17 5437
74 8 2105
74 56 626
74 24 2804
74 7 5980
74 53 1082
74 4 4903
74 59 143
74 66 818
74 47 4637
74 30 4436
74 26 3369
74 15 593
74 1 688
74 63 4883
74 69 5443
74 40 2216
74 21 3641
74 44 2962
74 57 110
74 12 4114
74 33 1606
74 72 2769
74 19 1140
74 39 650
74 6 625
74 58 259
74 25 4194
74 23 1177
74 5 6067
74 61 280
74 68 2257
75 22 1273
75 50 3018
75 45 4068
75 7 1018
75 1 3067
75 49 5511
75 66 2489
75 26 224
75 6 625
75 54 637
75 30 4149
75 15 169
75 31 4571
75 11 186
75 23 371
75 37 2224
75 55 5049
75 28 1735
75 32 3735
75 58 6286
75 27 1139
75 20 2454
75 14 6244
75 12 3003
75 74 3575
75 56 3457
75 69 1799
75 47 2040
75 29 6157
75 19 6247
75 48 1848
75 38 6093
75 46 1831
75 60 468
75 3 1459
75 44 4940
75 61 1187
75 24 3231
75 59 2633
75 9 564
75 2 4591
75 34 5732
75 57 560
75 70 3174
75 5 650
75 53 6081
75 25 2517
75 67 733
75 40 1704
75 63 4708
75 39 4286
75 72 5201
75 41 4461
75 71 5686
75 51 4068
75 18 6083
75 13 5762
75 52 4856
75 16 4978
