75 4200
1 49 5316
1 43 2514
1 10 323
1 24 2160
1 51 666
1 65 4199
1 41 4822
1 13 583
1 73 3345
1 66 4041
1 48 4720
1 54 3659
1 21 3464
1 59 5384
1 5 6074
1 17 4174
1 69 4354
1 30 800
1 46 4249
1 22 3801
1 45 1568
1 58 4701
1 34 990
1 50 735
1 44 2445
1 6 3756
1 23 491
1 4 5201
1 18 4002
1 26 149
1 20 3031
1 57 2420
1 64 5006
1 9 3221
1 68 1780
1 40 3149
1 37 1699
1 75 1817
1 62 1823
1 25 2806
1 33 3045
1 38 821
1 60 834
1 27 2414
1 15 605
1 28 3830
1 71 1283
1 16 4784
1 70 3057
1 42 3409
1 61 888
1 74 1242
1 39 4278
1 63 1317
1 8 4265
2 46 97
2 47 1546
2 31 87
2 3 1840
2 71 2712
2 24 259
2 67 5041
2 50 4834
2 35 6009
2 66 3670
2 62 4923
2 6 714
2 29 2464
2 54 615
2 44 3243
2 10 3045
2 53 2526
2 30 2424
2 63 5699
2 7 3117
2 11 5408
2 42 2425
2 40 6275
2 75 2775
2 65 4617
2 70 5616
2 18 4434
2 58 4837
2 8 3426
2 22 5155
2 4 3507
2 55 3238
2 23 4492
2 25 334
2 59 882
2 13 5056
2 19 4869
2 26 2274
2 20 2613
2 43 4766
2 15 2264
2 17 5554
2 1 3470
2 5 1016
2 61 485
2 14 166
2 36 4109
2 64 5952
2 28 4724
2 27 3228
2 45 4679
3 18 5563
3 34 5739
3 69 962
3 66 6186
3 22 5536
3 5 2070
3 52 5030
3 24 4584
3 26 312
3 9 1837
3 71 4362
3 32 2223
3 41 632
3 46 664
3 42 4887
3 57 388
3 59 2340
3 29 4149
3 31 3115
3 14 587
3 11 1753
3 62 4679
3 37 4815
3 58 2415
3 60 441
3 44 692
3 36 823
3 33 3278
3 70 4553
3 50 1203
3 56 4657
3 65 4115
3 23 5340
3 47 505
3 40 582
3 55 4717
3 20 1906
3 63 1608
3 25 5812
3 1 620
3 4 2769
3 74 4821
3 49 3879
3 7 3266
3 13 2815
3 10 4988
3 30 5068
3 17 1320
3 68 925
3 16 2900
3 15 3451
3 38 2313
3 61 4250
3 35 4270
4 67 3154
4 45 5407
4 46 3865
4 24 4030
4 71 649
4 23 5954
4 17 521
4 49 517
4 39 484
4 36 2977
4 5 5539
4 37 2087
4 30 1029
4 60 3977
4 7 2268
4 6 3499
4 14 6193
4 38 492
4 51 5314
4 20 1750
4 27 4235
4 40 1197
4 62 1969
4 31 157
4 11 4489
4 41 2898
4 44 3370
4 43 5712
4 1 400
4 68 4589
4 28 2527
4 25 4738
4 69 3366
4 72 2163
4 21 3372
4 63 4515
4 53 2278
4 34 2909
4 13 2347
4 58 201
4 50 1859
4 33 130
4 26 951
4 35 2935
4 57 1353
4 16 4692
4 3 276
4 70 1066
4 74 1527
4 18 2039
4 66 2625
4 32 1644
4 52 6296
5 33 2932
5 57 3818
5 24 4167
5 69 1762
5 29 3027
5 4 2970
5 49 1912
5 42 4012
5 74 2655
5 16 2654
5 67 3244
5 30 3414
5 12 3564
5 9 2484
5 41 3965
5 37 3153
5 7 3100
5 63 795
5 13 3321
5 34 2564
5 6 5310
5 52 5880
5 22 5702
5 3 3567
5 61 5215
5 45 5283
5 39 3996
5 26 4819
5 73 3530
5 15 2124
5 58 1231
5 50 4151
5 75 415
5 14 73
5 43 2192
5 72 422
5 70 837
5 71 5919
5 10 5035
5 68 534
5 27 3178
5 54 1865
5 32 1737
5 35 3052
5 28 3934
5 47 3223
5 36 5581
5 55 678
5 19 5636
5 59 5921
5 25 1882
5 2 6070
5 60 1609
5 1 4726
5 56 1530
5 23 3877
5 48 618
5 66 541
5 44 2429
5 51 5276
6 69 1953
6 17 5991
6 26 4404
6 14 876
6 71 2427
6 27 5171
6 32 3333
6 3 874
6 33 2571
6 16 3116
6 2 4498
6 50 2551
6 15 2624
6 59 4695
6 49 6212
6 66 471
6 54 2972
6 39 3828
6 47 4756
6 44 3656
6 21 44
6 75 1683
6 18 491
6 25 6059
6 11 5560
6 4 3674
6 22 905
6 1 1101
6 70 5767
6 52 4544
6 72 20
6 48 3877
6 9 1758
6 23 5287
6 7 4067
6 12 3620
6 42 5051
6 35 549
6 62 1118
6 28 255
6 8 2996
6 56 469
6 60 3879
6 64 5672
6 57 2104
6 73 3067
6 55 4824
6 61 5597
6 65 4747
6 68 6219
6 29 3546
6 38 4337
6 53 343
6 63 4491
6 31 5529
6 5 4437
7 34 5564
7 54 4431
7 69 4116
7 10 1085
7 72 6079
7 44 5798
7 2 786
7 58 4501
7 42 5129
7 31 3156
7 68 27
7 26 3027
7 24 1424
7 62 1680
7 51 816
7 13 3517
7 21 88
7 30 5784
7 74 3869
7 36 5241
7 17 1182
7 11 3571
7 70 6124
7 53 1057
7 23 2155
7 1 2368
7 43 1925
7 46 3988
7 19 2538
7 5 5224
7 57 2509
7 64 6247
7 18 6022
7 50 4107
7 16 4043
7 73 1053
7 9 3840
7 22 3889
7 47 332
7 61 1686
7 33 1009
7 15 4062
7 60 5414
7 45 1254
7 40 4266
7 25 2197
7 63 5439
7 32 5603
7 71 2898
7 28 605
7 14 1164
7 4 2078
7 59 3418
7 3 5755
7 20 4904
7 37 5610
8 14 3377
8 2 2990
8 18 4139
8 25 1766
8 9 4034
8 30 1472
8 70 1684
8 16 6052
8 21 4203
8 36 223
8 74 3061
8 46 5331
8 43 1096
8 34 1012
8 12 3140
8 29 5905
8 24 350
8 45 4901
8 59 210
8 1 575
8 31 365
8 62 2653
8 60 249
8 26 3850
8 48 4954
8 58 5786
8 61 498
8 41 1584
8 15 1598
8 39 2934
8 40 872
8 37 6145
8 64 3286
8 6 4134
8 23 2857
8 71 1478
8 66 562
8 32 1209
8 38 5657
8 5 4464
8 49 3041
8 19 3113
8 47 993
8 51 1693
8 20 4081
8 33 1076
8 27 72
8 44 3963
8 7 763
8 11 1574
8 13 6034
8 63 3999
8 68 3918
8 42 974
8 54 5074
8 57 5791
8 69 2808
8 17 34
8 75 3100
8 65 2483
8 35 4366
9 75 2195
9 70 4895
9 71 5596
9 18 582
9 23 4009
9 47 3319
9 60 6086
9 57 909
9 5 223
9 64 6300
9 67 3227
9 73 3006
9 65 4155
9 1 247
9 17 2463
9 48 4240
9 3 734
9 11 3308
9 59 3442
9 13 2589
9 6 1897
9 41 573
9 40 5696
9 33 198
9 12 5820
9 46 1463
9 26 1962
9 24 1443
9 28 6161
9 19 881
9 14 1590
9 63 819
9 39 3482
9 45 4334
9 42 1316
9 43 1359
9 4 4302
9 31 47
9 21 4030
9 10 4998
9 52 3402
9 44 374
9 72 5547
9 62 5451
9 37 3663
9 68 5945
9 74 5243
9 15 3387
9 30 4638
9 34 4847
9 27 1348
10 12 2256
10 72 3417
10 60 838
10 15 3239
10 43 2272
10 74 3362
10 2 3655
10 11 4191
10 54 4317
10 19 3983
10 18 2530
10 24 860
10 28 4965
10 21 1598
10 25 827
10 45 3272
10 53 4199
10 40 1951
10 66 5693
10 58 3788
10 63 1951
10 23 1864
10 6 5556
10 67 2616
10 16 5290
10 1 1093
10 17 5775
10 69 1792
10 44 2117
10 36 2392
10 34 4176
10 42 2389
10 51 3706
10 41 1828
10 71 3935
10 5 118
10 35 2111
10 26 3873
10 7 2679
10 52 1604
10 20 2673
10 13 2529
10 65 754
10 75 4132
10 55 6157
10 33 5742
10 49 1842
10 56 3131
10 46 32
10 27 4852
11 28 4586
11 29 5591
11 33 5925
11 43 1092
11 13 1182
11 41 6060
11 40 3685
11 38 407
11 55 2723
11 72 724
11 57 1085
11 56 1922
11 73 4251
11 64 5125
11 4 2466
11 17 2229
11 51 993
11 37 3653
11 34 5484
11 44 2019
11 70 5162
11 67 662
11 31 3879
11 35 2588
11 45 5079
11 53 6152
11 6 4035
11 21 4769
11 75 433
11 58 239
11 7 1840
11 24 2700
11 16 3713
11 50 2531
11 1 1140
11 22 4073
11 68 4756
11 26 2759
11 20 3970
11 36 2631
11 71 5384
11 59 1843
11 49 4904
11 65 1842
11 5 4389
11 3 1871
11 30 3904
11 10 850
11 42 4280
11 15 4424
12 38 2088
12 54 2330
12 44 4189
12 27 3074
12 23 4724
12 73 4369
12 60 4711
12 68 2534
12 1 1028
12 21 1513
12 74 4906
12 14 1219
12 24 5376
12 26 5037
12 4 453
12 32 724
12 29 5900
12 75 4678
12 34 3842
12 70 4718
12 19 2340
12 58 1617
12 71 1011
12 39 2488
12 11 4242
12 7 171
12 15 2919
12 69 788
12 40 1002
12 37 1908
12 36 2357
12 61 5121
12 43 2256
12 10 2192
12 45 5751
12 62 5675
12 63 3108
12 50 4243
12 31 3130
12 66 1821
12 16 5622
12 25 599
12 2 3493
12 64 571
12 51 5046
12 72 2983
12 65 4080
12 55 6070
12 67 5364
12 53 2871
12 8 1945
12 20 2657
12 35 2824
13 17 1079
13 14 204
13 64 2248
13 23 129
13 32 1557
13 19 2062
13 11 1932
13 56 1305
13 60 3936
13 30 3167
13 42 5683
13 33 156
13 27 2737
13 31 4809
13 21 1137
13 36 5136
13 18 3539
13 38 4335
13 61 4372
13 66 4736
13 75 5114
13 57 2228
13 2 1110
13 52 3724
13 59 5280
13 12 2386
13 70 2980
13 22 3632
13 8 156
13 25 4108
13 16 5706
13 45 4260
13 43 69
13 53 3476
13 28 4460
13 69 2225
13 35 3087
13 26 6144
13 24 5352
13 20 5230
13 74 407
13 65 3098
13 48 2526
13 63 1102
13 67 2058
13 71 3828
13 58 4532
13 55 4873
13 47 4150
13 5 5380
13 15 5630
13 51 4471
13 68 286
13 37 5762
13 72 4180
13 46 4193
13 7 862
14 67 3161
14 28 1003
14 20 283
14 55 4124
14 54 659
14 23 1433
14 5 228
14 71 1948
14 72 5573
14 64 4737
14 56 2068
14 50 4413
14 51 4433
14 33 4852
14 47 3205
14 73 1715
14 22 2689
14 12 670
14 45 1956
14 65 657
14 11 1359
14 29 2033
14 21 5077
14 34 5041
14 32 2055
14 30 691
14 8 1523
14 53 1055
14 15 4453
14 59 2725
14 46 4524
14 31 2730
14 70 505
14 43 5899
14 40 282
14 24 383
14 7 2067
14 25 3044
14 52 2061
14 4 2282
14 10 271
14 74 4883
14 69 6146
14 75 2377
14 68 4803
14 60 2087
14 62 1912
14 35 4610
14 13 4751
14 61 4218
14 3 5947
14 16 4696
14 58 2145
14 37 998
14 1 5610
14 19 4840
14 2 2565
14 42 5673
14 57 1999
14 26 4220
14 6 3221
15 60 5513
15 17 2398
15 64 1589
15 58 427
15 62 6263
15 6 174
15 41 5050
15 8 4802
15 68 704
15 43 4426
15 25 5584
15 23 4685
15 70 3585
15 72 5268
15 34 299
15 14 364
15 32 3985
15 75 4660
15 29 2223
15 11 156
15 42 2332
15 48 3843
15 65 3572
15 53 4426
15 12 6173
15 30 622
15 44 1393
15 66 349
15 27 4709
15 3 1192
15 2 5396
15 1 2356
15 74 3625
15 39 3175
15 13 3304
15 67 2863
15 51 402
15 47 3426
15 52 3157
15 36 989
15 28 1411
15 33 4726
15 69 4993
15 71 979
15 54 4282
15 37 1698
15 63 2437
15 61 5242
15 7 5806
15 35 219
15 56 1778
15 16 3449
15 50 4697
15 73 1039
15 45 2657
15 10 4303
15 22 2019
16 73 1132
16 27 5437
16 30 4507
16 35 4497
16 32 4893
16 57 2260
16 8 6266
16 55 388
16 14 6284
16 5 4982
16 17 3383
16 74 3019
16 56 4390
16 15 47
16 43 3664
16 54 3291
16 1 1639
16 68 4771
16 70 2013
16 62 3549
16 40 2688
16 69 1299
16 66 1016
16 67 6049
16 26 4333
16 65 572
16 41 5700
16 37 1861
16 9 6063
16 51 5185
16 59 6120
16 24 1159
16 12 1945
16 3 731
16 22 1829
16 4 3315
16 45 3164
16 23 6242
16 19 3828
16 61 242
16 29 5239
16 64 2641
16 47 4582
16 42 1585
16 34 10
16 63 2406
16 60 5007
16 7 2840
16 18 2840
16 71 6261
16 39 1939
17 69 1265
17 32 693
17 9 1580
17 36 73
17 19 5246
17 48 3403
17 34 2369
17 33 5002
17 60 4351
17 39 5293
17 24 2793
17 7 876
17 73 259
17 13 4585
17 37 3594
17 63 4228
17 42 631
17 6 1329
17 31 4352
17 3 3594
17 35 6055
17 5 1301
17 56 5625
17 38 5994
17 59 2325
17 68 5936
17 72 1131
17 44 5032
17 20 3718
17 22 3755
17 75 2748
17 61 1540
17 40 4634
17 71 3933
17 14 1053
17 70 965
17 41 1270
17 8 4181
17 4 5634
17 52 5953
17 23 3479
17 49 915
17 1 4305
17 2 1985
17 15 1004
17 66 935
17 50 1882
17 67 3832
17 43 3591
17 54 6156
17 47 2901
17 74 3616
17 10 755
17 26 5121
17 12 3051
17 18 3132
17 62 5544
17 45 3318
17 16 880
17 51 4919
18 27 2435
18 63 1577
18 72 1655
18 47 5978
18 37 3429
18 44 1291
18 73 1822
18 57 5783
18 13 4601
18 17 3254
18 7 5661
18 49 3089
18 35 2607
18 5 2747
18 26 798
18 61 4304
18 42 3193
18 3 2510
18 51 1584
18 15 850
18 68 1299
18 10 2715
18 41 6294
18 34 3397
18 75 1325
18 21 1517
18 67 3373
18 38 328
18 48 730
18 64 6098
18 43 2614
18 31 6206
18 22 4418
18 60 1816
18 59 3047
18 16 3174
18 28 5218
18 30 3545
18 4 5683
18 2 3801
18 11 3243
18 66 4813
18 50 774
18 54 6067
18 71 3859
18 45 5000
18 39 2296
18 69 5242
18 53 3126
18 40 3610
18 74 2277
18 46 729
18 62 2107
18 1 4315
18 24 5978
18 14 2090
18 19 2056
18 70 4514
18 55 681
19 9 3309
19 49 3324
19 62 4669
19 50 1457
19 14 680
19 6 2535
19 48 3707
19 55 495
19 73 2603
19 72 367
19 18 4886
19 37 501
19 59 5657
19 21 202
19 11 4240
19 75 6119
19 15 6093
19 43 2169
19 1 672
19 5 5484
19 2 3086
19 3 6231
19 35 1804
19 41 5685
19 17 2921
19 33 5967
19 7 6010
19 10 3456
19 25 2864
19 70 5710
19 71 531
19 40 301
19 64 4850
19 32 4404
19 68 2764
19 58 3189
19 20 4798
19 42 683
19 52 5373
19 36 4895
19 34 5624
19 51 3796
19 46 4657
20 71 855
20 19 3422
20 40 462
20 36 5860
20 15 797
20 53 1782
20 59 3160
20 38 2214
20 49 2646
20 2 3974
20 51 2914
20 48 6109
20 69 4864
20 64 3496
20 66 571
20 5 4530
20 31 4677
20 62 5053
20 37 3418
20 33 4291
20 1 5925
20 65 5867
20 28 5762
20 3 1563
20 21 3224
20 18 410
20 14 295
20 56 4500
20 10 2568
20 41 5099
20 46 3198
20 9 3226
20 34 2811
20 54 2254
20 70 374
20 30 2480
20 35 5176
20 42 4313
20 43 1318
20 26 3753
20 52 4971
20 75 5316
20 16 708
20 67 575
20 74 2933
20 44 3803
20 32 347
20 12 4966
20 50 1920
20 22 2035
20 68 2298
20 13 2476
20 6 355
20 73 912
20 11 33
20 72 4944
20 29 5042
20 39 5950
21 43 1241
21 10 5465
21 16 2621
21 45 4246
21 75 3041
21 30 2477
21 15 5212
21 35 1984
21 65 3953
21 71 1506
21 39 2368
21 22 5014
21 62 5436
21 29 3402
21 50 5115
21 40 2646
21 55 3843
21 38 539
21 1 124
21 70 4264
21 12 5949
21 8 4588
21 44 2647
21 61 4628
21 67 3788
21 34 4576
21 14 3597
21 72 3825
21 42 1480
21 5 2000
21 63 4018
21 17 459
21 24 4802
21 49 1657
21 41 2895
21 69 3038
21 68 4877
21 56 4074
21 31 1927
21 73 3127
21 46 5347
21 37 2358
21 27 2009
21 48 5430
21 74 3522
21 9 3471
21 58 1858
21 26 836
21 23 1078
21 64 3136
21 33 3879
21 7 563
21 4 13
21 20 2111
21 11 1263
21 36 2880
21 52 2592
21 51 5601
22 21 4940
22 46 68
22 64 2125
22 73 2737
22 25 2249
22 51 1942
22 45 2137
22 53 839
22 27 3688
22 72 3159
22 31 1157
22 40 1318
22 9 3889
22 38 1851
22 30 3937
22 67 5863
22 36 1371
22 28 3023
22 55 1522
22 13 4424
22 11 3455
22 63 836
22 15 1469
22 66 6258
22 4 2924
22 26 2926
22 54 4577
22 62 770
22 3 2910
22 14 6298
22 61 5733
22 2 5408
22 33 4069
22 39 5288
22 18 2568
22 10 5521
22 58 4019
22 32 435
22 48 2684
22 24 723
22 65 1737
22 68 3380
22 57 407
22 23 2276
22 42 425
22 17 1063
22 29 5610
22 5 158
22 43 755
22 74 4323
22 16 3233
22 49 2964
22 52 1349
22 59 191
23 40 2822
23 42 5613
23 41 5499
23 20 1911
23 69 2456
23 32 5559
23 3 1760
23 50 3424
23 26 5185
23 8 1210
23 57 4387
23 18 956
23 72 49
23 36 5096
23 52 3719
23 62 494
23 30 712
23 44 3117
23 19 5574
23 45 4624
23 46 3614
23 33 4314
23 9 5385
23 11 4148
23 55 3151
23 34 2940
23 15 15
23 35 1416
23 16 3566
23 56 3581
23 73 817
23 7 2413
23 2 5864
23 75 4408
23 54 797
23 21 5596
23 71 2699
23 43 5565
23 31 1708
23 59 5610
23 24 3047
23 12 4057
23 13 3518
23 66 1745
23 17 3604
23 14 5268
23 5 6185
23 37 138
23 70 1174
23 38 4516
23 28 1492
23 61 2363
23 74 4846
23 67 3006
24 66 4458
24 69 5879
24 4 4735
24 9 6107
24 43 5892
24 57 1539
24 51 2843
24 31 3872
24 50 3925
24 21 452
24 14 1965
24 59 5879
24 72 3223
24 12 3405
24 37 2905
24 8 2877
24 40 6012
24 18 1316
24 27 90
24 53 3367
24 19 1568
24 64 2967
24 29 577
24 49 3281
24 63 2460
24 55 3308
24 46 954
24 54 3587
24 1 1591
24 73 1329
24 10 4156
24 25 1367
24 52 1030
24 65 198
24 39 5747
24 17 1710
24 28 1126
24 2 2627
24 70 539
24 20 1481
24 23 5062
24 11 1143
24 36 1226
24 44 2638
24 75 6277
24 67 3795
24 38 4553
24 33 5235
25 42 1872
25 27 6250
25 21 287
25 53 2566
25 39 821
25 20 4024
25 18 1753
25 40 636
25 61 5811
25 2 1119
25 71 2601
25 63 1869
25 14 5967
25 54 4815
25 3 2966
25 36 4688
25 15 409
25 6 3103
25 45 538
25 59 1065
25 64 1702
25 38 1363
25 48 2197
25 4 1921
25 41 370
25 28 2601
25 8 4673
25 10 3667
25 23 2444
25 26 25
25 56 1096
25 37 997
25 1 572
25 65 1289
25 35 4582
25 55 1568
25 52 4680
25 67 5033
25 32 1877
25 34 650
25 22 5968
25 7 5928
25 33 1618
25 29 99
25 74 310
25 72 4260
25 19 3230
25 31 2130
26 22 1310
26 73 5263
26 2 97
26 75 659
26 64 5135
26 59 1599
26 11 4758
26 47 3841
26 61 1042
26 70 2308
26 31 5530
26 29 2327
26 54 5587
26 62 5931
26 49 302
26 24 2857
26 45 2890
26 52 895
26 15 2712
26 69 5649
26 56 485
26 55 4088
26 4 4644
26 19 1507
26 6 3108
26 10 4499
26 14 5809
26 50 429
26 71 3095
26 12 4357
26 66 1249
26 17 4567
26 9 572
26 37 3360
26 38 4705
26 5 5469
26 3 6227
26 74 15
26 27 2705
26 16 1339
26 21 5396
26 39 4176
26 25 2362
26 51 3370
26 58 4543
26 68 5979
26 34 6221
26 18 2517
26 8 2130
26 33 5857
26 63 810
26 30 134
26 7 4593
26 41 586
26 1 4995
26 43 4498
26 23 3942
26 46 3029
26 44 2417
26 72 3470
26 35 2031
26 48 5708
27 1 6101
27 48 5181
27 4 1911
27 5 1142
27 11 5428
27 19 4332
27 12 720
27 65 5327
27 14 5669
27 29 4134
27 42 6277
27 47 5663
27 46 3907
27 31 2236
27 8 5755
27 72 489
27 44 4187
27 63 5500
27 38 4781
27 67 4006
27 59 1042
27 56 2120
27 24 2806
27 60 3264
27 9 3903
27 15 966
27 36 4753
27 51 4343
27 45 3764
27 57 5024
27 62 1773
27 25 4360
27 68 2100
27 30 2161
27 21 5221
27 71 5363
27 58 5694
27 22 4140
27 49 4595
27 50 4870
27 7 4573
27 10 600
27 35 1171
27 55 6156
27 2 3740
27 23 2699
27 69 2721
27 75 3558
27 6 2973
27 54 1049
27 17 3435
27 70 3950
27 37 5993
27 32 1948
27 13 2265
27 33 4475
28 70 4363
28 66 2856
28 39 1338
28 38 6214
28 23 3304
28 36 2816
28 15 4250
28 64 2517
28 59 3917
28 32 1652
28 47 3929
28 37 1001
28 13 6197
28 30 2443
28 22 3338
28 41 4693
28 17 2184
28 4 3582
28 67 1270
28 44 6238
28 73 2673
28 11 762
28 24 2199
28 16 724
28 63 3703
28 19 3853
28 21 3192
28 35 934
28 65 2510
28 3 3660
28 6 1894
28 74 5752
28 20 1764
28 40 5274
28 27 3250
28 7 5970
28 33 4260
28 34 3566
28 42 5567
28 62 3669
28 5 3728
28 55 1337
28 52 3795
28 53 1946
28 18 5951
28 60 6265
28 50 2858
28 75 5136
28 9 2857
28 56 11
28 31 3852
28 29 4245
28 1 1497
28 57 2879
28 45 5365
29 34 4064
29 60 5939
29 67 3138
29 66 4470
29 51 4816
29 52 1353
29 14 5223
29 57 2674
29 54 1494
29 32 83
29 28 1515
29 13 49
29 21 1144
29 38 2954
29 65 2592
29 37 3184
29 31 4875
29 2 826
29 56 4474
29 75 6207
29 1 3394
29 22 6162
29 17 3105
29 11 4888
29 49 3494
29 69 3803
29 71 2145
29 45 3622
29 26 5878
29 43 5442
29 58 3402
29 25 78
29 63 2989
29 68 2476
29 27 1715
29 9 2256
29 5 529
29 41 6213
29 35 265
29 46 4097
29 15 1128
29 53 4535
29 8 2170
29 42 184
29 59 1682
29 55 1642
29 44 4663
29 30 4892
29 62 6068
29 18 6166
29 23 1482
29 3 3645
29 73 6119
29 16 1058
29 61 3069
30 16 246
30 46 5969
30 26 980
30 57 3955
30 73 838
30 64 1188
30 68 6258
30 8 3667
30 38 5479
30 53 1790
30 28 958
30 7 2158
30 60 382
30 71 3500
30 4 1696
30 35 3495
30 67 568
30 54 4418
30 23 3140
30 42 2016
30 12 5492
30 72 1347
30 32 4444
30 51 4398
30 41 4110
30 33 5472
30 52 2358
30 36 453
30 19 4251
30 44 2183
30 15 3844
30 31 3595
30 39 2968
30 29 3848
30 62 2428
30 20 6244
30 43 807
30 75 1131
30 48 5513
30 24 2989
30 21 91
30 59 1111
30 1 5028
30 65 1685
30 14 164
30 3 2371
30 45 5035
30 55 4198
30 6 2098
30 63 6113
30 10 1203
30 22 2828
30 66 2007
30 27 2555
30 11 6118
30 5 2472
30 58 5909
30 50 930
30 56 966
31 35 2248
31 59 853
31 36 700
31 60 2821
31 22 6151
31 43 5673
31 40 946
31 53 276
31 6 2906
31 51 935
31 66 5297
31 32 4100
31 39 4671
31 67 3281
31 21 2963
31 71 818
31 38 4027
31 33 3531
31 64 5027
31 24 1657
31 29 5634
31 56 5767
31 46 4275
31 10 2590
31 61 2076
31 65 526
31 70 890
31 62 1667
31 45 2603
31 58 5328
31 19 1038
31 42 1634
31 55 4776
31 23 6016
31 37 5418
31 17 4530
31 72 5945
31 52 749
31 20 4900
31 16 1399
31 68 3757
31 34 4908
31 4 164
31 28 2685
31 50 869
31 54 2077
31 14 4776
31 15 910
31 9 1291
31 3 5471
31 12 5310
31 74 1982
31 75 4921
31 1 2838
31 8 4890
31 47 5040
31 44 4581
31 18 4002
31 73 1607
31 69 3732
31 26 3980
32 68 3380
32 65 3224
32 37 4634
32 70 3712
32 67 3984
32 11 2795
32 64 2088
32 59 1818
32 33 434
32 19 2027
32 30 3986
32 14 2761
32 23 4312
32 58 2519
32 72 4957
32 16 6074
32 60 455
32 6 4091
32 25 4527
32 24 4754
32 56 759
32 7 1748
32 38 4344
32 57 6047
32 69 6005
32 51 3667
32 42 5356
32 55 4485
32 54 3194
32 9 1769
32 8 264
32 47 2272
32 34 3973
32 15 5640
32 28 1180
32 49 4772
32 5 1752
32 52 1594
32 44 2219
32 13 5730
32 41 628
32 66 4963
32 2 2647
32 12 3771
32 22 4179
32 3 2433
32 36 6131
32 48 1351
32 35 4903
32 46 4087
32 29 1512
32 53 1221
32 61 2654
32 75 2181
32 63 2581
32 27 4653
32 18 6012
32 43 3470
33 72 6203
33 43 3459
33 39 4705
33 65 841
33 22 3440
33 49 2271
33 24 1531
33 31 4774
33 51 5491
33 38 5600
33 71 5394
33 69 2252
33 37 4200
33 56 4435
33 16 4446
33 34 4877
33 32 2720
33 60 5558
33 19 3943
33 17 3278
33 50 3055
33 64 5624
33 5 1434
33 48 3875
33 4 2133
33 12 6151
33 61 5937
33 53 2093
33 45 4927
33 3 2391
33 46 5845
33 6 1717
33 40 1317
33 8 5954
33 35 3059
33 66 1361
33 75 3661
33 13 3730
33 1 4583
33 11 3131
33 42 3513
33 68 2161
33 62 156
33 59 3861
33 10 3849
33 44 2899
33 63 5756
33 70 342
33 9 1608
33 30 6267
33 29 2728
33 18 1021
33 23 2236
33 25 5409
33 58 5455
33 57 4703
33 54 128
33 15 1543
33 74 438
34 59 5707
34 44 460
34 41 3571
34 71 2275
34 15 1649
34 13 1234
34 42 3683
34 43 4240
34 36 2649
34 2 2201
34 35 1089
34 38 5298
34 6 66
34 56 1550
34 66 2535
34 70 4252
34 72 6121
34 25 4495
34 40 4967
34 37 5093
34 4 835
34 49 5541
34 50 4268
34 21 219
34 69 4725
34 73 353
34 28 3158
34 16 1443
34 7 2250
34 19 5708
34 61 2759
34 51 2533
34 27 2934
34 22 1640
34 12 4056
34 65 3391
34 74 4354
34 39 2549
34 8 5135
34 9 638
34 58 3195
34 68 4912
34 1 3022
34 48 1447
34 32 3274
34 75 947
34 52 1213
34 47 2689
34 23 303
34 57 4358
34 20 3943
34 46 2175
34 30 4325
34 11 891
34 60 3456
34 67 4596
34 45 1152
34 26 4538
35 56 1229
35 71 3726
35 28 5496
35 24 1722
35 73 456
35 15 2459
35 65 937
35 66 4474
35 67 5413
35 27 5264
35 75 3725
35 38 674
35 11 3774
35 43 2195
35 46 3204
35 29 3619
35 50 2825
35 22 659
35 52 3851
35 36 3056
35 7 929
35 51 5594
35 25 1275
35 63 1847
35 40 3492
35 64 1197
35 68 4924
35 8 5867
35 34 3065
35 26 5955
35 74 3395
35 33 2143
35 59 26
35 42 2476
35 1 5034
35 62 3673
35 18 272
35 39 1452
35 9 5197
35 61 5889
35 13 3261
35 30 4616
35 55 2415
35 17 4600
35 14 4592
35 45 1606
35 20 2903
35 72 1012
35 10 5419
35 12 3214
35 3 3561
35 70 3648
35 41 144
35 16 2704
35 48 802
35 21 969
36 14 2034
36 52 6219
36 66 3884
36 26 83
36 40 4511
36 38 2544
36 57 4468
36 25 5730
36 56 3030
36 24 2615
36 12 2506
36 35 4564
36 11 4029
36 9 3896
36 7 806
36 8 5329
36 44 5977
36 6 5105
36 39 3790
36 41 3686
36 51 6012
36 53 5898
36 21 5693
36 27 6239
36 30 4473
36 1 2428
36 13 2101
36 31 1033
36 22 4131
36 58 3452
36 60 5204
36 32 742
36 46 3774
36 16 731
36 23 2164
36 48 2056
36 67 3957
36 65 465
36 10 4156
36 68 2616
36 4 1574
36 20 4967
36 71 1619
36 2 2549
36 72 733
36 49 4270
36 34 2055
36 54 4615
36 47 1777
36 55 929
36 62 3468
36 74 1428
36 19 714
36 70 834
36 37 3712
36 59 3225
37 47 2602
37 75 3677
37 60 5398
37 55 4864
37 11 2550
37 23 576
37 49 31
37 71 365
37 40 2611
37 3 2502
37 53 4427
37 50 6107
37 9 1870
37 32 5077
37 73 198
37 27 1874
37 51 5619
37 16 1154
37 38 5867
37 4 5907
37 69 124
37 15 188
37 62 3199
37 24 5399
37 10 1120
37 33 3391
37 61 2976
37 20 3505
37 31 115
37 21 1205
37 72 2912
37 43 4865
37 52 853
37 13 5555
37 22 3320
37 46 6221
37 36 2008
37 25 1523
37 65 6068
37 58 5063
37 67 1813
37 44 3845
37 18 5301
37 12 4064
37 48 2195
37 34 3462
37 68 4840
37 8 1378
37 19 4113
37 70 4806
37 28 5511
37 17 6130
37 5 4068
37 41 4551
37 54 1635
37 42 5078
37 29 2175
38 15 1116
38 5 581
38 20 4425
38 74 3547
38 47 1029
38 53 287
38 13 1720
38 22 5466
38 27 1826
38 70 4650
38 14 2028
38 50 4233
38 25 472
38 56 412
38 62 3341
38 36 3195
38 51 1245
38 4 4451
38 2 506
38 1 3537
38 6 3540
38 45 4790
38 58 3429
38 17 5888
38 46 1415
38 67 4226
38 9 3120
38 10 813
38 23 464
38 19 5662
38 3 2732
38 7 1330
38 68 6065
38 31 1930
38 30 5667
38 55 5745
38 41 5064
38 66 2487
38 12 1116
38 57 5046
38 40 3212
38 69 4768
38 16 4149
38 11 676
38 54 4263
38 42 1496
38 48 2023
38 29 1291
38 75 2539
38 32 1565
38 44 5642
38 64 4369
38 35 4093
38 73 1504
38 60 4369
38 72 1675
38 8 5655
38 24 243
38 65 3998
38 63 3634
39 43 6044
39 41 3941
39 9 1244
39 3 5528
39 67 1203
39 34 6232
39 27 5066
39 66 2132
39 44 3445
39 57 2673
39 64 2443
39 74 4233
39 54 1923
39 56 3694
39 36 3543
39 6 4785
39 23 5851
39 38 6161
39 22 1700
39 73 4119
39 24 6107
39 52 609
39 60 4001
39 58 1599
39 47 232
39 50 3572
39 10 3750
39 25 5442
39 42 1919
39 11 3435
39 69 979
39 17 3033
39 72 6283
39 45 1251
39 5 9
39 13 2608
39 62 4709
39 63 3858
39 15 805
39 33 6247
39 61 713
39 51 4500
39 7 4897
39 26 2531
39 53 861
39 49 1919
39 12 1709
39 8 4003
39 71 551
39 35 1281
39 37 3120
40 70 3782
40 25 3378
40 50 4236
40 39 3806
40 8 526
40 38 497
40 47 497
40 12 2669
40 68 153
40 51 2906
40 33 2587
40 43 5324
40 75 3585
40 29 2027
40 64 805
40 72 4418
40 41 5350
40 66 2416
40 60 593
40 57 5170
40 56 2985
40 65 3833
40 42 633
40 32 1223
40 46 2269
40 31 155
40 15 990
40 59 532
40 16 3320
40 11 5572
40 58 4954
40 74 6122
40 34 2277
40 67 5114
40 18 92
40 37 244
40 48 212
40 52 5095
40 26 6020
40 55 1816
40 7 1225
40 44 1722
40 13 2654
40 62 5540
40 10 5937
40 69 526
40 14 803
40 2 2793
40 6 773
40 24 5536
40 54 2351
40 45 3430
40 1 4795
40 22 3214
40 23 2450
40 19 2081
40 4 1528
40 35 6281
40 21 2321
40 49 3296
41 62 6144
41 61 1629
41 35 2719
41 2 2649
41 46 5670
41 32 5163
41 15 3689
41 23 3896
41 4 825
41 9 4324
41 12 1582
41 42 5005
41 33 4204
41 14 3731
41 66 3435
41 17 5870
41 49 673
41 73 5253
41 21 5605
41 40 3149
41 57 598
41 3 1733
41 20 1327
41 50 2197
41 37 5062
41 67 523
41 56 1929
41 16 4802
41 54 649
41 29 3941
41 10 3568
41 58 5889
41 70 4575
41 30 1630
41 24 1369
41 59 3430
41 74 4222
41 44 2010
41 72 2650
41 11 3710
41 28 6167
41 27 5505
41 5 1191
41 48 4273
41 26 766
41 6 2074
41 38 5843
41 53 5661
41 31 5683
41 7 113
41 1 3501
41 45 6066
41 63 2280
41 8 5835
42 61 3510
42 27 3846
42 65 5075
42 73 1735
42 48 1232
42 5 1549
42 37 6181
42 38 1225
42 34 1781
42 59 4946
42 12 546
42 16 3975
42 55 2217
42 75 1970
42 11 1116
42 22 2231
42 6 5873
42 25 4311
42 7 2089
42 67 4939
42 3 5482
42 43 2448
42 52 1028
42 66 711
42 17 4907
42 23 4459
42 41 4286
42 60 1559
42 46 891
42 63 4777
42 51 1237
42 45 2348
42 28 3509
42 58 107
42 9 1983
42 21 6219
42 33 5485
42 49 4825
42 56 1840
42 8 1424
42 72 106
42 71 467
42 14 2673
42 26 682
42 29 1303
42 4 3356
42 31 6065
42 53 3608
42 1 378
42 2 1724
42 44 286
42 13 5992
42 62 4097
42 57 4499
43 74 5404
43 68 2236
43 18 278
43 58 2749
43 42 6036
43 24 3650
43 15 5456
43 22 4568
43 5 207
43 63 875
43 25 3181
43 34 3801
43 54 3096
43 36 997
43 9 2872
43 31 4478
43 37 1093
43 51 203
43 45 4932
43 52 2664
43 49 3996
43 3 4269
43 48 3186
43 16 4118
43 75 2421
43 69 652
43 20 846
43 28 63
43 53 5126
43 30 2206
43 61 5073
43 12 1865
43 17 6196
43 21 682
43 7 3114
43 39 3650
43 32 5935
43 26 4673
43 44 2596
43 50 5052
43 1 340
43 13 3883
43 40 4124
43 62 3616
43 10 660
43 11 4770
43 14 5968
43 4 5211
43 57 5398
43 72 5659
43 2 2130
43 60 1562
44 54 730
44 66 1182
44 55 5420
44 29 5838
44 72 4584
44 67 144
44 65 717
44 6 4026
44 59 5472
44 37 1914
44 40 1044
44 1 4825
44 20 1371
44 49 4342
44 39 2166
44 18 42
44 45 5145
44 70 2403
44 10 1067
44 63 4524
44 22 1674
44 51 6228
44 61 1356
44 71 2415
44 19 1407
44 15 33
44 69 137
44 48 4667
44 53 4241
44 16 2526
44 60 4316
44 56 1748
44 47 2416
44 33 861
44 36 5817
44 30 345
44 4 319
44 14 483
44 25 3989
44 58 2226
44 26 3565
44 32 2722
44 74 6043
44 7 1344
44 17 1012
44 43 2293
44 8 2889
44 35 559
44 27 4331
44 21 5758
44 28 1142
44 5 3172
44 24 4406
44 46 194
44 42 2672
44 31 4189
44 68 2700
44 52 3421
44 23 1802
45 38 1686
45 30 5358
45 36 929
45 61 1379
45 59 3965
45 6 4296
45 68 5490
45 17 469
45 74 432
45 43 5711
45 55 775
45 67 2381
45 32 2515
45 29 3951
45 26 4467
45 34 3115
45 69 3643
45 42 5813
45 54 1092
45 33 1198
45 35 2208
45 28 3047
45 75 198
45 14 1242
45 37 3572
45 73 1893
45 21 4335
45 23 5417
45 66 5045
45 62 3715
45 57 533
45 60 5316
45 39 3700
45 44 358
45 72 605
45 8 2266
45 51 2099
45 65 4844
45 24 6279
45 15 5487
45 4 2789
45 13 4352
45 56 4562
45 22 2143
45 3 5506
45 5 5609
45 52 2039
45 19 1553
45 11 3056
45 70 3100
45 7 2909
45 58 2448
45 41 2910
45 16 1979
45 27 2769
45 50 673
45 71 2840
45 25 5817
46 29 4748
46 50 1571
46 21 2370
46 44 2668
46 45 6196
46 52 1557
46 66 6140
46 20 806
46 31 3495
46 40 2962
46 26 699
46 2 5530
46 49 5180
46 37 6003
46 34 156
46 47 5069
46 64 2675
46 62 2105
46 10 5198
46 72 655
46 6 1757
46 63 1100
46 33 6080
46 58 961
46 18 1188
46 59 2662
46 25 4894
46 56 733
46 3 6032
46 11 841
46 9 237
46 53 3875
46 69 1617
46 4 5792
46 51 4913
46 23 2982
46 30 2068
46 43 737
46 27 5212
46 71 1147
46 32 3512
46 41 4813
46 8 414
46 55 1324
46 5 5518
46 61 1997
46 13 1473
46 65 38
46 42 2917
46 24 4086
46 35 1432
46 17 3918
46 38 4163
46 57 1448
46 60 1309
46 14 1615
46 73 1116
46 28 4345
46 48 3037
46 68 1870
46 54 3734
47 1 4001
47 68 91
47 31 5329
47 15 1384
47 16 5027
47 32 4131
47 27 904
47 21 5838
47 52 2168
47 20 5788
47 59 3344
47 60 1700
47 53 3204
47 44 4951
47 34 2657
47 40 5345
47 39 4445
47 75 570
47 63 5272
47 14 4432
47 54 5186
47 62 244
47 57 254
47 71 1182
47 38 4332
47 55 4920
47 29 5546
47 30 1644
47 74 809
47 25 409
47 18 3708
47 48 5243
47 46 3701
47 69 3218
47 67 3827
47 4 4362
47 33 5280
47 22 3007
47 41 524
47 5 3148
47 70 5027
47 49 4908
47 24 3059
47 43 3788
47 10 3043
47 7 2674
47 37 217
47 3 297
47 11 5179
47 50 2704
47 23 591
47 8 15
47 61 5199
47 13 4042
47 9 6207
47 72 667
47 58 597
47 2 5893
47 66 4122
47 17 2774
47 73 2474
48 67 390
48 24 661
48 29 3071
48 61 1918
48 50 3719
48 65 5383
48 30 5200
48 33 4838
48 74 3301
48 45 6014
48 9 3610
48 22 5867
48 40 5007
48 41 3586
48 73 2443
48 19 3876
48 11 3176
48 39 470
48 52 5558
48 51 1218
48 17 177
48 15 4643
48 1 1581
48 44 2367
48 2 4269
48 55 2400
48 26 641
48 32 785
48 31 4590
48 46 367
48 60 6051
48 63 1892
48 16 3716
48 34 5517
48 12 3239
48 69 3854
48 4 4886
48 59 682
48 20 2983
48 37 658
48 42 1567
48 18 4268
48 68 2371
48 75 3969
48 21 5484
48 8 3082
48 35 4043
48 5 2450
48 3 1393
48 38 5105
48 36 1066
48 71 2651
48 43 4589
48 53 3119
48 10 4088
48 70 1372
48 66 1786
49 38 6280
49 68 92
49 14 2552
49 18 3516
49 15 803
49 24 5269
49 33 1540
49 8 1093
49 46 316
49 23 21
49 16 5174
49 44 588
49 53 2547
49 20 6190
49 61 1972
49 47 2203
49 58 5290
49 73 3108
49 41 628
49 69 3785
49 43 230
49 37 5671
49 12 5484
49 54 5272
49 48 291
49 36 2607
49 25 4712
49 5 6261
49 62 2996
49 59 3572
49 63 5543
49 51 4964
49 4 1503
49 10 3766
49 28 1896
49 45 2691
49 30 5989
49 17 1169
49 70 4565
49 19 1597
49 57 2219
49 66 4308
49 39 996
49 64 556
49 75 4967
49 71 6011
49 56 928
49 2 996
49 22 1781
49 67 2900
49 65 4997
49 55 1233
49 21 4319
49 74 2496
49 26 2307
49 32 4660
49 40 1415
50 42 4854
50 46 2228
50 60 4161
50 14 5588
50 44 2272
50 54 82
50 38 814
50 43 4796
50 23 324
50 56 5669
50 45 1806
50 65 5253
50 32 4374
50 61 2844
50 35 4308
50 66 4519
50 57 1078
50 19 4700
50 75 4282
50 9 3299
50 24 1083
50 2 4632
50 49 162
50 13 2556
50 17 4579
50 25 6276
50 21 1718
50 28 4225
50 30 2770
50 7 5005
50 22 3655
50 5 3755
50 74 659
50 62 4809
50 73 3642
50 47 4628
50 4 3082
50 64 4668
50 63 4885
50 55 4489
50 3 4890
50 34 1447
50 71 5068
50 26 4548
50 8 1063
50 48 4778
50 10 907
50 52 2340
50 41 2773
50 72 3797
50 18 2814
50 37 1102
50 33 5135
50 58 2019
50 36 1517
50 1 3484
50 16 3836
50 40 3592
50 20 1452
51 28 4402
51 49 687
51 73 3989
51 29 111
51 40 3921
51 37 1543
51 55 4698
51 8 4820
51 54 4503
51 41 2325
51 11 1864
51 13 2674
51 4 5463
51 47 2542
51 44 3321
51 69 3235
51 66 2210
51 53 890
51 50 2426
51 14 50
51 36 5518
51 3 2863
51 46 5779
51 42 1922
51 19 4085
51 6 6087
51 38 92
51 56 2544
51 70 1380
51 10 926
51 63 5086
51 5 3397
51 61 5257
51 34 622
51 59 216
51 57 4620
51 2 382
51 35 4772
51 65 4159
51 71 1663
51 45 910
51 39 4407
51 58 469
51 26 936
51 43 2940
51 1 3008
51 21 4257
51 64 1096
51 72 460
51 20 1369
51 17 3253
51 15 2729
51 12 2616
51 30 3070
51 23 5859
51 9 1061
51 68 3285
51 32 5410
51 74 1856
52 62 1551
52 54 4386
52 66 3396
52 31 4809
52 44 5687
52 16 1431
52 48 1595
52 51 3748
52 20 4096
52 67 4960
52 18 2515
52 35 2253
52 1 4275
52 34 20
52 60 3845
52 12 1301
52 59 5730
52 42 10
52 40 993
52 41 2628
52 36 5823
52 29 282
52 68 840
52 43 2700
52 3 2409
52 13 5834
52 50 1782
52 11 3190
52 63 956
52 28 2702
52 39 3489
52 57 2149
52 8 431
52 75 5692
52 7 6133
52 73 2298
52 74 955
52 15 2080
52 70 2858
52 4 92
52 32 1579
52 10 3090
52 25 4697
52 22 4690
52 6 1831
52 27 2888
52 45 2112
52 19 4347
52 55 4922
52 47 3254
52 26 2061
53 61 1964
53 41 5376
53 19 92
53 11 3916
53 16 5566
53 22 6056
53 9 1211
53 72 4405
53 43 5896
53 18 5677
53 13 237
53 66 2758
53 67 1697
53 71 2879
53 3 1826
53 54 3221
53 38 295
53 35 841
53 52 6280
53 29 2038
53 20 1699
53 39 1034
53 4 3762
53 50 4745
53 42 1038
53 6 5862
53 40 1607
53 26 2550
53 17 5414
53 32 1367
53 62 1308
53 12 823
53 7 2440
53 73 3630
53 70 5569
53 74 4961
53 2 5213
53 69 4079
53 44 5424
53 5 2062
53 1 4837
53 23 5204
53 33 3375
53 45 5850
53 56 1362
53 15 4881
53 27 5651
53 8 1001
53 34 5474
53 55 700
53 47 1752
53 14 83
53 46 1256
53 51 5289
53 58 243
53 57 6204
53 31 5059
53 60 2615
54 41 540
54 72 427
54 4 2179
54 58 5806
54 44 5509
54 21 941
54 68 2124
54 19 5692
54 62 1673
54 31 403
54 59 3650
54 43 1096
54 45 2213
54 50 2864
54 69 705
54 14 2050
54 36 3433
54 7 2780
54 57 6093
54 27 1877
54 5 4961
54 2 5218
54 75 1319
54 48 1836
54 46 2241
54 33 3795
54 70 2832
54 32 2957
54 38 3005
54 22 4983
54 18 5771
54 71 3535
54 37 5240
54 49 271
54 47 4614
54 67 6216
54 3 5747
54 29 1852
54 30 1359
54 34 2652
54 60 5765
54 23 4864
54 10 2742
54 39 3173
54 55 4509
54 1 3454
54 63 4658
54 52 783
54 51 6176
54 66 4499
54 64 1780
54 8 854
54 13 5040
54 24 3448
54 28 4312
54 56 5541
55 8 3687
55 39 1913
55 3 5522
55 31 3250
55 12 1868
55 58 3035
55 9 4555
55 48 4992
55 71 3408
55 67 4187
55 15 4229
55 24 3343
55 30 5517
55 35 5395
55 72 631
55 44 5653
55 46 2350
55 13 1115
55 22 6102
55 14 3092
55 68 855
55 64 5878
55 53 3079
55 2 4049
55 33 1162
55 28 1770
55 40 2971
55 29 362
55 20 3455
55 57 4466
55 69 1927
55 10 3075
55 60 4122
55 59 831
55 11 3526
55 25 2268
55 7 5267
55 70 2805
55 18 6282
55 51 607
55 75 1868
55 17 3617
55 36 2588
55 32 1993
55 43 4749
55 54 1606
55 27 3850
55 66 101
55 16 6182
55 52 603
55 50 3922
55 6 3207
55 73 2088
55 37 6033
55 42 2509
55 74 5578
55 56 4982
55 34 1592
56 66 4452
56 74 5198
56 29 849
56 70 1579
56 62 1185
56 23 5676
56 25 2826
56 55 1786
56 43 1249
56 35 5018
56 59 6262
56 41 5711
56 47 3863
56 58 3931
56 64 1653
56 75 4171
56 15 429
56 60 5482
56 40 2658
56 36 2922
56 31 1851
56 10 499
56 65 4298
56 1 1227
56 46 4940
56 3 437
56 13 3337
56 18 2995
56 7 384
56 38 3337
56 24 172
56 51 4920
56 69 2661
56 6 973
56 11 3096
56 44 21
56 34 3679
56 32 1289
56 20 1034
56 57 1335
56 5 866
56 8 123
56 4 3807
56 19 4790
56 33 4227
56 73 1732
56 9 2612
56 16 2685
56 14 2433
56 68 4577
56 28 3209
56 67 1399
56 72 2549
56 27 4876
56 21 6212
56 12 2662
56 30 4695
56 45 6216
57 66 1620
57 61 5347
57 75 5755
57 10 588
57 38 1653
57 45 4677
57 2 5702
57 22 4493
57 31 2120
57 8 6061
57 40 3647
57 18 2693
57 20 6199
57 3 5109
57 63 4373
57 67 2732
57 15 4276
57 13 2130
57 46 2375
57 1 3767
57 30 3135
57 54 4122
57 34 6025
57 48 490
57 56 1244
57 41 5738
57 35 4808
57 72 2111
57 58 3000
57 23 3726
57 27 4456
57 14 587
57 33 5769
57 60 6163
57 52 2491
57 51 4742
57 32 4690
57 36 1198
57 25 3216
57 68 3611
57 73 5979
57 39 892
57 26 1795
57 65 256
57 9 6251
57 70 4868
57 16 6159
57 24 5406
57 12 1034
57 42 1343
57 69 3438
57 11 304
57 43 5918
57 21 2824
57 7 2441
57 17 2297
57 4 3270
57 37 3690
57 64 5309
57 53 6003
57 50 1319
57 5 3218
57 55 1050
58 51 6102
58 57 221
58 74 4324
58 37 1751
58 4 1967
58 10 3641
58 64 238
58 33 3539
58 72 511
58 12 1958
58 31 1221
58 75 3477
58 24 5869
58 61 6191
58 53 4970
58 35 3419
58 1 1237
58 52 214
58 21 4467
58 68 6080
58 62 3438
58 3 54
58 71 1695
58 17 2467
58 19 2135
58 11 465
58 28 2538
58 25 3052
58 43 6201
58 46 451
58 36 4026
58 29 3546
58 5 443
58 56 3127
58 70 5237
58 22 3885
58 73 5985
58 66 5902
58 9 5866
58 30 2330
58 47 1594
58 55 3594
58 38 2149
58 39 1468
58 60 3862
58 7 1471
58 26 5946
58 27 5725
58 2 2223
58 6 4655
58 14 1349
58 50 2922
58 44 912
58 42 805
59 49 4201
59 46 4760
59 22 4285
59 11 2269
59 16 5067
59 37 1221
59 43 4617
59 34 2967
59 21 714
59 63 1634
59 41 2260
59 66 4188
59 13 3869
59 70 5593
59 53 3061
59 29 6238
59 10 6237
59 65 369
59 5 4002
59 40 261
59 50 156
59 15 2730
59 27 837
59 19 151
59 55 2658
59 26 5362
59 39 2655
59 64 180
59 44 653
59 60 2495
59 31 1486
59 68 2381
59 61 989
59 17 4280
59 73 1638
59 56 3341
59 14 6176
59 74 739
59 32 5776
59 42 3447
59 57 4088
59 38 4706
59 1 6114
59 45 1845
59 12 5024
59 30 4165
59 6 5228
59 72 1661
59 24 3764
59 67 946
59 51 3807
59 2 330
59 18 721
59 69 4923
60 34 356
60 14 4595
60 16 1630
60 19 1371
60 43 2187
60 7 850
60 28 5699
60 21 6219
60 72 1521
60 23 1270
60 11 4314
60 74 2724
60 9 3989
60 15 4454
60 38 2707
60 52 1261
60 35 3869
60 42 3313
60 58 3564
60 37 3720
60 4 3834
60 61 668
60 30 5387
60 31 4835
60 65 3355
60 25 1347
60 20 4940
60 54 809
60 53 3649
60 75 1309
60 10 547
60 41 4937
60 12 2898
60 62 5036
60 48 3738
60 63 4250
60 49 412
60 27 4762
60 5 5486
60 50 3851
60 44 2940
60 71 2510
60 26 4616
60 36 4099
60 13 1053
60 1 3778
60 66 2610
60 8 2937
60 29 1187
60 55 2789
60 59 1249
60 22 2111
60 56 4177
60 6 3600
60 33 1957
60 47 5575
60 24 3916
61 57 2997
61 60 4759
61 1 6090
61 22 5019
61 18 958
61 2 6263
61 27 753
61 23 2944
61 64 3093
61 68 5185
61 8 4996
61 31 4206
61 69 4443
61 30 2490
61 49 934
61 13 7
61 20 1852
61 45 2131
61 56 4493
61 14 5271
61 16 4309
61 54 1124
61 38 4916
61 15 2785
61 42 153
61 63 1137
61 3 3638
61 46 5226
61 65 1698
61 11 2103
61 50 1779
61 35 3916
61 41 675
61 21 6119
61 34 3511
61 55 1162
61 58 2261
61 29 2699
61 36 3325
61 33 2918
61 52 2690
61 7 951
61 73 4256
61 24 4184
61 19 5976
61 53 3944
61 12 528
62 17 894
62 44 2781
62 29 97
62 20 5598
62 55 1226
62 70 2513
62 30 4026
62 28 2293
62 41 1048
62 4 1158
62 37 6233
62 22 1312
62 64 1205
62 74 4672
62 8 4739
62 11 2971
62 67 5734
62 23 6099
62 3 3482
62 35 677
62 49 2673
62 57 4909
62 1 5070
62 66 806
62 46 3760
62 61 4729
62 9 3180
62 13 4564
62 52 621
62 50 4341
62 7 5381
62 51 3967
62 10 5414
62 27 3999
62 26 1
62 25 3809
62 14 4268
62 5 4741
62 73 340
62 71 6289
62 58 1998
62 24 4322
62 48 296
62 54 936
62 2 5873
62 60 1885
62 47 2595
62 36 5810
62 34 628
62 18 1133
62 63 847
62 59 1187
62 31 1817
62 56 5891
62 65 3469
62 43 2528
62 6 2205
63 55 2564
63 66 5686
63 45 6027
63 69 5964
63 23 2736
63 60 3439
63 70 5846
63 57 1023
63 19 1011
63 27 3675
63 48 5319
63 24 5036
63 74 2111
63 38 4921
63 51 1640
63 65 5351
63 2 882
63 30 2432
63 44 5643
63 61 1788
63 68 5212
63 26 3850
63 75 1397
63 25 2378
63 35 1954
63 33 3996
63 53 163
63 56 3858
63 52 1476
63 42 113
63 22 4270
63 39 3480
63 9 1843
63 36 1423
63 20 3459
63 8 4218
63 73 127
63 50 122
63 16 410
63 4 2654
63 21 1868
63 62 2525
63 72 3722
63 17 3674
63 3 4557
63 46 3717
63 71 2396
63 29 3351
63 6 1463
63 43 1350
63 32 1085
63 28 6023
63 15 2608
63 47 838
63 12 1958
63 10 5174
63 54 3759
63 13 4505
63 31 3873
63 64 5417
63 5 538
64 43 2302
64 68 413
64 48 1486
64 35 5051
64 44 809
64 17 6147
64 69 3828
64 61 2701
64 73 5439
64 4 4753
64 60 148
64 62 4076
64 70 1895
64 39 2553
64 45 837
64 9 4028
64 13 2566
64 22 3636
64 30 4978
64 25 1310
64 49 632
64 7 1240
64 16 5544
64 74 2950
64 27 470
64 1 3897
64 59 193
64 11 5160
64 71 703
64 38 3591
64 41 4604
64 56 2013
64 15 3303
64 21 2234
64 40 2197
64 10 2009
64 18 6206
64 23 4176
64 12 5641
64 19 288
64 47 934
64 52 4163
64 31 210
64 37 3430
64 67 198
64 66 2936
64 55 5759
64 32 1223
64 26 1913
64 29 3113
64 24 1441
64 53 4540
64 50 93
64 33 1401
65 46 4263
65 42 5813
65 33 4641
65 45 885
65 75 2115
65 69 2293
65 47 2901
65 72 4647
65 20 2013
65 71 691
65 22 2906
65 54 6238
65 8 4974
65 30 6287
65 7 1738
65 58 5841
65 9 5063
65 26 3794
65 19 3559
65 29 213
65 59 1261
65 63 5400
65 11 2381
65 52 3736
65 31 5482
65 61 2418
65 14 5781
65 44 5861
65 74 5451
65 17 1218
65 73 937
65 49 1978
65 23 4878
65 64 3879
65 2 4860
65 3 5877
65 57 5502
65 56 5048
65 37 766
65 16 3354
65 67 3788
65 25 1446
65 50 5116
65 27 3607
65 35 3766
65 55 1409
65 4 2813
65 38 4477
65 6 4445
65 53 1869
65 41 3722
65 21 1196
65 13 2373
65 36 4211
65 68 2690
65 66 4144
65 48 4225
65 51 5004
65 60 1843
65 15 2594
65 34 1272
66 59 5634
66 13 3849
66 37 5154
66 57 856
66 32 1408
66 36 2573
66 6 1697
66 1 1560
66 68 1456
66 41 2529
66 22 5794
66 7 4830
66 71 3113
66 64 5408
66 67 4651
66 11 3544
66 48 965
66 18 5859
66 40 4629
66 9 5881
66 12 2864
66 52 601
66 33 2351
66 27 6210
66 56 4551
66 25 5853
66 21 1377
66 35 3478
66 17 1006
66 75 1540
66 47 1338
66 61 5620
66 24 1328
66 74 3963
66 51 4858
66 62 6011
66 38 1255
66 73 318
66 14 510
66 60 4563
66 34 1397
66 26 4091
66 65 607
66 19 3941
66 3 845
66 55 4595
66 30 4471
66 2 5689
66 20 4816
66 53 187
66 29 2151
66 16 2125
66 63 1022
66 69 3227
66 54 3755
66 44 4648
67 2 6161
67 4 216
67 75 6270
67 60 116
67 30 3346
67 42 6185
67 51 2169
67 49 4537
67 43 3921
67 47 2457
67 14 2506
67 56 2282
67 33 4522
67 26 5069
67 27 1068
67 6 5684
67 21 3512
67 50 966
67 18 2087
67 65 3724
67 40 3963
67 71 2877
67 23 2004
67 7 4702
67 35 2537
67 53 1893
67 73 1922
67 24 5536
67 11 736
67 72 3937
67 55 5640
67 13 150
67 20 245
67 58 5281
67 5 2264
67 41 854
67 25 671
67 45 4283
67 59 4708
67 46 3757
67 28 753
67 17 4009
67 1 6192
67 38 3264
67 63 997
67 70 4417
67 34 5647
67 57 4212
67 22 4104
67 12 1608
67 3 531
68 41 4517
68 43 2092
68 52 2284
68 55 2488
68 35 5597
68 14 4784
68 11 4532
68 58 4657
68 70 2089
68 5 2894
68 67 5621
68 48 4068
68 73 4036
68 40 5407
68 8 3574
68 45 5840
68 47 5656
68 4 2108
68 50 5843
68 37 3963
68 34 2488
68 57 4441
68 74 4914
68 28 1733
68 36 5882
68 61 311
68 46 6297
68 38 3316
68 29 1336
68 24 2034
68 15 5854
68 54 5432
68 65 1808
68 39 4259
68 16 583
68 21 857
68 44 475
68 72 1900
68 66 1108
68 2 1016
68 64 224
68 31 5032
68 19 831
68 22 4351
68 23 1214
68 60 2135
68 13 3933
68 27 4628
68 49 2183
68 53 4574
68 30 5750
68 9 6261
69 8 4777
69 27 588
69 45 1311
69 31 2924
69 52 2947
69 64 3194
69 29 3959
69 43 3819
69 26 2506
69 5 5116
69 60 2291
69 3 4890
69 22 5863
69 15 5410
69 63 170
69 28 4985
69 41 174
69 44 519
69 16 4216
69 66 442
69 40 5419
69 35 5578
69 34 6136
69 46 4183
69 59 6032
69 56 2343
69 23 1190
69 1 3036
69 65 578
69 13 1331
69 42 4108
69 49 2097
69 61 3899
69 4 1183
69 70 2866
69 39 2373
69 36 3088
69 25 878
69 33 1014
69 72 4037
69 58 346
69 57 2892
69 51 2108
69 20 1003
69 2 1964
69 12 2653
69 62 1248
69 74 4453
69 10 5685
69 37 1341
69 38 2493
69 67 2233
69 7 4372
69 6 2793
69 55 2739
69 17 33
69 30 2832
69 47 4487
69 73 2853
70 62 4596
70 32 4782
70 21 3148
70 69 1929
70 37 3459
70 25 5599
70 55 4238
70 52 3020
70 10 3933
70 29 137
70 68 5534
70 16 3988
70 63 803
70 49 484
70 17 4520
70 61 1334
70 42 5244
70 48 170
70 33 5605
70 39 2430
70 20 1623
70 60 3617
70 34 846
70 53 2293
70 1 1173
70 27 2216
70 59 52
70 75 3960
70 14 39
70 43 4652
70 8 2789
70 50 6263
70 2 4016
70 73 590
70 57 1418
70 22 3584
70 12 4178
70 15 1219
70 36 656
70 11 1227
70 4 4229
70 72 2078
70 58 4656
70 9 3618
70 26 4526
70 41 3124
70 51 5109
70 44 4309
70 54 5217
70 66 1929
70 35 4481
70 30 527
70 31 5187
70 5 2832
70 56 2622
70 6 1086
71 26 2543
71 47 5468
71 52 230
71 60 4382
71 34 78
71 22 2350
71 30 3474
71 63 5779
71 72 2019
71 68 1595
71 43 6140
71 12 1771
71 29 4553
71 17 4562
71 4 4977
71 28 5175
71 48 281
71 14 1510
71 40 4940
71 37 4347
71 23 5464
71 75 4259
71 66 489
71 49 3182
71 31 4177
71 67 3085
71 24 6196
71 64 4876
71 11 4315
71 16 736
71 36 4850
71 18 5706
71 9 2987
71 41 1379
71 15 3148
71 44 5952
71 62 5720
71 7 1847
71 5 2301
71 59 3802
71 57 3960
71 8 5191
71 39 3666
71 61 201
71 45 5013
71 3 1864
71 74 3919
71 73 2192
71 42 4739
71 54 971
71 69 5868
71 6 1874
71 27 5254
71 56 353
71 53 4454
71 46 3524
71 13 6027
71 20 2882
71 19 477
71 21 1977
71 32 4207
71 65 266
71 1 3408
71 55 4882
72 71 4328
72 36 4821
72 61 5742
72 43 1429
72 56 142
72 47 463
72 1 1397
72 40 402
72 46 367
72 20 3674
72 74 3004
72 15 3546
72 2 6058
72 49 5389
72 9 1899
72 58 6235
72 59 1390
72 62 4770
72 75 4370
72 66 2921
72 13 1312
72 42 5340
72 64 1834
72 34 1476
72 3 675
72 68 5370
72 32 2782
72 10 4718
72 8 3310
72 19 5875
72 23 4931
72 41 5581
72 50 172
72 16 3715
72 27 3691
72 30 365
72 60 4523
72 39 2170
72 14 5969
72 57 4941
72 55 4319
72 48 2900
72 12 1639
72 17 876
72 54 5034
72 6 6002
72 35 2655
72 37 1672
72 38 1101
72 53 3810
72 24 2959
72 52 1168
72 25 4582
72 5 548
72 65 6164
72 18 3595
72 44 5490
72 51 4004
72 21 2286
73 70 2958
73 63 5043
73 55 2
73 52 985
73 53 3006
73 71 4201
73 48 931
73 75 5760
73 57 1254
73 7 4897
73 33 3153
73 5 3761
73 16 4345
73 6 5810
73 34 6216
73 67 5753
73 64 1589
73 46 3764
73 41 4180
73 1 3860
73 40 5235
73 36 4545
73 72 1830
73 13 196
73 21 1789
73 51 649
73 2 779
73 3 5389
73 27 1593
73 47 3857
73 25 3763
73 11 5900
73 9 3718
73 60 3466
73 22 2710
73 14 2454
73 26 3965
73 45 4078
73 28 819
73 65 4721
73 15 3160
73 39 4115
73 66 1034
73 18 3689
73 38 4190
73 68 2981
73 37 5256
73 19 213
73 8 1636
73 44 921
73 20 3708
73 42 2399
73 69 4826
73 32 3707
73 23 966
74 50 5666
74 41 3844
74 35 103
74 43 942
74 13 199
74 49 377
74 33 931
74 7 1806
74 45 6209
74 64 5495
74 2 4454
74 68 1040
74 25 390
74 39 1302
74 8 1659
74 62 4913
74 46 2321
74 32 1000
74 40 3774
74 26 2413
74 53 1396
74 57 2576
74 56 3884
74 10 1887
74 59 3625
74 34 4434
74 42 1586
74 44 5892
74 12 2885
74 60 5177
74 14 5570
74 21 602
74 30 4016
74 38 1468
74 47 1743
74 4 1382
74 70 1712
74 36 1999
74 52 2359
74 73 3688
74 28 3417
74 69 2393
74 48 4207
74 9 421
74 5 3925
74 6 2918
74 20 2521
74 1 2048
74 23 2823
74 19 1712
74 18 5893
74 63 2234
75 9 2462
75 27 2699
75 6 1823
75 4 425
75 46 14
75 39 695
75 11 5212
75 52 5772
75 16 4608
75 40 2183
75 54 1976
75 58 3572
75 61 4943
75 5 1640
75 18 3441
75 37 3349
75 35 4491
75 26 3918
75 15 1285
75 33 1862
75 44 1166
75 48 4381
75 50 2604
75 34 2226
75 74 704
75 2 3351
75 65 1494
75 3 2177
75 70 5234
75 62 1433
75 20 5903
75 69 2259
75 53 3100
75 71 2889
75 12 4507
75 63 1490
75 67 3144
75 23 1962
75 64 3521
75 14 4599
75 22 276
75 73 1680
75 24 4403
75 13 2274
75 68 6187
75 1 2482
75 42 850
75 30 5727
75 47 744
75 49 1533
75 19 2574
75 8 1341
75 43 1266
75 21 5229
75 66 3699
