75 4200
1 19 3986
1 48 6132
1 7 6181
1 3 438
1 60 2111
1 42 1513
1 22 4104
1 15 413
1 75 4931
1 5 2060
1 73 3381
1 58 3151
1 17 2553
1 70 3731
1 39 4734
1 54 3187
1 10 4642
1 68 3705
1 38 5918
1 61 2124
1 12 664
1 25 2368
1 37 5514
1 6 906
1 45 4162
1 40 4671
1 53 461
1 24 3388
1 36 3953
1 23 4051
1 26 4790
1 52 5991
1 27 2687
1 32 5890
1 51 2134
1 4 4263
1 71 827
1 44 3934
1 69 1301
1 74 3433
1 28 1170
1 21 2671
1 34 3987
1 57 5486
1 16 4769
1 29 406
1 8 1196
1 62 4164
1 11 5103
1 50 1521
1 46 673
1 2 3461
1 47 4810
1 14 1714
1 63 2263
1 35 547
1 9 1036
1 72 2343
1 65 5130
2 28 2611
2 54 5242
2 18 4510
2 26 2235
2 20 2729
2 72 2203
2 24 3916
2 55 1672
2 37 5139
2 42 1701
2 38 4475
2 11 971
2 66 6184
2 70 4052
2 59 900
2 34 5808
2 58 2534
2 21 5636
2 62 5171
2 22 90
2 75 1431
2 31 5295
2 9 3109
2 5 6009
2 39 5325
2 30 222
2 63 3906
2 25 2814
2 8 935
2 1 628
2 33 3305
2 40 4174
2 10 2433
2 67 3654
2 23 395
2 60 1381
2 73 3780
2 64 4721
2 68 5991
2 48 498
2 32 771
2 7 4033
2 74 5562
2 46 1130
2 17 141
2 27 5954
2 57 845
2 49 416
2 71 3771
2 29 2680
2 6 4849
2 43 6055
2 41 990
2 69 4919
2 61 5322
2 14 1698
3 49 251
3 9 5610
3 8 2750
3 1 1268
3 71 4977
3 26 3747
3 68 2324
3 28 292
3 25 4533
3 44 5209
3 39 1771
3 70 4686
3 4 4686
3 17 1769
3 11 2348
3 63 2629
3 74 1500
3 24 3220
3 67 3567
3 42 2833
3 59 2571
3 73 1083
3 21 160
3 58 434
3 64 5397
3 16 5525
3 43 3860
3 15 1649
3 54 1499
3 66 5348
3 12 1222
3 32 355
3 22 1125
3 35 1625
3 19 3595
3 30 6164
3 46 3941
3 37 983
3 60 1558
3 10 2105
3 55 4218
3 31 1790
3 20 603
3 48 6148
3 36 3338
3 18 4085
3 47 4310
3 51 1857
3 27 1913
3 41 4159
3 33 2663
3 38 1756
3 6 2979
3 40 2609
3 52 1779
3 61 1727
3 69 3398
4 27 762
4 9 2284
4 32 922
4 58 448
4 65 5666
4 29 3100
4 30 6097
4 55 705
4 5 1287
4 33 100
4 45 3592
4 68 5683
4 23 5727
4 21 5854
4 35 4103
4 17 5482
4 49 3454
4 53 664
4 56 5245
4 12 5581
4 37 4295
4 64 1964
4 36 387
4 24 595
4 73 3463
4 47 5794
4 66 871
4 57 3718
4 3 1763
4 54 4070
4 74 2658
4 6 4579
4 51 5984
4 26 4871
4 44 2366
4 1 2758
4 46 1329
4 71 2111
4 43 2657
4 41 568
4 28 4075
4 61 5863
4 42 5950
4 67 1580
4 20 3255
4 10 3782
4 2 1415
4 15 3513
4 72 2804
4 18 5598
4 40 5084
5 26 4888
5 30 4184
5 23 3979
5 65 4815
5 47 3730
5 3 441
5 36 2964
5 6 4523
5 39 5261
5 15 2838
5 38 3525
5 33 4163
5 55 5624
5 70 6061
5 2 3778
5 58 659
5 16 2653
5 9 1588
5 71 4314
5 17 2444
5 34 157
5 21 4424
5 62 4686
5 31 228
5 46 2733
5 69 2468
5 48 5859
5 11 5601
5 67 3347
5 53 1375
5 37 2109
5 68 4904
5 72 3304
5 54 4204
5 41 1779
5 25 5656
5 66 3638
5 49 2276
5 45 1332
5 50 775
5 29 1864
5 40 3169
5 74 4110
5 19 3186
5 22 1047
5 32 2061
5 60 3241
5 52 3336
5 1 6253
5 73 3217
5 63 3345
5 64 5029
5 35 1178
5 24 3187
6 18 1606
6 75 1723
6 2 1727
6 15 2099
6 17 4952
6 37 2243
6 11 67
6 54 5932
6 70 778
6 4 4276
6 57 6248
6 61 1107
6 66 3740
6 46 5641
6 36 1819
6 31 3270
6 74 579
6 64 5346
6 9 3812
6 3 6187
6 28 1279
6 13 2150
6 42 1669
6 44 2959
6 5 2474
6 65 1481
6 32 840
6 29 3007
6 56 773
6 39 1117
6 62 1733
6 58 2877
6 50 2843
6 41 3165
6 24 1345
6 16 2519
6 40 4065
6 38 370
6 1 4188
6 53 174
6 14 101
6 30 544
6 63 5373
6 23 5065
6 48 4285
6 47 183
6 27 1280
6 49 5344
6 20 1216
6 7 4124
6 33 472
6 71 4940
6 52 6100
6 34 833
7 5 3986
7 12 505
7 27 3497
7 25 5400
7 66 4996
7 21 667
7 13 2791
7 42 610
7 8 2040
7 43 5857
7 20 4811
7 10 5360
7 49 3692
7 72 2119
7 61 2463
7 24 6086
7 23 1653
7 32 2036
7 44 1097
7 16 4853
7 68 525
7 45 2386
7 64 1826
7 65 3875
7 67 611
7 6 146
7 37 3695
7 2 350
7 14 5513
7 60 1670
7 1 2757
7 57 1891
7 9 1508
7 74 1251
7 58 949
7 50 4652
7 47 2033
7 28 5633
7 56 61
7 69 5163
7 62 4953
7 22 5890
7 19 6153
7 15 3508
7 17 176
7 31 2341
7 30 1949
7 41 5918
7 34 4314
7 4 5779
7 35 1879
7 26 5279
7 46 3524
7 52 5152
7 55 3308
7 39 966
8 39 5400
8 30 4737
8 19 5931
8 46 4750
8 75 2594
8 29 4967
8 59 1823
8 32 174
8 34 5282
8 2 5452
8 73 5542
8 11 4164
8 17 1438
8 71 3062
8 49 1044
8 9 294
8 52 1690
8 21 4674
8 5 1370
8 64 1005
8 51 1824
8 13 3373
8 45 5356
8 38 865
8 25 3463
8 18 4573
8 68 4467
8 23 5256
8 70 1692
8 43 4789
8 16 1527
8 22 6058
8 10 3787
8 35 1642
8 66 6129
8 1 535
8 72 4821
8 58 1007
8 42 3553
8 56 1688
8 6 3001
8 20 4550
8 3 3750
8 47 6213
8 15 3895
8 37 1992
8 50 3455
8 67 1535
8 63 5545
8 41 4842
8 57 3304
8 7 4228
8 28 3224
8 33 3272
8 26 1499
8 74 5167
9 4 668
9 64 3817
9 37 5973
9 15 2078
9 66 5452
9 51 494
9 21 4256
9 17 2101
9 39 5777
9 27 3179
9 26 4841
9 74 295
9 60 6183
9 68 871
9 69 4046
9 13 3941
9 23 4334
9 40 2589
9 7 3928
9 19 461
9 65 3627
9 18 3740
9 46 5659
9 1 1031
9 57 2867
9 20 4627
9 42 6191
9 6 3850
9 14 5048
9 62 1811
9 38 126
9 72 4018
9 70 1280
9 35 3940
9 3 926
9 11 4048
9 49 2365
9 12 1826
9 31 1295
9 24 730
9 59 3120
9 61 2828
9 8 1572
9 16 4549
9 50 6288
9 25 578
9 36 3353
9 73 4933
9 56 107
9 43 1551
9 33 1363
9 54 692
9 30 299
9 2 3441
9 34 1334
9 10 763
9 32 4603
9 22 4706
9 29 5541
9 41 2736
10 1 261
10 35 1550
10 15 4644
10 47 3454
10 66 542
10 54 429
10 40 575
10 9 5710
10 46 2265
10 63 4452
10 16 3797
10 32 1214
10 27 3053
10 55 335
10 22 5314
10 38 4801
10 18 3333
10 56 2001
10 43 6061
10 25 2320
10 6 1696
10 48 2627
10 31 1561
10 28 1696
10 14 2069
10 68 541
10 50 2576
10 36 4982
10 4 3080
10 69 5078
10 67 2831
10 71 2075
10 41 2834
10 70 1610
10 37 4164
10 39 3783
10 24 1527
10 64 4005
10 19 2520
10 29 4099
10 60 1072
10 49 519
10 75 3802
10 61 1888
10 42 5726
10 65 3283
10 45 3519
10 20 1913
10 73 1288
10 51 2289
10 12 4792
10 34 3497
10 23 5215
10 5 150
10 74 5897
10 3 2680
10 72 3076
11 59 1099
11 44 5419
11 56 6252
11 6 3710
11 47 6216
11 67 1955
11 3 3539
11 16 165
11 54 1923
11 12 5419
11 27 5287
11 18 4350
11 41 148
11 35 1138
11 33 241
11 50 201
11 23 3842
11 21 3108
11 36 3425
11 53 6295
11 42 3362
11 32 2942
11 22 3940
11 39 3236
11 15 4169
11 37 1614
11 38 2617
11 13 1887
11 61 4784
11 49 4743
11 64 4806
11 28 5705
11 14 843
11 19 5299
11 69 2752
11 4 3174
11 43 5034
11 73 6032
11 66 4671
11 45 1500
11 63 6070
11 25 2685
11 2 784
11 70 4554
11 68 2378
11 52 399
11 62 2262
11 34 3063
11 17 3059
11 5 5875
11 20 1507
11 40 1915
12 62 3066
12 54 3384
12 53 1005
12 26 4167
12 21 3387
12 39 1820
12 44 473
12 40 2028
12 45 1878
12 66 1422
12 58 593
12 27 433
12 47 5144
12 65 874
12 70 1052
12 24 5408
12 11 3349
12 5 5847
12 10 1937
12 3 4389
12 9 5192
12 75 2826
12 8 4012
12 6 3242
12 68 887
12 55 6175
12 4 6008
12 46 510
12 13 1948
12 37 2049
12 42 3180
12 57 5081
12 50 2920
12 43 1012
12 49 3988
12 25 1784
12 23 1736
12 32 3611
12 69 3840
12 33 4336
12 22 4987
12 61 3965
12 71 1206
12 72 4644
12 15 1965
12 73 4282
12 48 1586
12 30 2419
12 18 3944
12 34 1980
12 51 2703
12 2 1951
12 16 4151
12 29 6058
13 19 4424
13 23 3879
13 66 1933
13 18 3122
13 52 3603
13 67 3292
13 15 5078
13 72 113
13 74 2183
13 9 2709
13 49 4229
13 36 2432
13 6 1580
13 71 3361
13 75 3565
13 2 4285
13 51 4364
13 45 3544
13 20 782
13 39 313
13 70 2418
13 69 5218
13 56 1877
13 42 607
13 10 711
13 37 4210
13 31 5250
13 64 6118
13 61 4573
13 27 1090
13 8 4618
13 48 3438
13 53 3954
13 63 1137
13 25 1196
13 47 788
13 16 73
13 3 3461
13 22 2391
13 29 4416
13 38 6052
13 41 2915
13 59 3911
13 44 3289
13 68 1909
13 34 5634
13 73 5834
13 50 4212
13 1 920
13 28 3402
13 65 5226
13 46 5785
13 57 5902
13 43 5394
13 32 1065
13 12 4637
14 19 1377
14 13 5446
14 16 4282
14 40 4159
14 5 2630
14 56 2520
14 1 4637
14 70 974
14 51 2056
14 55 3592
14 27 5094
14 25 1682
14 49 6072
14 31 3371
14 30 1750
14 60 1743
14 58 6146
14 42 5231
14 26 2648
14 71 6251
14 20 4178
14 18 3193
14 52 5099
14 59 5594
14 44 5244
14 41 416
14 62 829
14 21 5421
14 73 2590
14 22 2101
14 2 354
14 69 4645
14 34 1847
14 8 3050
14 38 3868
14 68 1370
14 74 3193
14 4 3147
14 37 1440
14 45 4900
14 39 5461
14 15 635
14 53 2401
14 23 1295
14 61 1556
14 64 867
14 24 1070
14 3 808
14 54 4921
14 50 2161
14 47 587
14 6 2667
14 63 6166
14 66 588
14 48 780
15 52 6154
15 37 1834
15 48 4160
15 21 169
15 29 3293
15 59 5701
15 34 5805
15 7 770
15 12 3329
15 22 1233
15 74 4439
15 58 1548
15 10 3048
15 23 3778
15 1 5324
15 5 2461
15 43 2729
15 30 1850
15 54 2075
15 63 5960
15 16 1405
15 31 2660
15 44 4611
15 46 5354
15 20 3653
15 38 2147
15 4 5784
15 9 3810
15 49 2430
15 72 5808
15 71 862
15 56 4095
15 51 2978
15 35 5060
15 2 3025
15 36 214
15 47 1175
15 69 1029
15 53 3931
15 19 6124
15 42 79
15 6 3576
15 27 5221
15 68 4325
15 75 3137
15 66 566
15 39 6266
15 45 3650
15 65 3850
15 64 2091
15 11 2340
15 70 872
15 17 6006
15 57 3888
16 64 925
16 56 5246
16 36 1182
16 45 3525
16 17 3379
16 10 3926
16 22 5825
16 44 5035
16 9 3373
16 73 111
16 14 3719
16 23 5613
16 71 2542
16 48 2771
16 2 3320
16 15 5451
16 12 5643
16 52 3125
16 7 4873
16 25 2104
16 55 187
16 63 643
16 24 4870
16 40 855
16 28 1116
16 69 632
16 57 3717
16 60 5529
16 37 206
16 68 4880
16 74 1538
16 51 503
16 53 6152
16 67 4769
16 34 287
16 29 3356
16 11 2759
16 18 490
16 70 3303
16 43 1058
16 41 2818
16 13 4597
16 31 1929
16 32 1211
16 38 3345
16 3 4127
16 8 1314
16 26 6204
16 54 3266
16 42 4454
16 1 5179
16 30 3857
16 21 4542
16 27 2019
16 5 3000
16 4 3992
16 6 3057
17 20 1651
17 21 530
17 59 648
17 44 3924
17 46 3029
17 49 4296
17 66 2922
17 50 3177
17 27 483
17 69 5109
17 26 836
17 38 4284
17 10 3440
17 73 1061
17 56 631
17 19 125
17 63 71
17 57 2343
17 52 325
17 18 1019
17 74 6114
17 14 2715
17 70 936
17 29 4403
17 62 5558
17 15 3518
17 4 670
17 43 477
17 58 5455
17 72 5578
17 39 1609
17 37 1772
17 25 2883
17 22 2160
17 3 3767
17 60 2615
17 11 5395
17 55 3259
17 23 299
17 48 5993
17 1 4415
17 41 4911
17 40 2723
17 51 4452
17 67 5465
17 61 5493
17 64 1122
17 24 1995
17 53 4184
17 75 5009
17 28 3231
17 5 125
17 71 5553
17 42 1030
17 33 2744
17 54 2042
17 45 1477
17 7 677
17 65 5432
18 62 234
18 39 4149
18 26 3618
18 6 5720
18 60 4870
18 29 4704
18 7 1765
18 14 3971
18 10 4493
18 20 3740
18 22 3088
18 38 5697
18 58 981
18 49 2338
18 34 3506
18 4 1468
18 46 6120
18 44 6016
18 69 4316
18 48 5857
18 55 1167
18 13 4578
18 56 4436
18 43 1099
18 51 4158
18 24 1406
18 8 4097
18 59 728
18 40 5746
18 16 6149
18 5 387
18 32 1517
18 36 959
18 12 3714
18 61 3036
18 30 1298
18 3 5198
18 27 1209
18 37 2990
18 64 266
18 41 805
18 54 3252
18 70 4798
18 23 5581
18 47 1733
18 35 2310
18 63 5327
18 9 253
18 2 6215
19 42 1205
19 75 5962
19 74 1309
19 59 4628
19 65 3316
19 3 4937
19 35 1934
19 45 3016
19 13 3120
19 30 2053
19 69 375
19 14 347
19 17 5898
19 68 3952
19 46 5990
19 33 3218
19 34 1582
19 63 594
19 22 627
19 8 5815
19 29 2347
19 25 3475
19 41 2773
19 21 1566
19 60 3299
19 16 3134
19 20 2091
19 49 315
19 72 3256
19 26 1341
19 55 11
19 44 3891
19 1 5066
19 48 3716
19 58 5994
19 38 91
19 9 2689
19 61 1906
19 39 4750
19 43 5891
19 47 6053
19 37 3538
19 28 333
19 15 925
19 4 4728
19 57 1022
19 11 2772
19 2 5087
19 50 3581
19 12 5818
19 71 5282
19 40 5724
19 56 6081
19 64 5513
19 70 1534
19 7 227
19 62 575
19 52 1451
20 72 6125
20 1 6067
20 33 1301
20 66 3676
20 29 4918
20 15 2902
20 32 2743
20 16 6014
20 25 1558
20 36 1806
20 74 3552
20 49 1074
20 70 4488
20 26 5466
20 19 4061
20 67 3056
20 28 5305
20 44 1262
20 75 4058
20 23 4247
20 46 623
20 12 4843
20 35 216
20 62 1354
20 47 2587
20 71 645
20 52 3015
20 53 5708
20 58 78
20 48 4039
20 57 5380
20 34 1913
20 22 798
20 40 4262
20 37 1598
20 54 3125
20 21 5736
20 65 1194
20 50 4828
20 55 5485
20 14 1835
20 31 3960
20 68 5918
20 4 5237
20 11 1813
20 61 4573
20 2 3347
20 18 3176
20 7 5206
20 59 1359
21 69 2487
21 23 3184
21 29 3547
21 5 5275
21 53 2309
21 14 4483
21 25 4539
21 2 2140
21 34 3258
21 19 4878
21 1 6098
21 56 493
21 47 1370
21 59 6240
21 45 5930
21 28 3814
21 3 3510
21 11 2086
21 38 2100
21 20 4989
21 54 3385
21 73 1159
21 6 2882
21 35 283
21 37 2659
21 62 6285
21 7 6149
21 65 2079
21 55 835
21 43 1361
21 51 3747
21 4 1139
21 36 3613
21 57 5286
21 30 835
21 15 5353
21 74 2981
21 50 5029
21 48 4754
21 26 2705
21 63 1879
21 64 1000
21 24 1752
21 41 190
21 66 3953
21 32 298
21 61 2746
21 75 5425
21 33 2114
21 31 1041
21 49 5059
21 44 1223
21 8 3642
21 10 6093
21 18 5594
21 70 2409
21 13 3269
21 60 1216
21 12 3666
21 42 5108
21 71 5294
21 58 3720
21 22 1176
22 34 2676
22 21 2686
22 15 2609
22 55 5504
22 69 82
22 60 3181
22 39 1853
22 38 2385
22 64 5980
22 62 1754
22 52 2176
22 70 4907
22 66 5481
22 18 240
22 13 6042
22 4 3734
22 10 5330
22 35 5153
22 65 5757
22 27 2920
22 61 6181
22 17 5699
22 41 1043
22 54 4522
22 49 2704
22 67 4552
22 37 4787
22 36 2717
22 19 4575
22 29 5476
22 50 6220
22 45 3515
22 5 2933
22 74 3031
22 51 51
22 33 5897
22 31 5555
22 75 4623
22 57 2801
22 59 4525
22 46 189
22 20 2363
22 24 1632
22 2 746
22 1 2503
22 40 6061
22 12 4417
22 47 448
22 63 572
22 53 4310
22 44 3715
22 32 6251
22 26 5036
22 68 4329
23 35 6091
23 34 5745
23 13 5044
23 4 5950
23 73 541
23 33 3390
23 59 4959
23 32 1524
23 11 1188
23 52 850
23 70 5782
23 16 5227
23 20 3219
23 37 4863
23 42 233
23 12 2345
23 8 4206
23 64 917
23 6 3761
23 27 770
23 68 2519
23 50 2776
23 44 231
23 21 6102
23 1 5227
23 67 1661
23 55 2581
23 15 5404
23 36 2563
23 75 4337
23 10 2958
23 25 3213
23 63 709
23 30 2926
23 49 2436
23 53 4181
23 14 323
23 19 5101
23 29 3528
23 62 664
23 3 2398
23 43 2655
23 57 4497
23 60 4227
23 74 2620
23 38 5437
23 39 829
23 28 2732
23 65 1009
23 61 3035
23 41 4248
23 22 2269
23 66 4489
23 71 617
23 46 702
24 58 5007
24 3 4338
24 20 4704
24 56 3241
24 18 3071
24 25 1400
24 36 270
24 22 5048
24 73 1988
24 60 5320
24 48 5582
24 12 5536
24 64 4251
24 15 2465
24 75 2437
24 46 3927
24 14 620
24 44 4790
24 4 1479
24 13 150
24 62 239
24 8 3103
24 11 1501
24 17 1722
24 55 3147
24 47 477
24 74 888
24 28 870
24 50 4962
24 42 2030
24 59 2996
24 72 5126
24 9 822
24 53 1191
24 2 4572
24 54 981
24 52 2306
24 39 608
24 33 1395
24 10 2258
24 65 3528
24 43 4059
24 45 5190
24 35 3644
24 27 5818
24 31 3948
24 23 5303
24 40 3547
24 7 1891
24 30 4271
24 38 5077
24 51 3018
24 6 6045
25 28 686
25 46 1957
25 22 4102
25 26 2397
25 7 3919
25 50 6107
25 10 4673
25 49 1801
25 69 5689
25 15 1302
25 43 4011
25 33 2586
25 27 3956
25 58 4761
25 8 3371
25 31 5986
25 2 4135
25 23 1234
25 45 6190
25 64 1749
25 29 3945
25 30 5310
25 36 3472
25 24 6035
25 70 4316
25 73 1466
25 68 5092
25 19 1
25 55 6201
25 48 4341
25 75 6258
25 57 2846
25 17 6186
25 13 5631
25 67 422
25 54 5644
25 59 188
25 61 3208
25 32 4113
25 56 3790
25 72 1719
25 47 4925
25 63 180
25 39 6199
25 37 3595
25 4 1214
25 74 1355
25 60 1785
25 12 2315
25 62 3529
25 35 3527
25 5 578
25 71 2344
25 66 1343
26 58 4839
26 70 1454
26 7 1265
26 62 5104
26 36 4877
26 59 6056
26 49 2185
26 19 1897
26 46 1058
26 55 1305
26 61 3817
26 64 4033
26 68 4904
26 20 786
26 45 3650
26 23 3686
26 32 956
26 38 963
26 15 5083
26 5 2907
26 25 1677
26 47 3931
26 66 3521
26 4 2496
26 21 6112
26 17 5112
26 31 3093
26 51 3139
26 3 22
26 74 2252
26 6 2604
26 60 3579
26 67 3650
26 2 4900
26 65 1336
26 33 4225
26 56 3603
26 42 3596
26 28 2281
26 13 1574
26 40 235
26 1 4929
26 18 4107
26 52 1619
26 24 4580
26 53 300
26 41 3445
26 57 4608
26 73 3457
26 30 2804
26 14 1115
26 50 1833
26 12 5792
26 75 5473
26 8 3656
26 9 5775
27 14 5319
27 4 839
27 12 375
27 15 1710
27 7 3892
27 47 552
27 68 4547
27 33 1256
27 18 547
27 31 1174
27 57 3045
27 39 95
27 61 2711
27 17 5357
27 52 3411
27 62 106
27 37 3523
27 35 5030
27 50 1650
27 34 619
27 73 5058
27 13 1826
27 63 5712
27 58 5235
27 42 5517
27 36 2081
27 10 2930
27 44 5645
27 23 5851
27 25 3985
27 8 4529
27 3 6267
27 46 1919
27 55 2471
27 32 1858
27 9 2286
27 54 5532
27 59 5836
27 11 58
27 21 1652
27 28 2927
27 22 423
27 24 702
27 19 5584
27 75 4560
27 48 5029
27 72 4372
27 74 265
27 30 5178
27 49 2521
27 29 210
27 1 2406
27 41 1652
27 26 1976
27 51 4742
27 43 3085
27 66 6051
27 69 2889
27 53 2532
28 21 48
28 27 5673
28 42 6189
28 23 75
28 58 5965
28 4 1438
28 36 6176
28 30 5039
28 33 5745
28 65 5654
28 73 3056
28 14 1949
28 20 321
28 62 1970
28 56 5207
28 67 5135
28 48 4035
28 3 3020
28 72 875
28 69 5571
28 10 2095
28 5 1310
28 32 1588
28 51 5692
28 54 6260
28 9 721
28 60 1861
28 24 2639
28 25 6
28 61 3667
28 57 71
28 45 5517
28 49 2046
28 63 2306
28 16 4838
28 13 2615
28 35 3375
28 1 903
28 44 1697
28 31 5735
28 59 3346
28 40 5464
28 15 5005
28 2 3163
28 39 2588
28 68 2617
28 41 2081
28 74 5002
28 18 1026
28 71 6205
28 8 3859
28 52 3916
28 66 2579
28 37 3219
28 47 5428
28 53 450
28 7 5193
29 17 261
29 52 4493
29 45 3889
29 35 3303
29 44 5143
29 55 1201
29 36 1611
29 72 5391
29 9 5437
29 27 2387
29 48 1119
29 30 5665
29 8 3991
29 51 5065
29 13 4443
29 16 5377
29 10 5321
29 14 4799
29 4 6009
29 21 5604
29 53 972
29 19 650
29 74 3775
29 47 5270
29 63 3730
29 50 3880
29 3 4450
29 62 203
29 49 5612
29 71 1122
29 31 1484
29 20 3757
29 65 2811
29 24 3257
29 6 1665
29 56 3527
29 54 6137
29 67 4116
29 75 984
29 12 1976
29 41 4237
29 64 5376
29 2 350
29 38 2411
29 25 5016
29 28 2846
29 5 5621
29 33 1418
29 39 2180
29 58 1299
29 68 1163
29 11 1676
29 26 55
29 59 694
29 60 3815
29 18 2399
29 43 2277
29 40 1647
29 70 4602
29 15 2159
30 55 1117
30 50 1393
30 10 3455
30 23 189
30 66 104
30 13 1241
30 29 1849
30 46 1418
30 28 5544
30 14 2489
30 16 6066
30 3 3122
30 38 2457
30 35 2930
30 54 3102
30 73 5366
30 64 669
30 18 1941
30 52 1911
30 42 4851
30 24 5968
30 59 4024
30 43 431
30 61 4003
30 47 5925
30 26 5249
30 49 4550
30 7 5449
30 74 4343
30 69 24
30 32 2215
30 44 459
30 31 218
30 17 3706
30 71 5361
30 63 133
30 62 1009
30 60 6045
30 72 982
30 15 5030
30 34 4076
30 21 3063
30 41 2524
30 75 361
30 2 4663
30 45 4628
30 39 5300
30 20 4360
30 56 4203
30 67 3411
30 6 970
30 1 2413
30 5 3541
30 22 5830
30 48 4561
30 70 4762
30 40 1333
31 60 3083
31 70 3321
31 27 4780
31 20 2831
31 15 4153
31 16 1862
31 21 1892
31 42 3254
31 64 3849
31 10 3786
31 41 3474
31 30 5652
31 69 6103
31 2 4205
31 13 3664
31 57 6032
31 4 2129
31 37 335
31 48 3745
31 63 3591
31 18 505
31 54 1962
31 53 2979
31 59 2581
31 56 3780
31 50 3989
31 34 5978
31 23 541
31 32 4556
31 17 3709
31 3 2599
31 40 1727
31 33 3265
31 68 5322
31 19 5201
31 29 3790
31 6 5140
31 46 1636
31 24 2131
31 8 6285
31 75 6119
31 71 3961
31 25 3440
31 11 2631
31 44 5764
31 38 4827
31 61 765
31 14 6155
31 62 1841
31 51 1957
31 49 1372
31 47 1245
31 36 4852
31 73 3093
31 7 3646
31 5 4053
31 12 4455
32 13 66
32 64 3934
32 47 1728
32 18 2706
32 6 6048
32 3 3117
32 60 3939
32 34 4751
32 66 6069
32 37 1613
32 19 4693
32 46 1623
32 30 3606
32 4 3141
32 43 147
32 54 3203
32 51 912
32 50 3916
32 17 3254
32 38 3506
32 31 3722
32 2 3836
32 65 2509
32 25 2292
32 23 2813
32 71 2704
32 9 200
32 61 3211
32 42 2760
32 40 5622
32 59 2584
32 27 5225
32 28 2110
32 29 6184
32 39 2018
32 10 2905
32 72 4160
32 48 5203
32 56 2505
32 58 5989
32 15 4119
32 68 539
32 26 3147
32 33 4733
32 14 3849
32 44 4566
32 75 3962
32 73 2981
32 24 631
32 22 1080
32 62 4839
32 63 4863
32 1 1617
32 52 5176
32 20 129
32 55 2721
33 68 1478
33 31 2464
33 2 3451
33 64 1092
33 37 809
33 52 528
33 67 2801
33 73 1119
33 19 539
33 29 5949
33 65 1191
33 10 4889
33 63 4479
33 74 4033
33 5 1485
33 50 479
33 21 1539
33 41 3118
33 57 5544
33 69 3834
33 35 3562
33 15 6285
33 27 3279
33 17 3039
33 59 1084
33 23 4196
33 36 4702
33 18 956
33 22 4659
33 8 3770
33 40 527
33 14 4756
33 71 1
33 72 3523
33 53 1932
33 12 3360
33 56 1575
33 58 4747
33 11 3277
33 6 3285
33 43 1170
33 42 191
33 9 1342
33 1 1452
33 51 4046
33 70 1942
33 75 2961
33 25 206
33 54 4629
33 7 4501
33 28 2374
33 45 4877
33 16 1091
33 34 1
33 38 5764
33 20 3840
33 4 5696
33 32 247
33 39 3367
33 3 1966
33 62 1062
33 26 4368
33 66 5820
33 13 2504
34 22 4571
34 23 350
34 25 4882
34 2 958
34 20 2400
34 9 1459
34 24 2874
34 48 3079
34 40 5444
34 75 3284
34 37 2996
34 5 2314
34 7 1328
34 14 6275
34 18 916
34 33 4569
34 12 6076
34 68 4527
34 4 2155
34 73 4232
34 56 4227
34 27 2628
34 32 5903
34 35 5669
34 19 5358
34 28 448
34 11 5233
34 3 2291
34 1 4054
34 17 2326
34 58 6231
34 6 1698
34 41 853
34 63 1176
34 38 4241
34 30 2420
34 66 4866
34 21 5550
34 36 2666
34 15 3433
34 74 4152
34 61 114
34 29 2764
34 26 5603
34 47 6168
34 16 4331
34 42 1206
34 62 2724
34 10 705
34 13 280
34 51 959
34 60 2442
34 64 2370
34 54 2460
34 44 1980
34 70 4948
34 55 4349
34 59 4111
34 53 1011
35 36 3700
35 61 665
35 13 4431
35 23 4704
35 7 5730
35 41 4980
35 42 5785
35 66 110
35 48 147
35 16 229
35 17 2360
35 37 6176
35 20 4688
35 14 3858
35 56 1223
35 40 6290
35 72 475
35 74 3403
35 55 5516
35 3 2967
35 63 5120
35 45 2570
35 65 4253
35 27 3613
35 22 5475
35 5 2168
35 67 3389
35 15 1605
35 69 437
35 68 3424
35 50 4020
35 60 1324
35 34 214
35 32 519
35 43 3753
35 51 2646
35 8 966
35 39 4881
35 10 1550
35 70 1270
35 4 4471
35 33 5766
35 64 3543
35 44 4842
35 25 552
35 46 5982
35 57 3567
35 21 5110
35 28 1542
35 49 4339
35 38 5466
35 11 125
35 24 5626
36 41 3486
36 55 3117
36 9 1504
36 72 3182
36 74 6107
36 19 114
36 46 5204
36 68 6018
36 20 1400
36 63 3893
36 27 2458
36 58 4629
36 3 6300
36 62 1284
36 50 12
36 18 5991
36 75 2803
36 42 2067
36 54 1551
36 57 5388
36 23 175
36 11 5115
36 45 6224
36 7 3408
36 61 6212
36 28 3972
36 24 1736
36 39 4795
36 13 6017
36 1 3944
36 37 1011
36 8 150
36 35 5991
36 44 3370
36 47 3277
36 4 5537
36 34 1905
36 70 5644
36 65 1766
36 67 5157
36 10 207
36 53 6229
36 12 2663
36 40 5306
36 48 4038
36 56 6067
36 15 3580
36 71 3739
36 60 5706
36 16 2418
36 2 4597
36 49 857
36 52 1787
36 43 919
36 69 2310
36 30 2923
36 38 925
36 17 2522
36 22 4903
36 29 5043
37 28 4089
37 32 6162
37 55 2779
37 19 3394
37 72 544
37 44 575
37 14 5798
37 58 868
37 39 801
37 4 1057
37 15 4624
37 56 129
37 7 450
37 1 2252
37 62 288
37 49 6287
37 40 590
37 69 4461
37 25 4146
37 35 2967
37 64 2849
37 54 699
37 11 5740
37 3 5268
37 52 765
37 74 2588
37 73 4411
37 46 3471
37 30 1978
37 71 2521
37 5 927
37 42 1290
37 63 571
37 6 2676
37 13 5540
37 59 908
37 41 1102
37 29 3888
37 22 2291
37 36 5152
37 68 5918
37 70 229
37 57 1010
37 18 61
37 16 843
37 9 5237
37 47 4604
37 43 1769
37 66 2320
37 61 6115
37 75 1099
37 17 616
37 21 2248
38 18 1727
38 64 3008
38 50 2430
38 27 3605
38 17 5615
38 22 1333
38 51 3483
38 61 6061
38 7 4606
38 6 6047
38 53 4620
38 24 3545
38 67 1681
38 37 4595
38 1 4962
38 9 1008
38 40 379
38 60 4316
38 47 3295
38 62 5107
38 16 4714
38 2 3422
38 20 5131
38 25 1352
38 36 5064
38 45 4446
38 35 4371
38 48 2751
38 41 5802
38 68 4384
38 75 581
38 19 1470
38 57 892
38 12 1433
38 70 1824
38 34 4391
38 30 6075
38 54 307
38 39 1562
38 52 5102
38 15 644
38 26 1916
38 55 33
38 10 5711
38 8 2758
38 43 1484
38 73 2635
38 3 1025
38 28 3328
38 58 1013
38 44 2086
38 46 4814
38 29 5124
38 65 4907
38 56 6107
38 72 4891
38 71 1956
38 23 4663
38 69 5849
38 21 577
39 38 2119
39 65 1380
39 48 261
39 16 3153
39 6 837
39 52 5391
39 14 803
39 47 2368
39 26 5427
39 18 5936
39 46 2676
39 53 2597
39 44 1566
39 66 2390
39 32 2134
39 1 4378
39 57 1026
39 62 1458
39 56 5417
39 12 5383
39 9 2217
39 21 2332
39 50 586
39 4 5577
39 30 6118
39 37 5860
39 75 2801
39 22 198
39 68 4166
39 2 5496
39 49 4989
39 61 3878
39 34 2573
39 59 4981
39 74 1308
39 72 301
39 13 6000
39 69 4728
39 64 4475
39 17 3334
39 19 6163
39 3 4321
39 58 494
39 54 3539
39 24 5554
39 45 2205
39 31 6075
39 25 1144
39 63 3610
39 55 1681
39 28 1611
39 41 839
39 42 445
39 7 5764
39 27 4409
40 28 928
40 73 6133
40 48 3
40 54 3649
40 5 5935
40 3 3472
40 13 3723
40 46 1130
40 27 2832
40 62 1488
40 34 875
40 61 6241
40 70 5390
40 11 6260
40 32 913
40 33 3280
40 14 4422
40 59 6100
40 67 4215
40 23 621
40 57 5491
40 64 5475
40 72 481
40 25 2678
40 44 4985
40 66 2449
40 29 3768
40 43 2236
40 22 650
40 19 4587
40 50 1755
40 10 4534
40 63 5086
40 30 105
40 45 5634
40 36 6096
40 18 1562
40 39 4819
40 26 1572
40 75 867
40 2 3888
40 12 5840
40 42 2111
40 6 105
40 65 4426
40 69 1099
40 51 5467
40 7 4423
40 24 4921
40 1 4974
40 37 5382
40 47 4539
40 58 5140
40 35 1987
40 74 5507
40 8 162
40 16 1230
40 4 5596
40 15 590
40 71 5533
40 68 4477
40 41 3574
40 38 4204
41 53 445
41 21 2867
41 7 2814
41 22 1961
41 31 5072
41 64 4105
41 30 715
41 17 1128
41 20 434
41 2 2298
41 33 4597
41 63 1716
41 68 86
41 37 4470
41 4 5308
41 47 5085
41 5 4508
41 24 4339
41 72 2386
41 75 3532
41 25 99
41 27 656
41 46 1449
41 9 5042
41 26 5145
41 10 2926
41 60 5029
41 11 3744
41 49 4539
41 69 3978
41 62 2731
41 73 4883
41 70 274
41 8 1961
41 28 5067
41 32 4307
41 3 4579
41 71 5447
41 19 3442
41 65 3838
41 12 2592
41 23 1313
41 6 6055
41 18 4969
41 67 1639
41 44 2770
41 51 5627
41 56 5782
41 43 4216
41 57 1517
41 40 775
41 58 4424
41 15 2574
41 1 5964
41 13 3657
41 74 5539
42 52 2323
42 21 4399
42 24 214
42 58 1472
42 9 2658
42 3 488
42 4 4731
42 18 943
42 50 6248
42 27 357
42 23 1196
42 39 4397
42 35 456
42 46 4268
42 32 301
42 12 3957
42 40 2846
42 38 5622
42 75 5790
42 34 512
42 48 5958
42 28 3861
42 25 3890
42 22 3757
42 10 401
42 33 1772
42 74 428
42 30 1560
42 72 2154
42 8 6252
42 2 4057
42 5 4286
42 66 6228
42 31 4483
42 61 897
42 26 3253
42 13 6084
42 64 738
42 59 3953
42 29 6236
42 44 3060
42 45 3238
42 36 443
42 63 4117
42 56 1876
42 11 638
42 1 2328
42 73 2262
42 67 275
42 43 2201
42 37 1384
43 63 5190
43 70 5837
43 7 3816
43 12 3865
43 30 3791
43 56 2427
43 15 133
43 68 280
43 49 4107
43 26 2432
43 14 1263
43 58 731
43 4 1575
43 53 4508
43 21 2883
43 35 2270
43 22 2838
43 39 6179
43 66 318
43 46 3373
43 54 3067
43 11 2993
43 24 3955
43 57 2309
43 2 3034
43 64 4997
43 1 1559
43 44 5794
43 34 2336
43 50 5500
43 8 4022
43 16 4836
43 42 4406
43 75 177
43 37 1482
43 69 3518
43 45 4801
43 6 5940
43 67 4843
43 41 3175
43 27 3517
43 74 2907
43 72 2892
43 28 5358
43 59 3114
43 3 1409
43 23 2493
43 33 3839
43 62 6120
43 65 5228
43 40 3164
43 20 4126
43 73 279
44 22 6248
44 40 1206
44 17 1312
44 72 1110
44 39 527
44 35 3815
44 24 5032
44 5 5426
44 29 3903
44 10 4414
44 38 5615
44 59 1094
44 7 1325
44 23 6146
44 45 557
44 19 1436
44 50 1475
44 62 1602
44 32 3893
44 15 5550
44 3 5944
44 54 2944
44 11 1050
44 75 5777
44 33 3132
44 66 173
44 36 4124
44 42 5829
44 13 3581
44 48 5670
44 18 4223
44 73 5679
44 27 762
44 63 255
44 57 3285
44 34 4558
44 55 4471
44 31 5430
44 41 4134
44 65 464
44 56 4988
44 64 5161
44 51 4637
44 67 4693
44 47 4151
44 28 4005
44 9 3479
44 37 2884
44 26 5274
44 68 3655
44 52 1676
44 6 3306
44 16 3235
45 56 2694
45 11 1486
45 65 4733
45 12 5615
45 31 3461
45 32 3387
45 3 1603
45 52 6077
45 48 5227
45 72 3060
45 39 4700
45 68 4523
45 49 5371
45 2 259
45 44 3451
45 63 1960
45 66 6025
45 20 3879
45 1 4990
45 54 2590
45 17 2637
45 21 4201
45 9 1057
45 13 1180
45 10 1208
45 47 4223
45 26 4547
45 23 5513
45 60 4372
45 41 4470
45 73 3964
45 34 5675
45 36 2260
45 25 5547
45 27 2921
45 55 4779
45 8 1027
45 18 2813
45 14 5699
45 30 153
45 51 4710
45 69 5372
45 38 4783
45 7 5242
45 43 427
45 40 3296
45 71 433
45 58 833
45 42 4727
45 64 4385
45 16 1883
46 3 2495
46 31 191
46 44 2374
46 17 5220
46 63 50
46 59 2078
46 34 2759
46 43 389
46 49 2593
46 68 1213
46 42 3835
46 54 2132
46 23 1125
46 38 2890
46 16 5259
46 55 2873
46 10 5546
46 21 2349
46 30 5317
46 74 2933
46 6 271
46 56 3853
46 1 938
46 62 3034
46 39 2586
46 35 324
46 40 3577
46 22 4120
46 2 5627
46 25 5796
46 19 2911
46 52 1631
46 75 2203
46 7 5056
46 47 3933
46 11 1358
46 24 2318
46 71 3549
46 5 3444
46 12 2382
46 67 2867
46 58 386
46 27 5388
46 60 5911
46 29 5939
46 66 907
46 32 230
46 64 4854
46 13 3941
46 50 1524
46 20 4199
46 73 1634
46 28 2772
46 45 3614
46 36 801
46 57 2394
46 18 3393
46 37 61
46 14 2008
46 4 1431
47 5 601
47 53 74
47 18 4628
47 63 2751
47 8 2574
47 24 3201
47 6 3962
47 74 3407
47 4 3127
47 73 4736
47 27 3418
47 15 1086
47 40 4058
47 30 5660
47 12 2262
47 55 6119
47 68 4015
47 20 4577
47 51 338
47 69 2937
47 2 5246
47 33 1197
47 36 3287
47 57 5700
47 62 1792
47 16 2548
47 48 1920
47 9 1157
47 31 1336
47 56 2366
47 60 4008
47 34 561
47 35 2104
47 7 6102
47 37 3363
47 19 5355
47 58 3500
47 28 5265
47 49 3675
47 38 5587
47 25 795
47 66 116
47 41 4542
47 65 117
47 29 728
47 1 6052
47 59 3986
47 39 3797
47 44 94
47 26 2503
47 71 6093
47 61 2732
47 52 5447
47 67 2330
47 3 2696
47 75 4918
47 21 938
47 14 2224
47 10 1750
48 44 1667
48 31 5259
48 63 2835
48 73 3996
48 35 5622
48 40 2667
48 28 5500
48 47 1691
48 57 1803
48 11 1765
48 5 4834
48 65 3941
48 38 2474
48 62 6091
48 10 496
48 22 1938
48 43 4349
48 8 3353
48 25 2244
48 64 370
48 72 1626
48 7 2900
48 18 3937
48 12 43
48 49 4881
48 33 5939
48 74 6017
48 27 3787
48 39 4697
48 71 2887
48 15 3298
48 3 650
48 4 711
48 59 4553
48 60 5497
48 42 1982
48 13 1450
48 54 4370
48 36 1403
48 26 5431
48 67 5304
48 37 3461
48 16 5309
48 69 4553
48 21 1098
48 46 4649
48 50 2907
48 17 2317
48 55 2530
48 68 1314
48 53 3979
48 52 4695
48 24 3188
49 39 3009
49 10 3990
49 26 4787
49 62 420
49 27 4661
49 57 4472
49 19 3368
49 64 587
49 38 390
49 34 4537
49 54 5966
49 11 2233
49 43 2501
49 16 4631
49 61 644
49 7 3582
49 63 5265
49 42 5426
49 48 5175
49 8 2459
49 67 2704
49 74 3657
49 68 5251
49 29 3680
49 75 1095
49 32 5314
49 14 1562
49 5 4292
49 55 81
49 41 2792
49 18 637
49 12 2683
49 3 2915
49 53 1941
49 24 247
49 45 5726
49 40 1286
49 51 124
49 36 2997
49 20 1209
49 28 3506
49 71 6059
49 50 454
49 69 1841
49 58 5737
49 2 2244
49 4 3423
49 60 3555
49 33 222
49 59 6218
49 22 1674
49 30 999
49 35 3983
49 21 6081
49 65 6002
49 52 4708
50 4 5758
50 9 1486
50 12 2318
50 45 544
50 23 5152
50 44 53
50 57 2514
50 49 943
50 26 6190
50 14 1161
50 18 3491
50 3 5971
50 27 3972
50 52 4924
50 42 4755
50 15 884
50 53 3657
50 71 4010
50 24 5480
50 68 3553
50 73 3794
50 8 1258
50 55 1960
50 69 4800
50 66 8
50 67 4917
50 20 5216
50 5 1929
50 65 1475
50 7 1220
50 40 3061
50 63 595
50 29 2430
50 61 4455
50 31 3434
50 60 5316
50 19 2411
50 58 3963
50 34 738
50 47 3775
50 13 3261
50 64 4448
50 59 595
50 39 5860
50 33 5307
50 32 1653
50 51 5873
50 1 2366
50 37 6138
50 11 6242
50 75 404
50 30 710
50 35 5688
50 38 2416
50 2 2784
51 65 889
51 35 4741
51 55 4027
51 63 375
51 73 3116
51 16 1877
51 74 1272
51 14 5143
51 52 3516
51 59 1087
51 37 2930
51 7 4841
51 66 4375
51 71 1684
51 72 2247
51 20 4458
51 1 2485
51 18 5802
51 61 3916
51 62 718
51 58 6088
51 47 231
51 19 3445
51 43 3347
51 3 5079
51 56 4875
51 38 1069
51 42 500
51 27 5841
51 5 1383
51 67 911
51 64 4886
51 21 3691
51 39 4227
51 17 1652
51 22 918
51 23 4476
51 49 3052
51 69 4555
51 50 5316
51 26 4280
51 9 939
51 8 4843
51 33 2858
51 32 4769
51 10 1194
51 15 3929
51 41 456
51 12 862
51 40 1851
51 28 2633
51 29 2138
52 24 710
52 20 3865
52 34 1623
52 13 4523
52 63 2662
52 27 2038
52 58 3765
52 4 5183
52 25 5029
52 64 4301
52 2 885
52 19 4543
52 31 1343
52 71 1232
52 12 2177
52 10 2792
52 43 3633
52 22 5430
52 40 3441
52 49 1299
52 26 1743
52 8 4147
52 17 3316
52 23 2285
52 35 5880
52 6 1872
52 42 3258
52 54 876
52 16 4555
52 70 5786
52 36 852
52 69 5691
52 66 6131
52 11 1498
52 51 2680
52 60 2943
52 28 224
52 15 2921
52 18 1254
52 5 5498
52 33 2086
52 46 2124
52 9 3287
52 55 4938
52 74 694
52 61 2547
52 1 939
52 30 304
52 68 5124
52 21 1135
52 67 3402
53 66 1914
53 27 4085
53 36 3749
53 58 2215
53 61 2480
53 8 4567
53 3 3811
53 1 5866
53 54 745
53 7 4923
53 69 381
53 38 2525
53 65 5465
53 40 2396
53 34 4125
53 35 3357
53 71 5926
53 9 5661
53 43 1038
53 20 5805
53 25 4028
53 63 3893
53 30 596
53 59 1115
53 22 2639
53 57 2712
53 26 4
53 24 4521
53 21 1695
53 47 2515
53 31 603
53 19 1929
53 55 2007
53 5 3789
53 28 486
53 42 3641
53 62 2845
53 45 3812
53 32 5976
53 64 2978
53 73 1436
53 46 2278
53 29 2248
53 72 5342
53 4 5098
53 6 2637
53 52 493
53 75 5360
53 18 4205
53 10 4936
53 23 1933
53 74 5495
53 33 5218
53 15 1575
53 60 4306
53 14 4077
53 16 1325
53 68 3564
53 12 1514
54 2 2566
54 13 1218
54 1 327
54 73 4869
54 56 338
54 39 2331
54 66 4712
54 42 3223
54 19 915
54 32 6142
54 6 17
54 28 6118
54 61 2773
54 16 1609
54 33 1550
54 71 6061
54 64 2103
54 4 2599
54 69 2611
54 60 4564
54 5 96
54 65 2457
54 25 3342
54 58 1781
54 75 3854
54 9 1883
54 63 4375
54 68 5198
54 14 4318
54 18 1825
54 36 609
54 30 3021
54 12 6279
54 31 201
54 29 6072
54 41 51
54 24 4788
54 15 4820
54 57 5192
54 62 1850
54 55 1779
54 48 876
54 59 4632
54 38 955
54 26 402
54 21 1879
54 51 2821
54 44 2526
54 17 3365
54 7 2044
54 10 3298
54 67 2716
54 72 3422
54 50 3005
54 35 5735
54 43 1099
54 74 5261
54 47 151
54 22 2967
55 20 3422
55 18 2749
55 60 3343
55 75 1591
55 23 4199
55 56 2974
55 45 4335
55 51 2363
55 12 2286
55 34 4992
55 25 5149
55 13 740
55 53 88
55 70 5960
55 10 4769
55 48 3247
55 28 1069
55 59 2168
55 67 2155
55 27 394
55 19 1388
55 69 2701
55 4 3613
55 66 5217
55 73 6214
55 47 2652
55 62 1282
55 5 2211
55 21 2538
55 31 420
55 42 546
55 44 1113
55 71 4976
55 68 3703
55 16 3156
55 61 5501
55 43 4141
55 15 1249
55 1 668
55 49 5701
55 39 3470
55 24 50
55 9 3976
55 57 3490
55 7 2711
56 63 590
56 74 61
56 36 4323
56 68 354
56 5 5738
56 13 1204
56 25 2666
56 69 2672
56 3 1455
56 11 600
56 52 876
56 43 564
56 54 3856
56 2 2704
56 26 2320
56 16 2395
56 17 3753
56 61 4660
56 31 6114
56 22 1037
56 60 4052
56 40 90
56 1 298
56 21 926
56 59 5783
56 35 5813
56 28 2536
56 53 1025
56 44 189
56 75 1173
56 8 5302
56 50 5814
56 30 667
56 29 806
56 42 2392
56 62 5778
56 39 4042
56 10 2883
56 57 4994
56 66 965
56 20 475
56 67 192
56 72 3246
56 34 468
56 65 6102
56 7 24
56 24 903
56 55 2595
56 58 3835
56 73 982
56 15 1651
56 32 5727
56 41 6136
57 13 4735
57 12 1082
57 46 3920
57 15 4837
57 72 4092
57 62 1102
57 4 5780
57 25 684
57 18 6007
57 17 4006
57 1 5674
57 66 5223
57 67 4425
57 48 2323
57 42 2790
57 47 3557
57 45 4104
57 60 1967
57 6 796
57 2 1320
57 30 5165
57 74 3344
57 49 4627
57 21 309
57 65 4568
57 14 2378
57 40 620
57 16 2665
57 29 4866
57 37 5160
57 59 3515
57 43 6052
57 20 3037
57 34 952
57 9 6107
57 35 5088
57 3 678
57 52 4277
57 32 433
57 26 4506
57 75 344
57 7 123
57 33 6069
57 70 4455
57 68 935
57 53 238
57 58 6058
57 22 5131
57 39 2984
57 8 1721
57 27 4887
57 11 107
57 36 5349
57 31 5091
57 24 4217
57 10 1403
58 35 1974
58 69 5381
58 18 91
58 6 5951
58 65 5112
58 54 3968
58 56 4127
58 62 2049
58 27 2781
58 73 5967
58 3 5352
58 20 1791
58 1 3490
58 21 4802
58 51 3464
58 40 2552
58 60 5835
58 15 3287
58 63 3842
58 72 2182
58 52 3458
58 50 306
58 44 797
58 53 5863
58 71 1037
58 55 4260
58 19 5274
58 4 2016
58 43 1487
58 5 6291
58 39 2941
58 41 2307
58 57 3804
58 11 4819
58 70 2840
58 34 3543
58 30 2731
58 36 5698
58 22 6145
58 61 3861
58 8 3485
58 75 1189
58 59 4099
58 12 1655
58 2 1676
58 14 4030
58 48 5979
58 67 44
58 16 4370
58 42 6019
58 38 3251
58 31 1572
58 10 4342
58 47 432
58 74 3433
58 26 4636
58 13 2813
58 68 1050
58 33 1061
59 32 231
59 19 3222
59 68 2716
59 49 1372
59 41 668
59 28 3881
59 5 242
59 38 5253
59 57 279
59 60 1956
59 43 2943
59 45 2010
59 42 672
59 58 1560
59 74 681
59 65 1832
59 23 2553
59 72 4500
59 71 1271
59 61 2193
59 24 2791
59 73 1705
59 8 5575
59 53 3752
59 50 2093
59 10 5857
59 31 2795
59 12 4690
59 51 267
59 39 343
59 54 4694
59 40 3567
59 15 4600
59 11 2232
59 22 4820
59 25 2395
59 44 4021
59 6 220
59 62 498
59 21 2078
59 69 6204
59 16 2631
59 2 5067
59 33 1644
59 75 1733
59 7 3374
59 17 394
59 1 1754
59 4 833
59 67 3074
59 30 4259
59 37 1127
59 26 826
59 47 530
59 55 3623
59 66 3489
59 64 339
59 63 5325
59 13 1334
59 56 3567
60 35 311
60 25 1794
60 69 724
60 73 6185
60 36 2161
60 37 1800
60 45 774
60 39 4240
60 22 3575
60 14 6058
60 62 6197
60 71 1923
60 3 5036
60 53 2966
60 55 4718
60 28 611
60 5 4020
60 2 5988
60 8 4174
60 9 5545
60 61 296
60 52 5006
60 41 4463
60 33 4417
60 40 3258
60 54 2938
60 74 2246
60 30 3279
60 16 2994
60 43 2801
60 23 2317
60 65 3059
60 12 3637
60 21 4790
60 48 947
60 38 774
60 11 1379
60 44 4546
60 49 418
60 34 1804
60 50 5117
60 64 2670
60 58 829
60 27 4992
60 63 4780
60 57 3265
60 20 711
60 59 5722
60 32 4807
60 17 127
60 4 828
60 68 3384
60 46 2871
60 51 4068
60 24 402
60 67 313
60 10 4390
60 6 2723
60 42 3284
60 31 2148
60 29 5856
60 13 2593
61 33 2109
61 59 1833
61 11 6276
61 42 2899
61 25 3135
61 24 6177
61 36 1107
61 26 5608
61 73 1968
61 30 1737
61 21 6140
61 38 2797
61 3 3910
61 14 2717
61 70 3220
61 32 4126
61 19 491
61 51 5051
61 22 5206
61 49 1561
61 75 1977
61 5 514
61 12 1290
61 31 551
61 18 3934
61 9 3421
61 35 2919
61 65 3417
61 52 3316
61 56 5127
61 58 1234
61 53 580
61 34 6207
61 62 5049
61 69 114
61 4 954
61 48 16
61 8 3021
61 41 6250
61 47 2306
61 23 3884
61 7 1681
61 57 3970
61 29 1232
61 67 5999
61 15 3713
61 17 4323
61 43 2321
61 66 1940
61 6 4614
61 16 3106
61 74 3464
61 10 5197
62 71 267
62 16 1137
62 21 4704
62 75 4680
62 35 5781
62 22 6211
62 4 3331
62 12 1304
62 3 3516
62 40 578
62 7 286
62 54 2028
62 58 4643
62 14 2520
62 31 2179
62 56 5732
62 42 4623
62 17 1615
62 65 2670
62 26 3831
62 8 2975
62 32 5046
62 25 1106
62 19 4607
62 60 6113
62 46 2301
62 34 204
62 1 236
62 33 3181
62 51 277
62 48 4150
62 63 4292
62 36 4614
62 30 848
62 74 5205
62 50 5196
62 73 6215
62 10 6173
62 20 570
62 45 2112
62 47 3394
62 28 2212
62 5 3190
62 41 227
62 53 5015
62 29 3320
62 39 1164
62 49 1854
62 44 2369
62 2 4293
62 9 815
62 68 6200
62 52 1886
62 13 1661
62 38 1584
62 37 5190
62 43 4749
62 69 2563
63 44 270
63 18 2821
63 16 4490
63 42 3768
63 61 948
63 74 2260
63 46 1836
63 24 3188
63 21 6029
63 30 6208
63 4 3396
63 25 5682
63 62 4478
63 13 3554
63 37 3109
63 27 4494
63 26 3212
63 64 4232
63 35 4043
63 31 3495
63 59 2937
63 3 3806
63 56 1922
63 34 5526
63 54 6041
63 75 2361
63 48 5683
63 33 1116
63 65 926
63 47 5862
63 1 416
63 32 4285
63 60 1208
63 2 2500
63 72 3577
63 73 2784
63 36 3830
63 10 2650
63 67 1432
63 71 1402
63 69 2019
63 43 3156
63 8 4666
63 15 3132
63 20 1103
63 23 3328
63 6 1142
63 40 4068
63 53 672
63 22 3927
63 38 923
63 50 2305
64 29 2113
64 41 4436
64 50 4831
64 59 4789
64 1 2860
64 66 4616
64 7 2358
64 33 3641
64 58 51
64 53 5833
64 18 817
64 52 4519
64 39 22
64 17 5408
64 67 4883
64 36 1554
64 23 2320
64 30 6178
64 10 2923
64 13 338
64 19 5981
64 45 4617
64 34 2932
64 71 1990
64 69 4594
64 11 528
64 54 4145
64 47 4620
64 55 4479
64 63 5118
64 16 3630
64 37 1079
64 72 4752
64 40 2267
64 38 4588
64 5 5778
64 32 1204
64 27 2527
64 24 5984
64 73 4858
64 62 5047
64 3 5695
64 61 6182
64 48 3511
64 6 3636
64 21 2808
64 8 2573
64 60 2078
64 51 3983
64 57 3711
64 9 3635
64 28 632
64 31 3759
64 15 3715
64 22 5030
64 49 5908
64 46 2398
65 37 190
65 40 5357
65 6 670
65 29 1452
65 31 4038
65 27 5757
65 42 5474
65 14 103
65 13 407
65 64 6118
65 8 3049
65 41 416
65 45 1172
65 33 898
65 69 5445
65 70 416
65 2 2833
65 56 2517
65 71 47
65 11 612
65 44 1848
65 52 2222
65 57 3176
65 48 3694
65 68 779
65 67 649
65 61 1019
65 59 967
65 12 932
65 75 1100
65 51 6189
65 1 2729
65 58 2158
65 5 5901
65 55 1035
65 25 939
65 22 5393
65 53 4679
65 62 340
65 16 2756
65 17 1274
65 7 5182
65 10 3153
65 38 4895
65 47 4706
65 19 5420
65 36 5354
65 23 1935
65 54 2786
65 72 3291
65 39 3834
65 50 3591
65 24 1166
65 46 5646
65 34 3171
66 45 2106
66 51 626
66 56 4858
66 38 802
66 22 4063
66 19 3848
66 34 6207
66 64 1626
66 6 2249
66 47 5312
66 9 4645
66 21 4766
66 46 1558
66 43 2454
66 50 4607
66 8 3689
66 58 405
66 18 1081
66 59 5532
66 44 2634
66 4 3324
66 14 1773
66 39 1664
66 31 587
66 28 5436
66 40 183
66 3 4857
66 25 1192
66 49 79
66 35 5615
66 24 1603
66 54 2301
66 15 1754
66 62 1056
66 73 5552
66 69 2811
66 32 5472
66 55 4229
66 53 5742
66 13 3609
66 57 688
66 7 2960
66 16 3647
66 2 2621
66 11 4726
66 27 5674
66 60 1435
66 72 5058
66 41 2628
66 68 2567
66 75 542
66 12 4319
66 42 4963
66 67 4473
66 26 3180
66 10 685
66 71 6294
66 29 4315
66 63 603
66 65 2991
67 27 5169
67 13 5550
67 64 5598
67 32 4818
67 33 1662
67 72 5121
67 8 2772
67 14 4543
67 11 4900
67 34 4621
67 2 1140
67 69 5284
67 36 1492
67 52 3103
67 19 424
67 10 3937
67 5 202
67 24 5478
67 43 1456
67 60 2828
67 46 2934
67 75 3904
67 71 1598
67 16 5117
67 51 1079
67 50 927
67 62 1302
67 18 5757
67 47 4613
67 4 5046
67 42 5622
67 15 985
67 74 5014
67 9 3227
67 70 3735
67 73 2530
67 63 3670
67 48 3016
67 22 1847
67 58 2723
67 45 3721
67 28 2913
67 31 2758
67 65 5090
67 12 496
67 30 3948
67 37 765
67 1 4459
67 38 6090
67 29 5645
67 39 425
67 49 2289
68 40 3498
68 63 263
68 57 811
68 71 2568
68 7 2394
68 69 733
68 46 2575
68 21 2012
68 62 4943
68 44 1394
68 19 306
68 56 4841
68 36 1737
68 4 921
68 28 840
68 73 5914
68 72 2461
68 38 3505
68 45 5409
68 66 3142
68 3 253
68 59 4670
68 23 3521
68 42 93
68 17 970
68 20 5765
68 43 3675
68 9 4626
68 52 297
68 60 5584
68 27 3618
68 65 3375
68 61 3276
68 22 2400
68 11 4925
68 15 1916
68 55 2322
68 53 1678
68 33 3613
68 34 2438
68 39 3027
68 2 3719
68 75 3620
68 6 3168
68 5 1317
68 67 2166
68 35 4239
68 14 5476
68 58 5092
68 54 3409
68 51 2930
68 12 3334
68 24 4046
68 48 3827
68 50 5933
68 31 84
68 37 6262
68 10 1934
68 30 5962
68 8 6007
68 18 2951
68 29 2757
68 47 5555
69 55 2744
69 14 4
69 64 4446
69 20 907
69 30 3286
69 62 599
69 39 5608
69 3 1467
69 67 699
69 57 1425
69 53 6158
69 56 1218
69 60 1653
69 59 5711
69 13 5240
69 45 256
69 74 4199
69 73 5127
69 23 3399
69 51 4609
69 24 2369
69 33 2199
69 16 1115
69 66 2871
69 42 1609
69 54 3210
69 41 3147
69 75 5861
69 25 6218
69 68 4893
69 36 86
69 9 1779
69 27 4778
69 40 2265
69 12 3411
69 38 2750
69 72 4760
69 63 2908
69 4 5196
69 10 2377
69 46 2928
69 71 349
69 47 1844
69 28 1802
69 17 2532
69 32 905
69 70 5660
69 5 883
69 7 4792
69 44 2717
70 19 513
70 67 4159
70 31 5893
70 13 3192
70 6 1083
70 1 3979
70 40 4911
70 75 6218
70 21 3731
70 48 3112
70 45 1128
70 68 1159
70 58 5519
70 12 1235
70 26 3103
70 63 6175
70 4 1475
70 8 2651
70 61 5078
70 33 2764
70 34 3774
70 71 5127
70 60 1156
70 38 3898
70 64 4868
70 44 4194
70 42 752
70 37 6107
70 39 378
70 49 4906
70 65 3512
70 14 4035
70 41 5449
70 54 3666
70 72 3007
70 5 3753
70 20 4285
70 53 2722
70 10 1249
70 59 2055
70 50 3843
70 23 6182
70 18 6277
70 15 2156
70 51 3346
70 7 3672
70 35 2085
70 9 5169
70 25 3062
70 74 4710
70 16 2432
70 73 4299
70 29 4872
70 56 3555
70 17 2628
70 22 3125
70 2 6145
71 42 663
71 58 4967
71 19 4101
71 36 2068
71 6 381
71 11 101
71 69 3641
71 55 1846
71 22 4851
71 56 3168
71 2 3103
71 13 1023
71 52 5692
71 32 5670
71 23 5727
71 34 2719
71 53 4925
71 70 3397
71 4 1717
71 64 3463
71 28 2095
71 66 5586
71 54 1543
71 47 5508
71 33 5114
71 20 519
71 67 1637
71 61 2711
71 18 2741
71 16 5912
71 35 1539
71 74 167
71 60 4940
71 44 288
71 14 2796
71 15 4192
71 40 3752
71 73 6079
71 49 5182
71 37 5687
71 50 441
71 65 1824
71 3 2013
71 46 2425
71 26 3440
71 30 3618
71 62 2790
71 21 5435
71 25 3587
71 51 3537
71 1 2101
71 72 4879
71 63 4793
71 59 2691
71 41 2344
71 5 3271
71 24 3503
71 10 3946
71 39 1371
71 29 2907
71 27 684
71 57 3713
72 17 2389
72 45 5825
72 43 5452
72 3 3258
72 30 3497
72 33 4621
72 63 3592
72 11 1898
72 55 2844
72 22 6178
72 19 921
72 40 3167
72 38 1704
72 16 3638
72 73 2985
72 12 5748
72 60 4019
72 67 5885
72 35 5391
72 15 4005
72 62 3380
72 53 1405
72 75 4739
72 21 5338
72 26 6184
72 24 4576
72 37 2167
72 48 881
72 5 3293
72 42 4028
72 68 4406
72 52 5337
72 23 4254
72 18 4212
72 61 1755
72 4 997
72 20 4424
72 70 4438
72 1 1223
72 34 769
72 8 651
72 25 4188
72 69 3905
72 14 4434
72 54 2308
72 47 2063
72 27 4764
72 10 4897
72 59 2883
73 42 5826
73 50 2477
73 24 3547
73 69 4686
73 18 3836
73 6 662
73 14 862
73 61 5980
73 4 2365
73 51 954
73 13 5648
73 7 1796
73 15 3318
73 60 1135
73 44 4205
73 68 5367
73 29 4047
73 17 5509
73 54 327
73 31 4721
73 33 879
73 10 6000
73 65 537
73 46 2276
73 20 2122
73 38 5924
73 12 1137
73 63 2171
73 30 472
73 35 327
73 34 4288
73 9 4919
73 27 2883
73 21 5749
73 71 1866
73 37 6292
73 75 522
73 57 4133
73 41 3345
73 58 2827
73 1 1890
73 11 575
73 52 4523
73 28 4508
73 53 3641
73 16 5753
73 25 4257
73 56 3381
73 67 96
73 55 4423
73 48 2874
73 59 6254
73 49 3946
73 72 4230
73 47 3601
73 32 4904
73 45 6258
73 70 2553
73 62 89
73 26 1827
73 39 5434
74 15 2369
74 12 5872
74 6 1590
74 39 930
74 11 1329
74 1 2432
74 35 2257
74 25 1881
74 75 2410
74 33 4477
74 69 2211
74 16 2305
74 53 385
74 26 2255
74 7 589
74 57 1722
74 22 1288
74 36 3347
74 8 3101
74 47 3261
74 52 3353
74 38 6114
74 43 311
74 45 3532
74 24 6185
74 21 4190
74 5 5073
74 3 2279
74 58 3526
74 28 4589
74 68 3090
74 66 5117
74 64 4717
74 60 4246
74 55 3837
74 63 2234
74 14 1533
74 54 5082
74 62 854
74 9 2894
74 42 1509
74 29 3514
74 65 931
74 41 6219
74 59 1619
74 72 355
74 73 1644
74 71 1126
74 27 2196
74 13 5494
74 34 5283
74 67 909
74 56 4491
74 32 2486
74 61 5617
74 18 3581
74 10 4910
74 23 246
74 51 3484
74 4 1663
75 59 5387
75 67 5595
75 24 5442
75 39 3738
75 34 2280
75 31 924
75 30 1372
75 55 5423
75 16 5948
75 12 2633
75 27 2352
75 71 4929
75 43 3511
75 17 2463
75 37 2246
75 56 25
75 19 1312
75 6 3213
75 45 59
75 53 754
75 32 3792
75 74 2309
75 58 3233
75 65 6158
75 36 4012
75 41 2352
75 69 5215
75 49 4172
75 40 4934
75 57 2058
75 33 4141
75 47 4464
75 61 3430
75 64 628
75 52 2177
75 21 49
75 3 3040
75 22 2958
75 11 3032
75 46 5741
75 62 5653
75 35 3959
75 60 4041
75 15 3245
75 4 4305
75 13 386
75 2 2960
75 73 1561
75 10 3288
75 25 1444
75 20 5556
75 26 98
75 51 4230
75 48 2249
75 38 1473
75 23 2359
