75 4200
1 19 658
1 8 3492
1 59 3572
1 58 3394
1 42 4484
1 25 2061
1 44 850
1 43 2722
1 33 5307
1 7 205
1 51 2961
1 49 3743
1 2 5279
1 32 710
1 63 2490
1 10 480
1 41 1677
1 70 5882
1 35 175
1 65 3063
1 74 1300
1 28 3458
1 60 4024
1 9 2147
1 46 3273
1 62 880
1 12 6297
1 30 6153
1 69 2621
1 40 6084
1 31 5681
1 61 1982
1 22 1847
1 39 1015
1 64 1234
1 26 1804
1 29 1302
1 5 282
1 14 3297
1 66 3036
1 53 826
1 47 5795
1 18 5786
1 34 1863
1 16 3477
1 17 2274
1 27 1568
1 15 5564
1 56 1788
1 75 3980
1 45 5977
1 67 1130
1 24 1792
1 20 4294
1 36 1414
2 34 4402
2 9 2235
2 48 4795
2 39 4888
2 62 4575
2 54 44
2 24 5131
2 3 637
2 8 3580
2 43 655
2 31 3691
2 22 5366
2 49 1724
2 10 2424
2 25 3704
2 53 4668
2 12 5935
2 57 4569
2 29 1139
2 40 2197
2 66 5160
2 74 1730
2 50 853
2 60 3146
2 27 5747
2 59 4981
2 65 3429
2 69 2458
2 44 720
2 55 6161
2 47 5014
2 32 703
2 75 1550
2 36 2487
2 70 4568
2 18 3998
2 30 669
2 28 799
2 72 2392
2 13 4621
2 68 793
2 23 1273
2 16 410
2 58 5374
2 64 2668
2 21 3535
2 41 16
2 61 5412
2 14 4684
2 17 2252
2 20 1643
2 1 5259
2 11 1218
2 51 5109
2 71 1672
2 15 2287
2 56 4007
2 67 957
3 28 1360
3 38 4221
3 58 6040
3 65 4680
3 59 728
3 57 2814
3 63 1596
3 44 531
3 51 4469
3 53 4856
3 9 1955
3 6 6207
3 5 6220
3 43 2862
3 55 3899
3 25 4017
3 17 55
3 30 959
3 68 3903
3 4 4881
3 33 4376
3 16 872
3 21 669
3 31 264
3 11 6104
3 72 2800
3 69 2886
3 54 4590
3 12 5306
3 73 5394
3 56 4211
3 24 1630
3 36 994
3 13 1064
3 26 3927
3 66 3344
3 7 2318
3 61 3288
3 14 5496
3 35 3567
3 32 1495
3 37 4251
3 15 18
3 34 132
3 45 622
3 1 4925
3 60 226
3 47 5050
3 64 3734
3 49 756
3 22 669
4 64 1984
4 28 1168
4 56 4887
4 20 2555
4 45 2600
4 37 5267
4 74 1825
4 25 2421
4 34 2221
4 61 1847
4 48 3348
4 24 320
4 66 1633
4 55 5190
4 8 538
4 58 5671
4 73 2541
4 32 1019
4 15 1466
4 50 5368
4 3 4298
4 26 868
4 42 162
4 11 2613
4 27 486
4 39 2225
4 65 290
4 47 6299
4 9 704
4 75 1096
4 14 566
4 70 3896
4 13 5471
4 6 5822
4 33 1339
4 1 574
4 63 1401
4 19 1958
4 30 2845
4 41 2243
4 7 2775
4 29 5903
4 23 3585
4 57 5714
4 16 393
4 17 4680
4 10 5800
4 51 1479
4 53 1805
4 35 5113
4 72 184
4 21 1029
4 36 5846
4 46 4217
4 44 5859
4 60 2231
4 18 5382
4 67 3353
5 40 3780
5 69 3502
5 21 5133
5 37 4835
5 64 5084
5 36 1084
5 50 4758
5 70 4121
5 32 4267
5 15 3241
5 45 4725
5 44 5353
5 61 3527
5 11 501
5 51 5021
5 71 831
5 62 1737
5 52 2757
5 18 1228
5 30 2882
5 73 176
5 68 3896
5 53 553
5 9 3933
5 20 1062
5 12 1462
5 75 251
5 31 5261
5 55 374
5 19 3923
5 39 818
5 47 3480
5 13 4922
5 46 3709
5 41 1079
5 24 3549
5 38 2626
5 65 3184
5 58 1608
5 2 568
5 63 4715
5 48 414
5 72 4671
5 74 1644
5 8 5614
5 26 2666
5 54 3928
5 25 2612
5 29 4891
5 4 5864
5 67 5072
5 49 810
5 66 1051
5 10 763
5 33 2879
5 28 3642
5 7 4136
6 12 6094
6 35 848
6 74 4007
6 17 1170
6 4 6109
6 55 1134
6 68 2225
6 48 4265
6 19 862
6 23 5960
6 3 4054
6 37 4079
6 14 1134
6 43 2476
6 44 4559
6 60 1508
6 1 3618
6 53 4168
6 58 223
6 57 1004
6 59 2856
6 45 5248
6 65 5640
6 7 2435
6 15 444
6 47 6225
6 18 770
6 13 3712
6 75 6182
6 10 6
6 20 3773
6 41 4635
6 69 3818
6 49 6112
6 32 1851
6 5 1226
6 63 1329
6 33 4179
6 24 135
6 28 1750
6 42 392
6 66 4673
6 26 536
6 54 796
6 34 977
6 16 5599
6 56 5823
6 29 310
6 61 4317
6 52 3581
6 62 110
6 22 5706
6 64 5065
6 40 5087
6 9 3363
6 46 474
6 25 4986
6 71 5322
6 38 1211
6 73 1510
6 27 3270
7 67 5237
7 68 36
7 18 2067
7 36 1702
7 49 6137
7 19 3736
7 38 22
7 74 1390
7 1 2995
7 47 2475
7 31 3848
7 3 2693
7 25 6185
7 43 2762
7 59 6218
7 71 533
7 10 429
7 9 3202
7 51 4600
7 75 5147
7 46 6246
7 48 5426
7 20 275
7 22 5447
7 4 4451
7 44 5971
7 56 4814
7 14 4183
7 11 5226
7 15 4627
7 54 1074
7 61 1674
7 28 2906
7 39 1114
7 17 3464
7 50 3379
7 8 306
7 60 2719
7 40 4518
7 16 4095
7 72 1351
7 41 2603
7 21 1692
7 12 1697
7 30 1675
7 34 1966
7 57 2436
7 70 1382
7 65 5855
7 66 4405
7 13 4422
7 45 6299
7 5 3652
7 64 3870
7 2 3728
7 29 1776
7 55 5690
7 24 4518
7 37 6085
7 52 5923
7 26 2396
8 24 674
8 17 2453
8 19 4518
8 43 1467
8 27 61
8 20 1345
8 2 3551
8 70 2977
8 34 3277
8 14 822
8 60 5594
8 18 5496
8 47 1868
8 1 2495
8 44 6200
8 13 2385
8 68 2866
8 6 4397
8 51 5257
8 56 482
8 72 5619
8 21 858
8 42 5186
8 9 1802
8 54 2379
8 69 206
8 48 5543
8 64 2610
8 22 1973
8 28 51
8 53 276
8 25 5931
8 5 2657
8 74 5377
8 37 2847
8 75 3260
8 66 3542
8 55 3983
8 63 5388
8 10 2524
8 33 3846
8 30 1567
8 7 4496
8 31 2691
8 49 5765
8 58 4030
8 71 5482
8 67 238
8 52 1736
8 16 2838
8 35 1444
8 46 2189
8 26 2525
8 73 678
8 4 5774
8 11 4192
8 15 2223
8 39 2720
9 21 3890
9 58 32
9 18 3165
9 56 5125
9 34 4045
9 37 2058
9 45 501
9 75 4135
9 40 1223
9 22 2652
9 49 76
9 29 6211
9 33 7
9 16 2184
9 68 4521
9 27 2906
9 43 6285
9 24 2732
9 52 4797
9 12 3809
9 62 3910
9 53 4196
9 1 3693
9 7 79
9 6 545
9 36 1631
9 70 6220
9 5 1500
9 55 1933
9 67 2133
9 32 4167
9 17 4117
9 69 757
9 2 1765
9 35 5639
9 20 5346
9 46 1630
9 63 3711
9 42 4463
9 50 202
9 57 3571
9 31 2541
9 54 2915
9 15 3759
9 28 2858
9 47 2868
9 61 1566
9 8 3038
9 66 2147
9 48 4906
9 13 136
9 10 3189
9 60 1825
10 59 5855
10 48 1714
10 8 4621
10 20 1775
10 21 1536
10 53 2640
10 74 6102
10 34 3775
10 57 2220
10 23 5956
10 56 5985
10 38 107
10 70 4572
10 17 4317
10 73 1696
10 54 1673
10 65 1986
10 51 448
10 14 4525
10 55 728
10 33 5964
10 11 2858
10 25 752
10 42 6020
10 45 3094
10 22 265
10 5 1399
10 43 1068
10 62 3241
10 24 4826
10 67 3445
10 35 5332
10 31 1562
10 27 4098
10 68 2780
10 72 3045
10 30 2878
10 63 3312
10 37 2891
10 58 386
10 7 3851
10 50 776
10 4 4788
10 61 3936
10 12 3093
10 19 5704
10 44 3429
10 2 712
10 3 4232
10 40 327
10 13 5799
10 32 6227
10 49 213
10 1 2098
10 28 2147
10 6 868
10 18 2547
11 62 5257
11 60 1306
11 15 3856
11 19 2732
11 54 1224
11 33 3402
11 51 2850
11 53 5422
11 73 1662
11 20 3143
11 67 2772
11 43 1934
11 1 4411
11 64 5364
11 52 3200
11 7 199
11 8 4171
11 5 104
11 18 2064
11 58 1551
11 31 1308
11 68 1327
11 56 5877
11 37 2415
11 24 678
11 47 3035
11 46 3043
11 72 6034
11 30 3798
11 65 5088
11 27 3896
11 40 4428
11 49 6286
11 21 1035
11 4 2286
11 41 229
11 59 1192
11 75 4424
11 35 326
11 70 1781
11 69 4196
11 74 561
11 22 635
11 26 3951
11 48 4808
11 63 5540
11 61 3252
11 44 3244
11 3 1677
11 23 449
11 13 2011
11 28 74
11 42 212
11 32 3328
11 38 1600
11 6 4622
12 28 1535
12 31 4705
12 10 5698
12 25 729
12 26 1342
12 16 4160
12 38 5363
12 37 2087
12 13 1244
12 18 5285
12 67 4325
12 70 2303
12 19 4739
12 22 3757
12 47 2169
12 8 2130
12 40 5418
12 4 6137
12 5 4335
12 61 2837
12 11 1381
12 59 2766
12 15 418
12 2 2803
12 49 1377
12 50 4660
12 71 2880
12 6 191
12 68 6043
12 73 4486
12 72 2376
12 24 98
12 53 3903
12 34 4893
12 60 6058
12 55 1329
12 64 2805
12 20 1183
12 23 4163
12 30 333
12 1 3136
12 35 5887
12 44 1546
12 74 3696
12 41 5008
12 27 5277
12 14 3087
12 9 3073
12 7 6010
12 29 4932
13 51 1054
13 33 1295
13 45 1396
13 41 682
13 52 3281
13 61 2825
13 5 3941
13 54 4491
13 56 1996
13 19 312
13 9 2584
13 4 1118
13 57 1357
13 73 860
13 22 4878
13 17 2509
13 55 909
13 65 4226
13 6 4695
13 75 5095
13 62 692
13 28 5376
13 68 4437
13 1 4468
13 15 1796
13 60 1510
13 42 3040
13 71 3165
13 69 5517
13 67 4616
13 21 5107
13 2 5257
13 35 5317
13 3 583
13 20 2609
13 8 2713
13 58 3865
13 30 5191
13 11 5692
13 34 77
13 7 5598
13 27 2145
13 53 4308
13 38 2487
13 32 5899
13 18 861
13 16 1031
13 10 3091
13 14 3702
13 74 1272
13 72 2292
13 36 1942
13 50 2115
13 39 5965
13 46 187
13 44 5057
14 54 976
14 30 5966
14 74 3754
14 42 3249
14 57 351
14 70 825
14 21 5742
14 6 2811
14 3 3789
14 61 1525
14 1 4537
14 45 3164
14 26 3159
14 66 2021
14 37 5529
14 36 5011
14 60 3232
14 46 1314
14 50 5443
14 75 5488
14 32 1008
14 72 2093
14 7 5265
14 27 5309
14 9 4157
14 69 6294
14 71 1634
14 38 2326
14 22 3153
14 58 5731
14 62 4699
14 56 5260
14 11 4650
14 55 1687
14 23 962
14 34 3874
14 73 5299
14 17 555
14 53 1558
14 48 2367
14 2 5203
14 49 1948
14 33 2408
14 4 4585
14 12 656
14 20 3041
14 65 1772
14 10 2945
14 51 5781
14 39 4257
14 63 5888
14 29 1397
14 31 149
14 24 3681
14 44 1152
14 40 6138
15 62 2308
15 50 6173
15 34 815
15 43 4486
15 19 3352
15 12 2204
15 4 3892
15 73 306
15 11 2307
15 17 4504
15 39 2932
15 14 3121
15 16 1503
15 30 3754
15 47 3979
15 58 3115
15 35 3548
15 56 1538
15 40 2308
15 25 1352
15 64 3222
15 6 4833
15 2 4778
15 71 726
15 38 1502
15 72 2938
15 44 1649
15 41 799
15 52 2217
15 20 437
15 27 4472
15 48 822
15 33 3664
15 54 4583
15 70 4011
15 24 1930
15 67 3857
15 46 3513
15 21 6123
15 66 1411
15 49 1346
15 18 325
15 10 5576
15 63 4966
15 23 2870
15 45 985
15 75 5804
15 59 684
15 32 4087
15 42 4579
15 74 436
16 17 4736
16 52 4910
16 71 2337
16 34 4406
16 44 4328
16 8 163
16 32 5459
16 3 239
16 65 2288
16 48 1386
16 37 1175
16 20 4393
16 18 2278
16 35 5940
16 9 4436
16 19 4427
16 47 3303
16 1 5293
16 49 153
16 38 2783
16 13 3925
16 29 3420
16 41 1130
16 60 3824
16 51 1453
16 61 1241
16 67 2459
16 2 5758
16 63 6163
16 7 950
16 26 224
16 31 5875
16 28 6003
16 70 5373
16 43 2962
16 6 3433
16 72 150
16 74 1760
16 50 5902
16 46 3382
16 64 5945
16 25 412
16 24 4603
16 27 1434
16 14 2326
16 66 3589
16 15 6203
16 4 6035
16 21 982
16 10 2284
16 5 589
16 53 6032
16 45 778
16 73 4724
16 55 2715
16 58 2382
17 33 3524
17 13 4919
17 22 2069
17 73 2999
17 27 5152
17 62 2371
17 69 5630
17 21 834
17 54 2473
17 19 1101
17 60 6139
17 42 1713
17 56 3239
17 63 4336
17 18 3110
17 75 351
17 47 5752
17 67 5682
17 36 960
17 20 1061
17 7 343
17 64 212
17 28 1369
17 44 6132
17 58 3611
17 16 1304
17 72 4710
17 57 960
17 2 2604
17 34 2938
17 66 3803
17 68 1910
17 25 3305
17 10 3439
17 71 6164
17 14 1456
17 12 99
17 9 620
17 29 2274
17 40 5823
17 24 2853
17 32 1314
17 1 2882
17 23 2297
17 70 1445
17 15 5456
17 6 5391
17 38 11
17 8 4523
17 52 4535
17 53 3187
17 48 6278
17 55 2603
17 50 196
17 74 964
17 46 794
17 49 2768
17 65 2817
17 35 2131
17 5 4397
17 39 4617
18 31 3879
18 47 5996
18 43 2546
18 33 5507
18 75 1367
18 20 2615
18 41 5004
18 30 3167
18 24 1830
18 72 1839
18 8 894
18 7 6103
18 6 1869
18 25 4884
18 40 1064
18 63 6244
18 42 5662
18 61 1384
18 44 5263
18 69 3425
18 35 5061
18 54 4502
18 66 5224
18 64 5174
18 73 4001
18 70 2508
18 21 4758
18 15 3108
18 27 1061
18 53 3444
18 59 4327
18 71 6245
18 50 2574
18 23 768
18 9 5947
18 26 480
18 5 954
18 29 1094
18 19 6185
18 62 4920
18 34 3249
18 22 3581
18 46 3701
18 2 3121
18 67 1032
18 68 1366
18 55 4879
18 49 5038
18 45 5372
18 12 2257
18 1 1904
18 58 1407
18 16 1057
18 60 476
18 13 5928
18 39 3436
19 33 206
19 65 6166
19 23 2205
19 46 1950
19 6 4723
19 14 5981
19 74 4486
19 62 5221
19 34 926
19 5 3073
19 32 4506
19 37 2734
19 18 1639
19 38 1077
19 31 2763
19 11 5072
19 75 6042
19 21 5208
19 61 3719
19 27 3926
19 58 4285
19 57 4792
19 7 1930
19 36 4410
19 28 5265
19 56 6239
19 52 492
19 25 46
19 63 3228
19 30 5395
19 24 81
19 43 1087
19 50 170
19 53 3957
19 22 4660
19 67 5245
19 41 3789
19 15 14
19 51 5263
19 3 6212
19 54 363
19 39 5341
19 4 121
19 60 1900
19 35 6149
19 69 2962
19 64 5945
19 71 4389
19 16 5072
19 40 516
19 26 2329
19 42 1660
19 29 538
19 48 3972
19 9 4968
19 72 6264
19 49 4267
20 30 5131
20 45 2922
20 12 3229
20 59 646
20 35 4020
20 41 2706
20 1 3488
20 46 5071
20 52 5132
20 26 1609
20 54 4455
20 56 3954
20 24 523
20 19 2239
20 72 3025
20 33 3274
20 38 3665
20 14 1651
20 29 5348
20 57 1475
20 5 3394
20 71 2665
20 36 470
20 13 1274
20 53 5168
20 25 5436
20 37 5399
20 40 954
20 70 5761
20 17 880
20 6 3272
20 39 1074
20 68 1352
20 4 2359
20 27 4310
20 31 817
20 60 1988
20 67 5595
20 44 1251
20 23 4308
20 32 5672
20 65 4310
20 28 1841
20 18 3980
20 15 1426
20 43 4671
20 50 5036
20 51 481
20 3 2808
20 47 2223
20 74 2418
20 55 3627
20 73 1764
20 61 3687
20 10 4093
20 8 469
20 21 5221
21 6 6012
21 14 2390
21 2 5145
21 29 1178
21 10 2314
21 4 3167
21 38 3834
21 75 1493
21 35 5853
21 56 5284
21 70 2630
21 72 6159
21 33 2157
21 55 1949
21 8 5674
21 36 3132
21 59 622
21 25 2590
21 7 5566
21 53 3234
21 19 4429
21 18 6038
21 44 2484
21 5 5499
21 31 6162
21 66 790
21 57 5737
21 45 2496
21 65 101
21 49 4783
21 23 1725
21 54 5558
21 51 1000
21 41 3680
21 3 5950
21 15 769
21 73 3860
21 9 5198
21 58 2681
21 46 4976
21 30 3992
21 13 319
21 26 1220
21 40 3221
21 27 5678
21 63 2879
21 48 3327
21 11 5368
21 71 1634
21 17 6143
21 60 3008
21 39 1221
21 68 5903
21 37 1472
21 69 5738
21 43 755
21 16 2534
21 61 2298
21 20 5202
21 32 5345
21 34 1240
21 1 2848
22 59 5346
22 68 3948
22 14 4131
22 62 4620
22 2 4638
22 7 4380
22 17 3886
22 43 2577
22 75 84
22 24 4944
22 47 5173
22 63 2957
22 11 1957
22 69 5333
22 52 1653
22 33 3726
22 5 585
22 19 5367
22 71 4994
22 39 343
22 21 3409
22 26 4617
22 51 80
22 12 4743
22 67 2991
22 72 6222
22 53 5457
22 15 1943
22 42 2964
22 30 1430
22 36 766
22 58 39
22 37 5323
22 48 3718
22 9 395
22 35 3827
22 34 1090
22 38 6060
22 23 395
22 13 6293
22 31 590
22 44 3634
22 3 1906
22 28 4605
22 60 695
22 65 3457
22 61 2681
22 8 4761
22 6 5115
22 25 3916
22 55 632
22 45 3988
22 66 5586
22 16 5648
23 33 1831
23 59 473
23 29 5233
23 19 1141
23 30 2487
23 20 1678
23 8 5739
23 10 3877
23 72 4412
23 35 2630
23 9 2165
23 48 3840
23 24 555
23 14 2806
23 3 5688
23 25 4879
23 69 5147
23 53 3848
23 65 6045
23 55 5486
23 58 791
23 64 2484
23 68 1943
23 66 3919
23 5 1582
23 52 950
23 71 4742
23 4 3714
23 44 1201
23 26 1149
23 37 5191
23 6 5755
23 17 3679
23 28 1068
23 63 1429
23 39 1706
23 47 5883
23 21 5493
23 43 3080
23 36 1611
23 70 3915
23 49 1534
23 42 498
23 13 5536
23 51 2323
23 16 2877
23 62 2482
23 38 2536
23 45 4895
23 73 3842
23 27 13
23 1 2506
23 32 295
23 56 1225
23 7 5341
23 22 6216
23 41 5854
23 46 5282
23 34 596
23 57 6206
23 15 5507
23 67 916
24 67 470
24 29 1530
24 69 5097
24 52 5102
24 66 1542
24 51 1940
24 40 1566
24 13 569
24 70 3222
24 75 4047
24 34 1858
24 38 4143
24 1 4761
24 10 1559
24 68 5189
24 53 984
24 27 3562
24 60 1999
24 73 169
24 74 6221
24 5 5932
24 63 3044
24 36 1659
24 28 3754
24 23 5906
24 61 5101
24 21 5395
24 12 1007
24 64 5849
24 62 1188
24 9 2790
24 57 2884
24 18 5765
24 15 5950
24 56 97
24 14 2820
24 49 3688
24 65 1294
24 55 5942
24 41 5132
24 8 4308
24 48 3481
24 54 1785
24 59 3982
24 39 2915
24 71 1575
24 47 5937
24 33 1599
24 45 1183
24 26 2196
24 25 3138
24 17 3806
24 3 3039
24 22 3983
24 4 3323
24 35 5466
25 23 3233
25 57 1887
25 11 5595
25 48 200
25 1 295
25 54 4201
25 21 1723
25 51 2825
25 3 1585
25 13 5290
25 29 5014
25 49 784
25 39 3255
25 64 5091
25 33 3066
25 66 5090
25 4 5134
25 20 4819
25 44 6159
25 69 862
25 75 877
25 28 151
25 52 3327
25 40 4948
25 70 3904
25 24 3252
25 55 1146
25 58 5993
25 27 1786
25 62 2087
25 7 4415
25 16 2527
25 5 1644
25 32 6233
25 56 99
25 73 4846
25 42 322
25 2 6127
25 43 5265
25 15 4870
25 67 5104
25 22 4472
25 41 5665
25 14 5683
25 37 5111
25 17 794
25 45 2807
25 59 134
25 30 4227
25 38 4940
25 34 5076
26 22 66
26 4 2247
26 63 1149
26 18 1851
26 5 4521
26 30 5000
26 71 4218
26 8 590
26 6 3545
26 9 5298
26 43 250
26 61 2707
26 53 3631
26 7 1664
26 24 6066
26 41 2267
26 13 3775
26 72 5699
26 12 5443
26 47 275
26 2 5482
26 34 54
26 16 589
26 56 6031
26 52 3069
26 45 5734
26 11 1317
26 33 5441
26 39 4640
26 70 5989
26 29 3353
26 23 6034
26 67 1751
26 73 4939
26 48 470
26 32 5581
26 20 1301
26 59 5173
26 15 5530
26 49 4838
26 40 3843
26 25 90
26 14 3374
26 75 2233
26 17 2122
26 62 3643
26 35 288
26 21 2207
26 31 3305
26 28 3138
26 58 1835
26 69 3218
26 3 563
26 64 3462
26 10 71
26 74 3777
26 51 4731
26 27 1899
26 36 1079
26 1 3711
27 68 3191
27 49 1941
27 10 4539
27 75 801
27 72 5404
27 18 2646
27 31 3637
27 63 3590
27 26 1765
27 41 5907
27 46 4608
27 38 5602
27 33 591
27 15 4916
27 25 2516
27 22 857
27 44 2156
27 3 4916
27 67 3832
27 29 2777
27 39 4481
27 20 5137
27 40 106
27 59 2594
27 23 2454
27 36 135
27 54 2261
27 14 2583
27 57 1049
27 43 2639
27 51 6066
27 5 3379
27 11 4729
27 71 2571
27 69 4314
27 66 4027
27 9 2828
27 47 2315
27 64 1151
27 60 3271
27 55 2307
27 16 4505
27 32 2485
27 37 3347
27 8 1410
27 24 3996
27 6 3039
27 12 1411
27 2 5841
27 62 1253
27 50 2847
27 28 2566
27 4 2139
27 35 1496
27 61 4089
27 53 512
28 36 1289
28 17 576
28 35 156
28 41 4487
28 60 2906
28 75 356
28 1 3988
28 13 4878
28 62 5988
28 66 1475
28 73 1128
28 52 6002
28 70 2485
28 11 237
28 65 5748
28 18 3742
28 24 170
28 59 3506
28 58 4224
28 39 4993
28 31 3365
28 6 3815
28 34 3864
28 68 5465
28 33 163
28 54 4048
28 32 6130
28 57 3248
28 38 4886
28 61 5742
28 44 315
28 71 5538
28 55 1832
28 3 954
28 16 1624
28 25 111
28 45 1771
28 15 1117
28 26 6291
28 53 1652
28 23 3777
28 63 1395
28 74 516
28 37 6294
28 12 4649
28 51 6158
28 67 544
28 21 3725
28 46 4338
28 5 5674
28 9 2480
28 10 5419
28 19 5719
28 42 1388
28 47 3017
28 64 5617
28 22 4132
28 20 2325
28 69 5924
28 2 2682
28 7 655
29 75 412
29 41 4809
29 8 4642
29 26 4307
29 16 5907
29 7 1619
29 34 3767
29 35 4777
29 46 4727
29 68 6199
29 57 953
29 45 3652
29 44 5178
29 24 3738
29 74 5268
29 1 3610
29 39 1392
29 67 2883
29 64 4715
29 48 1067
29 49 1914
29 20 6042
29 3 3710
29 69 349
29 23 581
29 61 536
29 19 4084
29 42 2112
29 21 1004
29 38 2120
29 40 4880
29 13 771
29 11 288
29 32 2007
29 47 2662
29 73 1422
29 27 4107
29 12 5793
29 31 4942
29 43 1252
29 14 5544
29 30 5277
29 50 5886
29 17 1224
29 52 6245
29 60 5011
29 18 2195
29 4 4721
29 58 2258
29 22 2723
30 10 1883
30 26 327
30 41 5077
30 68 1629
30 46 5473
30 3 1808
30 62 2782
30 22 786
30 48 574
30 45 2615
30 17 822
30 69 2886
30 39 1147
30 36 3511
30 9 4823
30 61 4077
30 37 6016
30 56 3767
30 19 4904
30 7 6212
30 51 4579
30 40 5469
30 14 3009
30 57 3472
30 43 1511
30 20 3451
30 60 2805
30 73 291
30 38 119
30 49 4929
30 70 5186
30 59 861
30 55 4888
30 42 3804
30 67 4614
30 8 958
30 11 314
30 74 3944
30 71 926
30 72 5516
30 31 4419
30 50 1965
30 34 140
30 64 6274
30 33 5594
30 47 5880
30 35 6174
30 1 2867
30 4 3823
30 63 4733
30 12 1191
30 13 4763
30 5 2382
30 15 1462
30 54 1534
30 27 2969
30 23 6095
31 22 2061
31 33 5280
31 24 4896
31 43 3687
31 65 5309
31 40 233
31 66 5749
31 48 1888
31 20 3001
31 41 2922
31 15 5311
31 37 722
31 4 4249
31 17 3602
31 19 3869
31 29 2070
31 16 1911
31 42 5721
31 32 1733
31 38 54
31 6 2154
31 27 3154
31 63 1345
31 51 433
31 3 2550
31 61 5117
31 56 2466
31 12 5252
31 45 3119
31 1 4557
31 49 3947
31 23 1584
31 21 3932
31 52 4730
31 5 2765
31 59 3305
31 25 3768
31 50 2765
31 69 211
31 68 1590
31 58 1179
31 71 3567
31 62 5093
31 13 4169
31 9 591
31 60 3609
31 47 4653
31 34 1092
31 72 4521
31 36 5302
31 46 1755
31 73 4010
31 64 2845
31 70 1703
31 2 4713
31 28 4550
31 75 5530
31 55 635
31 57 2924
31 74 1486
31 10 4775
32 55 2905
32 67 4237
32 69 1678
32 45 469
32 5 2857
32 14 1714
32 44 3075
32 4 4057
32 60 1768
32 20 5413
32 31 2185
32 18 4538
32 73 2718
32 75 5571
32 71 2409
32 40 5390
32 28 3294
32 52 5789
32 46 1673
32 57 975
32 1 5308
32 43 5037
32 38 1583
32 66 1949
32 9 1413
32 63 3293
32 36 5567
32 22 5701
32 23 3145
32 47 1696
32 48 4659
32 37 4619
32 16 4327
32 8 218
32 50 4593
32 21 603
32 24 3704
32 30 764
32 70 5678
32 26 3229
32 68 2517
32 19 341
32 10 2219
32 62 3575
32 59 4864
32 49 2108
32 12 722
32 29 3047
32 7 863
32 65 4219
32 39 2714
32 51 5578
32 33 3967
32 72 3505
32 42 2641
32 41 3358
32 34 67
33 37 2943
33 56 6118
33 39 2493
33 36 2600
33 18 1197
33 16 2705
33 19 4307
33 61 953
33 59 5062
33 24 3336
33 10 4965
33 70 4811
33 54 2845
33 32 1946
33 35 3468
33 63 5011
33 40 6137
33 13 3132
33 23 551
33 28 4826
33 75 3592
33 17 6016
33 58 6280
33 47 173
33 11 3867
33 49 4923
33 51 5917
33 22 5494
33 45 3861
33 29 1849
33 25 3618
33 46 1870
33 27 1005
33 71 2458
33 38 1400
33 4 1147
33 6 965
33 15 5968
33 73 485
33 3 5839
33 52 376
33 14 780
33 2 6138
33 31 4656
33 8 5469
33 69 6193
33 43 580
33 50 5996
33 30 5692
33 48 238
33 21 1051
33 68 1830
33 53 1468
33 42 836
33 9 188
33 55 5195
33 20 1638
33 57 1532
33 44 4691
34 11 4306
34 29 183
34 6 2761
34 13 4103
34 58 5876
34 51 5621
34 67 4600
34 32 1747
34 39 2415
34 23 595
34 15 4962
34 21 287
34 25 3221
34 70 848
34 16 2652
34 26 2545
34 36 3364
34 54 264
34 52 6283
34 24 1627
34 56 2522
34 27 6242
34 59 632
34 4 4517
34 69 884
34 31 2020
34 44 1412
34 62 5538
34 74 4061
34 20 2275
34 1 2802
34 38 6049
34 49 1866
34 50 3823
34 8 2555
34 68 5281
34 47 14
34 14 1741
34 45 173
34 73 2710
34 22 3206
34 19 3218
34 17 4263
34 53 4449
34 41 2588
34 3 2031
34 5 4343
34 33 3041
34 61 4731
34 65 4705
34 9 3285
34 64 778
34 18 1255
34 30 137
34 71 2950
34 66 2731
34 12 5888
34 48 4666
35 66 3294
35 63 3953
35 49 4325
35 59 1841
35 14 3848
35 15 6001
35 47 6129
35 30 4099
35 43 2280
35 24 6024
35 61 77
35 68 3107
35 64 6287
35 40 5703
35 53 1493
35 55 2732
35 23 2000
35 58 2035
35 19 1788
35 74 2881
35 67 2645
35 70 6234
35 50 4771
35 36 6011
35 33 4195
35 8 3785
35 22 4411
35 3 4196
35 60 5993
35 75 3863
35 39 5459
35 42 2634
35 1 3281
35 38 2101
35 29 1303
35 54 825
35 72 1612
35 45 4847
35 2 4602
35 27 2660
35 52 132
35 71 4992
35 25 3033
35 28 6254
35 46 3424
35 7 1241
35 18 1960
35 31 3434
35 16 5057
35 73 5344
35 44 5509
35 56 4663
35 13 1752
35 5 5859
35 26 6275
35 65 5022
35 32 6140
35 20 1100
35 6 3460
36 6 4847
36 48 1186
36 9 4333
36 39 4499
36 33 1829
36 72 1387
36 61 1174
36 54 5984
36 21 3736
36 2 5633
36 46 1181
36 64 2210
36 8 772
36 11 3314
36 18 4490
36 66 1058
36 62 4610
36 56 1587
36 47 244
36 32 2987
36 58 819
36 69 4508
36 12 5527
36 44 5165
36 17 1252
36 28 1650
36 53 1311
36 68 4474
36 74 583
36 45 5096
36 22 4565
36 59 2239
36 43 2184
36 73 2249
36 52 15
36 5 5577
36 15 5929
36 23 3299
36 34 3706
36 35 1498
36 29 5059
36 4 4958
36 13 3680
36 63 2550
36 3 2280
36 42 1801
36 25 6119
36 31 2277
36 20 4522
36 55 5418
36 51 4200
36 16 551
36 75 1957
36 67 3638
36 71 1143
36 7 101
36 37 5018
36 19 473
36 40 3670
36 38 5919
37 46 1299
37 10 5184
37 2 829
37 32 4555
37 67 6135
37 22 4330
37 51 6008
37 38 3846
37 72 3710
37 75 5956
37 29 3958
37 25 1077
37 69 4193
37 26 5618
37 39 988
37 7 5810
37 53 3365
37 24 2917
37 43 5676
37 21 3070
37 23 2716
37 19 2405
37 13 5699
37 62 4463
37 71 1113
37 49 1326
37 74 2528
37 18 2946
37 11 4466
37 8 190
37 1 1469
37 73 378
37 6 3583
37 33 3308
37 28 5030
37 54 4623
37 48 4975
37 16 976
37 63 5409
37 35 5452
37 50 3863
37 3 1830
37 59 3297
37 55 5580
37 45 4342
37 61 3272
37 56 4437
37 57 23
37 17 4862
37 44 523
37 4 57
37 60 3391
37 14 4711
37 52 3753
37 41 566
37 66 4771
37 70 4345
37 34 2590
37 20 2880
38 75 5484
38 70 1651
38 43 5963
38 29 5740
38 2 4622
38 61 3056
38 68 2378
38 5 3427
38 12 1002
38 53 779
38 37 3985
38 15 2803
38 51 2580
38 72 5846
38 40 4520
38 67 2382
38 9 6092
38 73 4876
38 52 614
38 19 4240
38 24 5957
38 54 3748
38 20 5697
38 49 350
38 46 2882
38 42 3935
38 18 6048
38 69 3846
38 59 2766
38 30 2185
38 44 5474
38 31 299
38 4 5978
38 65 4643
38 34 4528
38 16 5867
38 7 2703
38 17 4149
38 32 2800
38 71 5135
38 6 4933
38 64 1148
38 11 3442
38 8 3575
38 47 344
38 56 5173
38 35 2361
38 28 1283
38 14 784
38 66 4793
38 23 3431
38 58 1225
38 57 4598
38 25 4815
38 50 5201
38 33 4192
38 48 3735
38 3 1773
38 55 5365
38 22 5125
38 1 3950
39 26 2859
39 32 2400
39 25 3877
39 50 448
39 71 2522
39 18 1956
39 10 4103
39 28 4788
39 70 1329
39 27 5775
39 14 673
39 66 1449
39 72 5037
39 22 3303
39 44 3430
39 52 5569
39 36 3972
39 8 6276
39 24 4964
39 56 2616
39 67 3957
39 29 3710
39 34 1894
39 65 2335
39 55 2940
39 68 2260
39 41 5334
39 35 1638
39 63 3192
39 11 2560
39 54 2103
39 7 2080
39 45 2069
39 6 1593
39 37 6147
39 17 499
39 16 165
39 59 485
39 74 5888
39 60 5126
39 53 1255
39 57 5993
39 75 5987
39 23 5905
39 20 6239
39 62 682
39 46 4295
39 43 1641
39 21 3208
39 13 5700
39 48 2586
39 30 4845
39 49 3967
39 15 3903
39 31 2256
39 12 3106
39 42 3304
40 56 5940
40 10 3219
40 68 631
40 37 3167
40 39 307
40 26 1082
40 70 469
40 23 5292
40 24 2396
40 65 6145
40 48 4795
40 33 1816
40 9 4204
40 57 1166
40 50 4812
40 29 5561
40 2 672
40 14 4008
40 53 4708
40 44 1570
40 47 881
40 35 5690
40 61 2649
40 58 5208
40 49 6088
40 72 111
40 28 599
40 8 4360
40 60 5062
40 6 3212
40 11 1485
40 42 5192
40 73 4210
40 13 5752
40 32 481
40 22 4237
40 21 1648
40 34 2317
40 67 398
40 16 5507
40 30 5675
40 46 240
40 25 5014
40 20 9
40 55 2395
40 27 5428
40 19 3247
40 45 6261
40 51 1827
40 1 3028
40 17 3799
40 18 5690
40 54 161
40 64 3273
40 74 105
40 62 2118
40 75 1055
41 54 1206
41 53 1627
41 24 6247
41 12 4039
41 8 4625
41 45 2950
41 19 357
41 56 3972
41 57 2599
41 60 587
41 22 345
41 28 4355
41 13 1716
41 1 1612
41 46 3187
41 48 5880
41 69 221
41 74 2504
41 65 545
41 75 4901
41 3 4026
41 66 4697
41 58 1214
41 21 5159
41 17 827
41 39 2820
41 27 5569
41 30 517
41 7 2728
41 49 4555
41 67 5110
41 61 3600
41 62 6006
41 2 2462
41 55 3202
41 5 1490
41 31 3157
41 35 1719
41 40 5435
41 50 232
41 63 2290
41 51 556
41 42 2423
41 34 3345
41 64 2229
41 73 1528
41 25 431
41 9 4903
41 43 1330
41 29 4696
41 14 5603
41 71 2965
41 72 4426
41 68 6
41 32 4178
41 38 3483
41 70 6269
41 10 2804
41 15 4319
41 52 3751
41 23 3546
42 15 5408
42 63 2674
42 45 3431
42 25 2599
42 1 1160
42 46 4447
42 31 164
42 3 3057
42 57 1507
42 67 6271
42 30 4701
42 61 2108
42 41 3342
42 51 2209
42 71 5830
42 56 1239
42 14 5801
42 52 4217
42 74 1675
42 35 6268
42 4 243
42 65 4674
42 24 4431
42 54 6022
42 72 1003
42 40 4137
42 49 5717
42 26 477
42 27 3333
42 32 2070
42 36 1584
42 13 5997
42 70 1520
42 23 1056
42 16 3911
42 69 1734
42 58 3596
42 10 5720
42 68 5369
42 59 2735
42 34 4246
42 28 3464
42 18 482
42 43 6187
42 47 429
42 22 3024
42 8 6226
42 55 3045
42 75 3928
42 9 1192
42 64 4786
42 29 4408
42 2 6179
42 19 3073
42 39 5670
42 73 6184
42 21 1306
42 5 5968
43 73 5687
43 3 6182
43 64 129
43 19 5457
43 54 5950
43 20 4450
43 28 5007
43 50 5495
43 62 4810
43 32 3933
43 53 5785
43 17 1050
43 4 66
43 44 5437
43 26 43
43 47 3425
43 8 4647
43 61 401
43 11 5152
43 15 2299
43 36 327
43 56 4086
43 33 2856
43 24 5506
43 69 4050
43 58 1603
43 6 2055
43 1 5516
43 59 3673
43 5 1684
43 21 5169
43 25 687
43 49 4952
43 45 3582
43 12 1760
43 70 2313
43 35 1113
43 27 2270
43 42 3095
43 14 4182
43 65 2380
43 57 1879
43 39 852
43 10 6258
43 52 6102
43 16 353
43 67 2366
43 66 5116
43 68 922
43 22 6116
43 29 2080
44 45 1900
44 13 436
44 64 3316
44 56 2946
44 73 1149
44 2 1850
44 4 770
44 52 3218
44 12 2957
44 49 6255
44 33 5270
44 18 2776
44 7 3162
44 26 5553
44 48 4746
44 47 1858
44 24 3864
44 68 5229
44 3 346
44 53 4412
44 63 904
44 6 4794
44 71 6038
44 15 5033
44 67 1473
44 55 2001
44 59 3398
44 46 476
44 69 2455
44 35 4371
44 75 1747
44 30 2299
44 36 4000
44 28 4263
44 8 6158
44 17 808
44 61 4177
44 34 11
44 41 1078
44 66 5535
44 54 5157
44 40 5307
44 38 3807
44 72 5077
44 5 5872
44 22 3631
44 50 4693
44 42 610
44 32 5695
44 57 3185
44 20 3935
44 23 761
44 74 3704
44 27 681
44 10 1075
44 58 1300
44 31 4422
45 61 4640
45 29 4426
45 69 4633
45 63 2901
45 65 1857
45 27 5281
45 57 2538
45 48 2058
45 33 5692
45 23 5720
45 25 2769
45 59 5684
45 20 2109
45 5 2615
45 70 1011
45 75 3906
45 24 5976
45 50 3761
45 8 2545
45 28 5526
45 67 4690
45 54 3638
45 13 5211
45 31 1988
45 19 1382
45 17 3515
45 11 3288
45 38 2820
45 7 5856
45 12 3072
45 9 1485
45 46 3014
45 37 865
45 60 3544
45 2 5845
45 44 2791
45 40 5764
45 16 782
45 15 3753
45 52 6063
45 71 4967
45 51 4333
45 47 175
45 56 1786
45 32 6074
45 49 496
45 14 4964
45 66 1594
45 10 2145
45 72 4620
45 68 3789
45 35 353
45 1 6056
45 39 6217
45 42 4584
45 41 1398
45 74 2830
46 40 1035
46 47 3456
46 37 5719
46 7 3116
46 4 4946
46 66 6227
46 59 3807
46 75 3739
46 42 2021
46 25 3443
46 27 1321
46 14 6083
46 12 804
46 31 1504
46 38 5187
46 3 4866
46 71 5654
46 70 5217
46 24 6199
46 45 1730
46 35 6197
46 73 162
46 32 3336
46 39 1411
46 19 351
46 34 3936
46 56 892
46 64 5419
46 58 1746
46 16 3590
46 65 3415
46 21 2834
46 13 1697
46 36 811
46 6 4799
46 51 890
46 72 5081
46 43 3839
46 29 1984
46 68 6146
46 54 3825
46 55 4834
46 63 5804
46 15 5491
46 61 3712
46 26 1296
46 48 4406
46 23 1344
46 20 2635
46 11 1138
47 56 1359
47 10 1417
47 19 3906
47 52 1318
47 50 1287
47 38 90
47 28 1383
47 2 3800
47 71 3595
47 43 2345
47 75 6105
47 7 1761
47 15 1972
47 26 6154
47 11 28
47 63 3153
47 21 3585
47 69 2545
47 1 4048
47 32 3114
47 73 4669
47 20 5466
47 16 1360
47 67 5299
47 6 4842
47 23 3689
47 61 5628
47 12 2720
47 58 4655
47 59 3554
47 17 4697
47 70 978
47 30 1508
47 60 51
47 37 1721
47 68 3744
47 31 2262
47 53 752
47 41 4561
47 44 4609
47 74 4795
47 39 3196
47 54 3372
47 22 4190
47 34 3049
47 45 3554
47 49 1845
47 29 4342
47 9 5474
48 63 4418
48 57 2025
48 61 5680
48 13 40
48 42 3759
48 27 1501
48 43 3455
48 66 5376
48 45 1765
48 58 4645
48 51 5936
48 73 5362
48 67 6273
48 20 2818
48 35 4778
48 22 492
48 64 4761
48 16 1670
48 29 4309
48 53 6191
48 55 4278
48 44 237
48 9 1022
48 1 4659
48 47 3491
48 65 1385
48 71 1748
48 40 5595
48 70 5433
48 50 2023
48 54 1119
48 52 1536
48 26 2104
48 33 4394
48 19 1540
48 38 1442
48 59 3861
48 32 4601
48 69 3491
48 14 1993
48 8 4648
48 12 5193
48 7 5539
48 37 5008
48 60 2484
48 6 5532
48 10 3949
48 41 328
48 4 571
48 31 5905
48 3 2944
48 30 2951
48 2 712
49 4 6221
49 59 1686
49 61 4533
49 29 6067
49 21 756
49 74 4862
49 23 3028
49 10 4267
49 13 809
49 22 1515
49 62 990
49 41 2341
49 46 5681
49 1 317
49 55 75
49 45 2771
49 35 5217
49 48 6198
49 17 1103
49 2 2526
49 33 2966
49 7 2928
49 18 2240
49 54 4653
49 64 5960
49 69 3370
49 28 789
49 9 4451
49 36 2843
49 3 2853
49 30 4482
49 15 892
49 52 3804
49 75 5694
49 67 3889
49 51 4029
49 16 107
49 12 2038
49 56 4511
49 31 774
49 63 3439
49 70 3090
49 47 1814
49 37 1414
49 39 1069
49 34 4822
49 72 2572
49 27 462
49 73 2652
49 24 4773
49 11 2678
49 19 2148
49 65 5991
49 71 2255
50 46 910
50 13 285
50 41 3949
50 71 1457
50 58 335
50 73 1321
50 23 4320
50 53 2345
50 3 4258
50 48 3289
50 11 563
50 2 6130
50 66 2670
50 16 4495
50 20 5021
50 37 2
50 55 1115
50 75 917
50 15 362
50 42 2415
50 36 4899
50 49 2056
50 62 112
50 19 159
50 26 2082
50 67 817
50 70 4370
50 38 5788
50 10 5368
50 12 4183
50 68 638
50 54 2505
50 51 5747
50 27 400
50 9 1706
50 32 6006
50 35 3307
50 57 1821
50 60 5030
50 5 4161
50 47 1435
50 69 4850
50 39 1720
50 21 797
50 44 5716
50 17 2525
50 34 2305
50 33 1429
50 25 2879
50 4 1773
50 56 5733
50 28 359
50 30 2316
50 29 5828
51 21 2213
51 20 3082
51 49 889
51 2 508
51 36 3648
51 71 4542
51 10 1227
51 16 2122
51 32 227
51 46 3222
51 6 730
51 73 5170
51 67 3334
51 55 2605
51 35 618
51 52 1708
51 7 5940
51 33 1553
51 11 2269
51 69 3980
51 54 3126
51 68 957
51 75 4785
51 74 2599
51 24 5494
51 64 1027
51 19 4562
51 39 5422
51 15 5267
51 29 781
51 37 4821
51 58 564
51 28 4754
51 61 2727
51 14 5015
51 34 4522
51 57 3168
51 22 3122
51 12 2351
51 50 4607
51 60 4854
51 31 873
51 53 5135
51 72 1671
51 23 415
51 9 3765
51 3 5079
51 1 3822
51 17 3228
51 5 2906
51 30 5352
51 70 5782
51 47 5996
51 45 1762
51 48 3376
51 56 1184
51 65 5355
51 43 4046
52 62 4505
52 19 2477
52 1 138
52 53 1293
52 38 5109
52 7 2687
52 46 5160
52 12 3543
52 72 90
52 3 1295
52 55 2597
52 37 408
52 22 2085
52 17 2836
52 73 1513
52 21 5339
52 50 3894
52 6 1030
52 70 510
52 32 1528
52 59 1074
52 45 748
52 57 2968
52 54 2301
52 61 1829
52 34 4069
52 18 5887
52 4 1142
52 10 1019
52 9 3739
52 13 1895
52 56 4292
52 28 3398
52 35 4988
52 40 991
52 33 5733
52 20 4639
52 36 3577
52 43 1419
52 11 3066
52 60 1521
52 16 1701
52 39 4468
52 65 4979
52 41 5123
52 67 3074
52 29 2342
52 31 4060
52 24 1452
52 2 1689
52 8 4239
52 27 2008
52 14 4315
52 64 5880
52 58 791
52 25 4666
52 30 1184
52 23 4237
52 69 2872
52 15 4694
52 75 3358
52 49 3695
52 42 2355
53 63 2208
53 61 4470
53 19 3
53 43 2899
53 74 4901
53 59 381
53 70 1902
53 12 1572
53 15 4026
53 7 789
53 75 4677
53 33 1463
53 29 1963
53 54 4898
53 48 5428
53 27 1479
53 73 936
53 18 3865
53 24 568
53 35 1146
53 26 1398
53 64 1767
53 4 2318
53 50 5461
53 41 3337
53 71 3353
53 51 1997
53 40 5381
53 38 885
53 30 2227
53 37 4303
53 44 4411
53 52 3356
53 21 718
53 32 6254
53 60 2038
53 20 1166
53 46 2894
53 42 1679
53 72 4477
53 3 4452
53 10 2533
53 22 4108
53 16 2899
53 45 3872
53 34 2466
53 65 262
53 31 946
53 8 3301
53 68 2353
53 13 6119
53 36 871
53 25 5902
54 6 4131
54 13 4117
54 60 4559
54 28 2436
54 49 4760
54 7 375
54 59 1644
54 48 3339
54 29 4828
54 35 4976
54 40 3518
54 42 2706
54 75 1361
54 12 2878
54 73 5007
54 23 1979
54 39 660
54 66 201
54 26 3277
54 72 801
54 38 6061
54 45 1053
54 2 5637
54 4 6278
54 30 5483
54 63 3402
54 52 1083
54 9 2283
54 47 1485
54 10 4128
54 64 2865
54 71 5380
54 50 1808
54 46 3793
54 24 4229
54 15 21
54 17 4975
54 53 1294
54 19 6245
54 65 1303
54 61 4275
54 14 4137
54 20 4204
54 5 4599
54 43 1514
54 67 3542
54 70 4554
54 16 4073
54 21 1620
54 51 2897
54 68 3168
54 33 6182
54 74 3703
54 3 1353
54 18 2104
54 56 3148
54 32 3343
54 37 4764
55 3 5167
55 21 4570
55 33 1910
55 60 6170
55 54 2003
55 29 1530
55 9 3487
55 67 5984
55 16 6133
55 17 4484
55 6 2750
55 20 1796
55 44 958
55 62 3787
55 34 1464
55 53 6061
55 59 1463
55 5 2603
55 65 4688
55 47 3798
55 70 3731
55 37 2410
55 57 3361
55 43 2795
55 2 4037
55 63 2762
55 7 5624
55 11 3475
55 51 4195
55 31 4130
55 25 1349
55 71 5920
55 75 1309
55 50 2440
55 64 3791
55 22 2721
55 49 148
55 18 3020
55 26 4832
55 48 4992
55 69 955
55 38 3340
55 19 662
55 28 2787
55 30 2422
55 15 5278
55 42 292
55 40 3142
55 27 158
55 8 1439
55 12 3294
55 1 1337
55 66 546
55 13 3531
56 73 3911
56 29 6187
56 18 5167
56 17 5848
56 53 4982
56 20 4892
56 43 3833
56 55 167
56 75 2287
56 72 2444
56 22 3045
56 3 4326
56 30 3784
56 60 5434
56 34 3542
56 69 2257
56 36 1834
56 2 4567
56 25 2802
56 21 4600
56 14 2661
56 66 1662
56 16 655
56 33 1251
56 49 1368
56 4 4517
56 50 3013
56 27 3732
56 47 2542
56 24 2752
56 40 4425
56 74 40
56 67 6101
56 37 5007
56 62 5253
56 41 1829
56 44 4781
56 6 4372
56 48 6098
56 54 3246
56 42 5408
56 63 3736
56 58 3132
56 45 1289
56 9 771
56 26 1790
56 31 3668
56 57 1983
56 15 6136
56 65 4560
56 10 2034
56 38 2146
56 32 5160
57 2 1708
57 19 1760
57 22 6154
57 50 765
57 5 4371
57 43 5429
57 36 936
57 1 4158
57 52 3185
57 29 1567
57 75 5305
57 11 3826
57 45 3800
57 60 5349
57 14 5494
57 40 2829
57 59 2647
57 3 2537
57 27 1195
57 12 3491
57 41 1955
57 71 672
57 35 1632
57 16 5134
57 69 3838
57 18 5299
57 31 368
57 73 993
57 68 1732
57 67 5489
57 6 16
57 21 871
57 7 948
57 32 3152
57 33 4525
57 17 3607
57 20 793
57 61 4063
57 54 2863
57 65 4707
57 70 6207
57 62 4164
57 72 5874
57 30 6146
57 39 5159
57 47 2588
57 48 78
57 49 1541
57 66 4954
57 8 386
57 42 5989
57 64 1021
57 4 3605
57 9 232
58 49 644
58 46 3181
58 17 4312
58 38 4774
58 6 2298
58 67 2769
58 73 3263
58 43 2313
58 61 295
58 51 6175
58 30 816
58 26 930
58 34 1407
58 14 5137
58 27 4270
58 75 37
58 40 1583
58 7 5174
58 36 3855
58 32 3954
58 47 3818
58 16 146
58 35 3192
58 65 2306
58 66 234
58 29 2344
58 63 4292
58 53 6148
58 52 5190
58 55 1482
58 28 391
58 11 1814
58 1 4561
58 13 3091
58 54 5297
58 71 671
58 24 6061
58 33 5116
58 2 4955
58 19 1440
58 59 3991
58 9 5654
58 22 844
58 4 3993
58 8 1750
58 31 6093
58 41 5323
59 29 3419
59 66 2907
59 63 308
59 35 1278
59 10 3293
59 68 1110
59 48 3012
59 64 503
59 72 819
59 25 1778
59 62 345
59 12 1234
59 46 5507
59 23 3844
59 14 48
59 47 2842
59 37 708
59 30 3150
59 49 5003
59 24 5298
59 9 5027
59 41 4979
59 20 4542
59 40 4614
59 56 6195
59 1 2437
59 15 6255
59 5 549
59 50 2273
59 7 1044
59 70 4987
59 16 5740
59 73 5593
59 75 144
59 67 136
59 45 1293
59 38 3390
59 44 3421
59 27 1009
59 13 2371
59 32 5420
59 36 4749
59 57 843
59 55 1816
59 54 1578
59 61 1664
59 42 3596
59 6 3993
59 39 2025
59 28 3614
59 43 4268
59 71 6181
59 60 5726
59 4 543
59 2 1477
59 22 4250
59 65 4011
59 53 352
60 67 472
60 69 54
60 23 3469
60 46 3387
60 39 3778
60 29 2958
60 12 5410
60 45 2559
60 11 6179
60 68 79
60 55 94
60 71 1346
60 32 4451
60 34 1583
60 21 6200
60 31 4651
60 48 2102
60 41 6000
60 7 285
60 61 5974
60 28 5280
60 22 2464
60 53 2416
60 57 2997
60 75 404
60 36 6193
60 15 2739
60 59 3332
60 6 4555
60 2 2595
60 25 2773
60 42 4075
60 47 2738
60 26 3205
60 73 1630
60 1 2862
60 14 4283
60 62 1162
60 9 4140
60 54 6285
60 66 5619
60 5 1252
60 30 6218
60 63 4198
60 16 1067
60 58 2987
60 43 297
60 38 6275
60 70 693
60 33 4297
60 37 391
60 3 4911
60 72 5371
60 18 5411
60 4 1246
61 11 4971
61 29 3356
61 4 1707
61 18 584
61 2 1888
61 73 1581
61 74 3622
61 30 3942
61 64 998
61 10 2324
61 9 3794
61 42 1001
61 34 837
61 21 6054
61 68 4129
61 25 4177
61 63 2868
61 32 2502
61 66 1489
61 5 5147
61 14 5762
61 15 2399
61 44 938
61 59 6104
61 60 2901
61 36 650
61 16 5826
61 54 128
61 7 2833
61 69 1451
61 23 2772
61 20 5969
61 35 3860
61 45 1682
61 56 5596
61 57 2813
61 3 4883
61 8 3499
61 53 2881
61 22 18
61 24 1288
61 47 6283
61 27 810
61 43 709
61 17 793
61 26 4803
61 55 1679
61 70 5471
61 46 4369
61 13 5032
61 1 5923
61 72 2433
61 37 5342
61 65 2873
61 28 3511
61 52 4613
61 38 4799
61 62 786
61 75 4473
62 44 644
62 14 674
62 20 3582
62 71 4409
62 29 5829
62 12 6191
62 66 2900
62 17 326
62 70 1852
62 18 3240
62 4 3484
62 26 2576
62 63 4419
62 38 2102
62 41 1084
62 58 1209
62 48 4143
62 34 4564
62 36 3146
62 19 3943
62 35 3651
62 7 52
62 28 5513
62 10 4166
62 39 4564
62 25 2280
62 6 828
62 51 4404
62 56 3543
62 24 3674
62 32 3019
62 53 3757
62 67 3271
62 59 3118
62 49 1090
62 11 3254
62 31 2478
62 42 4956
62 65 4
62 57 739
62 55 4235
62 1 5064
62 54 3292
62 37 5941
62 45 5362
62 23 165
62 75 412
62 8 5131
62 60 5607
62 27 4678
62 64 5336
62 30 3355
62 61 1405
63 75 3367
63 65 4143
63 74 700
63 7 5561
63 42 1573
63 44 79
63 15 2002
63 56 4
63 40 523
63 25 1540
63 14 4120
63 57 3843
63 3 2678
63 58 1529
63 70 3492
63 60 5992
63 26 2317
63 41 1148
63 37 3465
63 2 1760
63 10 2007
63 35 5560
63 27 215
63 30 2972
63 68 2005
63 71 6263
63 9 4352
63 24 5053
63 46 5757
63 32 3429
63 51 3647
63 22 3600
63 29 169
63 17 1104
63 50 3717
63 39 496
63 61 1642
63 6 5231
63 47 3860
63 67 3642
63 11 4326
63 45 2281
63 59 5727
63 18 3367
63 5 408
63 36 2773
63 34 98
63 53 3074
63 54 11
63 19 2074
63 66 998
63 8 4971
63 1 2303
63 31 2387
64 59 3055
64 10 739
64 21 3293
64 3 4568
64 68 4273
64 1 2483
64 53 1512
64 22 1113
64 42 5268
64 54 5037
64 45 442
64 11 226
64 18 595
64 47 1028
64 31 606
64 74 102
64 61 5997
64 43 4561
64 44 2602
64 12 2595
64 6 3731
64 56 2466
64 28 1662
64 17 4511
64 5 4031
64 40 3334
64 26 3688
64 27 3034
64 9 5822
64 34 1209
64 55 250
64 37 5512
64 69 4981
64 2 3410
64 46 4527
64 41 1976
64 39 3510
64 15 91
64 62 459
64 65 3224
64 36 5836
64 70 4520
64 20 2936
64 63 1610
64 35 2191
64 67 1882
64 51 3831
64 8 4617
65 40 5192
65 34 2203
65 75 3973
65 71 4173
65 47 1231
65 3 2304
65 73 2272
65 42 4424
65 35 4933
65 2 4267
65 19 2558
65 28 5212
65 39 244
65 62 3019
65 13 1312
65 25 1097
65 20 5207
65 63 4930
65 17 680
65 8 3641
65 30 2600
65 44 674
65 70 1218
65 22 5077
65 51 6194
65 68 2100
65 12 850
65 50 4678
65 45 197
65 59 2287
65 6 1310
65 27 4886
65 26 5527
65 52 2158
65 36 3810
65 67 3797
65 29 5849
65 49 4204
65 18 1521
65 7 178
65 56 648
65 46 1361
65 58 1096
65 9 2340
65 74 1228
65 55 1131
65 24 1487
65 57 5121
65 72 4411
65 23 4800
65 1 5443
65 31 1843
65 5 5083
65 69 1699
65 60 4436
65 48 2817
65 15 5051
66 60 2495
66 25 1899
66 51 1020
66 39 1210
66 67 5320
66 69 218
66 12 659
66 65 4094
66 23 2270
66 30 5004
66 19 3276
66 33 1629
66 47 2474
66 68 2500
66 54 5595
66 73 5769
66 7 6178
66 56 3567
66 75 913
66 29 2436
66 11 2693
66 72 4839
66 71 5480
66 4 5474
66 8 3145
66 42 2462
66 61 6205
66 36 4673
66 74 4022
66 40 1440
66 28 5962
66 20 2639
66 44 1704
66 32 5859
66 13 4085
66 55 1700
66 22 2672
66 64 539
66 57 4856
66 16 5061
66 52 3704
66 5 4106
66 26 5244
66 2 1499
66 17 2009
66 9 3918
66 37 1537
66 31 243
66 45 2873
67 8 4846
67 55 4519
67 15 4501
67 48 2849
67 7 4034
67 36 1991
67 23 5080
67 42 1335
67 63 4790
67 69 3932
67 3 714
67 20 4475
67 65 5306
67 45 869
67 25 5901
67 14 3888
67 30 2825
67 6 4339
67 38 1783
67 51 2729
67 10 1840
67 70 3074
67 49 2177
67 50 2965
67 27 988
67 58 624
67 43 1697
67 62 651
67 5 1738
67 53 512
67 66 2897
67 73 465
67 2 1735
67 17 4150
67 61 4622
67 11 27
67 16 6099
67 32 967
67 9 4097
67 34 3535
67 75 6224
67 19 4438
67 22 5358
67 18 1414
67 35 2951
67 41 2733
67 1 4618
67 33 3124
67 29 5356
67 71 1974
67 12 3424
67 4 3748
67 64 5508
67 37 3983
67 54 1592
67 74 3954
67 47 4431
68 7 1459
68 13 6039
68 27 900
68 43 3284
68 40 3060
68 5 2023
68 52 2256
68 39 5784
68 9 2364
68 61 4266
68 35 3884
68 44 5463
68 63 1091
68 38 5612
68 49 1073
68 55 5470
68 33 2186
68 6 2433
68 11 5805
68 74 1687
68 60 3789
68 71 159
68 41 6202
68 69 5421
68 10 4647
68 42 4043
68 46 2491
68 3 953
68 66 5621
68 28 3234
68 45 1291
68 14 4793
68 16 3707
68 75 1830
68 73 4867
68 64 2874
68 50 4170
68 47 5597
68 67 2865
68 2 5497
68 8 1227
68 19 644
68 25 1256
68 30 835
68 34 748
68 70 5223
68 15 3727
68 18 2398
68 1 866
68 62 5550
68 32 1247
68 72 3006
68 22 2638
68 26 1206
69 51 3962
69 5 4478
69 25 5322
69 19 3522
69 18 2425
69 9 5848
69 15 4206
69 60 1861
69 62 1771
69 21 3957
69 1 5764
69 11 430
69 12 3362
69 71 3337
69 74 3685
69 45 4608
69 3 3140
69 33 2885
69 2 2429
69 35 562
69 13 2986
69 40 3981
69 14 4245
69 37 5719
69 68 4653
69 6 2721
69 46 403
69 36 5144
69 47 6080
69 41 5072
69 58 5096
69 56 5327
69 17 5676
69 10 722
69 66 3118
69 53 5629
69 29 280
69 44 2270
69 73 419
69 28 1497
69 22 5301
69 63 971
69 52 3528
69 57 4185
69 65 2756
69 67 4194
69 48 4225
69 31 1519
69 7 4508
69 26 5994
69 4 4895
70 13 1955
70 67 2300
70 51 4648
70 34 1830
70 44 6009
70 14 4227
70 41 5181
70 25 4569
70 56 5301
70 1 5580
70 21 5696
70 11 3123
70 75 2918
70 62 2608
70 24 3282
70 28 3
70 50 245
70 23 563
70 35 4106
70 6 5050
70 66 4169
70 32 2209
70 36 398
70 2 6201
70 72 3209
70 10 1445
70 49 2159
70 8 4394
70 30 1617
70 68 376
70 54 208
70 46 2507
70 52 3349
70 20 1444
70 17 2569
70 40 2884
70 59 4205
70 47 1175
70 4 2262
70 3 4760
70 27 1131
70 15 4278
70 16 3330
70 7 3362
70 63 5704
70 48 4349
70 12 5865
70 45 2780
70 5 5743
70 53 1946
70 33 3438
70 71 25
70 60 3697
70 29 4094
70 39 2103
71 48 1817
71 52 4397
71 42 556
71 40 5691
71 25 365
71 41 5486
71 36 6170
71 74 3207
71 53 5360
71 37 4909
71 14 2578
71 17 1788
71 31 2202
71 50 5082
71 4 2548
71 43 3399
71 30 5100
71 28 5642
71 34 1580
71 49 5219
71 20 1432
71 75 5019
71 16 3429
71 32 2440
71 15 3800
71 22 5131
71 65 473
71 73 4993
71 66 1667
71 62 3893
71 44 5206
71 26 5190
71 23 1386
71 9 1184
71 58 5186
71 46 560
71 55 2353
71 38 4860
71 47 5678
71 11 213
71 68 4223
71 72 4027
71 10 2104
71 29 4165
71 59 3663
71 33 1716
71 35 938
71 54 4633
71 51 2180
71 3 796
71 2 1861
71 5 298
71 64 5794
71 1 72
71 56 729
71 13 4057
71 21 5585
71 18 1551
71 57 3070
71 6 551
71 69 6006
71 70 5160
72 71 4275
72 14 5523
72 56 5530
72 59 5645
72 53 3606
72 27 1864
72 65 6066
72 5 3499
72 38 4694
72 23 2525
72 69 6222
72 15 3735
72 67 937
72 42 5126
72 33 5877
72 58 1429
72 17 1425
72 18 4322
72 11 6112
72 1 263
72 62 5446
72 37 5287
72 48 5516
72 10 433
72 74 2769
72 41 2686
72 52 4213
72 45 3916
72 39 2652
72 61 663
72 47 3870
72 44 5606
72 31 3948
72 24 1296
72 68 5816
72 46 2519
72 6 2970
72 20 4252
72 40 4505
72 9 2088
72 7 163
72 60 1937
72 49 3983
72 21 5088
72 75 363
72 8 2812
72 55 6134
72 63 2723
72 43 634
72 29 523
72 30 4545
72 4 1615
72 25 2762
72 12 973
72 2 1238
72 50 1052
72 54 3981
73 75 4864
73 36 1827
73 6 2812
73 32 3302
73 3 3093
73 28 1195
73 55 6159
73 48 1178
73 71 1854
73 8 4672
73 39 2835
73 34 5085
73 13 1570
73 52 5452
73 4 4990
73 26 2320
73 47 5370
73 25 3483
73 68 3434
73 17 1846
73 59 3992
73 51 5551
73 35 3542
73 41 1134
73 65 3280
73 23 1275
73 30 1394
73 1 4323
73 27 1714
73 10 2011
73 37 5338
73 72 2685
73 12 4652
73 40 3389
73 38 2320
73 7 737
73 67 1838
73 16 6097
73 33 1349
73 11 398
73 54 638
73 58 1510
73 50 5311
73 49 6186
73 57 2584
73 60 264
73 21 5660
73 2 4857
73 18 2787
73 15 5441
73 9 2503
73 64 949
73 63 4249
73 44 978
73 19 4765
73 61 716
73 5 1623
73 29 1225
74 16 2748
74 66 4524
74 6 2011
74 48 3545
74 33 5925
74 56 6207
74 45 4214
74 46 5171
74 35 6020
74 75 3851
74 19 4126
74 4 5563
74 1 3900
74 39 6129
74 64 6038
74 32 5647
74 14 5436
74 54 572
74 49 6262
74 3 502
74 15 1372
74 60 576
74 9 1426
74 28 2369
74 7 4991
74 37 4430
74 47 1466
74 62 4179
74 67 4370
74 61 742
74 26 3332
74 59 3040
74 24 3120
74 53 755
74 44 2054
74 10 3232
74 72 1764
74 51 2198
74 71 931
74 68 572
74 70 5283
74 58 2344
74 2 3069
74 8 5342
74 65 1765
74 31 2543
74 18 850
74 42 5091
74 52 6206
74 36 5718
74 50 1663
74 29 363
74 25 1287
74 23 4495
74 38 4669
74 41 4735
74 63 2439
74 40 3216
74 20 443
74 12 2620
74 43 1914
74 5 2216
74 13 4437
75 54 1033
75 18 901
75 44 5673
75 38 4112
75 31 4681
75 4 835
75 28 1139
75 69 3690
75 33 4326
75 2 5505
75 14 231
75 6 5707
75 65 2480
75 45 2773
75 55 1990
75 36 1057
75 25 4090
75 40 3390
75 61 5692
75 58 1145
75 67 2860
75 9 379
75 70 628
75 51 5143
75 34 745
75 8 2380
75 73 2151
75 41 2728
75 19 5878
75 32 5201
75 60 1025
75 63 1380
75 64 819
75 72 1803
75 15 1006
75 27 513
75 48 547
75 59 3892
75 57 849
75 22 3680
75 71 6190
75 12 2865
75 16 5185
75 5 5928
