75 4200
1 3 967
1 25 3213
1 65 710
1 64 2520
1 37 6251
1 5 3241
1 75 4683
1 68 4520
1 20 4216
1 52 5171
1 17 5350
1 42 3626
1 54 4066
1 73 545
1 28 1124
1 72 5635
1 66 505
1 58 1889
1 16 4033
1 71 5109
1 69 1453
1 31 2900
1 23 5060
1 43 4947
1 61 1126
1 29 2963
1 60 5897
1 49 99
1 63 357
1 24 3743
1 38 2896
1 6 1001
1 56 5233
1 51 163
1 14 1617
1 9 5399
1 11 5984
1 19 1452
1 8 1170
1 74 4982
1 18 3686
1 27 1769
1 12 4976
1 39 2428
1 26 3362
1 34 4233
1 4 2270
1 55 5724
1 53 1291
1 46 4180
1 35 3765
1 62 1903
1 32 1830
2 21 2376
2 40 430
2 41 5377
2 51 3284
2 5 3525
2 26 5475
2 11 5876
2 50 5857
2 24 538
2 38 3353
2 17 2014
2 35 5000
2 74 677
2 36 546
2 72 4777
2 53 22
2 18 3252
2 68 3407
2 75 1322
2 64 6204
2 55 2769
2 7 2819
2 61 2745
2 14 3935
2 34 2545
2 20 4957
2 22 2964
2 45 4581
2 63 880
2 23 4401
2 13 1885
2 4 5273
2 3 6210
2 73 2666
2 46 841
2 29 2522
2 9 6231
2 57 1034
2 6 4650
2 27 75
2 69 2860
2 8 1028
2 31 5581
2 70 3017
2 39 4417
2 62 4639
2 43 4748
2 48 5038
2 44 2043
2 19 5018
3 55 4431
3 61 3546
3 42 132
3 72 1984
3 16 4840
3 63 1606
3 44 4825
3 66 4331
3 37 623
3 6 3780
3 53 3057
3 21 3334
3 60 5431
3 74 5268
3 73 2687
3 67 5743
3 34 4418
3 31 1289
3 47 20
3 8 1545
3 33 1743
3 1 6202
3 64 6075
3 71 4131
3 20 4252
3 15 314
3 26 5709
3 22 2662
3 18 4877
3 5 722
3 51 1325
3 36 2543
3 13 5681
3 49 5418
3 19 5361
3 38 2030
3 7 611
3 11 2400
3 58 1277
3 23 970
3 12 5583
3 9 290
3 52 3384
3 43 1286
3 65 1586
3 2 1761
3 17 5741
3 57 5728
3 25 1358
3 35 3229
3 30 4060
3 69 4333
3 41 3742
3 29 4718
3 59 2560
3 62 295
3 75 1599
4 26 3467
4 22 4342
4 11 1543
4 73 4334
4 38 5550
4 52 1880
4 39 1912
4 12 6276
4 74 4002
4 9 2323
4 30 635
4 8 5228
4 34 5394
4 40 481
4 29 542
4 10 4567
4 13 5760
4 75 3985
4 47 3562
4 59 2289
4 16 5765
4 67 3361
4 46 159
4 32 4502
4 57 4525
4 48 2657
4 66 3330
4 7 1327
4 64 2509
4 33 3090
4 50 171
4 14 2087
4 37 4699
4 63 2723
4 49 247
4 3 1301
4 27 3694
4 25 91
4 1 444
4 71 1227
4 70 1385
4 23 748
4 21 3764
4 15 3307
4 56 2001
4 42 1837
4 53 4522
4 69 4227
4 58 2030
4 61 1482
4 54 6109
4 18 983
4 6 1052
4 31 3150
4 36 1724
4 65 3677
4 72 5478
5 32 1356
5 60 4046
5 48 5842
5 10 5569
5 18 1680
5 15 4980
5 35 3065
5 25 5974
5 59 1512
5 45 5328
5 44 4907
5 56 767
5 2 4926
5 21 6018
5 24 3411
5 14 1143
5 43 4177
5 22 5713
5 36 1558
5 4 4267
5 20 5909
5 64 1473
5 33 1593
5 51 4419
5 52 2869
5 34 5563
5 16 858
5 47 1761
5 71 5597
5 30 4061
5 49 2639
5 54 259
5 9 5916
5 27 6059
5 19 2894
5 67 5087
5 40 1781
5 46 2233
5 75 1488
5 50 5412
5 12 673
5 41 1758
5 31 2957
5 17 4049
5 13 2272
5 6 3357
5 57 1679
5 70 4035
5 26 907
5 28 514
5 1 4293
5 58 1345
5 37 4302
5 11 924
5 68 5477
5 72 1409
5 69 1992
5 63 3991
5 3 6215
5 65 3649
5 74 19
5 55 6181
5 38 1591
5 61 5046
5 73 3370
6 36 3266
6 62 2984
6 47 5672
6 58 52
6 30 887
6 26 5614
6 69 5141
6 29 1721
6 22 5244
6 19 3023
6 24 1435
6 40 3084
6 5 5177
6 53 5849
6 68 3930
6 44 4679
6 45 143
6 1 5623
6 65 3522
6 27 1917
6 15 146
6 42 5127
6 46 3703
6 35 3903
6 43 2896
6 39 2256
6 9 3476
6 16 5899
6 60 4085
6 11 583
6 38 728
6 25 2622
6 55 1446
6 10 5225
6 64 5953
6 17 2622
6 49 4771
6 20 5119
6 3 2250
6 32 1964
6 63 3737
6 54 114
6 74 3157
6 75 2337
6 13 4385
6 31 1710
6 71 3450
6 67 5523
6 61 2731
6 56 3423
6 59 4180
7 66 5072
7 1 2389
7 63 1257
7 62 4197
7 69 262
7 65 6016
7 50 3285
7 29 2070
7 3 2034
7 18 5703
7 30 1741
7 21 256
7 38 5486
7 6 731
7 55 918
7 51 2854
7 20 4200
7 9 2464
7 17 4679
7 15 5464
7 2 199
7 41 2493
7 5 2631
7 22 5605
7 40 192
7 61 5840
7 48 2275
7 45 5846
7 64 1319
7 28 1859
7 16 2831
7 10 1801
7 26 3701
7 67 3284
7 34 81
7 58 1567
7 31 4076
7 8 2157
7 72 2556
7 4 232
7 25 1326
7 70 2735
7 35 1948
7 49 4457
7 54 2539
7 13 4384
7 27 4594
7 59 2618
7 11 256
7 14 1589
7 46 1501
7 44 5494
7 56 4102
7 39 5448
8 60 2385
8 15 5487
8 25 5114
8 52 4969
8 20 5415
8 56 5317
8 4 4329
8 2 3406
8 63 5213
8 37 5245
8 69 1411
8 67 5078
8 57 3531
8 3 5918
8 47 5655
8 35 3823
8 18 3352
8 53 4563
8 68 3396
8 9 2869
8 46 3507
8 39 4263
8 66 3314
8 1 3999
8 11 5084
8 34 355
8 54 1667
8 13 6018
8 41 6043
8 5 5847
8 62 988
8 61 568
8 29 561
8 49 3740
8 10 2074
8 51 1970
8 32 4244
8 12 1707
8 28 3509
8 22 4119
8 44 5482
8 17 3173
8 70 576
8 64 239
8 59 81
8 38 3593
8 16 3362
8 50 4462
8 33 5002
8 71 6255
8 65 5594
8 23 4691
8 40 3739
8 55 1940
8 36 705
8 30 3857
8 73 2814
8 7 2510
8 58 266
9 39 2989
9 42 1051
9 49 3587
9 4 5378
9 7 1904
9 71 4330
9 40 5533
9 18 2999
9 28 4719
9 54 5950
9 29 1095
9 33 4965
9 21 4494
9 37 5274
9 1 2028
9 52 2441
9 17 4618
9 68 2589
9 2 341
9 55 274
9 6 4388
9 43 2865
9 35 2995
9 23 1264
9 64 5342
9 36 1552
9 8 255
9 26 4726
9 20 91
9 10 2326
9 74 5707
9 47 4689
9 72 4949
9 31 5987
9 53 3468
9 12 4499
9 45 2793
9 24 3296
9 65 3034
9 58 6192
9 73 394
9 30 3168
9 34 1283
9 62 5213
9 44 3787
9 69 4252
9 5 617
9 57 133
9 50 5986
9 27 2510
9 66 5074
9 22 1142
9 19 2174
9 59 3715
9 60 2491
9 13 4834
9 56 3481
9 41 5598
9 75 3573
9 3 2378
9 70 4010
9 67 3745
10 1 4578
10 8 4379
10 72 5715
10 49 2353
10 32 5241
10 48 3549
10 70 1203
10 47 3407
10 45 5798
10 18 1898
10 54 5592
10 52 5422
10 65 1083
10 66 954
10 34 3137
10 42 77
10 36 5950
10 44 2496
10 51 3362
10 16 2744
10 43 6117
10 3 342
10 64 4858
10 7 3694
10 11 1055
10 29 5621
10 25 5002
10 41 655
10 6 1388
10 17 4805
10 24 6276
10 35 2079
10 15 6204
10 22 1407
10 37 3802
10 13 1840
10 5 5663
10 4 305
10 60 5576
10 57 5034
10 14 3360
10 33 103
10 61 4594
10 75 5773
10 23 5422
10 21 242
10 63 5537
10 74 1197
10 53 3042
10 31 3007
11 36 3691
11 70 2125
11 18 75
11 59 4952
11 38 2776
11 45 4345
11 52 3370
11 43 3419
11 35 5448
11 68 2255
11 6 1205
11 17 3339
11 69 2980
11 66 5265
11 32 871
11 50 5655
11 55 5185
11 73 1921
11 67 560
11 72 4193
11 2 4087
11 29 5464
11 51 5867
11 1 3349
11 60 3303
11 40 2230
11 3 4440
11 49 3010
11 61 1382
11 56 446
11 46 5822
11 42 5438
11 44 323
11 39 2771
11 16 6260
11 31 935
11 34 6092
11 20 4552
11 58 1779
11 21 1035
11 14 2630
11 9 3647
11 65 5270
11 25 685
11 28 858
11 23 4954
11 22 2095
11 48 460
11 5 557
11 33 3547
11 10 566
11 64 5332
11 8 202
12 1 1660
12 20 4750
12 51 3055
12 6 4754
12 34 2781
12 55 3190
12 26 758
12 74 1829
12 64 3704
12 56 2578
12 62 1220
12 60 4493
12 38 5864
12 59 1626
12 7 5777
12 18 3309
12 47 3055
12 2 5987
12 49 2038
12 41 1031
12 58 606
12 9 4967
12 11 1108
12 24 4769
12 45 1776
12 46 4433
12 14 5777
12 10 725
12 54 6277
12 3 4553
12 27 4218
12 21 5819
12 8 362
12 63 1208
12 67 3684
12 50 2433
12 37 4586
12 66 724
12 15 2552
12 75 4514
12 69 3374
12 30 4968
12 39 5318
12 44 3277
12 5 3876
12 35 3815
12 70 476
12 19 2034
12 71 3547
12 68 3754
12 57 4315
12 33 993
12 22 5180
12 16 4710
12 48 5064
12 28 2914
12 23 4725
12 52 2704
12 72 2474
12 65 4778
12 13 4892
13 45 1851
13 33 828
13 24 5099
13 31 4317
13 64 385
13 22 4355
13 69 2669
13 68 3300
13 41 3457
13 11 3559
13 60 1602
13 49 4456
13 61 3881
13 17 5129
13 26 1213
13 6 4420
13 53 4763
13 42 2724
13 28 4244
13 51 2528
13 3 2777
13 35 6242
13 2 2228
13 7 3002
13 16 2125
13 66 5333
13 15 5409
13 39 106
13 70 3671
13 8 2598
13 47 4554
13 73 5984
13 62 3969
13 44 3601
13 10 3875
13 38 1147
13 58 1276
13 63 3258
13 32 4360
13 12 3711
13 37 5045
13 55 1328
13 27 4750
13 52 3062
13 34 2602
13 4 2825
13 21 6050
13 48 3064
13 30 4795
13 5 5023
13 19 1239
13 40 138
13 29 5773
13 54 3020
13 50 4345
13 46 1811
13 36 3776
13 1 1659
13 75 474
14 61 2330
14 26 557
14 73 5677
14 47 4685
14 17 4680
14 68 5904
14 27 3622
14 32 4821
14 48 4344
14 56 4967
14 34 6180
14 74 1592
14 50 2304
14 13 3389
14 24 146
14 35 749
14 66 2624
14 52 4135
14 62 5995
14 67 2187
14 60 2721
14 8 2932
14 19 3423
14 70 4392
14 41 121
14 65 4221
14 3 1638
14 69 106
14 18 5085
14 45 1933
14 10 4811
14 4 496
14 42 1146
14 46 4851
14 25 3050
14 40 457
14 2 491
14 7 1277
14 43 2278
14 21 26
14 36 4303
14 53 4644
14 71 2762
14 23 4374
14 51 1792
14 55 2385
14 57 4183
14 28 4472
14 12 5183
14 5 5549
14 29 1556
14 30 2275
14 39 6026
14 54 5015
14 58 6282
14 37 692
14 63 202
14 1 3587
14 6 4856
14 75 3246
15 34 649
15 55 2565
15 21 2674
15 26 890
15 2 3914
15 52 5855
15 1 1284
15 62 424
15 47 5150
15 32 3448
15 41 6199
15 6 4694
15 33 6269
15 12 4186
15 57 6143
15 14 5603
15 54 5959
15 10 3754
15 36 5907
15 74 1464
15 17 1795
15 63 478
15 69 3530
15 37 2075
15 42 6078
15 75 3020
15 29 5059
15 60 1958
15 11 4467
15 9 5968
15 53 5721
15 68 4879
15 19 1340
15 20 702
15 18 623
15 61 1459
15 58 404
15 39 5325
15 64 2993
15 35 325
15 30 1336
15 27 3880
15 65 3716
15 43 686
15 72 1394
15 44 4351
15 5 4216
15 56 2508
15 38 4471
15 71 5699
15 73 5411
15 25 2549
15 59 5356
15 48 148
16 19 2017
16 68 5971
16 35 2053
16 12 6143
16 41 513
16 10 1526
16 69 3342
16 4 3799
16 15 3012
16 5 5660
16 42 2722
16 30 4582
16 57 2126
16 66 2121
16 51 3903
16 61 3615
16 71 5346
16 23 3657
16 52 2427
16 34 1522
16 67 3185
16 28 500
16 49 1076
16 9 3072
16 13 4855
16 64 5934
16 39 5206
16 18 585
16 43 2744
16 33 2683
16 1 4337
16 7 1240
16 32 5773
16 44 2303
16 24 72
16 65 3793
16 75 2787
16 22 2949
16 47 4544
16 58 3753
16 21 993
16 56 265
16 73 5897
16 3 5087
16 72 462
16 74 109
16 11 6175
16 46 2640
16 40 659
16 25 1291
16 27 5717
17 30 84
17 48 230
17 26 1682
17 28 4530
17 45 4949
17 64 4117
17 33 954
17 23 1593
17 52 5376
17 65 4224
17 21 1808
17 7 509
17 41 6038
17 16 1285
17 66 1889
17 4 5145
17 57 4970
17 10 4546
17 19 2234
17 75 268
17 55 6037
17 67 1615
17 71 4324
17 63 5963
17 18 4680
17 69 5532
17 12 4811
17 68 587
17 8 6222
17 13 5739
17 32 3936
17 35 5563
17 14 3533
17 1 2015
17 9 160
17 6 5635
17 56 2102
17 62 1789
17 24 623
17 51 4724
17 25 5091
17 36 4520
17 5 1273
17 31 884
17 59 1288
17 53 4335
17 70 1232
17 46 4064
17 73 2706
17 39 2946
17 20 2830
17 15 3293
17 72 2267
17 22 3244
17 34 460
17 50 5771
18 68 6011
18 64 264
18 70 531
18 2 1003
18 23 5829
18 13 2082
18 5 4583
18 59 6141
18 46 356
18 41 3347
18 38 5017
18 19 5858
18 12 5119
18 37 2055
18 69 6278
18 43 2618
18 1 385
18 58 6035
18 39 2964
18 24 1835
18 71 6287
18 62 5589
18 30 4611
18 65 1054
18 55 5586
18 8 5900
18 9 520
18 54 4821
18 17 4898
18 74 2053
18 47 2548
18 56 3466
18 36 2955
18 60 2081
18 67 2987
18 6 3281
18 35 2569
18 53 5350
18 11 3594
18 73 4149
18 40 1962
18 7 2487
18 33 2415
18 14 5210
18 4 2786
18 25 2034
18 15 1642
18 22 4381
18 32 2850
18 50 2494
18 75 5295
18 34 3787
18 3 929
19 9 5047
19 40 5747
19 51 776
19 54 5762
19 50 1484
19 31 4651
19 62 4731
19 30 5058
19 2 5358
19 34 954
19 29 2503
19 5 2233
19 16 662
19 10 4793
19 60 1375
19 11 5870
19 12 7
19 55 1378
19 7 578
19 13 3210
19 20 3022
19 14 6214
19 36 3296
19 48 5582
19 66 1740
19 47 1769
19 75 5088
19 44 3686
19 21 5899
19 71 4756
19 8 5546
19 63 5311
19 73 860
19 64 4925
19 42 3704
19 26 6234
19 57 799
19 27 1939
19 3 225
19 15 718
19 35 2906
19 61 4192
19 41 646
19 23 2239
19 37 2692
19 68 5581
19 72 597
19 58 1352
19 17 3412
19 65 4711
19 6 5570
19 4 34
19 49 3817
20 13 6243
20 21 6102
20 36 4723
20 47 4267
20 18 5153
20 33 5743
20 14 5120
20 10 2158
20 59 1633
20 27 5176
20 31 2277
20 1 1989
20 48 6232
20 56 677
20 26 1373
20 39 1164
20 49 5859
20 32 2815
20 63 3084
20 5 109
20 50 2993
20 30 3258
20 69 1797
20 64 737
20 40 3386
20 73 3573
20 51 2176
20 66 1282
20 24 3029
20 15 1487
20 7 2564
20 44 4387
20 6 1102
20 9 3899
20 54 2903
20 58 3849
20 55 328
20 19 4517
20 17 1623
20 23 3184
20 37 5916
20 41 2803
20 46 4962
20 3 3455
20 35 1138
20 72 3825
20 60 3354
20 68 3990
20 12 326
20 61 839
20 25 4438
20 45 4930
20 29 1993
20 11 6228
20 74 5470
20 65 267
20 71 1064
20 2 3311
20 67 5620
21 15 5718
21 64 3376
21 36 4209
21 33 1764
21 8 3569
21 46 493
21 28 193
21 41 2089
21 67 1548
21 54 1425
21 50 1553
21 1 4166
21 12 4855
21 55 4574
21 26 5237
21 61 154
21 37 1715
21 35 850
21 31 2081
21 51 3584
21 27 1340
21 60 5818
21 7 4153
21 5 3868
21 45 1454
21 56 2724
21 4 5265
21 75 3960
21 2 3975
21 10 5542
21 16 5048
21 42 724
21 24 4430
21 69 4372
21 3 6103
21 70 5690
21 29 5106
21 38 3239
21 48 1263
21 74 184
21 65 1767
21 40 810
21 13 4134
21 53 4560
21 17 5061
21 63 1793
21 66 5001
21 32 1517
21 30 67
21 72 2420
21 59 4880
21 22 382
21 62 3437
21 52 6222
21 20 4477
21 49 3801
21 14 438
21 39 5985
21 34 4380
21 73 203
22 64 402
22 67 3759
22 33 5470
22 24 2087
22 45 1036
22 15 4669
22 47 5742
22 53 4154
22 70 2943
22 26 5845
22 72 1469
22 2 553
22 5 1489
22 9 3188
22 7 3350
22 12 4097
22 38 1967
22 11 3746
22 10 2611
22 13 1010
22 75 947
22 18 6178
22 21 1557
22 74 745
22 61 4303
22 32 5150
22 31 2198
22 40 2699
22 55 5372
22 37 2482
22 49 1795
22 39 6014
22 30 5421
22 57 3349
22 28 33
22 51 2232
22 43 624
22 50 3536
22 62 1834
22 8 6183
22 17 3369
22 41 1928
22 68 266
22 54 3453
22 60 4096
22 19 3166
22 29 4972
22 1 5527
22 63 2317
22 16 2051
22 36 1959
22 59 1148
22 42 2203
22 69 2853
23 75 3874
23 21 4278
23 15 4652
23 18 3095
23 37 4681
23 28 6103
23 36 328
23 20 3011
23 57 4253
23 62 6095
23 27 5392
23 54 4848
23 39 3645
23 6 3386
23 61 5218
23 40 5713
23 51 4272
23 46 4131
23 47 3720
23 41 1405
23 19 1077
23 8 3022
23 3 1319
23 43 459
23 65 3808
23 22 5364
23 29 6114
23 34 38
23 32 2460
23 1 1865
23 44 2719
23 68 3679
23 59 5536
23 52 5905
23 2 5998
23 10 6290
23 74 5655
23 71 628
23 33 580
23 25 3119
23 53 2891
23 70 2852
23 63 279
23 72 2517
23 58 1334
23 69 5147
23 11 3085
23 16 4804
23 5 2773
23 31 19
23 50 3694
23 17 513
23 12 2535
23 42 1824
23 56 4772
24 56 2763
24 71 3194
24 25 2556
24 53 2088
24 70 5390
24 19 6150
24 40 5885
24 16 2178
24 36 4371
24 72 1834
24 38 1718
24 17 3960
24 18 4404
24 61 3760
24 32 5577
24 33 1413
24 37 2016
24 8 5204
24 54 5672
24 10 1636
24 29 5819
24 11 3048
24 64 5484
24 13 3300
24 50 959
24 27 2868
24 73 5512
24 9 3847
24 55 2949
24 44 5926
24 62 3525
24 21 834
24 31 4067
24 46 4594
24 7 1342
24 63 2768
24 67 4551
24 43 1769
24 30 2590
24 12 2137
24 20 1463
24 4 4803
24 48 35
24 57 4340
24 66 3054
24 68 3459
24 42 5113
24 35 2602
24 49 3554
24 28 5933
24 26 1225
24 6 4071
24 47 303
25 32 3209
25 27 1696
25 13 3752
25 47 5513
25 35 2467
25 29 1213
25 43 2170
25 73 4314
25 24 669
25 59 1064
25 19 1677
25 75 5004
25 54 6116
25 52 5517
25 8 3814
25 41 3834
25 1 3295
25 53 1491
25 38 1182
25 40 4106
25 65 1072
25 26 4526
25 23 2855
25 57 3583
25 31 2132
25 64 541
25 2 5108
25 39 521
25 71 4001
25 68 4083
25 11 917
25 6 5472
25 42 4667
25 17 2405
25 49 5618
25 9 4855
25 5 3569
25 7 3072
25 4 3260
25 61 3688
25 14 488
25 37 1405
25 3 74
25 62 2092
25 21 1408
25 63 5328
25 45 3283
25 46 3731
25 56 2988
25 33 1813
25 12 6059
25 44 6115
25 20 4351
25 50 4702
25 16 5699
25 70 6211
26 59 6105
26 11 5907
26 43 3760
26 52 650
26 25 1472
26 74 645
26 12 5969
26 27 4058
26 64 3135
26 39 1207
26 4 2754
26 50 4694
26 47 4213
26 33 1467
26 40 428
26 18 210
26 37 173
26 63 4573
26 7 6294
26 49 2010
26 32 1707
26 66 1581
26 68 3580
26 41 2383
26 9 1527
26 58 5315
26 73 5500
26 48 2858
26 10 2091
26 36 3726
26 62 433
26 23 5142
26 1 650
26 44 5827
26 16 6143
26 17 5833
26 20 930
26 72 3999
26 5 699
26 54 643
26 45 2077
26 6 3371
26 21 5558
26 57 2419
26 42 459
26 3 2585
26 13 542
26 28 1035
26 56 5538
26 61 2871
26 15 5554
27 37 3591
27 18 2456
27 61 1831
27 66 4254
27 1 1624
27 34 2988
27 26 3643
27 17 5350
27 3 1791
27 58 2734
27 15 3064
27 47 1612
27 67 1874
27 68 6076
27 2 5583
27 21 3541
27 46 88
27 62 3489
27 38 2355
27 51 1233
27 63 1966
27 5 205
27 22 4159
27 30 75
27 6 4624
27 69 159
27 41 2955
27 40 4048
27 12 5493
27 29 1633
27 75 4338
27 60 4476
27 74 4276
27 48 409
27 36 5580
27 7 2935
27 71 6046
27 50 1865
27 20 1344
27 28 255
27 16 5176
27 49 4565
27 11 241
27 24 167
27 10 3861
27 4 6293
27 32 5377
27 44 6117
27 9 3613
27 14 5008
27 42 2228
27 45 2563
27 57 4192
27 72 2949
27 23 4989
27 59 2374
27 33 62
27 19 1437
28 21 5529
28 23 1701
28 14 5318
28 54 6288
28 69 1289
28 64 4120
28 67 4211
28 42 3802
28 22 516
28 13 533
28 46 445
28 45 5631
28 65 4018
28 34 309
28 30 4616
28 73 4486
28 55 6253
28 66 5686
28 31 5884
28 72 5426
28 20 6129
28 29 990
28 59 4393
28 1 3907
28 71 5169
28 18 171
28 51 3973
28 61 4764
28 39 4029
28 32 1785
28 17 1529
28 24 4774
28 49 5374
28 15 5205
28 47 3133
28 33 3466
28 52 109
28 26 5371
28 50 1362
28 38 1871
28 58 6241
28 37 3593
28 25 5320
28 8 4670
28 3 2870
28 43 4969
28 40 4391
28 60 2417
28 63 2650
28 53 3335
28 70 2704
28 9 4044
28 56 2565
28 68 1724
29 67 3912
29 20 4423
29 8 2920
29 72 5608
29 33 3236
29 4 5767
29 11 3229
29 34 5704
29 28 392
29 25 2215
29 31 977
29 35 3601
29 21 1825
29 65 5702
29 16 3664
29 56 2342
29 32 1199
29 74 5115
29 10 4231
29 3 688
29 27 5302
29 17 577
29 41 2240
29 54 707
29 6 866
29 7 1073
29 23 4701
29 19 2116
29 73 2762
29 46 234
29 59 2546
29 18 583
29 69 5631
29 26 4312
29 64 2654
29 75 1291
29 5 2926
29 39 59
29 66 2662
29 63 3335
29 38 3434
29 24 409
29 13 6020
29 61 2105
29 22 5624
29 68 3567
29 47 1800
29 44 848
29 52 5524
29 36 3271
29 50 3343
29 1 2190
29 45 4819
29 2 4026
29 40 4945
29 37 3271
29 71 3279
29 42 3048
29 70 3833
30 47 3959
30 72 2074
30 32 3995
30 21 3700
30 64 2207
30 18 4005
30 2 4471
30 19 3020
30 9 4293
30 70 200
30 49 6273
30 7 4359
30 24 181
30 5 5913
30 53 1105
30 29 2220
30 39 5753
30 52 3232
30 61 4548
30 12 6196
30 28 1094
30 11 1877
30 75 1494
30 44 6042
30 63 1520
30 15 1622
30 33 2395
30 1 6247
30 73 2343
30 60 312
30 8 4288
30 31 5117
30 43 2852
30 40 498
30 42 5955
30 54 4984
30 13 2665
30 17 6296
30 51 5215
30 62 2913
30 71 68
30 27 2589
30 38 3268
30 46 1733
30 48 403
30 65 4153
30 25 1470
30 56 3822
30 36 5517
30 50 2960
30 10 2374
30 35 167
30 74 778
30 66 3708
30 37 3136
30 34 5604
30 14 813
30 16 2189
30 57 902
30 20 1037
31 9 3396
31 37 3743
31 36 4128
31 14 4334
31 20 2752
31 39 5933
31 40 4674
31 19 5379
31 75 6192
31 25 813
31 69 368
31 53 3828
31 22 2663
31 23 5241
31 35 2584
31 44 2901
31 56 3648
31 30 754
31 1 4572
31 46 5669
31 27 149
31 72 391
31 48 3130
31 47 4985
31 43 190
31 15 1508
31 68 2149
31 64 2234
31 71 5041
31 17 5743
31 50 1167
31 63 295
31 6 2653
31 55 4832
31 10 3717
31 34 4666
31 32 5457
31 8 1540
31 62 2084
31 11 6149
31 45 3745
31 7 4091
31 60 6097
31 21 3218
31 49 1927
31 24 221
31 29 4654
31 13 6237
31 18 6037
31 54 6278
31 67 1514
31 61 4094
31 3 2987
31 5 2002
31 70 3696
31 66 3226
31 12 1164
32 22 6061
32 42 1588
32 56 2675
32 49 3224
32 50 1908
32 29 2225
32 1 3560
32 33 1697
32 62 1314
32 51 336
32 7 5407
32 21 1088
32 19 825
32 16 2714
32 17 4817
32 44 5600
32 71 2270
32 54 72
32 40 4112
32 69 4187
32 57 1521
32 12 5441
32 20 5001
32 18 945
32 30 5318
32 53 3291
32 23 4019
32 6 3732
32 72 573
32 34 6064
32 66 66
32 14 2793
32 38 1836
32 3 5732
32 26 2604
32 11 55
32 13 724
32 9 1503
32 52 2981
32 37 4962
32 5 2576
32 35 2130
32 36 1940
32 67 4133
32 43 5489
32 48 2934
32 75 3505
32 27 3924
32 15 4176
32 2 3905
32 10 3851
32 58 1421
32 46 2875
32 28 4103
32 65 5779
32 41 5300
32 60 5838
32 25 4846
33 14 4694
33 49 2380
33 8 1688
33 5 5080
33 61 3690
33 48 1440
33 23 6105
33 6 2471
33 27 1965
33 74 3024
33 70 1584
33 71 4731
33 46 5824
33 38 4524
33 25 3866
33 13 3752
33 43 1347
33 2 541
33 44 4651
33 20 1841
33 52 488
33 11 5678
33 72 6061
33 60 90
33 62 1412
33 55 2158
33 53 2886
33 26 4540
33 57 3295
33 66 761
33 12 1939
33 45 933
33 67 3059
33 40 4935
33 15 2068
33 1 2303
33 30 3907
33 75 498
33 68 5022
33 42 5621
33 28 5137
33 24 5514
33 56 411
33 18 800
33 4 1507
33 29 4935
33 65 1320
33 54 2059
33 73 173
33 41 5904
33 47 4957
33 58 1760
33 63 4309
33 36 40
33 37 1605
33 35 826
33 51 5445
33 10 2787
34 66 700
34 1 108
34 14 3122
34 74 1157
34 2 1177
34 20 2163
34 41 4719
34 12 2560
34 51 2653
34 64 608
34 27 1240
34 24 971
34 44 1833
34 61 6172
34 71 1594
34 36 2592
34 13 1725
34 50 2956
34 28 3072
34 5 6064
34 62 1387
34 49 3759
34 18 6064
34 40 536
34 70 790
34 32 2181
34 39 5574
34 15 2963
34 26 2264
34 52 5085
34 23 862
34 46 1766
34 59 6174
34 6 5095
34 54 645
34 31 2936
34 63 5524
34 42 3227
34 11 149
34 37 4218
34 60 4313
34 16 4824
34 72 4286
34 48 3964
34 22 5267
34 35 24
34 67 5637
34 38 4701
34 17 6101
34 19 2195
34 25 299
34 69 2705
34 10 224
34 8 6183
35 17 5525
35 63 3199
35 23 3108
35 49 1106
35 60 812
35 75 5782
35 37 4239
35 43 3816
35 10 5849
35 44 2952
35 13 793
35 26 659
35 59 1591
35 29 4416
35 62 4876
35 73 2507
35 21 2836
35 57 5378
35 25 6066
35 48 5410
35 22 4159
35 69 4899
35 24 5933
35 20 5482
35 68 4986
35 56 6074
35 67 4335
35 66 5268
35 9 4663
35 19 118
35 72 3498
35 71 6027
35 47 4478
35 16 854
35 14 5667
35 42 3622
35 32 5629
35 4 2496
35 12 2874
35 28 4088
35 36 2203
35 70 3059
35 39 1588
35 52 4012
35 61 4453
35 54 4657
35 58 2342
35 2 2764
35 46 5350
35 41 6105
35 27 1625
35 51 635
35 18 4280
35 65 4559
35 55 3806
36 45 2549
36 60 5253
36 69 5533
36 43 4326
36 5 6155
36 16 1128
36 57 4567
36 42 5065
36 41 4657
36 62 1633
36 8 782
36 75 2206
36 12 5256
36 26 42
36 4 804
36 28 3767
36 35 286
36 33 2769
36 55 5152
36 66 5221
36 21 1844
36 20 4936
36 32 5471
36 6 2631
36 40 5705
36 61 1426
36 48 1883
36 51 5540
36 39 199
36 38 1609
36 23 5074
36 3 2272
36 52 2597
36 64 4940
36 44 3893
36 7 102
36 9 3459
36 27 2725
36 47 1013
36 15 1086
36 14 5212
36 50 4596
36 67 595
36 63 1217
36 56 3723
36 34 2120
36 73 1987
36 22 821
36 24 590
36 74 5308
36 25 5212
36 18 1285
36 53 575
37 14 1891
37 43 1113
37 4 128
37 28 4607
37 48 882
37 33 5728
37 68 3021
37 74 2747
37 47 532
37 52 3037
37 50 4574
37 8 120
37 21 2713
37 15 4884
37 17 409
37 3 4528
37 49 3652
37 54 3437
37 1 2825
37 30 3094
37 66 391
37 40 1299
37 55 1321
37 19 1097
37 64 5889
37 9 1324
37 75 734
37 60 3694
37 53 5147
37 18 5118
37 44 1973
37 22 2372
37 23 1879
37 16 3769
37 11 5174
37 62 6151
37 26 3294
37 13 3486
37 6 440
37 71 3198
37 20 1481
37 57 6160
37 7 1123
37 63 2664
37 69 3132
37 29 3278
37 34 4529
37 38 6248
37 67 5267
37 39 2521
37 24 456
37 56 334
37 2 3403
37 72 5559
38 34 387
38 28 5988
38 41 5264
38 11 1003
38 37 2441
38 15 6070
38 8 1830
38 47 4696
38 10 5192
38 42 3106
38 29 5408
38 66 5418
38 48 69
38 31 2038
38 60 5190
38 71 1667
38 56 2791
38 54 4533
38 65 2973
38 30 2483
38 43 5135
38 3 4972
38 46 1724
38 49 6286
38 27 2251
38 52 1462
38 75 2920
38 45 4424
38 57 4783
38 9 5895
38 12 1655
38 36 6293
38 7 467
38 18 856
38 24 1381
38 62 2321
38 72 2060
38 23 1637
38 2 3659
38 26 5856
38 51 5323
38 33 4458
38 59 6247
38 35 3440
38 19 3175
38 5 4549
38 20 6069
38 44 1914
38 64 787
38 61 502
38 67 1122
38 1 5849
38 58 3528
38 14 259
38 32 5477
38 73 5442
39 20 3824
39 49 3572
39 15 5431
39 21 2551
39 29 1145
39 12 68
39 40 1006
39 56 1644
39 63 1321
39 3 1490
39 4 587
39 26 3626
39 59 5795
39 22 1688
39 11 4341
39 55 3821
39 68 5640
39 38 2477
39 25 2181
39 13 3663
39 71 1785
39 6 831
39 48 254
39 67 5249
39 14 3798
39 9 6228
39 34 3020
39 62 3846
39 23 2447
39 58 4091
39 52 6226
39 32 5373
39 31 3850
39 72 5018
39 42 1136
39 2 1629
39 44 3030
39 41 2068
39 45 4761
39 10 1051
39 57 4654
39 1 4080
39 43 2846
39 17 1117
39 69 3772
39 50 5218
39 35 353
39 66 5558
39 36 4235
39 5 4045
39 8 2651
39 27 3890
39 73 4673
39 33 2530
39 70 4842
39 53 2831
39 24 3473
39 37 4099
39 65 5915
39 64 2060
39 46 4526
40 69 1965
40 61 3150
40 54 2649
40 9 3613
40 43 867
40 7 2017
40 5 3670
40 75 1903
40 13 3771
40 70 1857
40 34 515
40 36 1994
40 8 3306
40 55 3283
40 71 5535
40 57 583
40 28 2830
40 39 1284
40 51 1743
40 16 5218
40 42 420
40 20 4367
40 67 3058
40 2 3365
40 18 4010
40 4 5934
40 73 2239
40 24 2843
40 49 75
40 72 5523
40 10 6291
40 37 4261
40 19 733
40 25 3794
40 53 1959
40 3 2563
40 66 1274
40 15 2877
40 30 6237
40 17 4462
40 65 2155
40 32 5401
40 14 4349
40 60 4118
40 74 117
40 27 4291
40 63 2760
40 21 6081
40 41 707
40 64 3540
40 68 4431
40 29 3234
40 62 2667
40 52 471
41 26 5846
41 11 937
41 69 3836
41 40 5893
41 25 602
41 10 5530
41 31 4189
41 8 5817
41 27 5201
41 58 2536
41 59 1362
41 39 1814
41 37 1346
41 62 243
41 54 5331
41 14 4436
41 44 951
41 12 1181
41 70 3869
41 1 1847
41 15 1289
41 52 3206
41 18 5055
41 28 656
41 32 4123
41 51 369
41 43 178
41 21 5502
41 66 1447
41 56 4060
41 30 2633
41 55 5563
41 36 1508
41 34 3665
41 24 6057
41 38 1886
41 71 5001
41 75 5805
41 19 915
41 2 3258
41 22 1269
41 20 3011
41 7 2180
41 68 3515
41 63 4192
41 74 475
41 3 5963
41 35 182
41 60 6155
41 46 4003
41 65 2752
41 13 3969
41 50 1824
41 64 5222
41 61 3158
41 48 343
42 35 5399
42 31 4407
42 65 231
42 39 5767
42 32 2736
42 16 5115
42 44 3727
42 21 863
42 18 59
42 66 2281
42 38 1160
42 55 3718
42 64 2876
42 14 2624
42 10 232
42 25 4492
42 19 1387
42 72 5839
42 8 309
42 53 1627
42 73 1411
42 4 1808
42 13 4077
42 43 1896
42 67 6283
42 40 896
42 29 4704
42 30 4474
42 41 1979
42 17 3779
42 62 2198
42 5 2829
42 52 6181
42 2 2391
42 27 4199
42 71 264
42 36 5364
42 15 139
42 9 2228
42 49 799
42 46 4981
42 7 391
42 60 1546
42 23 1381
42 26 2201
42 68 1082
42 69 2535
42 59 6214
42 3 393
42 28 466
42 54 2895
42 58 6153
42 61 5532
42 57 1956
42 34 4928
42 47 5058
42 24 6
42 20 2354
42 48 4195
42 37 3911
42 50 3028
42 1 6267
42 12 766
43 14 6208
43 66 1280
43 38 4839
43 17 6296
43 74 3164
43 36 5682
43 59 1025
43 3 3136
43 41 178
43 19 5511
43 6 158
43 57 5524
43 49 1447
43 18 4706
43 72 426
43 7 4977
43 25 5979
43 53 2779
43 42 4776
43 51 2534
43 75 5853
43 61 2866
43 26 4298
43 15 3324
43 67 3376
43 64 489
43 9 2896
43 20 3311
43 63 6113
43 47 2785
43 8 554
43 30 1905
43 13 3482
43 54 2313
43 52 3027
43 23 3008
43 35 5539
43 56 3353
43 62 3859
43 10 2127
43 39 2539
43 46 3335
43 31 4287
43 28 5440
43 12 2231
43 44 968
43 5 5661
43 65 5704
43 71 3023
43 70 4203
43 69 4158
43 32 3766
43 16 1966
43 55 2125
43 33 3021
43 73 6015
43 24 4068
43 34 1437
43 22 4757
44 38 736
44 65 6215
44 14 5770
44 63 565
44 48 2725
44 59 3649
44 47 3920
44 40 5008
44 71 1218
44 20 1332
44 16 60
44 10 3000
44 27 1995
44 36 631
44 26 2262
44 19 280
44 57 4179
44 29 3485
44 4 979
44 34 500
44 18 476
44 30 3433
44 56 5440
44 51 3271
44 55 2992
44 60 1678
44 72 2085
44 41 6083
44 11 741
44 45 102
44 42 4947
44 43 5807
44 31 3765
44 73 3683
44 49 5614
44 39 4527
44 5 2333
44 33 1017
44 8 4641
44 74 3192
44 12 3978
44 68 5237
44 66 1370
44 75 2227
44 61 3996
44 3 4466
44 58 2035
44 70 2482
44 52 3510
44 46 2001
44 69 176
44 53 6298
44 9 2883
44 13 1530
45 35 3660
45 60 528
45 22 4366
45 63 2442
45 32 1880
45 59 5531
45 62 1226
45 1 466
45 11 4858
45 49 1119
45 50 5019
45 14 6053
45 5 2780
45 24 4921
45 75 2909
45 26 1465
45 31 4579
45 72 4204
45 67 4387
45 18 751
45 44 4655
45 15 5763
45 7 4519
45 34 5815
45 39 2590
45 66 2012
45 9 2714
45 20 4928
45 33 1312
45 36 1922
45 54 6148
45 73 5229
45 3 1316
45 69 1654
45 51 3324
45 40 836
45 4 141
45 52 5975
45 55 3831
45 43 5637
45 13 4629
45 47 3358
45 6 4503
45 12 2440
45 37 1730
45 29 1270
45 23 3588
45 10 3672
45 25 2202
45 41 2149
45 19 4074
45 21 1814
45 46 1130
45 64 2971
45 58 1450
45 71 4873
46 39 2709
46 5 2526
46 23 438
46 19 3136
46 37 1916
46 12 3976
46 44 3475
46 55 1087
46 7 1044
46 66 1996
46 52 3440
46 67 2960
46 57 3633
46 64 1292
46 48 659
46 13 1806
46 60 3827
46 38 3054
46 34 547
46 65 3428
46 73 1540
46 20 831
46 11 2885
46 26 5698
46 51 3191
46 24 968
46 6 4510
46 4 3782
46 45 4600
46 70 5557
46 59 1298
46 17 349
46 3 5174
46 43 1359
46 47 6195
46 40 3563
46 50 1640
46 74 4124
46 15 4891
46 31 4417
46 36 653
46 62 5293
46 28 2212
46 75 1726
46 68 1820
46 69 5498
46 8 4241
46 33 811
46 25 5286
46 41 3898
46 56 2206
46 63 1646
46 42 1576
46 35 5607
46 10 4647
46 27 6070
46 72 3503
47 42 3247
47 69 3065
47 72 5736
47 25 2526
47 48 1975
47 26 4344
47 3 4069
47 31 2154
47 37 1594
47 58 4984
47 65 31
47 5 5961
47 52 2716
47 75 1395
47 53 4633
47 57 6264
47 10 3014
47 17 2735
47 74 3985
47 36 3874
47 27 1921
47 6 2686
47 61 5646
47 24 697
47 13 784
47 22 2483
47 73 1499
47 55 1250
47 1 4707
47 46 2321
47 39 3617
47 67 5943
47 8 4691
47 66 1168
47 12 4956
47 63 3439
47 16 482
47 70 832
47 11 6127
47 7 3796
47 60 1464
47 43 225
47 14 4699
47 35 3876
47 2 4794
47 32 516
47 29 3316
47 45 1304
47 28 2743
47 44 1346
47 49 4502
47 62 844
47 23 4299
47 9 2252
47 30 403
47 68 871
47 71 6020
47 40 3713
48 65 5573
48 59 4880
48 30 3365
48 41 5164
48 74 1595
48 60 5165
48 62 5580
48 1 3032
48 14 5072
48 29 3545
48 7 4372
48 23 4338
48 72 854
48 35 5106
48 6 3949
48 36 2100
48 24 5913
48 63 4716
48 3 1948
48 50 596
48 56 5065
48 21 692
48 71 816
48 37 3586
48 53 787
48 69 3285
48 58 2010
48 5 407
48 52 5817
48 13 6059
48 39 2985
48 66 2227
48 32 6036
48 16 3038
48 57 5790
48 67 2054
48 28 1391
48 70 350
48 49 481
48 54 495
48 9 4797
48 75 6198
48 27 3818
48 44 2107
48 42 3916
48 31 250
48 73 5691
48 45 5512
48 33 1247
48 64 3674
48 4 4845
48 46 4153
48 34 5995
48 38 5724
48 15 2286
48 68 3516
49 2 220
49 64 2385
49 74 923
49 70 4460
49 33 2815
49 8 921
49 54 5096
49 34 5229
49 58 2532
49 29 2396
49 1 932
49 20 458
49 55 3121
49 50 5173
49 68 2589
49 51 5133
49 10 5309
49 75 4419
49 45 1915
49 42 3458
49 15 5619
49 13 1292
49 36 2668
49 60 1452
49 39 2183
49 35 507
49 4 1248
49 57 2400
49 48 3509
49 46 5233
49 44 6015
49 69 5463
49 43 6289
49 28 4076
49 40 4480
49 63 5521
49 62 4377
49 5 4654
49 18 3416
49 24 4404
49 38 3167
49 71 3716
49 23 5672
49 17 5660
49 3 3110
49 32 3374
49 65 2708
49 12 2186
49 27 6097
49 61 5334
49 30 5893
49 47 1979
49 52 362
49 37 3479
49 11 1472
49 73 5318
49 22 3609
49 9 1293
50 8 4790
50 17 1239
50 74 3130
50 31 2082
50 16 5580
50 48 99
50 68 2591
50 67 4735
50 13 1334
50 22 3071
50 28 5360
50 25 2417
50 37 2917
50 39 3349
50 44 5498
50 54 1497
50 30 5370
50 4 6077
50 65 5036
50 34 5853
50 29 3228
50 33 981
50 63 5783
50 15 3749
50 55 4357
50 36 2255
50 32 5631
50 71 1833
50 42 6175
50 26 5928
50 40 2529
50 20 4335
50 59 2318
50 53 190
50 51 3663
50 47 3029
50 69 2018
50 9 2377
50 38 5546
50 73 2832
50 1 1389
50 3 3557
50 56 1261
50 14 2166
50 64 4528
50 60 1673
50 24 2802
50 18 2614
50 10 995
50 57 4555
50 2 2434
50 6 4831
50 12 53
50 11 2254
50 49 2632
50 7 3047
50 52 515
50 66 3221
51 44 390
51 40 2994
51 16 5039
51 5 614
51 55 738
51 12 6240
51 59 3487
51 33 3139
51 45 418
51 3 4829
51 35 4998
51 2 2736
51 62 358
51 71 4588
51 25 5598
51 9 2575
51 64 3838
51 43 5461
51 47 3388
51 17 886
51 6 2841
51 26 1074
51 11 929
51 49 3925
51 63 2954
51 34 1738
51 60 189
51 38 1123
51 31 5850
51 69 4617
51 21 5699
51 10 6061
51 50 3846
51 72 4531
51 68 5012
51 70 1094
51 56 100
51 58 5752
51 7 1720
51 36 1671
51 65 425
51 54 4164
51 61 6211
51 23 291
51 46 4688
51 67 3792
51 41 5228
51 37 2038
51 74 3687
51 52 4004
51 73 4826
51 22 1914
51 39 2270
51 1 3871
51 18 3659
51 29 1648
51 4 3578
52 31 5847
52 2 3300
52 70 2072
52 59 5802
52 72 2824
52 23 3637
52 50 3820
52 22 2966
52 33 3195
52 64 3687
52 51 4407
52 28 5785
52 42 2003
52 16 2727
52 53 5776
52 46 3279
52 14 849
52 32 881
52 56 4384
52 54 4683
52 49 1714
52 74 4615
52 58 4340
52 55 3583
52 26 2053
52 36 3783
52 63 3273
52 15 2315
52 21 5768
52 48 1674
52 60 1929
52 20 1245
52 73 222
52 65 1510
52 19 3775
52 38 4329
52 71 4947
52 4 2453
52 68 2314
52 11 3401
52 40 1060
52 57 1704
52 7 3993
52 29 3091
52 30 5763
52 39 932
52 62 5027
52 34 4452
52 44 4057
52 3 3297
52 1 6216
52 41 1745
52 69 2897
52 35 2286
52 12 2203
52 66 4100
52 8 598
53 3 4383
53 57 1475
53 28 4277
53 71 5223
53 68 6151
53 46 512
53 74 4684
53 27 1188
53 56 2037
53 5 3446
53 47 6273
53 45 4222
53 39 3659
53 15 4989
53 6 2506
53 14 1305
53 58 4719
53 55 4219
53 50 3694
53 44 5957
53 34 2518
53 51 1342
53 54 2832
53 36 798
53 67 5605
53 4 2160
53 69 2672
53 20 1142
53 19 1272
53 64 4113
53 37 2979
53 7 1132
53 10 1849
53 22 703
53 23 1405
53 8 4442
53 33 5118
53 30 240
53 24 1572
53 41 2792
53 35 2544
53 31 4708
53 66 2209
53 65 3687
53 1 2743
53 60 1546
53 48 1420
53 29 1395
53 13 2538
53 52 3544
53 73 4158
53 43 6172
53 21 3837
53 38 2144
53 16 787
53 72 1218
53 26 5305
54 37 3672
54 50 2982
54 41 4244
54 19 1392
54 68 126
54 7 4741
54 29 480
54 3 2779
54 14 884
54 27 6116
54 66 5981
54 52 962
54 60 377
54 75 18
54 58 1535
54 32 4999
54 57 1655
54 46 3184
54 67 5430
54 12 3381
54 11 4337
54 10 944
54 16 1759
54 23 3958
54 25 3158
54 39 6158
54 31 3970
54 69 3582
54 43 886
54 13 6270
54 64 5017
54 70 2810
54 59 2091
54 42 2568
54 45 1151
54 24 6206
54 1 2379
54 36 1320
54 40 887
54 17 3377
54 34 5028
54 61 2388
54 9 438
54 5 4974
54 20 2561
54 71 4474
54 15 5261
54 2 2075
54 26 4560
54 18 2358
54 51 4125
54 55 821
54 73 61
54 62 5683
54 6 3765
54 35 2007
54 38 2695
54 72 1542
54 33 5439
54 22 624
55 41 6150
55 70 2919
55 39 3037
55 45 5373
55 75 1047
55 60 964
55 47 967
55 58 2252
55 18 3119
55 66 4002
55 12 2943
55 26 3746
55 72 4100
55 13 2361
55 6 4822
55 28 3915
55 34 699
55 1 1572
55 42 1839
55 61 3441
55 48 1054
55 32 5369
55 33 2485
55 44 3723
55 69 2708
55 36 3983
55 21 5224
55 65 870
55 67 1030
55 50 6246
55 40 2000
55 59 5883
55 74 5790
55 29 5206
55 20 5081
55 25 123
55 43 4557
55 2 1283
55 71 1145
55 30 4152
55 11 5984
55 4 4410
55 73 43
55 31 4223
55 63 2026
55 16 5087
55 14 2956
55 64 5160
55 17 5041
55 57 2652
55 3 3212
55 24 1703
55 35 1428
55 22 3495
55 10 2281
55 23 6258
56 25 4245
56 31 3583
56 44 729
56 33 977
56 15 2710
56 12 2694
56 1 2398
56 49 2670
56 45 1962
56 53 4893
56 54 3030
56 66 6278
56 24 5939
56 43 410
56 48 2199
56 55 2575
56 10 428
56 32 2664
56 50 5196
56 17 831
56 75 55
56 69 3881
56 2 2548
56 35 2671
56 27 5772
56 21 4368
56 72 2355
56 64 2576
56 60 3330
56 65 1538
56 70 6146
56 39 564
56 34 793
56 16 918
56 29 3455
56 26 2692
56 59 3183
56 68 144
56 5 4050
56 36 4867
56 18 1633
56 42 5715
56 20 3706
56 19 2794
56 14 5708
56 63 5732
56 67 985
56 6 3245
56 51 4576
56 46 2484
56 58 6083
56 62 4740
56 22 5473
56 30 5457
56 11 3942
56 9 3492
56 4 3710
56 28 5922
56 40 5897
57 63 3863
57 73 4691
57 30 5797
57 66 6095
57 8 5141
57 28 1996
57 38 2702
57 70 3259
57 59 4984
57 39 5126
57 48 5997
57 55 3664
57 2 4134
57 45 4535
57 19 4064
57 43 5941
57 7 1936
57 16 268
57 3 3877
57 46 6128
57 13 2545
57 50 3671
57 64 3921
57 51 4593
57 74 2889
57 12 2378
57 60 2324
57 49 4082
57 24 4106
57 40 2273
57 72 234
57 9 1053
57 5 352
57 53 4838
57 34 6177
57 42 4764
57 41 2740
57 44 2044
57 1 4469
57 15 5792
57 22 93
57 4 2911
57 26 3460
57 10 2187
57 35 4001
57 17 1707
57 62 5276
57 32 2545
57 20 4932
57 71 4502
57 75 1538
57 18 727
57 23 4122
57 52 1688
58 49 1389
58 3 4649
58 63 1015
58 46 2175
58 30 607
58 61 5386
58 57 1357
58 25 6197
58 27 110
58 67 437
58 70 5437
58 20 3423
58 54 592
58 47 4023
58 28 3898
58 60 5533
58 40 2799
58 31 4084
58 45 5478
58 35 1731
58 43 1344
58 62 5646
58 39 2956
58 7 5551
58 33 2397
58 12 3888
58 10 2342
58 55 2627
58 8 2169
58 23 729
58 48 1577
58 71 1391
58 4 1769
58 53 3731
58 19 4641
58 21 4253
58 38 660
58 36 4546
58 59 4614
58 44 3787
58 26 3760
58 41 5882
58 51 3698
58 37 6219
58 22 5253
58 34 5605
58 1 2016
58 75 922
58 52 5730
58 66 2452
58 73 4020
58 42 3883
58 5 3464
58 16 2697
58 68 174
58 9 2422
58 15 280
59 39 2312
59 46 5086
59 42 3044
59 17 1260
59 31 6135
59 18 4637
59 55 5715
59 36 2387
59 75 6056
59 65 3943
59 38 5847
59 29 5503
59 74 203
59 47 6058
59 48 612
59 61 1692
59 51 378
59 34 5887
59 50 3238
59 73 2611
59 15 4975
59 1 5502
59 20 617
59 27 1548
59 2 5011
59 66 3719
59 64 702
59 67 5789
59 54 6235
59 68 172
59 43 585
59 71 3232
59 60 944
59 19 1097
59 57 2233
59 14 625
59 13 2593
59 11 1004
59 28 1547
59 6 936
59 62 4229
59 70 247
59 24 4101
59 35 3448
59 5 2505
59 33 4311
59 58 609
59 7 3917
59 12 2430
59 56 3968
59 3 4
59 44 4481
59 52 3650
60 42 2605
60 14 2911
60 11 5359
60 73 4847
60 44 3004
60 19 4859
60 24 5389
60 13 1076
60 18 4613
60 7 1258
60 35 2932
60 66 1533
60 28 2724
60 21 5373
60 25 5339
60 10 1710
60 16 87
60 15 2572
60 75 435
60 64 2263
60 40 4729
60 26 60
60 8 3158
60 46 4270
60 49 3929
60 9 4950
60 1 4790
60 61 5955
60 32 4148
60 2 1232
60 5 5896
60 65 1478
60 37 1912
60 58 3218
60 30 2013
60 12 4798
60 70 2907
60 36 3821
60 71 2947
60 59 4662
60 22 3016
60 34 4931
60 52 1959
60 27 6155
60 38 1684
60 63 2321
60 48 1977
60 74 4616
60 4 1356
60 69 1117
60 56 3528
60 23 2718
60 17 458
60 53 4201
60 39 6268
61 62 3452
61 44 6100
61 31 1243
61 70 2812
61 49 5030
61 9 6299
61 67 1997
61 45 3631
61 16 2158
61 26 3540
61 48 2286
61 29 5979
61 64 1178
61 60 399
61 73 209
61 7 529
61 39 6065
61 2 1751
61 14 104
61 71 6156
61 58 756
61 17 3127
61 72 2905
61 33 1934
61 43 6102
61 11 2352
61 42 1500
61 23 4124
61 27 52
61 19 2412
61 22 5385
61 24 3336
61 15 2647
61 3 5004
61 28 4909
61 40 1317
61 35 4248
61 57 4975
61 54 3159
61 66 2868
61 41 257
61 20 1845
61 18 1569
61 12 840
61 21 5491
61 55 4601
61 74 2492
61 38 1029
61 56 1268
61 68 5040
61 50 5575
61 25 3416
61 37 165
61 52 3552
61 34 4852
61 8 1059
61 53 3963
62 66 1412
62 68 6156
62 51 1765
62 40 723
62 45 2060
62 63 3794
62 27 945
62 55 526
62 5 275
62 11 4380
62 33 4256
62 48 6146
62 56 3222
62 71 4869
62 7 527
62 72 1703
62 37 192
62 20 4148
62 74 2618
62 35 5166
62 13 1919
62 43 5193
62 25 1967
62 10 4639
62 34 298
62 59 4268
62 28 1303
62 6 4486
62 70 2844
62 42 823
62 4 4159
62 3 4793
62 61 1160
62 2 315
62 57 1430
62 32 2014
62 22 4245
62 12 1447
62 17 3436
62 31 3427
62 14 5219
62 24 1323
62 73 2453
62 54 3583
62 21 5968
62 41 1178
62 44 1256
62 9 1319
62 52 1492
62 49 5094
62 69 5142
62 64 5467
62 38 298
62 26 5629
62 47 2515
62 18 3321
63 16 2528
63 15 3388
63 29 5372
63 67 5465
63 33 5422
63 59 1247
63 6 351
63 35 5503
63 31 925
63 51 4362
63 4 3707
63 56 5558
63 62 4816
63 41 4294
63 38 1585
63 47 555
63 27 5117
63 39 5499
63 17 5602
63 55 1795
63 58 1459
63 72 1214
63 52 1745
63 1 4469
63 43 4665
63 14 4854
63 70 4385
63 26 2447
63 46 496
63 66 1455
63 61 4416
63 75 2024
63 64 5832
63 42 2522
63 48 5497
63 3 3556
63 7 5032
63 57 1348
63 37 946
63 44 5287
63 50 1780
63 49 3001
63 12 5909
63 40 1063
63 73 1662
63 32 2378
63 28 4916
63 13 6232
63 9 3260
63 2 2327
63 30 5871
63 20 388
63 18 3192
63 54 5412
63 71 1115
63 21 1669
64 45 5962
64 59 5552
64 40 1081
64 69 54
64 13 2049
64 56 1129
64 2 5043
64 72 3124
64 74 3249
64 57 5810
64 25 4802
64 60 2403
64 12 2526
64 29 3993
64 30 520
64 62 226
64 3 1998
64 42 2957
64 4 3239
64 63 3549
64 43 3119
64 51 2501
64 7 2415
64 31 5535
64 14 858
64 41 4899
64 32 6277
64 68 2641
64 52 4143
64 27 3711
64 71 5583
64 9 5473
64 22 2211
64 54 5818
64 1 4014
64 19 5891
64 67 157
64 66 4468
64 15 867
64 34 3723
64 33 5432
64 53 2747
64 20 4757
64 44 3155
64 6 4265
64 65 1989
64 16 3786
64 21 895
64 55 5288
64 58 5872
64 17 5567
64 48 4599
64 37 4378
64 49 1792
64 39 178
65 27 4238
65 49 4050
65 37 4781
65 55 1794
65 12 3994
65 23 2678
65 46 3006
65 21 100
65 40 4352
65 29 4357
65 64 2062
65 44 3939
65 8 5608
65 16 2764
65 15 5579
65 56 3734
65 60 953
65 43 4459
65 22 4625
65 47 690
65 14 1347
65 72 3782
65 5 6110
65 1 746
65 26 775
65 17 761
65 3 222
65 61 1165
65 70 5826
65 24 3995
65 36 3240
65 34 4693
65 58 4677
65 31 5208
65 18 4098
65 41 2884
65 63 1521
65 50 125
65 20 3268
65 48 2601
65 39 695
65 68 3404
65 53 1627
65 25 1731
65 38 5699
65 10 3890
66 63 2230
66 69 5169
66 26 3897
66 57 1633
66 60 5568
66 18 573
66 36 3013
66 58 5711
66 30 672
66 10 6058
66 4 5824
66 48 2726
66 3 4755
66 45 4858
66 23 4786
66 51 2268
66 49 54
66 46 4397
66 73 5286
66 71 191
66 47 4518
66 75 1446
66 2 1453
66 55 318
66 27 1178
66 62 205
66 28 200
66 29 13
66 61 5924
66 20 512
66 65 5551
66 53 3843
66 14 3761
66 42 3143
66 7 2324
66 52 4336
66 9 4980
66 11 3371
66 35 4059
66 34 495
66 54 5861
66 6 1765
66 8 1850
66 56 3373
66 67 5495
66 40 452
66 24 1260
66 31 4143
66 17 6001
66 21 5264
66 43 5151
66 13 5226
66 44 4796
66 32 2007
66 64 1121
67 71 4887
67 1 583
67 62 111
67 63 1948
67 16 2932
67 5 1908
67 61 4038
67 34 789
67 46 5066
67 55 2192
67 22 56
67 49 5531
67 65 1942
67 29 6001
67 51 1287
67 21 5017
67 40 3705
67 66 6161
67 53 2582
67 57 2752
67 27 3533
67 59 1731
67 56 4303
67 42 4950
67 54 68
67 4 385
67 12 5624
67 18 3742
67 38 4988
67 8 5270
67 19 1482
67 45 181
67 60 3169
67 15 1496
67 10 1357
67 17 6210
67 36 5408
67 39 4405
67 14 60
67 3 4572
67 28 644
67 20 5576
67 24 151
67 32 3231
67 7 565
67 6 855
67 73 3181
67 26 290
67 70 4871
67 68 2094
67 30 4177
67 52 5829
67 72 5883
67 64 2549
67 41 3600
67 69 5098
67 37 5472
68 26 4519
68 7 6240
68 11 6123
68 34 816
68 46 2831
68 24 2618
68 67 1608
68 66 463
68 1 2004
68 39 1677
68 13 361
68 19 126
68 58 5991
68 65 933
68 2 4264
68 43 4043
68 62 2299
68 64 2548
68 49 1224
68 55 4901
68 21 142
68 74 2017
68 30 5695
68 17 5158
68 36 5172
68 50 2810
68 59 6065
68 27 4292
68 47 4456
68 33 4031
68 29 6210
68 61 2556
68 40 1532
68 54 326
68 53 1396
68 16 325
68 38 4102
68 70 5421
68 10 1364
68 69 3815
68 60 3058
68 72 528
68 44 4039
68 57 1197
68 25 2488
68 6 466
68 18 228
68 56 4294
68 14 2965
68 20 2192
68 4 3516
68 41 4224
68 37 2163
68 3 4510
68 28 127
68 15 706
68 9 1723
68 63 4508
68 8 5820
69 22 5794
69 19 4174
69 47 1728
69 10 5927
69 38 3494
69 49 679
69 73 4922
69 23 5401
69 59 5807
69 36 2063
69 21 2313
69 17 993
69 14 5111
69 15 4784
69 75 5089
69 57 2964
69 71 330
69 53 4575
69 26 4221
69 31 1008
69 9 6229
69 52 1894
69 12 3965
69 58 2074
69 40 3656
69 50 4616
69 25 5422
69 13 1440
69 44 6079
69 45 3173
69 35 4362
69 39 3766
69 55 619
69 68 5483
69 3 3307
69 60 1643
69 56 277
69 72 1509
69 4 4466
69 65 879
69 18 5822
69 5 3090
69 29 5941
69 51 1184
69 37 4873
69 16 2279
69 61 3373
69 8 536
69 43 695
69 20 5266
69 30 68
69 11 3211
69 2 273
69 64 5649
69 33 5508
70 69 2957
70 16 5666
70 26 1347
70 33 3059
70 11 5069
70 37 844
70 7 4168
70 5 663
70 68 246
70 71 5533
70 45 3796
70 18 3275
70 60 1739
70 62 1952
70 61 5107
70 21 2752
70 48 1409
70 30 2401
70 39 1924
70 44 4513
70 13 2214
70 22 463
70 73 3992
70 9 5733
70 8 5411
70 27 595
70 38 2970
70 47 5068
70 54 528
70 1 740
70 25 1442
70 52 2774
70 29 418
70 36 5561
70 4 766
70 31 2582
70 2 1640
70 3 6129
70 75 557
70 46 2545
70 72 4348
70 59 6106
70 6 2886
70 43 3504
70 10 4030
70 24 3426
70 66 403
70 64 3093
70 32 4268
70 56 2124
70 17 599
70 58 3340
70 20 3643
70 49 5380
70 53 5722
70 63 5725
70 40 2558
70 67 144
70 50 107
71 47 5533
71 35 2356
71 42 2162
71 74 5799
71 39 5183
71 5 3386
71 58 4501
71 70 3548
71 17 1681
71 62 2669
71 33 776
71 11 4175
71 34 5060
71 18 2448
71 46 4319
71 44 5353
71 4 4585
71 29 2027
71 50 2981
71 43 4692
71 1 2814
71 31 3164
71 8 1608
71 30 3051
71 56 4335
71 19 5829
71 15 4587
71 41 2090
71 54 4911
71 59 6079
71 25 3219
71 75 1977
71 67 4930
71 20 956
71 53 2888
71 55 2097
71 24 5429
71 72 259
71 16 4216
71 38 5841
71 48 893
71 52 271
71 10 2855
71 60 5058
71 12 1438
71 28 1307
71 13 4067
71 6 4320
71 45 6088
71 2 5197
71 63 5200
71 22 1338
71 66 5528
72 32 2366
72 29 2593
72 67 829
72 56 1431
72 33 4145
72 18 27
72 45 5186
72 44 6043
72 54 2901
72 3 5877
72 19 2515
72 22 2619
72 42 2030
72 60 5308
72 36 6141
72 39 3625
72 15 4321
72 38 1393
72 2 3222
72 23 5127
72 66 3456
72 65 1746
72 5 4322
72 25 1901
72 30 5810
72 55 4717
72 71 613
72 6 121
72 46 6192
72 28 3506
72 8 3362
72 4 3221
72 16 3934
72 1 4893
72 62 1406
72 51 4405
72 26 5650
72 48 4569
72 53 1792
72 34 4770
72 59 5401
72 68 1724
72 21 4772
72 69 3534
72 35 3756
72 74 1323
72 14 2468
72 12 5594
72 50 3917
72 20 3634
72 41 4396
72 31 6116
72 37 5286
72 43 1700
72 13 697
72 17 2563
72 52 1551
72 47 1481
72 40 4014
72 57 2109
73 41 5511
73 70 3825
73 25 762
73 26 497
73 74 3919
73 65 5650
73 12 5832
73 59 4741
73 55 967
73 50 2734
73 75 3441
73 20 6003
73 53 5083
73 34 5115
73 40 3819
73 18 2435
73 35 19
73 63 5135
73 64 6112
73 46 680
73 43 268
73 2 2188
73 17 5084
73 38 3189
73 11 3375
73 32 5103
73 27 492
73 23 5478
73 48 3245
73 47 6018
73 67 3887
73 66 2850
73 31 1649
73 14 4898
73 54 5009
73 22 4518
73 30 5241
73 44 4212
73 60 5390
73 15 657
73 49 5172
73 36 39
73 72 3944
73 5 3595
73 39 816
73 8 2549
73 69 3733
73 71 2085
73 58 5277
73 51 2038
73 4 4977
74 31 3274
74 5 4468
74 16 4292
74 19 3759
74 51 1052
74 45 3215
74 49 5475
74 41 4819
74 32 4768
74 59 112
74 73 5104
74 64 4518
74 56 1111
74 30 2146
74 6 2175
74 71 6184
74 11 3401
74 9 2548
74 17 2535
74 46 4092
74 23 2522
74 75 3542
74 22 4236
74 54 2563
74 27 695
74 55 2875
74 57 2232
74 63 2544
74 38 5963
74 62 6099
74 42 2528
74 21 3901
74 50 2693
74 4 2511
74 52 2878
74 40 3424
74 39 3953
74 69 2485
74 58 3297
74 18 414
74 35 3461
74 15 1309
74 10 1171
74 65 3630
74 68 4063
74 13 3382
74 67 3671
74 48 2004
74 1 4182
74 61 3563
74 26 1009
74 44 5844
74 28 4579
74 24 65
75 19 1330
75 52 4970
75 15 2405
75 58 2318
75 26 3525
75 17 5863
75 43 4562
75 60 3586
75 41 6120
75 59 2020
75 12 4521
75 7 6299
75 28 5758
75 5 1385
75 65 2788
75 46 6042
75 73 2152
75 25 2599
75 44 4606
75 45 2047
75 51 5647
75 62 5090
75 38 1264
75 10 3737
75 9 3058
75 55 2820
75 31 3866
75 4 1708
75 2 887
75 24 6182
75 33 5494
75 53 2773
75 47 1408
75 68 3176
75 16 3097
75 22 199
75 49 2349
75 30 2159
75 57 821
75 69 3305
75 18 4993
75 6 428
75 21 5912
75 8 3151
75 1 5807
75 71 1071
75 61 6263
75 13 3526
75 42 3335
75 67 5130
