75 4200
1 5 5647
1 65 5062
1 29 3666
1 34 1932
1 35 4905
1 42 5461
1 50 5976
1 70 1381
1 18 4790
1 60 4689
1 47 2742
1 20 4716
1 2 4351
1 72 3717
1 52 1925
1 56 3323
1 32 4537
1 30 3913
1 58 6071
1 27 3738
1 26 4551
1 11 4460
1 51 108
1 4 4548
1 38 4832
1 71 2739
1 22 5594
1 43 675
1 57 1913
1 21 2616
1 74 5750
1 55 3211
1 7 2993
1 45 2151
1 24 2809
1 17 779
1 48 5811
1 3 2990
1 66 3675
1 8 4870
1 14 5858
1 6 3573
1 13 5505
1 62 3290
1 75 1494
1 19 5514
1 10 1466
1 61 2766
1 49 1753
2 7 2453
2 68 5664
2 20 4060
2 12 863
2 43 2755
2 16 2161
2 41 2337
2 50 172
2 21 310
2 66 1091
2 32 1010
2 46 142
2 72 2838
2 44 5780
2 3 2786
2 30 4866
2 35 1432
2 27 2632
2 59 540
2 71 3045
2 73 6085
2 75 4441
2 64 4584
2 48 3936
2 70 6122
2 5 4836
2 39 6171
2 42 1957
2 62 3121
2 9 6218
2 58 2308
2 19 2885
2 34 1784
2 51 6234
2 36 645
2 40 3650
2 28 5863
2 22 4182
2 4 1273
2 37 2510
2 47 2862
2 57 4212
2 52 6012
2 17 5077
2 55 1760
2 8 5821
2 14 1494
2 54 2142
2 74 3979
2 18 699
2 60 4457
3 56 4787
3 62 5491
3 57 1659
3 49 657
3 30 5098
3 4 1679
3 18 1050
3 13 5736
3 17 4776
3 33 3950
3 22 782
3 55 4064
3 5 201
3 45 459
3 24 6154
3 8 680
3 2 4216
3 68 3230
3 32 4138
3 1 6129
3 31 908
3 36 3947
3 39 4094
3 42 1198
3 67 5228
3 48 905
3 50 4867
3 41 4432
3 65 4525
3 19 4341
3 69 925
3 53 2675
3 9 1016
3 25 1049
3 75 2428
3 52 2778
3 7 3547
3 58 4623
3 10 6193
3 54 3835
3 23 38
3 59 2888
3 34 3599
3 38 4933
3 15 3991
3 11 610
3 28 2295
3 63 3226
3 74 4937
3 72 4656
3 47 3237
3 71 5683
3 43 2451
3 12 5528
3 70 1245
3 66 1619
3 60 5955
3 73 5043
4 3 1967
4 19 441
4 17 3915
4 47 3860
4 37 5522
4 30 1479
4 20 3289
4 40 156
4 13 4403
4 42 1532
4 72 4633
4 2 378
4 71 5078
4 65 422
4 9 4564
4 64 4287
4 68 1817
4 33 3135
4 63 4641
4 59 4704
4 35 1358
4 48 1115
4 23 1595
4 25 5222
4 38 2360
4 22 1894
4 8 989
4 58 6050
4 61 4444
4 67 3556
4 43 480
4 5 3283
4 10 2594
4 55 3001
4 28 4999
4 21 4733
4 73 2495
4 11 3363
4 74 5277
4 27 3667
4 1 372
4 7 2850
4 50 4122
4 41 3825
4 29 6224
4 32 3839
4 51 3819
4 53 1973
4 52 282
4 15 3471
4 44 3983
5 24 580
5 10 1544
5 21 3659
5 69 3652
5 36 1245
5 53 6260
5 47 487
5 18 2363
5 68 3294
5 50 5040
5 71 4798
5 56 3119
5 26 5338
5 23 1085
5 8 1878
5 27 485
5 39 2768
5 46 2232
5 58 2239
5 17 3160
5 41 2379
5 66 5531
5 48 3048
5 22 4605
5 54 1645
5 43 5814
5 19 2538
5 15 605
5 40 2293
5 55 1904
5 73 2456
5 4 1071
5 9 1752
5 28 5146
5 62 89
5 1 3206
5 25 4066
5 30 2957
5 60 394
5 74 5115
5 57 2252
5 75 1480
5 32 5575
5 38 859
5 52 2811
5 37 1470
5 7 4386
5 61 904
5 51 5501
5 14 6105
5 20 227
5 70 4272
5 65 3281
5 3 2730
5 63 3058
5 29 2132
5 35 3407
6 36 1385
6 68 1496
6 53 4654
6 67 1262
6 64 3549
6 48 4472
6 54 4867
6 10 524
6 69 1305
6 38 823
6 23 4183
6 30 1840
6 7 5605
6 16 2697
6 41 1865
6 9 1385
6 12 746
6 1 1971
6 22 2513
6 31 1078
6 75 6198
6 11 1797
6 20 3562
6 63 3574
6 57 4431
6 58 647
6 29 1582
6 51 3918
6 5 1140
6 61 147
6 45 1317
6 8 1489
6 62 3191
6 66 721
6 46 6290
6 35 5465
6 72 2557
6 49 761
6 50 4327
6 18 5202
6 13 3961
6 71 4977
6 44 4129
6 32 987
6 40 2369
6 55 2629
6 24 112
6 56 3345
6 3 4048
6 74 1791
6 26 2302
6 34 2554
6 21 1226
6 59 1855
6 39 1008
7 3 5738
7 74 186
7 8 192
7 15 1908
7 61 3626
7 62 5633
7 20 133
7 71 1268
7 56 5569
7 14 2930
7 23 2845
7 1 3061
7 2 730
7 34 3917
7 64 6135
7 45 2170
7 35 3618
7 51 796
7 30 4943
7 21 1050
7 67 4230
7 65 2672
7 22 4655
7 29 4335
7 68 3032
7 53 250
7 4 4043
7 33 1594
7 28 4392
7 38 2910
7 47 3603
7 50 367
7 57 5640
7 26 4752
7 70 4345
7 39 1871
7 69 3117
7 44 187
7 18 5667
7 54 3405
7 27 3967
7 58 3590
7 31 6166
7 16 3505
7 75 2277
7 73 5500
7 55 5674
7 11 4985
7 12 3900
7 17 3969
7 41 5480
7 37 2252
7 9 1549
7 42 5134
7 24 5614
7 10 3234
7 72 238
7 46 2391
7 25 1397
7 59 5786
7 43 3672
8 16 2053
8 46 1895
8 29 549
8 40 592
8 57 3743
8 28 865
8 53 1477
8 5 3113
8 50 5521
8 60 5246
8 12 5415
8 36 5677
8 44 5152
8 30 4681
8 2 781
8 56 2205
8 38 1824
8 34 1943
8 7 5408
8 71 561
8 27 3990
8 47 2438
8 67 5945
8 32 3186
8 73 2100
8 41 4056
8 10 5894
8 75 6018
8 48 4040
8 58 312
8 15 694
8 21 4369
8 70 696
8 31 6286
8 63 5057
8 24 5620
8 68 4918
8 52 3816
8 66 1648
8 19 3014
8 59 5705
8 3 3174
8 13 1216
8 33 4750
8 51 2042
8 17 1849
8 54 4429
8 74 1597
8 45 1488
8 62 311
8 20 2059
8 25 1758
8 18 848
8 35 5125
9 73 1024
9 42 1034
9 21 31
9 28 538
9 17 1155
9 15 2994
9 39 707
9 6 120
9 19 3635
9 22 2039
9 57 2173
9 3 6195
9 4 2199
9 63 4526
9 25 4304
9 50 3088
9 69 2777
9 31 1712
9 41 2889
9 51 801
9 14 6214
9 61 638
9 75 2108
9 66 3010
9 47 5728
9 54 5456
9 71 6189
9 43 2827
9 10 3186
9 62 4350
9 68 3470
9 56 6233
9 34 5069
9 40 1128
9 46 5534
9 53 815
9 37 3889
9 30 3901
9 36 4850
9 59 1700
9 72 3383
9 2 552
9 49 3949
9 52 6297
9 64 4634
9 70 3022
9 20 1255
9 26 3639
9 16 6191
9 8 1822
9 35 5128
9 74 6111
9 44 5656
9 55 625
9 11 3441
9 13 2005
9 67 3018
9 24 2301
9 27 163
10 22 1748
10 15 345
10 74 1352
10 19 3745
10 27 5587
10 9 332
10 20 5831
10 36 2237
10 70 2435
10 21 5236
10 46 3406
10 38 5464
10 8 2158
10 57 5417
10 17 5990
10 50 5128
10 45 5808
10 71 3842
10 68 2174
10 42 441
10 14 5834
10 66 4961
10 49 4538
10 63 1260
10 47 6085
10 56 4507
10 62 1374
10 69 1987
10 2 1595
10 59 313
10 64 1615
10 32 865
10 34 3808
10 24 1889
10 75 6169
10 26 882
10 41 639
10 54 194
10 44 4380
10 30 4906
10 65 3751
10 40 4894
10 5 6105
10 72 1946
10 55 3317
10 73 1406
10 1 4649
10 18 1526
10 12 2643
10 16 6076
10 6 2901
10 31 5556
10 25 5374
10 11 4834
10 4 5301
10 43 68
10 37 6021
10 61 5475
10 52 4937
10 60 5103
10 67 4571
10 35 4172
11 20 1689
11 44 3283
11 62 3418
11 49 153
11 59 3318
11 3 440
11 18 3155
11 29 4689
11 47 1678
11 67 5204
11 74 6031
11 66 6285
11 24 4685
11 28 4212
11 42 2027
11 16 623
11 9 5459
11 37 1450
11 45 845
11 23 4407
11 13 1826
11 10 2245
11 50 6153
11 75 4601
11 68 2213
11 22 2833
11 36 2831
11 35 290
11 69 1814
11 8 1230
11 54 5390
11 71 3761
11 5 4780
11 14 2522
11 41 1123
11 61 2068
11 40 3538
11 4 5225
11 57 5465
11 32 3895
11 60 2094
11 64 3363
11 52 4435
11 2 1139
11 27 4595
11 15 4769
11 53 2511
11 56 2114
11 33 1797
11 12 5609
11 73 4673
11 51 4681
11 30 2644
11 43 2556
11 48 1227
11 34 2746
11 7 4164
12 37 5831
12 27 5629
12 48 959
12 39 5723
12 53 4846
12 8 3346
12 29 3809
12 73 230
12 24 5605
12 42 2635
12 60 5607
12 2 4642
12 50 214
12 55 986
12 54 5741
12 57 4453
12 43 1546
12 46 1751
12 32 4593
12 38 647
12 30 4956
12 35 5611
12 62 4692
12 61 1576
12 25 3646
12 47 1020
12 11 5340
12 69 6251
12 22 1381
12 26 5457
12 20 1826
12 6 6220
12 63 257
12 34 915
12 7 3728
12 16 4401
12 21 1910
12 40 1233
12 67 4940
12 13 4913
12 74 1461
12 15 263
12 4 2436
12 19 5092
12 28 2859
12 45 5047
12 18 4067
12 59 112
12 65 725
12 5 468
12 44 3111
12 56 2322
12 51 5959
12 66 1803
12 23 2366
12 70 2888
12 9 1350
12 14 805
12 17 2434
12 58 578
12 71 436
13 33 5639
13 37 3901
13 50 3983
13 75 4592
13 30 309
13 38 6103
13 71 5744
13 29 5608
13 1 3813
13 26 2890
13 59 1208
13 11 672
13 51 3830
13 41 4858
13 74 104
13 60 5609
13 20 1188
13 7 2196
13 22 1673
13 46 3278
13 65 374
13 31 5548
13 42 3615
13 3 3562
13 36 5530
13 49 3807
13 23 3426
13 16 2394
13 10 779
13 61 4147
13 9 3329
13 15 467
13 18 1637
13 64 2919
13 54 1886
13 21 4506
13 4 3221
13 2 2145
13 14 3753
13 56 4060
13 27 3778
13 32 689
13 45 5066
13 24 5130
13 35 5827
13 28 5279
13 44 1620
13 70 2421
13 17 3447
13 57 4280
13 72 1298
13 47 1129
13 34 926
13 73 4094
13 68 5649
13 62 3981
13 67 5557
14 43 3757
14 54 5749
14 51 4313
14 13 2219
14 22 2232
14 69 3861
14 72 2842
14 26 2493
14 74 103
14 2 1325
14 28 1245
14 9 1330
14 17 5287
14 35 2202
14 75 3143
14 4 313
14 70 3883
14 57 111
14 60 5258
14 16 2231
14 33 4029
14 36 4414
14 23 3794
14 1 6062
14 7 1969
14 44 2990
14 27 4940
14 40 5137
14 21 5929
14 50 711
14 62 5934
14 32 6016
14 20 4159
14 10 1153
14 37 6048
14 53 5809
14 64 915
14 61 1632
14 48 2866
14 11 4544
14 38 4788
14 15 1912
14 25 3326
14 24 3916
14 73 6231
14 45 1337
14 34 5208
14 5 5746
14 66 856
15 49 1282
15 41 2727
15 38 2635
15 32 497
15 29 4073
15 66 3816
15 74 271
15 44 3179
15 9 5276
15 12 5200
15 36 4331
15 64 1311
15 52 3628
15 42 5065
15 71 389
15 58 6190
15 25 5673
15 55 543
15 8 3216
15 75 1966
15 30 302
15 28 4453
15 3 3290
15 7 4934
15 60 4058
15 16 738
15 70 6258
15 27 3421
15 63 6265
15 39 3472
15 48 2326
15 1 3654
15 51 4425
15 18 420
15 43 3856
15 35 2875
15 67 239
15 45 2973
15 46 6184
15 14 3822
15 53 3794
15 37 1307
15 34 1769
15 73 1506
15 6 2717
15 68 2635
15 31 5774
15 59 6094
15 20 6253
15 19 836
15 62 1993
15 54 5899
15 5 5509
15 17 220
16 15 3763
16 65 1354
16 21 4263
16 5 224
16 9 3381
16 56 658
16 40 220
16 19 1241
16 26 4101
16 33 4535
16 39 1558
16 58 614
16 47 4989
16 64 2481
16 6 4995
16 72 5169
16 62 5801
16 44 2503
16 14 5889
16 22 1471
16 60 3557
16 42 1496
16 73 6064
16 55 140
16 43 4780
16 13 1742
16 63 5520
16 38 3073
16 27 760
16 1 4963
16 31 1656
16 11 1142
16 70 5721
16 4 1836
16 28 5123
16 3 5142
16 49 4571
16 23 6056
16 54 2336
16 17 4823
16 51 859
16 34 2439
16 30 6287
16 29 3658
16 2 2576
16 25 2350
16 48 1792
16 45 294
16 50 983
16 18 2655
16 7 2602
16 69 1594
16 36 5325
16 46 1200
16 61 3826
16 68 3847
16 66 2197
16 35 5736
16 32 3030
16 74 4513
17 73 137
17 21 5438
17 64 1870
17 28 4940
17 56 2591
17 4 3235
17 37 3274
17 39 4140
17 30 360
17 45 5163
17 29 3761
17 60 329
17 19 4644
17 65 1635
17 10 5483
17 52 4269
17 53 1739
17 48 144
17 6 3200
17 57 1339
17 62 3561
17 35 1808
17 8 3731
17 25 1226
17 24 4650
17 70 1155
17 54 5254
17 22 3532
17 32 5681
17 9 375
17 55 1349
17 40 2942
17 34 1869
17 12 431
17 16 4719
17 41 2018
17 51 5300
17 63 4905
17 15 1187
17 42 2655
17 18 2059
17 61 4853
17 20 3931
17 7 2465
17 5 4816
17 36 5765
17 75 2778
17 44 5457
17 50 4627
17 11 2378
17 59 2464
17 69 1065
17 74 5917
17 46 2390
17 72 88
17 27 1754
18 33 2083
18 66 6131
18 63 3218
18 74 4155
18 19 1652
18 71 4341
18 56 6181
18 20 5610
18 34 167
18 14 6129
18 12 5569
18 55 5654
18 29 2185
18 69 2179
18 21 2897
18 3 5231
18 7 2108
18 6 1434
18 30 1178
18 9 3129
18 50 1851
18 36 3601
18 54 4180
18 67 933
18 72 3821
18 38 1973
18 24 5416
18 59 4008
18 16 4174
18 70 1500
18 11 5162
18 25 2241
18 47 5575
18 28 470
18 65 5648
18 8 3752
18 73 3044
18 57 3653
18 32 3938
18 15 4226
18 43 84
18 5 3242
18 17 4674
18 1 5145
18 31 4955
18 64 1391
18 52 3064
18 10 5538
18 53 2668
18 60 4059
18 42 1022
19 7 1005
19 41 355
19 34 5584
19 15 4515
19 72 2482
19 73 3405
19 25 2816
19 53 1566
19 16 3275
19 45 2515
19 12 3473
19 3 1523
19 67 1912
19 74 3736
19 22 1799
19 36 2453
19 75 541
19 50 2915
19 20 1789
19 31 3909
19 70 1967
19 11 1872
19 58 2419
19 14 3088
19 32 5075
19 28 2305
19 48 5985
19 1 5123
19 57 5896
19 44 6298
19 35 5517
19 38 1462
19 10 1744
19 56 1701
19 52 654
19 18 3016
19 66 877
19 29 3711
19 59 2404
19 39 146
19 2 1990
19 6 5549
19 71 2326
19 61 6231
19 42 2888
19 23 4269
19 8 6146
19 5 1080
19 43 3929
20 7 384
20 25 4666
20 46 1014
20 14 2576
20 9 5458
20 32 5570
20 19 2644
20 50 5837
20 71 2933
20 51 2292
20 3 3682
20 23 3104
20 72 4473
20 70 1730
20 52 5213
20 48 3857
20 39 2255
20 12 2590
20 75 2542
20 43 3306
20 56 3240
20 41 3450
20 54 692
20 24 3471
20 61 1195
20 29 6295
20 60 2727
20 37 1019
20 6 3785
20 22 2228
20 62 460
20 35 3226
20 28 1086
20 34 511
20 67 4725
20 55 3477
20 30 4766
20 49 2091
20 21 5406
20 26 6145
20 57 5603
20 10 5777
20 63 1377
20 1 2621
20 2 1360
20 17 260
20 45 5519
20 74 6099
20 65 6284
20 59 5806
20 42 4177
20 66 5846
20 40 5123
20 13 1536
21 63 3808
21 12 2110
21 53 1527
21 8 4709
21 10 1804
21 40 2406
21 38 2377
21 47 2692
21 54 1022
21 62 5425
21 75 215
21 64 2447
21 32 2764
21 41 4495
21 20 266
21 55 5988
21 34 3968
21 1 4636
21 26 2092
21 59 4738
21 35 1990
21 33 3946
21 72 838
21 6 4344
21 14 3611
21 43 219
21 28 3694
21 15 714
21 5 1551
21 60 2104
21 44 6200
21 7 4736
21 11 2972
21 65 4452
21 36 6287
21 4 3746
21 49 4782
21 25 393
21 68 4741
21 48 1086
21 74 4901
21 18 2938
21 50 2475
21 56 5940
21 70 3561
21 2 2993
21 69 2565
21 66 3284
21 67 5025
21 30 2683
21 24 2681
21 61 3934
21 52 945
21 51 3478
22 73 80
22 44 1827
22 71 1378
22 53 1055
22 68 697
22 1 3612
22 47 1747
22 72 5884
22 48 419
22 43 4134
22 8 3439
22 61 1850
22 23 252
22 6 375
22 32 700
22 3 4563
22 67 4600
22 56 3090
22 46 10
22 25 5216
22 65 3267
22 15 3247
22 16 5543
22 57 6178
22 24 1935
22 28 4223
22 62 2797
22 20 842
22 9 1232
22 69 2343
22 75 28
22 10 139
22 60 3897
22 12 4869
22 29 3191
22 51 3471
22 39 1092
22 41 2572
22 14 4928
22 7 1181
22 21 4560
22 59 4494
22 5 3898
22 34 622
22 17 1495
22 52 1833
22 50 5486
22 66 6001
22 33 1894
22 31 1796
22 63 540
22 45 2327
22 38 3560
22 11 2876
22 54 1023
22 55 2428
22 4 3958
22 49 5226
22 26 6229
22 70 4418
22 30 3023
23 41 3853
23 31 4462
23 30 342
23 58 3407
23 27 2928
23 61 1608
23 59 3275
23 14 2983
23 18 3573
23 34 1136
23 21 5814
23 42 4122
23 13 4959
23 1 2635
23 55 4934
23 5 1044
23 6 362
23 19 2143
23 40 4570
23 52 2173
23 2 4593
23 64 4430
23 57 3376
23 49 4328
23 33 4761
23 43 4915
23 24 2910
23 7 432
23 9 2408
23 60 61
23 8 1361
23 17 2727
23 71 2534
23 65 5068
23 72 2696
23 16 3673
23 3 3382
23 46 21
23 75 543
23 44 2911
23 53 3062
23 73 401
23 20 3623
23 39 822
23 69 5894
23 50 2596
23 28 4093
24 10 4935
24 40 2250
24 19 5199
24 16 3293
24 21 157
24 75 840
24 27 4133
24 4 4627
24 29 2893
24 62 6180
24 54 2210
24 11 609
24 63 1933
24 17 1006
24 65 468
24 5 1018
24 18 5428
24 26 5718
24 55 1230
24 42 322
24 9 2882
24 49 1086
24 64 308
24 7 4792
24 53 2610
24 3 2530
24 36 1534
24 14 6106
24 58 2435
24 13 4995
24 57 1451
24 33 3173
24 60 4418
24 72 496
24 32 2647
24 25 2110
24 37 3517
24 31 4754
24 66 1612
24 67 1073
24 22 1958
24 15 3159
24 45 984
24 70 1484
24 1 6235
24 28 5534
24 35 714
24 39 2762
24 30 1972
24 8 96
24 34 5127
24 2 1024
24 44 692
24 51 5719
24 61 4884
24 48 3964
24 73 5440
25 67 5055
25 31 5128
25 64 3993
25 2 4329
25 68 428
25 66 1986
25 51 1418
25 47 239
25 4 5600
25 40 1084
25 36 4881
25 42 3185
25 33 5555
25 22 3219
25 28 3143
25 59 5328
25 27 4801
25 55 6040
25 32 893
25 43 4903
25 26 2485
25 45 5170
25 39 5225
25 72 4141
25 10 5988
25 21 3909
25 70 3183
25 60 2227
25 75 3831
25 12 3784
25 11 5466
25 46 4993
25 8 2289
25 52 6180
25 16 1179
25 14 4434
25 54 4460
25 50 4001
25 5 2422
25 62 3522
25 29 6215
25 69 5219
25 63 2255
25 9 5946
25 6 972
25 44 245
25 13 2804
25 41 847
25 38 4588
25 49 4517
25 24 764
25 18 2446
25 34 845
25 61 5908
25 65 2063
25 20 2052
25 30 4705
25 3 2615
25 58 1944
25 15 2177
25 23 3727
26 54 2973
26 45 5366
26 73 4366
26 59 397
26 40 1099
26 72 150
26 34 4309
26 71 5206
26 46 5887
26 23 1504
26 69 4685
26 21 1006
26 3 1810
26 19 5115
26 17 1033
26 55 52
26 66 1631
26 41 6104
26 16 5090
26 47 3446
26 1 5895
26 68 1871
26 67 5745
26 42 5424
26 5 1330
26 63 5386
26 11 4784
26 27 1572
26 8 2309
26 70 615
26 24 5279
26 22 2937
26 15 4426
26 44 19
26 6 4543
26 57 3479
26 2 5948
26 61 1140
26 52 3301
26 25 4344
26 53 1481
26 20 5004
26 60 2409
26 4 6254
26 64 4886
26 12 1403
26 30 5757
26 49 3985
26 51 5530
26 48 497
26 14 5541
26 31 3428
26 65 4496
26 37 4283
26 35 6232
27 3 4538
27 4 4960
27 62 1483
27 10 4914
27 39 2420
27 37 3774
27 5 3278
27 25 2630
27 47 4078
27 33 255
27 16 563
27 14 889
27 26 2254
27 21 954
27 12 3151
27 2 4310
27 69 4325
27 75 3006
27 52 1334
27 67 6183
27 22 3091
27 6 1600
27 51 3605
27 36 668
27 1 1252
27 56 2465
27 34 232
27 13 3707
27 46 2449
27 54 5258
27 68 4518
27 53 3458
27 74 3880
27 38 6216
27 70 3222
27 59 3845
27 24 2248
27 43 5683
27 49 3036
27 48 5902
27 57 982
27 35 661
27 40 4590
27 15 4687
27 61 133
27 44 2070
27 8 5211
27 9 5960
27 45 4207
27 23 2378
27 63 2053
27 29 1869
27 41 4894
27 66 1117
27 31 455
27 18 6230
27 71 3508
27 11 2115
27 20 6216
28 9 3180
28 59 5270
28 40 1511
28 32 660
28 57 5301
28 19 4192
28 66 1361
28 70 226
28 75 5650
28 25 6114
28 34 1578
28 37 4557
28 62 178
28 60 5766
28 16 5326
28 39 6267
28 11 3665
28 35 2963
28 52 2863
28 49 3149
28 56 561
28 3 2887
28 12 1368
28 43 5500
28 41 1399
28 2 2446
28 23 5247
28 13 4226
28 36 2013
28 50 5959
28 24 1976
28 67 3786
28 68 4771
28 55 3026
28 44 4629
28 8 761
28 18 1032
28 31 5939
28 14 5866
28 21 1618
28 10 356
28 27 230
28 5 2603
28 48 889
28 58 4744
28 17 1784
28 45 737
28 26 277
28 42 1487
28 71 4615
28 46 883
28 53 2517
28 63 2359
28 74 1371
29 74 1217
29 62 4193
29 1 2245
29 44 6268
29 69 5516
29 68 6187
29 47 1614
29 63 5431
29 50 3032
29 72 1188
29 66 2194
29 70 5552
29 35 4562
29 33 110
29 65 3613
29 46 1487
29 75 5311
29 67 887
29 17 1667
29 9 3427
29 23 5239
29 11 1425
29 32 6300
29 20 815
29 3 6196
29 7 2941
29 4 3271
29 45 2468
29 8 3303
29 48 3637
29 15 415
29 27 3886
29 55 1226
29 38 2610
29 30 5924
29 43 5617
29 14 270
29 22 5595
29 39 3391
29 61 5422
29 25 2905
29 10 3337
29 42 2575
29 64 4802
29 52 3590
29 53 6074
29 40 3943
29 19 2772
29 56 4787
29 59 5828
29 2 5389
29 58 1738
29 18 3014
29 5 3536
29 73 4016
30 8 5691
30 68 4122
30 65 6234
30 44 1156
30 22 202
30 26 1191
30 42 2393
30 53 3700
30 12 1092
30 25 3641
30 64 1623
30 27 1322
30 46 523
30 66 3619
30 1 4650
30 48 453
30 67 773
30 41 1611
30 32 4686
30 36 5089
30 38 439
30 51 4266
30 5 4284
30 35 3424
30 20 1756
30 61 4339
30 18 396
30 4 1217
30 13 3040
30 14 2267
30 54 5964
30 9 5752
30 3 506
30 10 5633
30 60 1559
30 58 1765
30 7 3260
30 17 4880
30 33 4530
30 43 934
30 73 3726
30 69 6167
30 37 3352
30 2 6008
30 23 4808
30 59 3699
30 24 5884
30 28 1862
30 50 4087
30 70 6266
30 11 5791
30 71 3800
30 55 704
30 62 2014
30 34 697
30 56 4249
30 40 4758
30 74 4256
30 39 4746
30 6 5031
30 19 452
30 16 5690
31 11 2904
31 64 2498
31 3 3647
31 55 333
31 57 364
31 66 3305
31 19 4493
31 20 3875
31 46 4731
31 6 1173
31 62 228
31 26 5703
31 56 5710
31 29 5538
31 14 385
31 58 2495
31 41 695
31 69 4647
31 61 5379
31 47 1133
31 17 5113
31 37 2114
31 32 3910
31 43 2331
31 74 2032
31 15 1118
31 25 2371
31 36 2506
31 39 831
31 65 735
31 35 6027
31 71 2669
31 33 1298
31 48 261
31 18 3439
31 44 1495
31 75 5508
31 73 3957
31 72 5518
31 13 1745
31 8 3560
31 1 5831
31 40 459
31 4 6262
31 22 5731
31 51 1951
31 34 5472
31 27 1821
31 54 1003
31 10 4866
31 2 1949
31 38 3641
31 5 578
31 30 5280
31 70 2550
31 68 1847
31 16 4546
31 24 4197
31 45 4010
32 43 2908
32 44 1365
32 30 3082
32 27 3948
32 48 354
32 69 4433
32 34 200
32 59 4469
32 41 6055
32 73 4856
32 24 2205
32 14 3714
32 10 4482
32 40 5438
32 22 3309
32 70 602
32 25 4189
32 46 5587
32 9 338
32 23 6022
32 11 2840
32 53 1277
32 37 5108
32 2 4663
32 66 1659
32 35 106
32 42 779
32 31 3938
32 57 2670
32 28 6289
32 65 3522
32 55 5885
32 16 2870
32 21 5497
32 58 3352
32 71 3754
32 72 3825
32 12 2529
32 39 2732
32 17 1063
32 8 5491
32 75 1850
32 20 4788
32 52 4570
32 7 1448
32 26 2012
32 36 4564
32 3 881
32 68 3335
32 38 3466
32 51 6011
32 64 3076
32 67 5990
32 50 4669
32 29 6192
32 4 232
33 47 5966
33 48 4147
33 43 214
33 54 1215
33 58 4845
33 31 3831
33 9 2366
33 46 4606
33 44 1038
33 63 4
33 11 4039
33 49 156
33 19 2003
33 32 5625
33 71 2905
33 55 2410
33 22 1129
33 23 1602
33 4 3134
33 69 4271
33 2 4935
33 17 1685
33 68 542
33 3 333
33 72 3023
33 24 3343
33 45 2039
33 5 2693
33 60 857
33 53 4142
33 34 4975
33 61 5340
33 74 448
33 40 919
33 59 2654
33 16 5436
33 42 6103
33 56 2587
33 65 4442
33 35 4421
33 25 1947
33 64 887
33 38 5445
33 13 2226
33 18 1627
33 21 4888
33 7 2647
33 37 3553
33 20 5998
33 70 2805
33 66 6236
33 39 735
33 62 693
33 75 210
33 50 4109
34 48 4091
34 5 6130
34 55 5994
34 53 2543
34 6 543
34 20 107
34 35 5039
34 29 400
34 43 3619
34 75 5118
34 15 5048
34 28 4722
34 12 4732
34 41 808
34 60 5377
34 61 3781
34 27 3555
34 71 4424
34 1 2944
34 31 2035
34 10 3742
34 2 632
34 32 453
34 62 1011
34 21 46
34 40 229
34 54 521
34 3 4067
34 38 4846
34 39 5178
34 69 2261
34 57 3697
34 59 6013
34 11 1690
34 26 1012
34 17 2035
34 50 358
34 49 3675
34 66 5325
34 7 5386
34 13 233
34 45 5685
34 25 4708
34 22 6026
34 47 6028
34 72 196
34 42 5913
34 46 3045
34 67 4017
34 63 737
34 51 1322
34 44 4067
34 30 441
34 74 2443
35 51 6142
35 24 406
35 17 2027
35 65 1486
35 62 4714
35 22 2473
35 72 5537
35 33 1872
35 9 4458
35 52 696
35 38 2041
35 54 4410
35 56 5619
35 28 3745
35 48 6145
35 66 117
35 44 5296
35 16 2853
35 58 3932
35 10 4765
35 11 5521
35 40 4497
35 60 2401
35 63 4017
35 75 5226
35 20 1999
35 1 2312
35 59 3974
35 26 3845
35 68 2539
35 32 4859
35 61 155
35 43 3424
35 2 5131
35 6 4271
35 50 2072
35 36 4760
35 3 926
35 42 1236
35 14 75
35 12 648
35 74 143
35 39 2120
35 13 5818
35 15 308
35 31 2032
35 41 5028
35 69 1291
35 23 1381
35 29 6220
35 4 5656
35 18 4021
35 67 5380
35 25 380
36 53 5422
36 7 650
36 70 4139
36 68 476
36 31 2373
36 46 4219
36 44 427
36 43 4755
36 19 1523
36 33 4678
36 35 2258
36 66 1162
36 67 4483
36 20 5805
36 54 3333
36 41 5389
36 9 1855
36 10 3141
36 48 6279
36 74 4336
36 21 919
36 1 1313
36 56 2782
36 61 4530
36 25 3374
36 15 3726
36 47 2310
36 24 4013
36 37 391
36 11 5177
36 38 2238
36 60 4763
36 57 64
36 64 5287
36 50 2959
36 29 3410
36 39 5485
36 27 4962
36 23 1327
36 55 4777
36 17 5540
36 59 5145
36 8 5255
36 26 1262
36 14 4078
36 63 241
36 73 5000
36 32 661
36 34 4271
37 60 4956
37 62 2840
37 46 5965
37 13 3837
37 56 3187
37 45 644
37 8 835
37 20 2223
37 14 3112
37 18 5875
37 74 5486
37 58 486
37 59 964
37 49 3767
37 55 4643
37 31 4208
37 11 4695
37 39 3448
37 70 4305
37 19 5566
37 68 5243
37 15 3061
37 24 4355
37 73 3672
37 65 6046
37 27 5778
37 67 3551
37 38 2345
37 12 833
37 7 2963
37 42 724
37 75 1288
37 72 3771
37 41 4042
37 17 3935
37 4 3362
37 34 111
37 16 2200
37 23 735
37 69 1737
37 54 2406
37 25 6274
37 47 2812
37 40 3931
37 36 6054
37 61 4174
37 21 5865
37 50 751
37 29 5172
37 6 2730
37 63 4715
37 10 2645
37 52 5114
37 9 795
37 33 596
38 55 994
38 49 2122
38 58 2828
38 19 1815
38 59 5437
38 61 5194
38 28 5018
38 65 2452
38 26 1736
38 51 1330
38 24 1866
38 32 556
38 63 747
38 74 2740
38 47 4198
38 60 1801
38 1 4051
38 37 2915
38 44 673
38 9 2141
38 15 329
38 7 5362
38 45 1801
38 31 1098
38 53 5220
38 52 5207
38 4 3520
38 62 1405
38 48 2910
38 42 2553
38 50 1262
38 11 915
38 67 5915
38 75 4530
38 70 1726
38 29 276
38 18 3096
38 39 950
38 57 1441
38 33 708
38 12 1023
38 46 2760
38 35 5685
38 64 4679
38 22 2805
38 30 2820
38 13 3908
38 6 2613
38 34 1513
38 25 2544
38 40 2313
38 56 3185
38 41 1323
38 8 547
38 71 4383
38 2 2788
38 3 1580
38 20 3706
38 68 45
38 16 2428
38 73 5618
39 24 2475
39 52 5341
39 55 1064
39 5 5845
39 44 687
39 49 2955
39 13 2451
39 6 2784
39 70 3919
39 3 1840
39 21 1160
39 7 146
39 67 5308
39 65 1796
39 1 3084
39 42 4294
39 35 5830
39 56 5759
39 51 469
39 63 238
39 37 5965
39 28 1207
39 23 4693
39 73 456
39 25 1209
39 14 6048
39 8 6197
39 62 787
39 34 5591
39 64 4138
39 33 2597
39 60 5379
39 54 5566
39 57 4106
39 31 4640
39 68 4546
39 66 2392
39 10 2092
39 22 5322
39 47 3794
39 38 1659
39 40 2154
39 75 5368
39 43 5217
39 2 4614
39 41 622
39 11 3755
39 30 1680
39 46 5619
39 29 3936
39 69 4957
40 60 1674
40 67 5185
40 15 1177
40 69 3728
40 19 4067
40 63 4983
40 72 5854
40 14 7
40 41 5276
40 49 5243
40 2 4894
40 64 1376
40 56 4635
40 43 1798
40 38 4144
40 36 4706
40 27 728
40 39 3512
40 8 2280
40 51 2301
40 66 5051
40 34 311
40 48 5771
40 57 1868
40 24 5056
40 45 5857
40 35 4455
40 10 3225
40 28 264
40 73 3259
40 7 3928
40 68 4573
40 3 3023
40 52 4998
40 1 1551
40 71 2791
40 16 1674
40 25 23
40 30 378
40 21 4637
40 61 3292
40 26 1729
40 31 1171
40 74 4701
40 22 2058
40 12 4348
40 65 3448
40 50 2493
40 46 1248
40 6 708
40 55 3792
40 44 2189
40 42 5388
40 59 6175
40 9 3590
40 32 1497
40 47 2078
41 13 571
41 32 3250
41 44 3328
41 46 4917
41 21 3230
41 5 2371
41 66 4618
41 33 2952
41 72 187
41 27 2837
41 54 379
41 73 4339
41 48 744
41 71 5718
41 64 2718
41 8 4278
41 51 2688
41 49 5505
41 37 785
41 39 69
41 3 3410
41 53 4073
41 40 4877
41 52 1240
41 14 2702
41 29 2664
41 19 3157
41 17 4674
41 70 3673
41 61 2093
41 60 5226
41 75 952
41 38 3640
41 68 5780
41 2 2702
41 55 4672
41 69 3208
41 62 5314
41 26 1273
41 63 1905
41 18 3779
41 34 2469
41 4 1599
41 22 2711
41 67 5898
41 74 2057
41 28 980
41 16 3967
41 36 2218
41 30 2240
41 11 50
41 45 3413
41 12 1530
41 23 2608
41 24 4559
41 58 4117
41 42 2468
41 31 381
42 26 6200
42 11 5620
42 2 1216
42 23 4232
42 59 29
42 54 2234
42 5 1820
42 51 1614
42 56 2600
42 38 548
42 71 5729
42 65 3804
42 25 5591
42 40 2557
42 22 5532
42 6 37
42 10 6227
42 62 3069
42 36 2395
42 24 2499
42 7 4342
42 3 6174
42 55 4109
42 74 736
42 57 5557
42 28 1142
42 9 1256
42 37 799
42 19 2457
42 35 2719
42 1 1172
42 73 3029
42 33 5275
42 70 4743
42 41 1373
42 12 2009
42 27 4149
42 66 1539
42 58 2688
42 72 2169
42 29 4586
42 50 1098
42 21 296
42 31 1410
42 43 5156
42 46 638
42 4 4643
42 64 1433
42 17 5833
42 61 3591
42 63 5094
42 49 5188
43 5 5304
43 4 981
43 9 4752
43 12 1840
43 32 5707
43 52 1197
43 36 4944
43 1 4535
43 75 3232
43 23 5202
43 34 4680
43 18 4250
43 71 5985
43 64 402
43 39 4799
43 15 2930
43 30 2389
43 60 5142
43 17 5574
43 65 5695
43 10 663
43 42 4380
43 24 5424
43 59 6141
43 40 1186
43 53 938
43 49 1120
43 27 4299
43 13 5266
43 55 3205
43 2 3436
43 16 4283
43 62 3443
43 58 4865
43 22 4877
43 48 1954
43 14 5253
43 26 6114
43 44 1823
43 74 435
43 45 1286
43 33 4485
43 67 4604
43 28 5889
43 73 4973
43 68 1932
43 8 3480
43 25 624
43 47 5404
43 31 3779
43 6 2410
43 57 1848
43 51 909
43 46 5732
43 7 1314
43 61 1186
43 37 4370
43 20 231
43 50 4801
43 66 1366
44 29 6264
44 61 3084
44 54 2362
44 66 2010
44 70 1283
44 3 6203
44 39 3094
44 2 786
44 42 5687
44 74 3792
44 17 2108
44 6 3696
44 11 5272
44 24 2707
44 49 2781
44 56 2530
44 50 3975
44 53 481
44 15 2596
44 62 775
44 35 1059
44 8 2584
44 52 3525
44 59 5090
44 48 4560
44 16 4550
44 5 4609
44 55 4108
44 31 2065
44 60 5560
44 7 4433
44 23 3551
44 33 1430
44 51 2897
44 67 5867
44 57 3770
44 46 1195
44 28 3525
44 64 1074
44 27 1436
44 21 1763
44 71 3777
44 63 657
44 9 3572
44 30 2983
44 73 3593
44 1 2757
44 45 5411
44 32 659
44 36 134
44 75 1647
44 65 3330
44 4 2152
44 12 3151
44 20 2539
44 72 5762
44 22 4053
45 52 5554
45 70 1940
45 57 3474
45 38 5737
45 74 2745
45 60 4139
45 48 626
45 31 1085
45 7 5610
45 24 5365
45 43 5145
45 16 2687
45 11 979
45 20 6271
45 62 5366
45 8 5294
45 22 6232
45 68 2032
45 64 2527
45 17 3873
45 23 3984
45 3 2301
45 65 1983
45 2 1229
45 30 4386
45 71 549
45 19 1687
45 27 2983
45 40 2504
45 21 1083
45 44 3445
45 33 3416
45 63 3518
45 9 1984
45 53 5853
45 4 5287
45 61 4666
45 13 164
45 47 321
45 46 2952
45 36 246
45 56 4624
45 69 5162
45 75 242
45 32 442
45 18 3237
45 25 4896
45 28 291
45 41 5486
45 73 3426
45 14 2834
45 34 1811
45 55 2940
45 5 1382
45 26 2911
45 37 1391
46 21 1619
46 23 1167
46 2 4022
46 10 5464
46 47 5702
46 12 3892
46 58 252
46 8 2553
46 62 2462
46 30 4838
46 33 906
46 73 5138
46 20 3676
46 31 618
46 53 885
46 57 5652
46 32 3411
46 37 3530
46 38 5721
46 54 5529
46 16 1023
46 56 5439
46 11 5820
46 52 97
46 15 6111
46 17 2619
46 7 671
46 44 5695
46 64 640
46 70 58
46 26 2293
46 4 3681
46 35 2242
46 55 837
46 5 3929
46 13 3261
46 29 4380
46 28 1497
46 40 2271
46 68 2721
46 61 3357
46 60 2434
46 9 2379
46 71 2213
46 42 1427
46 43 2571
46 48 4068
46 19 2791
46 59 3298
46 69 4749
46 72 2282
46 27 3977
46 6 2515
46 24 4826
47 18 5283
47 4 1441
47 14 3581
47 66 1235
47 7 4633
47 20 4597
47 59 1536
47 57 4074
47 69 5337
47 33 3178
47 12 4552
47 40 703
47 19 2562
47 53 2700
47 62 3123
47 42 2473
47 68 1815
47 70 4642
47 46 4741
47 72 4035
47 41 4339
47 61 3971
47 27 6249
47 52 5649
47 39 990
47 55 4859
47 31 5324
47 51 3120
47 8 4697
47 63 2784
47 15 5948
47 21 4770
47 58 1479
47 37 3328
47 43 3714
47 17 2750
47 60 3919
47 13 5621
47 1 4288
47 3 5678
47 26 1899
47 44 2407
47 29 5638
47 24 1910
47 35 5910
47 65 4346
47 32 3348
47 48 1259
47 36 80
47 10 3028
47 9 3313
47 71 5949
47 73 6045
47 25 4531
47 28 4067
47 6 3964
47 49 2841
47 64 4161
48 7 2961
48 58 3436
48 74 397
48 53 5398
48 54 1444
48 21 3502
48 60 1367
48 1 5492
48 15 6092
48 14 5346
48 35 1812
48 46 4153
48 13 1993
48 69 801
48 20 4124
48 75 2418
48 67 3943
48 28 4906
48 34 3361
48 72 2249
48 32 3216
48 57 5657
48 49 3297
48 61 2570
48 31 4245
48 63 5229
48 36 291
48 33 1768
48 43 3749
48 25 2015
48 68 5208
48 66 3182
48 9 70
48 27 468
48 73 3678
48 44 2366
48 24 2648
48 52 3153
48 39 3646
48 55 5366
48 40 5388
48 8 322
48 56 3178
48 45 5038
48 18 4146
48 10 3487
48 65 4488
48 4 6292
48 29 3959
48 19 3795
48 26 403
48 11 2307
48 16 5187
48 23 177
48 17 5194
48 51 5609
49 16 4699
49 5 2655
49 43 268
49 19 5079
49 62 3550
49 27 3693
49 60 5760
49 35 4859
49 33 4612
49 10 5915
49 56 3207
49 13 5062
49 37 3111
49 45 5925
49 58 3821
49 21 2455
49 8 1673
49 54 1905
49 57 1364
49 18 4383
49 63 3969
49 48 1407
49 26 5071
49 6 5541
49 3 2563
49 61 3411
49 12 4136
49 55 178
49 24 34
49 28 1469
49 75 2349
49 9 3065
49 42 2703
49 71 3628
49 69 6293
49 25 2112
49 20 1504
49 44 3196
49 1 2495
49 41 4277
49 29 1694
49 22 1655
49 30 5284
49 40 2996
49 2 5161
49 4 3925
49 17 2272
49 15 6227
49 47 4274
49 65 6215
49 74 6191
49 11 1097
49 53 2882
49 59 5723
49 66 3304
49 32 1722
50 22 4870
50 72 1763
50 18 4196
50 25 5075
50 75 1315
50 8 1359
50 37 3934
50 31 4934
50 2 2123
50 47 5332
50 46 4906
50 69 3275
50 39 3835
50 26 284
50 65 5674
50 64 2437
50 9 568
50 12 1057
50 36 1830
50 57 1531
50 73 3857
50 14 2714
50 67 6156
50 54 2516
50 34 3168
50 71 4676
50 56 2287
50 10 3900
50 68 1233
50 11 713
50 7 2481
50 60 4650
50 66 3226
50 24 4988
50 19 4323
50 20 3441
50 74 835
50 33 966
50 15 5086
50 62 971
50 4 1532
50 6 730
50 61 5108
50 55 2662
50 23 3932
50 13 656
50 27 5475
50 35 2210
50 5 4545
50 17 4999
50 43 2774
50 48 4198
50 38 3625
50 30 1927
50 58 2436
50 1 5518
50 49 3353
50 16 6148
50 40 254
50 32 679
50 53 690
51 17 4585
51 44 2378
51 7 1848
51 21 4582
51 9 3215
51 54 5948
51 72 1481
51 29 1226
51 4 5306
51 49 3596
51 42 30
51 41 3487
51 30 4960
51 69 1984
51 66 1021
51 53 4189
51 1 1514
51 25 1191
51 68 1981
51 10 2827
51 8 46
51 40 5596
51 14 4761
51 37 1301
51 70 164
51 20 4181
51 71 5595
51 46 4742
51 55 41
51 33 3448
51 59 4492
51 63 5181
51 67 4173
51 73 4878
51 64 5603
51 75 5979
51 62 1098
51 22 3105
51 39 3135
51 35 4671
51 19 3794
51 43 6090
51 5 1507
51 31 1999
51 60 2652
51 50 5822
51 2 1562
51 18 6092
51 26 373
51 27 2277
51 52 2324
51 24 2679
51 61 5579
51 47 4296
51 65 358
52 40 1492
52 31 4959
52 24 924
52 41 2551
52 20 5418
52 67 2017
52 42 772
52 73 2067
52 68 2910
52 6 1918
52 58 1168
52 23 4460
52 25 5849
52 44 3286
52 12 5196
52 9 6181
52 74 3751
52 21 1830
52 33 1075
52 17 5749
52 32 1992
52 59 1400
52 11 3259
52 63 2285
52 62 3466
52 28 4787
52 72 3816
52 19 2360
52 56 5743
52 36 636
52 60 3844
52 47 5403
52 37 2024
52 16 1068
52 48 711
52 65 4058
52 38 4351
52 53 916
52 4 2191
52 27 1466
52 18 1032
52 10 4855
52 39 3215
52 34 5300
52 51 5001
52 43 4900
52 70 3962
52 29 3142
52 57 2742
52 30 742
52 55 3295
52 22 4044
52 26 5377
52 54 1233
52 69 5045
52 35 1272
52 49 5283
52 7 927
52 15 5743
52 5 5517
52 2 4193
53 9 3013
53 3 5939
53 32 2930
53 2 2231
53 19 3715
53 36 5106
53 16 6260
53 11 5315
53 12 3122
53 54 4718
53 47 3621
53 14 543
53 48 3797
53 30 1751
53 5 803
53 15 1895
53 75 4136
53 44 3942
53 31 4085
53 40 2365
53 17 5753
53 38 4789
53 7 3380
53 28 1769
53 29 2999
53 72 3508
53 56 3574
53 60 2294
53 61 6159
53 65 1373
53 23 3091
53 33 2059
53 71 5602
53 35 639
53 37 1139
53 66 5792
53 13 311
53 43 729
53 55 902
53 25 4055
53 45 5071
53 63 4529
53 39 1552
53 46 1641
53 51 2788
53 70 4970
53 42 5761
53 6 2127
53 10 5085
53 8 2838
53 73 4522
53 50 1999
53 41 4943
53 18 4269
54 17 4653
54 69 4368
54 75 2303
54 67 4225
54 65 5026
54 36 5791
54 8 5213
54 10 3196
54 31 4785
54 56 3404
54 58 2619
54 68 1291
54 2 2712
54 16 2207
54 30 578
54 3 1797
54 21 5947
54 15 6057
54 50 187
54 59 2844
54 25 4689
54 71 2095
54 12 6025
54 52 719
54 48 810
54 20 5508
54 18 3597
54 34 2712
54 6 4756
54 74 101
54 51 6279
54 42 535
54 44 2331
54 39 4538
54 29 4489
54 60 5911
54 4 955
54 45 5514
54 37 5479
54 43 494
54 72 731
54 35 1649
54 13 5216
54 53 3361
54 7 2743
54 24 4648
54 57 853
54 5 2738
54 66 1491
54 28 3252
54 33 6085
54 62 1455
54 32 4314
54 64 6028
54 38 5015
54 40 424
54 1 1648
54 49 4290
54 41 2170
54 47 2103
54 27 5185
55 7 3508
55 24 1812
55 29 4858
55 56 4832
55 39 1210
55 12 252
55 19 5702
55 18 5095
55 27 403
55 26 2808
55 1 227
55 72 313
55 25 1860
55 22 5191
55 10 3658
55 49 3265
55 57 6235
55 63 1548
55 6 5727
55 40 5497
55 3 2834
55 53 5462
55 17 4806
55 71 185
55 68 6083
55 11 4666
55 9 6177
55 62 2816
55 61 2557
55 37 6201
55 8 214
55 23 3963
55 60 2758
55 35 6154
55 50 5190
55 52 3310
55 44 4730
55 58 863
55 5 3432
55 74 5662
55 32 1690
55 51 6233
55 2 2385
55 43 2351
55 69 3790
55 4 481
55 67 999
55 15 1744
55 31 4967
55 46 2928
55 64 2539
55 54 5917
56 47 2445
56 48 4776
56 29 4275
56 74 3130
56 16 3776
56 8 2885
56 22 3593
56 54 3881
56 68 5235
56 73 2301
56 13 6254
56 61 5205
56 34 1061
56 55 5572
56 40 796
56 1 6036
56 72 3766
56 36 872
56 11 6049
56 67 2559
56 9 5761
56 35 4030
56 24 362
56 64 3100
56 42 3946
56 31 1264
56 7 4556
56 25 3250
56 38 6157
56 53 4197
56 44 3071
56 58 1185
56 41 1351
56 3 4035
56 43 2140
56 33 5609
56 26 2323
56 45 3953
56 10 5754
56 17 2670
56 49 5134
56 52 5278
56 69 856
56 39 2162
56 50 3787
56 30 4598
56 59 6163
56 57 212
56 62 5998
56 70 3652
56 19 2802
56 60 2035
56 20 2037
56 14 4850
56 32 4754
56 27 4098
56 46 3469
56 18 6166
56 21 3406
56 15 2461
57 47 1866
57 3 5251
57 23 1697
57 54 3475
57 25 2692
57 4 2873
57 60 5669
57 7 838
57 62 3886
57 67 4507
57 41 1315
57 8 1635
57 55 6154
57 44 3697
57 14 2059
57 64 4301
57 40 5139
57 38 3456
57 29 5546
57 48 5792
57 71 5633
57 70 1529
57 61 1050
57 45 4508
57 66 2975
57 18 2249
57 27 3659
57 21 5904
57 32 2230
57 49 2568
57 59 2854
57 36 73
57 69 5139
57 15 3135
57 63 1076
57 75 2630
57 35 346
57 33 1708
57 37 1316
57 31 4312
57 72 4297
57 20 4549
57 17 257
57 68 1208
57 30 4168
57 46 4226
57 10 5765
57 24 1900
57 51 4049
57 58 5107
57 12 524
57 16 1474
57 39 446
57 1 1944
57 56 3332
57 5 2371
57 9 4573
57 43 101
57 13 1343
57 53 2612
58 60 490
58 74 1141
58 51 1442
58 41 3149
58 69 1652
58 59 5577
58 33 136
58 35 753
58 9 1087
58 65 2029
58 46 3076
58 72 1960
58 53 2770
58 39 1137
58 2 3897
58 50 4628
58 23 4417
58 42 4761
58 45 1731
58 47 2866
58 5 2003
58 68 5392
58 7 4560
58 37 2201
58 34 3350
58 31 252
58 13 1049
58 44 2009
58 56 4216
58 63 1474
58 20 4675
58 4 2026
58 15 4356
58 24 1338
58 18 1933
58 17 216
58 8 2655
58 32 5171
58 6 3591
58 55 5747
58 73 1264
58 43 5977
58 28 3491
58 49 1967
58 70 577
58 25 382
58 26 405
58 29 434
58 67 2539
58 12 3508
58 16 1516
58 27 4772
58 14 849
58 64 6040
58 36 4424
58 62 4271
58 40 402
58 10 3153
58 19 6079
58 1 5700
59 67 4209
59 65 4303
59 60 1600
59 1 3966
59 53 4005
59 26 605
59 7 3981
59 16 5263
59 29 413
59 75 950
59 30 3013
59 74 4376
59 62 4419
59 10 790
59 41 5836
59 23 2634
59 37 6001
59 68 3457
59 54 5379
59 36 2461
59 33 5798
59 5 915
59 38 5660
59 27 3106
59 73 3349
59 11 2815
59 4 4918
59 47 4152
59 42 2508
59 25 177
59 28 1580
59 70 1416
59 72 4728
59 66 2803
59 52 2926
59 61 5499
59 43 1098
59 13 2223
59 12 1236
59 14 2879
59 20 4557
59 21 5247
59 56 2727
59 17 2121
59 39 5709
59 18 2098
59 45 3214
59 46 4451
59 6 3693
59 32 4731
59 55 3234
60 1 5536
60 28 4222
60 31 3314
60 17 5349
60 58 607
60 63 2079
60 7 3019
60 61 4777
60 3 1527
60 6 663
60 15 4838
60 66 36
60 24 279
60 18 2719
60 20 409
60 42 2608
60 22 5034
60 71 4386
60 67 1494
60 4 2810
60 46 5156
60 47 5736
60 25 238
60 48 3976
60 68 3746
60 40 6102
60 39 2691
60 23 5376
60 33 5930
60 13 1513
60 45 6195
60 70 5127
60 16 409
60 55 1559
60 74 1581
60 69 2333
60 32 2068
60 54 3690
60 30 5724
60 29 4169
60 9 2561
60 52 2015
60 34 4532
60 37 5273
60 12 3849
60 10 5867
60 27 955
60 57 525
60 49 1253
61 51 5722
61 67 6129
61 42 2277
61 57 4188
61 8 4407
61 56 2877
61 74 4830
61 34 3276
61 48 1281
61 3 768
61 44 3754
61 39 4606
61 21 5045
61 58 2819
61 13 4545
61 32 5904
61 49 2880
61 12 1186
61 71 4025
61 29 2068
61 9 5519
61 35 5575
61 36 1636
61 59 2488
61 38 1259
61 54 4591
61 7 2282
61 43 3187
61 25 6232
61 33 3831
61 69 5150
61 63 2625
61 19 4169
61 6 3534
61 65 2751
61 62 3217
61 66 1906
61 73 1541
61 40 3214
61 15 4380
61 52 3315
61 70 4146
61 37 2612
61 60 3080
61 17 5152
61 2 664
61 28 4066
61 55 1659
61 27 100
61 18 2527
61 68 1449
61 20 5590
61 45 3187
61 23 1509
61 46 3553
61 72 2384
61 11 2121
62 25 5304
62 38 3807
62 74 34
62 70 6122
62 44 4982
62 51 3776
62 43 2060
62 9 5730
62 73 5444
62 14 1521
62 69 5335
62 23 2435
62 47 423
62 57 5168
62 32 2385
62 13 6208
62 8 964
62 15 6276
62 30 5756
62 49 3909
62 26 4017
62 22 2423
62 68 4807
62 75 3502
62 41 5676
62 60 1514
62 39 4521
62 21 3003
62 56 4746
62 4 2885
62 12 2871
62 71 747
62 55 2107
62 20 5683
62 1 775
62 48 1106
62 35 2047
62 66 2499
62 3 3991
62 46 3237
62 63 5154
62 24 2358
62 29 5489
62 42 863
62 36 601
62 65 95
62 59 1841
62 72 2008
62 11 1178
62 27 322
62 54 5003
62 50 3000
62 28 3566
62 18 4418
62 61 5513
62 67 2662
62 7 5532
63 75 1885
63 33 3412
63 16 828
63 4 5672
63 18 189
63 73 1007
63 48 5609
63 20 5274
63 43 407
63 30 538
63 28 4531
63 53 4832
63 11 2426
63 6 4183
63 51 5636
63 27 287
63 8 194
63 32 3375
63 26 263
63 56 2682
63 67 1739
63 41 1660
63 54 2042
63 23 5290
63 49 3250
63 31 2826
63 47 4902
63 65 18
63 2 3316
63 40 891
63 74 437
63 70 5610
63 44 6155
63 7 2350
63 25 2430
63 15 2298
63 29 2360
63 50 2222
63 14 6170
63 57 4626
63 3 5949
63 24 227
63 38 298
63 58 252
63 61 4529
63 59 4225
63 66 2636
63 45 4990
63 9 6255
63 35 6101
63 34 5212
63 55 2175
63 5 5859
63 10 3843
63 72 4774
63 62 2380
63 71 2753
63 42 5058
63 21 5286
63 13 5046
64 8 893
64 3 2053
64 32 411
64 42 4700
64 35 439
64 54 3527
64 29 6207
64 1 178
64 44 3505
64 19 3582
64 75 1585
64 73 2192
64 30 648
64 25 3947
64 58 389
64 63 4698
64 22 1195
64 7 5911
64 16 4133
64 61 3871
64 33 2378
64 38 6035
64 46 3722
64 69 4502
64 65 5188
64 68 6155
64 49 3275
64 2 4804
64 28 5241
64 67 120
64 20 2952
64 4 5679
64 66 5610
64 5 2218
64 47 4638
64 45 45
64 74 6174
64 48 3829
64 50 5500
64 37 4266
64 60 2485
64 17 4472
64 52 114
64 9 6049
64 10 332
64 40 1313
64 53 772
64 56 1610
64 70 4971
64 39 3797
64 55 1969
64 6 2737
65 67 126
65 71 2201
65 72 688
65 29 3822
65 54 3192
65 14 5365
65 49 2370
65 51 3705
65 31 6298
65 15 5316
65 74 6014
65 64 2575
65 43 1239
65 39 5213
65 42 4898
65 27 5483
65 7 3298
65 63 3072
65 48 1787
65 16 5041
65 23 1003
65 60 13
65 75 4895
65 52 4788
65 22 2339
65 28 3059
65 58 548
65 21 6154
65 10 1569
65 34 1630
65 9 2779
65 47 283
65 30 3410
65 32 5383
65 53 1023
65 40 2703
65 8 1403
65 59 3479
65 17 212
65 2 5532
65 55 630
65 41 2276
65 50 4024
65 11 2524
65 4 1489
65 56 5163
65 35 4832
65 18 4103
65 1 3683
65 69 2573
65 61 5918
65 24 1785
65 6 4163
65 5 1547
65 13 2692
65 57 5550
65 26 3407
66 45 3151
66 53 3739
66 20 3847
66 34 2582
66 30 1563
66 70 1363
66 64 4801
66 35 3266
66 22 3006
66 6 3383
66 29 4857
66 27 462
66 39 1356
66 18 4477
66 14 4394
66 57 4218
66 72 410
66 48 5128
66 12 685
66 55 5444
66 74 1722
66 3 5243
66 38 2000
66 40 1260
66 10 2763
66 21 1644
66 1 3161
66 73 765
66 71 5313
66 32 5342
66 36 1021
66 15 3233
66 60 3321
66 44 764
66 7 1286
66 47 4496
66 13 1807
66 25 3843
66 42 3318
66 11 1408
66 51 5351
66 58 1768
66 9 4379
66 16 2773
66 5 1858
66 56 1676
66 62 2933
66 17 6075
66 49 96
66 59 269
66 4 2276
66 67 4970
66 61 949
66 8 1051
67 49 2052
67 11 4192
67 40 496
67 38 6259
67 39 2552
67 50 2369
67 24 5810
67 63 1681
67 16 3099
67 7 5962
67 45 3280
67 57 6174
67 35 2145
67 1 4233
67 71 4292
67 74 3391
67 64 1499
67 29 4172
67 26 5343
67 20 584
67 55 1413
67 46 5567
67 23 5340
67 9 1060
67 66 5060
67 44 2283
67 14 4116
67 33 2990
67 19 4760
67 5 1275
67 34 3966
67 10 4109
67 3 5206
67 30 5591
67 73 969
67 72 5191
67 47 1107
67 61 1757
67 22 710
67 12 1465
67 43 4567
67 32 3361
67 36 4219
67 59 1663
67 65 4672
67 2 3592
67 13 6077
67 48 4309
67 28 608
67 53 4325
67 21 5394
67 6 1581
67 8 629
67 75 5843
67 18 1694
67 70 3463
67 42 303
67 51 6211
67 60 5127
68 44 1244
68 20 2167
68 2 2078
68 5 1303
68 66 5329
68 27 5820
68 71 2525
68 35 749
68 9 3971
68 48 1925
68 31 735
68 4 18
68 26 5376
68 36 3274
68 49 1137
68 37 1069
68 38 839
68 65 3067
68 52 3896
68 3 1688
68 19 2405
68 54 5882
68 74 3365
68 34 2327
68 10 6132
68 70 826
68 59 4879
68 51 3697
68 15 4675
68 33 1861
68 50 2691
68 6 4882
68 39 3380
68 13 695
68 55 349
68 22 6102
68 40 1515
68 43 35
68 8 2392
68 16 6122
68 45 4808
68 56 2832
68 69 418
68 24 3610
68 29 3810
68 1 4910
68 47 5104
68 32 4671
68 73 5688
68 58 4315
68 46 692
68 64 1734
68 11 3263
68 42 3197
68 21 1386
68 41 4985
68 28 2909
68 53 1366
69 4 596
69 58 1303
69 71 3218
69 11 878
69 70 2041
69 32 1395
69 45 1030
69 1 2010
69 24 5577
69 57 5211
69 40 4758
69 68 5394
69 10 6245
69 47 5613
69 41 2581
69 39 3006
69 74 3583
69 15 2092
69 28 1583
69 22 1812
69 5 3927
69 21 370
69 72 5523
69 43 3926
69 18 123
69 51 2086
69 29 4006
69 16 752
69 75 1411
69 19 5879
69 65 5921
69 13 1347
69 3 5557
69 66 5545
69 54 4893
69 25 2271
69 8 4536
69 53 406
69 2 5448
69 7 5548
69 35 3643
69 26 1654
69 67 5115
69 20 3248
69 33 4533
69 49 3100
69 60 1795
69 34 2770
69 56 2935
69 52 1488
69 12 404
69 62 883
70 50 401
70 55 4878
70 33 396
70 64 809
70 49 3619
70 68 4880
70 4 1153
70 31 588
70 25 3459
70 39 653
70 9 1561
70 7 3463
70 75 5170
70 45 4087
70 65 2829
70 15 2110
70 54 2773
70 52 1139
70 5 659
70 13 4811
70 28 6226
70 29 5371
70 16 677
70 63 1946
70 59 2540
70 36 2168
70 14 4834
70 22 3298
70 40 4439
70 60 1264
70 32 2026
70 48 662
70 73 4770
70 71 2339
70 51 4426
70 74 606
70 1 2863
70 62 5082
70 35 242
70 34 1937
70 10 3242
70 6 5444
70 20 4685
70 42 1165
70 46 3690
70 43 2502
70 37 270
70 44 3414
70 57 2979
70 23 526
70 19 2337
70 41 3448
70 2 324
71 69 4789
71 17 2535
71 36 5373
71 59 1526
71 22 736
71 11 2206
71 66 1911
71 53 473
71 46 3164
71 15 221
71 57 3632
71 21 2803
71 30 939
71 9 2073
71 20 5138
71 44 5961
71 54 1752
71 10 1849
71 70 162
71 75 2896
71 18 3487
71 58 2101
71 13 4628
71 39 5142
71 12 2546
71 60 755
71 23 100
71 42 5576
71 37 3303
71 48 3248
71 51 2503
71 28 651
71 41 4904
71 56 4359
71 6 1778
71 61 3845
71 8 4588
71 45 5300
71 31 2584
71 19 1374
71 35 3058
71 32 5107
71 55 6038
71 16 4993
71 72 1019
71 40 3556
71 52 2030
71 2 488
71 4 877
71 14 1897
71 24 3017
71 25 365
71 29 558
71 34 2286
71 74 136
71 63 5237
71 3 3821
71 1 3363
72 17 3693
72 34 5073
72 42 3027
72 6 3146
72 47 5948
72 2 5086
72 58 1267
72 67 2900
72 9 3967
72 12 1755
72 50 4756
72 31 5857
72 18 2882
72 39 5105
72 43 5310
72 36 843
72 37 3907
72 55 2375
72 7 2179
72 25 2176
72 40 5727
72 14 4324
72 71 1373
72 11 2000
72 5 2947
72 62 6287
72 41 3622
72 29 4532
72 1 4372
72 10 2516
72 69 449
72 54 2624
72 21 2737
72 15 2580
72 52 887
72 60 5486
72 51 3324
72 3 486
72 49 5271
72 38 4528
72 46 4654
72 22 3284
72 74 79
72 27 1399
72 44 2601
72 53 3080
72 63 1038
72 4 3954
72 65 2308
72 30 1131
72 70 3677
72 26 3519
72 33 1001
72 32 6236
72 56 1275
72 61 5274
72 24 2554
72 19 2960
72 73 711
72 68 2577
72 35 2235
72 45 4503
73 21 3717
73 24 1031
73 49 1729
73 58 4912
73 7 1394
73 72 4623
73 26 1402
73 63 5598
73 8 2791
73 5 4407
73 55 1999
73 16 1623
73 37 5093
73 47 618
73 31 3495
73 46 2074
73 22 612
73 65 6049
73 62 1571
73 17 6260
73 45 962
73 27 3084
73 43 3419
73 29 622
73 56 5324
73 75 5826
73 38 4835
73 28 5683
73 59 6134
73 74 3863
73 48 3439
73 41 3161
73 40 5258
73 13 5649
73 15 4791
73 69 2829
73 1 5074
73 35 1229
73 14 4920
73 53 2001
73 36 3785
73 67 3242
73 70 3755
73 32 4411
73 30 1355
73 54 2069
73 25 2234
73 57 4942
73 64 2152
73 18 621
73 9 1429
73 2 5301
73 11 1549
73 68 1954
73 19 1388
73 4 3567
73 6 4407
74 11 551
74 2 4733
74 56 2109
74 71 4218
74 28 1053
74 55 4740
74 22 5496
74 4 5843
74 26 3277
74 8 4874
74 9 2573
74 68 723
74 75 4323
74 41 3408
74 54 5288
74 64 2834
74 70 3000
74 58 334
74 66 6127
74 42 4233
74 14 294
74 37 1078
74 39 4233
74 21 4839
74 38 5005
74 48 110
74 24 4602
74 12 1775
74 30 3393
74 67 4689
74 15 1962
74 61 3142
74 29 5122
74 52 702
74 13 3190
74 36 6276
74 16 4206
74 50 4261
74 33 5626
74 49 503
74 62 1407
74 6 779
74 72 4207
74 65 652
74 73 675
74 44 3331
74 3 1972
74 5 2969
74 60 5554
74 63 2534
74 31 233
74 1 826
74 46 1467
74 20 2656
74 7 1488
75 22 2623
75 23 5594
75 48 2278
75 45 3189
75 54 2129
75 2 4700
75 40 3905
75 47 986
75 56 1048
75 57 2005
75 28 2965
75 3 6225
75 15 2417
75 18 3622
75 14 3183
75 62 2487
75 33 1552
75 63 2740
75 13 3901
75 12 4207
75 72 1848
75 11 1077
75 10 5395
75 36 5589
75 4 4710
75 29 2110
75 24 5290
75 64 4127
75 30 2497
75 8 3911
75 32 49
75 70 2021
75 66 49
75 42 3363
75 19 1520
75 34 303
75 71 4781
75 31 1781
75 1 3494
75 44 2850
75 25 417
75 74 990
75 51 176
75 9 4766
75 69 2257
75 59 2218
75 52 5001
75 20 6291
75 73 4663
75 67 4730
75 55 3980
75 39 4249
75 38 1549
75 7 1681
75 5 4364
75 41 3950
75 46 3609
