75 4200
1 24 3226
1 54 1389
1 10 5238
1 31 6156
1 43 4260
1 7 2145
1 36 2084
1 13 1693
1 64 4254
1 35 3233
1 28 5406
1 30 3726
1 3 2985
1 32 3155
1 50 1136
1 74 4380
1 16 1971
1 73 506
1 11 2854
1 17 3691
1 72 2034
1 71 3532
1 8 5247
1 46 3140
1 38 6276
1 67 1084
1 70 4280
1 61 1017
1 58 5736
1 6 2731
1 48 4922
1 75 1418
1 14 928
1 52 3136
1 53 4813
1 12 3185
1 34 1412
1 26 487
1 62 5724
1 55 129
1 25 2829
1 68 1193
1 51 1305
1 33 380
1 22 2853
1 2 594
1 15 4836
1 4 4901
1 40 4663
1 37 4811
1 29 1255
1 60 3382
1 39 4276
1 9 1780
1 19 45
1 21 2022
1 41 3786
1 59 2359
2 61 1387
2 17 2484
2 16 4213
2 58 1078
2 60 2006
2 65 709
2 48 532
2 31 3890
2 37 2737
2 75 4521
2 32 3826
2 12 2792
2 24 2156
2 40 1923
2 56 5323
2 3 3314
2 42 5020
2 15 4297
2 22 1773
2 4 2019
2 1 3950
2 51 1530
2 11 5060
2 44 3004
2 68 5967
2 6 3962
2 25 1285
2 52 1325
2 19 6037
2 74 2040
2 57 1339
2 10 784
2 59 5042
2 23 1239
2 26 4715
2 67 954
2 9 3290
2 53 288
2 71 3590
2 18 2806
2 64 3599
2 14 5949
2 43 5517
2 41 2324
2 38 4798
2 49 4482
2 5 2531
2 54 2650
2 27 2741
2 70 2340
2 62 3487
2 7 1042
2 21 1315
2 33 4727
2 30 2411
2 46 402
2 34 4663
3 25 5486
3 19 235
3 7 5302
3 16 1143
3 35 3106
3 49 2158
3 68 2757
3 70 4735
3 20 3334
3 21 5210
3 30 2485
3 40 2140
3 52 3495
3 31 971
3 56 2770
3 59 1482
3 65 4873
3 38 5254
3 9 2284
3 15 5164
3 13 3493
3 62 1110
3 57 4838
3 53 2773
3 12 1000
3 64 1980
3 17 6168
3 41 969
3 27 5355
3 69 1901
3 22 3728
3 23 5117
3 54 5435
3 18 3291
3 28 4192
3 42 3236
3 58 5220
3 46 1757
3 63 5592
3 32 3808
3 71 4410
3 4 3000
3 61 2752
3 8 4375
3 29 3826
3 50 2322
3 45 2292
3 6 2752
3 48 277
3 72 5832
3 11 938
3 74 638
3 2 5830
3 67 5707
3 10 1272
4 13 5033
4 3 1854
4 67 3480
4 75 2517
4 58 5551
4 66 1414
4 60 1831
4 32 5877
4 51 317
4 40 5776
4 34 5965
4 56 2148
4 65 4164
4 2 1605
4 73 967
4 5 2278
4 17 5887
4 57 2882
4 24 5711
4 70 427
4 55 1266
4 6 1055
4 74 787
4 33 6165
4 53 33
4 35 3729
4 49 3692
4 52 2643
4 46 4817
4 18 5567
4 28 909
4 41 6275
4 54 1806
4 36 6219
4 38 662
4 9 3913
4 37 4388
4 62 161
4 21 482
4 31 3247
4 20 3240
4 59 3478
4 19 5434
4 15 5190
4 10 320
4 22 53
4 29 5075
4 26 6116
4 48 5320
4 50 1119
4 7 971
4 63 776
4 30 4870
4 42 5975
4 39 1807
4 69 4484
5 12 4650
5 36 4016
5 53 4477
5 9 3860
5 67 3710
5 62 2838
5 50 4978
5 60 4763
5 32 4716
5 38 5455
5 3 1037
5 20 3318
5 54 928
5 2 6168
5 31 1604
5 13 983
5 25 1688
5 61 3530
5 71 580
5 39 4582
5 14 2212
5 35 2408
5 41 2243
5 18 5796
5 47 2511
5 68 2669
5 17 2456
5 26 5242
5 28 2650
5 57 790
5 16 481
5 75 3673
5 10 934
5 56 6095
5 73 3231
5 43 294
5 42 6196
5 52 2207
5 49 4391
5 45 3556
5 8 4153
5 6 4492
5 59 6077
5 65 5916
5 40 5104
5 33 4701
5 46 4630
5 63 1440
5 72 944
5 70 2030
5 58 1097
5 66 2109
5 48 2049
5 69 79
5 30 3915
5 15 3110
6 7 5160
6 19 3730
6 39 4234
6 67 3933
6 30 4058
6 37 4694
6 48 345
6 12 247
6 9 2276
6 42 3121
6 61 653
6 51 2065
6 14 2114
6 22 1328
6 29 4633
6 56 15
6 65 5683
6 54 5049
6 25 3079
6 60 2220
6 52 1415
6 16 5834
6 21 3674
6 68 5722
6 20 4300
6 23 278
6 10 1358
6 36 1750
6 66 6014
6 27 3614
6 74 5225
6 26 327
6 70 3568
6 64 964
6 75 3260
6 43 5798
6 15 4959
6 41 5044
6 73 5828
6 69 4015
6 1 5594
6 49 5632
6 45 2808
6 38 3299
6 59 5850
6 58 857
6 47 3651
6 13 3422
6 50 2898
6 3 2668
6 24 174
6 18 1813
6 8 5169
6 63 718
6 44 703
6 34 2641
6 57 1029
6 55 5045
6 33 3950
6 31 1540
6 4 181
7 45 4685
7 55 3503
7 65 6106
7 64 3747
7 67 1000
7 12 5491
7 27 411
7 17 4652
7 69 5886
7 6 4919
7 36 3834
7 56 1794
7 30 6108
7 58 6154
7 1 121
7 29 5924
7 10 1897
7 21 4394
7 39 4449
7 19 5113
7 63 4124
7 51 3207
7 35 2552
7 28 3096
7 50 2975
7 38 6228
7 14 4541
7 61 6239
7 13 3088
7 68 595
7 43 4768
7 37 3048
7 48 5785
7 44 3704
7 47 2604
7 62 1676
7 72 1285
7 11 3697
7 5 938
7 41 4446
7 73 687
7 59 1314
7 71 720
7 2 916
7 3 988
7 31 4928
7 18 1854
7 9 3660
7 24 862
7 75 37
7 49 4068
7 22 5345
7 52 339
7 53 1350
7 20 4000
8 41 3930
8 73 1334
8 25 3923
8 43 417
8 38 1771
8 20 4555
8 19 1453
8 62 4047
8 63 1962
8 44 4505
8 66 2936
8 57 5408
8 68 870
8 5 6072
8 18 5457
8 37 4984
8 55 2506
8 40 5656
8 3 5710
8 26 2830
8 21 1634
8 31 3828
8 53 5131
8 51 3424
8 42 2976
8 64 3713
8 30 4669
8 60 3199
8 32 3171
8 75 1827
8 56 1827
8 35 4437
8 6 5838
8 39 991
8 33 3805
8 23 5494
8 45 4307
8 27 5920
8 1 790
8 54 5378
8 28 4472
8 74 800
8 67 2460
8 9 3682
8 24 2294
8 49 3282
8 47 2898
8 17 3706
8 58 3171
8 50 4783
8 11 2070
8 16 1446
8 29 5728
8 72 1111
8 52 3427
8 13 3017
8 12 3834
8 10 582
8 59 2627
8 22 597
8 36 930
8 71 3727
9 50 1700
9 21 3457
9 73 5407
9 13 4229
9 12 5262
9 18 263
9 75 57
9 36 4143
9 35 5654
9 56 1437
9 58 5118
9 47 1499
9 68 1046
9 61 4480
9 14 4095
9 17 4988
9 31 3073
9 48 4350
9 24 4804
9 32 3163
9 74 6285
9 52 2995
9 10 3406
9 72 3060
9 1 3916
9 15 4889
9 29 3749
9 39 1300
9 55 3326
9 27 6275
9 60 1144
9 41 3159
9 44 4148
9 33 1180
9 11 3675
9 49 4796
9 40 6260
9 46 145
9 16 5760
9 20 2258
9 63 4266
9 19 3026
9 64 3247
9 69 313
9 62 4759
9 28 3227
9 51 1185
9 22 65
9 25 2402
9 70 2863
9 23 3242
9 2 3266
9 5 5933
10 75 1182
10 16 2567
10 43 851
10 62 4553
10 33 1233
10 22 5654
10 50 4879
10 42 3398
10 54 349
10 14 2429
10 4 4582
10 55 5580
10 5 1759
10 67 5535
10 38 1499
10 73 3162
10 48 253
10 46 3456
10 28 4963
10 31 4185
10 61 1550
10 69 1362
10 26 5026
10 35 2915
10 64 2077
10 21 3549
10 65 1828
10 8 2776
10 66 4958
10 59 5228
10 7 6041
10 19 4921
10 34 3188
10 29 3093
10 57 2938
10 23 4124
10 13 3623
10 1 5544
10 49 5645
10 30 4130
10 17 4993
10 45 2210
10 40 3779
10 36 5234
10 20 4755
10 18 2380
10 60 2718
10 58 1710
10 70 3266
10 2 5657
10 53 589
10 37 4954
10 25 2935
10 24 5590
11 6 4803
11 26 939
11 8 1562
11 30 337
11 57 3878
11 62 5580
11 51 1302
11 22 606
11 41 6060
11 40 4505
11 44 1561
11 5 4614
11 1 3112
11 23 3919
11 10 2530
11 65 4712
11 52 261
11 61 4988
11 24 121
11 48 3768
11 21 3756
11 25 5202
11 75 1628
11 56 4736
11 70 1691
11 34 430
11 59 1785
11 13 6021
11 31 2197
11 47 1737
11 45 1836
11 60 1306
11 43 3574
11 7 3271
11 74 4282
11 64 826
11 42 3042
11 15 2319
11 73 5232
11 33 4472
11 67 1322
11 55 868
11 35 5813
11 68 4521
11 38 5180
11 16 4693
11 14 748
11 18 4653
11 66 937
11 53 5132
11 63 1317
11 27 3121
11 3 992
11 72 4752
11 69 4456
11 39 4470
11 29 1685
12 53 5119
12 36 4317
12 68 2104
12 70 1203
12 30 5146
12 72 3182
12 7 4655
12 69 5228
12 31 3013
12 49 672
12 59 2597
12 20 2093
12 3 4275
12 44 4717
12 33 3623
12 55 4031
12 63 2132
12 37 4304
12 45 388
12 29 1200
12 27 3829
12 64 6208
12 57 20
12 71 5860
12 60 977
12 61 5831
12 73 3868
12 11 3026
12 43 4946
12 18 5783
12 56 5005
12 13 4311
12 8 4315
12 34 2912
12 32 4569
12 66 1989
12 47 3619
12 22 305
12 5 3255
12 15 4956
12 38 2246
12 4 3289
12 28 4646
12 58 4397
12 75 2510
12 16 1430
12 42 5016
12 17 583
12 52 5004
12 46 2812
12 19 5199
12 62 2481
12 65 5376
12 2 4371
12 6 3989
12 74 4192
12 25 2072
12 40 1668
12 39 563
12 35 6009
12 9 1777
12 51 3606
13 75 5032
13 43 4599
13 23 2984
13 21 1803
13 30 4918
13 63 4264
13 59 16
13 53 1369
13 25 3145
13 42 4395
13 18 5890
13 19 988
13 9 5151
13 51 2098
13 44 45
13 29 3861
13 55 5999
13 64 5899
13 62 568
13 60 5281
13 40 1367
13 67 735
13 34 3289
13 37 3113
13 50 3244
13 6 4842
13 66 4023
13 73 2559
13 10 836
13 7 3554
13 27 2553
13 3 3739
13 65 4416
13 54 1753
13 32 5478
13 52 2278
13 26 6104
13 12 778
13 48 3275
13 31 3182
13 56 4455
13 20 2974
13 61 1120
13 38 2973
13 4 5072
13 14 4250
13 2 2502
13 49 1239
13 39 271
13 57 2037
13 35 4153
13 15 4946
13 17 5155
13 70 5017
13 8 2998
13 33 2555
14 29 1125
14 1 5763
14 20 4519
14 66 3828
14 47 946
14 37 3413
14 22 5020
14 72 3558
14 40 677
14 10 1541
14 9 3139
14 5 5962
14 19 4060
14 59 2523
14 15 4885
14 55 1520
14 64 2320
14 24 4021
14 12 1019
14 21 281
14 2 695
14 36 5246
14 11 6200
14 8 1414
14 39 5050
14 16 3202
14 63 158
14 45 620
14 23 1230
14 30 2874
14 28 2984
14 48 2550
14 34 361
14 42 964
14 62 5671
14 69 4383
14 71 1939
14 38 5702
14 27 3826
14 73 766
14 61 2274
14 52 5380
14 58 1369
14 74 395
14 18 1343
14 70 4687
14 3 716
14 25 31
14 57 4773
14 26 4377
14 31 5406
14 7 5978
14 50 4846
14 68 6287
14 65 1159
14 75 4437
14 46 5910
14 17 5135
14 32 4349
14 49 4830
14 56 4246
14 35 2853
14 6 1757
15 11 2003
15 70 3497
15 33 5593
15 75 991
15 45 3916
15 66 3471
15 52 5777
15 73 3705
15 10 4290
15 28 3630
15 41 4817
15 37 624
15 32 3441
15 64 4978
15 69 5142
15 57 2129
15 50 2560
15 31 567
15 22 3201
15 35 2803
15 61 2175
15 53 2446
15 23 3109
15 9 1861
15 51 881
15 13 1294
15 49 5861
15 56 1342
15 48 2943
15 63 778
15 8 4490
15 46 2831
15 62 3107
15 72 3165
15 60 1364
15 26 874
15 34 3924
15 65 4396
15 38 6293
15 47 585
15 17 637
15 27 1895
15 14 6011
15 42 3671
15 4 1164
15 54 4288
15 18 2384
15 44 951
15 40 4869
15 6 1308
16 61 3755
16 50 5372
16 53 5734
16 35 61
16 70 3428
16 27 4822
16 32 4347
16 15 1503
16 13 974
16 29 5709
16 57 4418
16 6 4598
16 8 2594
16 10 2428
16 47 1947
16 23 710
16 36 2854
16 38 4886
16 73 1511
16 28 3727
16 46 2923
16 75 5220
16 74 3584
16 62 2252
16 19 943
16 7 1195
16 39 4832
16 71 1814
16 48 17
16 3 789
16 59 1203
16 20 2930
16 37 4767
16 25 1216
16 24 265
16 65 1587
16 40 3102
16 14 4017
16 4 3816
16 9 5488
16 2 1885
16 1 4427
16 22 3726
16 56 3487
16 44 3667
16 26 4677
16 66 4342
16 52 2560
16 67 935
16 54 4777
16 41 1941
16 69 4512
16 30 932
16 33 976
16 51 468
16 12 5222
17 43 4232
17 4 323
17 24 1702
17 28 413
17 70 1273
17 16 4391
17 23 5555
17 9 5169
17 69 5834
17 41 2289
17 50 4667
17 20 4254
17 5 6097
17 22 2411
17 21 3624
17 67 1678
17 40 2866
17 66 4740
17 57 1217
17 3 2458
17 12 465
17 25 3100
17 62 514
17 34 6058
17 44 3816
17 32 4915
17 52 2621
17 56 125
17 58 914
17 29 4051
17 64 2016
17 14 1616
17 55 608
17 26 1879
17 2 4605
17 39 4245
17 48 1097
17 53 5129
17 31 314
17 63 1090
17 27 3197
17 30 1702
17 71 2309
17 36 4990
17 74 4624
17 68 2555
17 49 3894
17 10 1744
17 8 3653
17 65 93
17 60 962
17 61 1505
18 68 4609
18 39 1043
18 8 4660
18 38 3284
18 20 5851
18 3 502
18 12 642
18 5 3959
18 23 2786
18 65 2881
18 34 2790
18 73 1475
18 14 6101
18 51 1599
18 52 1658
18 49 2451
18 21 1569
18 37 2240
18 9 4695
18 16 5025
18 72 512
18 62 3939
18 71 3851
18 27 4409
18 60 75
18 59 6191
18 75 1043
18 36 2876
18 63 1930
18 56 3133
18 47 4674
18 74 434
18 70 192
18 54 1144
18 10 5423
18 33 2763
18 35 4706
18 46 2210
18 1 5831
18 50 629
18 66 4470
18 4 3773
18 15 5591
18 17 335
18 31 5603
18 13 5839
18 58 2950
18 64 3686
18 48 3731
18 19 2339
18 11 3581
18 55 5355
18 29 4561
18 45 4590
18 57 6258
18 25 218
18 40 2117
19 55 3449
19 62 4339
19 11 1901
19 38 1550
19 3 227
19 39 4291
19 56 1081
19 63 870
19 7 2059
19 24 5040
19 43 3458
19 53 5631
19 69 3430
19 32 3739
19 1 3080
19 54 4096
19 31 3666
19 44 2158
19 68 1918
19 6 4568
19 17 4384
19 71 4500
19 15 2579
19 35 3805
19 58 6284
19 60 5363
19 40 1246
19 25 4644
19 12 883
19 52 4580
19 57 5327
19 18 2292
19 37 3055
19 72 2250
19 61 571
19 47 5986
19 13 608
19 26 2782
19 34 1752
19 20 4112
19 2 4168
19 49 6097
19 74 4315
19 59 905
19 48 343
19 46 212
19 36 90
19 16 4511
19 27 4258
19 33 5184
19 67 6277
19 23 4630
19 9 1509
19 51 4499
20 28 4517
20 60 343
20 58 2644
20 68 244
20 43 1770
20 75 3609
20 3 1777
20 31 4277
20 59 1596
20 5 2696
20 40 4970
20 50 5513
20 4 745
20 32 6021
20 73 4198
20 34 5832
20 54 5013
20 24 3383
20 38 3685
20 25 5917
20 14 4658
20 26 721
20 2 5953
20 61 5768
20 72 3840
20 33 3667
20 49 5620
20 65 523
20 35 1244
20 57 3471
20 12 4051
20 15 1246
20 56 4687
20 29 5867
20 46 5815
20 6 5300
20 53 5984
20 39 6247
20 17 2033
20 44 5575
20 1 1707
20 71 1356
20 22 5839
20 67 6211
20 37 4051
20 51 304
20 74 3131
20 10 3635
20 70 6104
20 18 3258
21 10 615
21 35 658
21 47 1107
21 54 2185
21 17 1307
21 12 5260
21 55 2342
21 6 3291
21 61 1003
21 58 1540
21 30 1331
21 29 2827
21 26 2691
21 37 3541
21 53 2717
21 24 1819
21 14 532
21 4 2602
21 68 1496
21 67 5428
21 73 2547
21 50 5902
21 59 372
21 8 4912
21 28 4220
21 38 1731
21 25 5332
21 23 3358
21 3 552
21 40 5610
21 15 1916
21 46 930
21 32 2539
21 20 2580
21 57 5621
21 71 685
21 70 4561
21 41 112
21 27 5538
21 19 133
21 43 925
21 16 1539
21 66 2327
21 33 5162
21 31 5382
21 74 5509
21 69 4838
21 48 4107
21 56 1467
21 72 3382
21 7 313
21 45 4792
21 44 4163
21 36 3586
21 64 3163
21 2 3376
21 49 5644
21 42 604
21 11 3337
21 60 1321
21 51 691
21 63 1225
21 13 1497
21 52 4530
22 53 4346
22 47 229
22 55 6033
22 1 3417
22 60 4147
22 41 5351
22 75 482
22 2 3927
22 13 3879
22 30 368
22 71 2133
22 14 5405
22 27 833
22 58 3478
22 32 554
22 19 2388
22 7 3740
22 44 3325
22 20 1637
22 66 2472
22 46 1198
22 33 3150
22 72 1568
22 59 3321
22 56 293
22 23 2382
22 17 2004
22 3 1926
22 67 2130
22 43 1081
22 38 2925
22 65 4379
22 6 336
22 40 3603
22 31 3891
22 45 3848
22 25 4400
22 57 3610
22 69 5627
22 36 1627
22 16 152
22 10 2541
22 42 1585
22 26 3360
22 37 4944
22 52 1528
22 34 93
22 35 856
22 63 1095
22 28 2439
22 21 3258
22 48 3112
22 73 1452
22 64 3336
22 12 5995
22 54 3542
22 39 4409
22 70 1871
22 74 5880
23 40 1493
23 60 5190
23 12 4323
23 4 3127
23 36 3137
23 27 6222
23 46 4342
23 6 5571
23 56 1456
23 3 2542
23 59 1052
23 72 224
23 54 1516
23 44 2769
23 52 5873
23 74 409
23 66 3415
23 63 6154
23 67 807
23 25 37
23 13 2012
23 26 6233
23 38 2380
23 45 4999
23 35 1341
23 30 844
23 20 135
23 7 763
23 61 2699
23 73 431
23 15 936
23 5 3819
23 39 3990
23 53 5444
23 68 1145
23 16 1927
23 57 1099
23 49 3791
23 18 72
23 55 1362
23 41 1869
23 11 3827
23 75 2642
23 42 1375
23 29 2643
23 1 3006
23 50 5070
23 2 865
23 10 2790
23 9 5193
23 69 3057
23 31 669
23 65 42
23 22 161
23 34 5657
23 14 2479
23 33 5217
23 17 3923
24 3 4704
24 50 5576
24 34 383
24 59 5590
24 42 2528
24 48 1256
24 27 3363
24 33 2321
24 30 6299
24 69 2034
24 14 5427
24 8 2509
24 5 1625
24 66 279
24 28 2197
24 63 3793
24 68 2523
24 39 3543
24 12 1558
24 55 4815
24 22 4347
24 46 110
24 2 176
24 73 1393
24 10 5748
24 17 497
24 36 4519
24 26 242
24 21 6116
24 20 3445
24 67 5024
24 11 364
24 60 6085
24 62 1200
24 13 4853
24 1 5920
24 53 2486
24 38 1338
24 45 1663
24 35 5846
24 43 5804
24 31 5074
24 40 2533
24 70 4494
24 41 3817
24 64 1465
24 6 2045
24 23 3362
24 25 3454
24 47 4551
24 4 4973
24 44 23
24 54 4360
24 75 5375
24 51 2307
24 19 3508
24 16 284
24 71 81
24 15 4563
25 19 3039
25 57 2078
25 47 4823
25 34 834
25 72 5712
25 33 4560
25 58 6205
25 22 5552
25 37 5181
25 15 5756
25 6 878
25 62 3442
25 2 2738
25 54 5955
25 40 3727
25 17 3825
25 51 3697
25 18 1444
25 32 4125
25 23 3099
25 69 2153
25 9 5798
25 27 3129
25 66 4323
25 30 105
25 24 760
25 48 3974
25 13 4155
25 14 2963
25 1 1640
25 65 2247
25 71 1239
25 20 677
25 38 3217
25 52 5447
25 49 4334
25 53 1335
25 35 4776
25 46 1741
25 4 4320
25 61 2241
25 56 5828
25 12 1206
25 50 1109
25 29 395
25 16 5845
25 41 2135
25 10 5055
25 8 2090
25 75 3500
25 7 1172
25 68 5732
25 63 1963
25 26 2034
25 42 4803
25 55 1431
25 28 3986
25 11 1741
26 71 485
26 46 3771
26 67 5706
26 20 238
26 19 3429
26 62 734
26 50 4813
26 58 3654
26 7 5461
26 28 4564
26 12 1726
26 64 743
26 57 5617
26 38 5712
26 43 5267
26 5 315
26 63 1511
26 41 2943
26 52 4857
26 15 3248
26 73 4252
26 3 5137
26 33 6227
26 61 1560
26 47 3248
26 51 3963
26 32 2143
26 29 5741
26 14 2235
26 74 2809
26 17 5863
26 40 922
26 31 2003
26 65 4702
26 45 660
26 54 5689
26 60 1180
26 53 601
26 42 2209
26 16 2028
26 35 3671
26 44 4419
26 49 5502
26 36 1540
26 27 2760
26 34 934
26 4 5069
26 55 3965
26 70 4440
26 48 1704
26 11 4066
26 75 655
26 69 1043
26 18 1525
26 37 3291
26 22 2760
26 30 4111
26 24 2583
26 10 977
26 2 2155
26 13 6010
26 23 1963
27 52 3805
27 13 127
27 58 5389
27 39 5113
27 17 5628
27 14 4333
27 11 2139
27 22 1186
27 9 1229
27 18 3596
27 41 6148
27 38 5213
27 21 5992
27 66 5354
27 60 4532
27 30 3394
27 51 3445
27 73 5278
27 31 248
27 59 2799
27 68 2777
27 74 1646
27 53 1302
27 7 978
27 16 2395
27 69 1743
27 8 375
27 55 4215
27 43 4020
27 61 1488
27 49 5209
27 19 4653
27 70 652
27 20 1981
27 2 3145
27 54 3407
27 71 2065
27 15 351
27 29 1645
27 37 3843
27 5 3058
27 28 5748
27 63 3129
27 40 6299
27 75 5900
27 6 1870
27 35 1978
27 65 4512
27 44 617
27 47 3495
27 36 374
27 72 3399
27 48 5536
27 62 5907
27 67 113
27 1 2564
27 57 3964
28 16 5515
28 1 1449
28 21 19
28 57 1992
28 66 1889
28 49 2299
28 60 2738
28 47 4624
28 2 580
28 39 1246
28 23 1112
28 58 5061
28 38 5400
28 6 5546
28 12 3100
28 25 557
28 8 2288
28 55 613
28 44 5060
28 69 5886
28 73 5810
28 54 5721
28 52 5566
28 30 1853
28 75 4711
28 41 2107
28 74 130
28 17 313
28 11 1898
28 68 3388
28 32 2656
28 70 1548
28 3 3087
28 43 5333
28 53 4006
28 64 5501
28 56 106
28 14 5335
28 42 6131
28 67 3732
28 31 5596
28 34 4296
28 10 4162
28 20 4234
28 7 1841
28 45 2432
28 15 1583
28 59 1386
28 50 3507
28 48 3928
28 63 1203
28 24 3179
28 36 2551
29 18 1018
29 71 893
29 63 1292
29 45 2786
29 56 2243
29 5 3427
29 23 3541
29 44 912
29 21 2845
29 35 3105
29 24 316
29 70 649
29 65 2763
29 43 3576
29 52 1883
29 64 3952
29 74 1574
29 9 3605
29 15 2365
29 69 5190
29 58 4861
29 41 4367
29 47 2752
29 27 602
29 19 5178
29 13 166
29 49 4152
29 10 3995
29 46 3163
29 22 88
29 40 3036
29 25 2022
29 20 1169
29 34 5141
29 30 3813
29 72 649
29 73 6191
29 14 2834
29 62 4997
29 42 730
29 28 4488
29 39 6021
29 68 5088
29 48 6185
29 17 1104
29 38 1633
29 50 3311
29 66 236
29 26 656
29 2 4841
29 1 2166
29 8 315
29 55 1340
29 37 858
30 20 5167
30 68 2191
30 10 4933
30 67 4178
30 19 3826
30 70 3215
30 40 4565
30 66 5634
30 7 3480
30 5 3537
30 27 5445
30 16 1553
30 71 3103
30 60 1727
30 49 6197
30 22 3772
30 9 3987
30 14 994
30 57 4815
30 41 5846
30 73 2064
30 53 702
30 59 1773
30 11 744
30 38 1004
30 62 6164
30 12 2695
30 50 4873
30 15 4201
30 72 1697
30 44 3129
30 28 2822
30 17 4722
30 37 3624
30 75 5061
30 56 3261
30 46 1303
30 39 2086
30 25 2090
30 47 320
30 43 6289
30 55 6211
30 2 4906
30 1 5212
30 69 4221
30 52 3
30 23 3343
30 24 1028
30 45 2085
30 33 3917
30 65 233
31 65 5086
31 46 5748
31 60 4164
31 3 5494
31 50 5216
31 13 5319
31 23 4448
31 5 1696
31 35 2188
31 2 3142
31 75 5414
31 20 5109
31 1 2891
31 6 2637
31 42 1687
31 71 966
31 16 2164
31 48 1842
31 70 4602
31 33 3726
31 27 804
31 52 6132
31 67 6235
31 14 2657
31 4 385
31 38 1146
31 56 3456
31 57 3863
31 61 6132
31 25 2461
31 36 2019
31 39 4762
31 66 2500
31 10 1340
31 44 5487
31 63 6136
31 34 3732
31 64 5246
31 9 5289
31 47 4952
31 18 4220
31 22 5802
31 45 1944
31 74 3349
31 24 4211
31 12 3892
31 37 1109
31 29 4356
31 49 5116
31 7 3882
31 53 635
31 8 5636
31 72 896
32 45 113
32 38 3090
32 15 1465
32 28 3194
32 58 4237
32 57 720
32 20 4491
32 23 666
32 51 3120
32 65 712
32 61 4701
32 12 5745
32 41 2129
32 49 4230
32 19 5548
32 71 573
32 34 2926
32 50 4373
32 33 865
32 56 3315
32 72 85
32 68 2238
32 46 5869
32 47 953
32 73 3724
32 39 5999
32 25 1346
32 35 2592
32 69 2206
32 22 1697
32 53 5524
32 66 5606
32 55 2966
32 3 5625
32 29 3362
32 27 47
32 17 1420
32 2 2777
32 11 3280
32 54 2536
32 21 5730
32 63 5507
32 70 6065
32 31 4644
32 9 4057
32 44 4727
32 36 5959
32 13 650
32 60 514
32 5 4600
32 14 5989
32 1 1606
32 4 1824
32 37 503
32 30 4580
33 72 4354
33 73 607
33 55 3553
33 10 1489
33 36 5261
33 63 3589
33 5 5347
33 66 4030
33 28 1911
33 42 5096
33 7 332
33 74 1006
33 3 5936
33 4 4854
33 22 5683
33 43 5086
33 68 3328
33 19 4052
33 37 6187
33 60 4870
33 49 2235
33 26 4326
33 20 3435
33 17 2794
33 41 2517
33 9 3014
33 13 627
33 50 3112
33 58 2285
33 65 168
33 8 3742
33 59 4042
33 71 3649
33 12 2222
33 32 3521
33 6 2520
33 38 5659
33 31 2560
33 35 4623
33 11 458
33 16 6099
33 61 5844
33 56 4516
33 46 6148
33 29 2346
33 70 1856
33 67 4076
33 45 4035
33 48 2572
33 25 3534
33 62 5857
33 64 5148
33 47 796
33 27 5817
33 15 1655
33 39 2074
33 14 3870
34 9 5290
34 68 4332
34 38 1372
34 24 3885
34 52 2237
34 14 3764
34 48 1138
34 43 201
34 73 5184
34 22 3830
34 71 2583
34 12 3617
34 55 2306
34 16 327
34 59 4015
34 70 3956
34 47 426
34 25 3360
34 44 6293
34 32 5920
34 57 4914
34 2 3492
34 49 63
34 75 3310
34 30 3501
34 21 1319
34 17 5042
34 51 5954
34 13 6252
34 7 2576
34 58 2959
34 37 2292
34 66 1755
34 35 981
34 63 51
34 31 4662
34 23 4467
34 62 1192
34 19 3332
34 29 4129
34 45 3016
34 15 3912
34 69 5320
34 36 2724
34 65 2014
34 33 5558
34 26 3126
34 54 2674
34 3 3447
34 60 4772
34 40 5874
34 18 5326
35 74 1075
35 64 6169
35 56 6196
35 40 3633
35 26 1360
35 31 4799
35 12 2445
35 18 2438
35 45 3063
35 50 3454
35 58 4734
35 44 2993
35 59 1867
35 61 4898
35 47 808
35 72 6185
35 67 5762
35 36 1674
35 55 2639
35 19 4364
35 41 3354
35 4 6027
35 28 6293
35 57 3839
35 62 2789
35 65 2408
35 27 5301
35 5 4293
35 14 709
35 34 4929
35 32 1696
35 10 3200
35 25 4111
35 42 1315
35 46 5832
35 66 5384
35 23 1020
35 43 5645
35 22 2582
35 53 4417
35 52 5977
35 54 1685
35 17 3484
35 7 3075
35 3 2696
35 30 4332
35 11 1184
35 70 5267
35 21 1076
35 48 4030
35 73 4606
36 57 1076
36 34 5161
36 19 5563
36 29 5007
36 42 4638
36 56 729
36 11 2072
36 14 4409
36 7 6226
36 5 340
36 10 91
36 52 12
36 20 1813
36 26 2697
36 72 42
36 41 4929
36 8 3207
36 48 4052
36 21 1534
36 13 1758
36 17 4208
36 67 855
36 37 1542
36 70 769
36 65 5916
36 61 1230
36 40 5170
36 51 4026
36 32 1629
36 30 3517
36 68 352
36 66 729
36 46 4373
36 53 1151
36 45 2550
36 64 6223
36 12 864
36 23 2115
36 1 810
36 38 515
36 31 587
36 4 4315
36 74 2146
36 73 2063
36 59 2880
36 50 1727
36 15 2186
37 8 492
37 63 4639
37 48 1320
37 35 2163
37 17 2372
37 30 1729
37 58 5242
37 22 3490
37 65 4576
37 51 5556
37 12 2404
37 57 2254
37 28 17
37 3 5922
37 18 4758
37 36 924
37 50 5104
37 52 1311
37 55 1889
37 72 6294
37 56 1169
37 67 2275
37 20 4012
37 60 2001
37 40 5919
37 47 4703
37 10 5084
37 24 636
37 21 2465
37 2 138
37 71 748
37 1 522
37 11 4713
37 62 922
37 16 1033
37 42 5357
37 70 4825
37 66 5217
37 6 726
37 5 5922
37 27 3647
37 64 1484
37 9 1642
37 73 2640
37 41 1449
37 75 2349
37 15 2609
37 29 1919
37 39 1111
37 68 5663
37 25 2138
38 74 2130
38 14 1917
38 46 2812
38 64 1744
38 53 4740
38 22 2342
38 12 247
38 54 2518
38 39 3138
38 72 5565
38 15 2201
38 75 3164
38 57 1011
38 42 3992
38 19 4101
38 62 5516
38 30 5429
38 49 1266
38 18 5352
38 51 2287
38 68 4284
38 34 4266
38 4 1309
38 2 832
38 3 5732
38 20 3333
38 61 4660
38 1 4733
38 8 4205
38 43 509
38 17 3384
38 70 6125
38 50 3431
38 44 5616
38 26 3361
38 33 5858
38 25 5231
38 32 3934
38 37 1680
38 66 4371
38 67 143
38 40 1603
38 41 3538
38 56 4446
38 47 960
38 58 3749
38 71 358
38 5 7
38 29 3546
38 48 5215
38 11 4964
38 63 2899
38 65 1241
38 21 3685
38 28 1149
39 45 3143
39 30 1163
39 47 4201
39 71 827
39 54 3562
39 66 5572
39 18 1723
39 23 658
39 48 3201
39 46 1317
39 51 2165
39 2 6117
39 74 907
39 68 3411
39 55 5953
39 27 166
39 56 1066
39 34 3976
39 72 4970
39 53 1134
39 50 2817
39 21 4706
39 61 900
39 26 1690
39 73 2639
39 62 4420
39 5 3102
39 36 1064
39 12 2553
39 49 4980
39 6 1687
39 38 958
39 14 650
39 28 3280
39 7 5917
39 41 3855
39 64 4155
39 10 5262
39 11 1922
39 29 300
39 16 2335
39 52 264
39 67 5406
39 13 2924
39 15 4507
39 31 166
39 9 548
39 33 5812
39 37 4311
39 75 5853
39 42 5536
39 25 2359
39 70 2123
39 58 330
39 63 3135
39 4 4490
39 1 4556
39 8 3342
40 37 4790
40 74 3824
40 36 5833
40 66 1081
40 62 577
40 53 4137
40 38 5416
40 71 3502
40 11 1855
40 55 1500
40 49 3207
40 50 379
40 29 5767
40 6 2548
40 15 2825
40 17 1681
40 10 816
40 7 1559
40 31 4920
40 5 6017
40 61 3919
40 9 5355
40 13 75
40 56 2325
40 2 31
40 1 2277
40 26 1536
40 68 1112
40 27 517
40 14 5652
40 59 814
40 41 968
40 20 4635
40 24 1127
40 39 3022
40 35 6074
40 75 5168
40 47 695
40 73 843
40 22 2787
40 25 696
40 51 6122
40 12 1260
40 70 989
40 34 4819
40 32 2293
40 57 1714
40 45 1831
40 54 4517
40 21 6260
40 67 2268
40 3 1566
40 58 5764
40 8 5623
41 35 279
41 75 4477
41 10 466
41 23 737
41 69 5291
41 36 6121
41 40 1378
41 54 4747
41 11 98
41 6 1055
41 7 4516
41 70 1037
41 39 1784
41 57 5355
41 15 1331
41 30 5851
41 12 3241
41 43 2981
41 66 1719
41 49 272
41 13 926
41 52 524
41 31 1004
41 67 2109
41 33 2227
41 32 1430
41 55 1256
41 56 4524
41 25 3773
41 50 3802
41 48 1081
41 21 974
41 18 2742
41 38 1039
41 68 1216
41 17 2690
41 16 3626
41 65 2082
41 45 5277
41 8 6227
41 71 987
41 26 3662
41 63 420
41 37 370
41 44 4827
41 61 42
41 58 3787
41 74 1662
41 19 1823
41 27 2559
41 3 1699
41 47 5226
41 72 4923
41 5 3325
41 1 3264
41 14 2363
41 22 4705
41 51 2474
42 69 3160
42 56 4545
42 43 4371
42 64 2139
42 14 5870
42 24 241
42 35 3352
42 27 923
42 61 3932
42 38 5580
42 3 1064
42 20 1357
42 2 2032
42 4 330
42 13 3001
42 28 2337
42 49 1885
42 19 90
42 8 5334
42 26 736
42 70 4248
42 50 4744
42 57 1608
42 71 5134
42 52 732
42 53 6029
42 62 39
42 41 5775
42 66 1656
42 40 5516
42 5 2942
42 17 6057
42 18 5406
42 73 1299
42 10 4119
42 37 2304
42 36 1983
42 31 1007
42 6 4048
42 68 4810
42 23 5654
42 54 182
42 51 1976
42 22 5196
42 65 5474
42 48 6259
42 16 5189
42 45 213
42 33 731
42 63 3152
42 1 1779
42 12 4325
42 55 1988
42 7 5124
42 39 994
42 72 3668
42 34 6221
42 29 5299
43 55 1978
43 35 3994
43 59 1316
43 3 167
43 60 3451
43 31 283
43 47 3303
43 15 3973
43 21 2852
43 53 2080
43 9 3282
43 25 1803
43 36 5601
43 17 3739
43 73 486
43 51 4329
43 24 4005
43 29 2334
43 61 2931
43 30 765
43 71 6000
43 46 1921
43 37 1992
43 74 5185
43 40 4571
43 57 2711
43 14 3230
43 49 2159
43 22 3311
43 27 206
43 11 3264
43 39 557
43 48 3033
43 20 2396
43 10 1695
43 65 2399
43 13 2689
43 18 223
43 5 6117
43 32 2357
43 50 5774
43 52 187
43 45 5976
43 16 3372
43 34 199
43 63 678
43 38 94
43 56 2964
43 33 620
43 62 6050
43 4 5998
43 28 5006
43 41 2282
43 54 2397
43 23 3419
43 2 1032
43 58 763
43 26 1084
44 38 5209
44 75 1206
44 59 2270
44 22 1280
44 8 2140
44 13 3025
44 60 5573
44 14 1587
44 3 3482
44 27 4519
44 69 3229
44 52 3815
44 65 5163
44 26 2535
44 29 3376
44 46 1474
44 47 3700
44 10 3493
44 34 5497
44 39 300
44 25 2940
44 72 763
44 57 564
44 20 5265
44 49 4828
44 11 5808
44 53 4426
44 23 6061
44 56 5414
44 64 4974
44 45 2897
44 54 3302
44 19 6090
44 30 4349
44 17 2896
44 6 4548
44 43 614
44 42 4190
44 68 563
44 48 35
44 51 1270
44 61 2356
44 41 761
44 16 225
44 2 4433
44 74 5835
44 5 6185
44 21 411
44 66 256
44 40 1019
44 58 2999
44 31 915
44 32 1138
44 70 5756
44 15 1183
44 1 3521
44 73 6087
44 36 843
44 62 2132
44 18 3530
45 12 1622
45 16 2334
45 75 5914
45 61 4950
45 18 5955
45 44 5152
45 70 31
45 2 2881
45 50 6079
45 4 3095
45 36 3276
45 49 2789
45 65 1823
45 9 2592
45 6 4801
45 20 6081
45 52 4051
45 1 2649
45 54 2571
45 37 3595
45 53 1768
45 51 5765
45 3 5268
45 38 789
45 73 328
45 42 3428
45 57 2920
45 27 3089
45 34 3466
45 60 4742
45 56 4325
45 62 4668
45 17 3058
45 5 420
45 8 2202
45 21 4759
45 68 4445
45 41 1572
45 47 1239
45 67 3897
45 10 1809
45 14 1623
45 22 3208
45 28 234
45 66 1255
45 13 346
45 35 1303
45 11 2238
45 46 4353
45 71 1463
45 32 3988
45 69 4996
45 30 5975
45 39 5925
45 43 1067
45 7 974
45 26 1928
46 39 3925
46 43 516
46 55 2336
46 28 129
46 70 750
46 12 2765
46 37 3040
46 13 4214
46 30 3308
46 31 3675
46 54 3490
46 63 4609
46 35 3640
46 22 4793
46 59 1847
46 49 166
46 17 789
46 25 2642
46 47 4092
46 8 2314
46 18 1281
46 38 1389
46 48 5283
46 42 5472
46 20 5127
46 21 878
46 73 256
46 36 162
46 44 309
46 40 1074
46 50 2628
46 2 3250
46 24 5429
46 33 618
46 3 4125
46 74 5754
46 41 3788
46 1 2512
46 29 5451
46 58 2136
46 52 4141
46 68 3983
46 14 5688
46 75 3094
46 26 925
46 34 4153
46 11 1131
46 6 1433
46 23 3058
46 69 680
46 9 5657
46 53 2134
46 7 3756
46 4 6068
46 19 5567
46 60 1865
46 27 6022
46 45 4487
46 32 1321
46 51 1424
46 10 3408
46 67 5125
46 57 1449
47 48 630
47 6 4969
47 21 4283
47 13 1233
47 14 5059
47 31 1843
47 49 9
47 57 3255
47 75 5268
47 45 120
47 16 16
47 51 130
47 37 3341
47 30 2608
47 24 2052
47 15 5393
47 34 714
47 2 3201
47 59 584
47 7 3567
47 53 1408
47 3 348
47 38 573
47 28 5224
47 32 1783
47 60 2257
47 20 1321
47 67 36
47 25 131
47 72 2938
47 36 3393
47 35 4487
47 40 4071
47 17 3628
47 56 3043
47 27 1838
47 4 5333
47 73 5508
47 69 6114
47 52 2671
47 10 584
47 70 3007
47 43 3631
47 46 243
47 8 5064
47 5 5053
47 1 1607
48 65 4866
48 46 855
48 10 1349
48 7 1065
48 12 5888
48 54 1395
48 41 5686
48 68 4938
48 45 5662
48 25 3391
48 67 2652
48 50 2847
48 28 3412
48 22 634
48 13 6072
48 3 2435
48 69 2167
48 6 617
48 32 2643
48 53 3717
48 19 1334
48 44 1451
48 47 3196
48 2 3892
48 4 4021
48 5 285
48 38 1443
48 39 3499
48 56 4235
48 58 3381
48 49 160
48 40 2192
48 30 5455
48 62 948
48 73 1019
48 43 1838
48 26 1797
48 61 2775
48 18 3925
48 60 1435
48 35 3717
48 20 1162
48 74 363
48 24 1515
48 15 1843
48 14 2742
48 51 5633
48 29 22
48 17 1554
48 37 2181
48 64 1258
48 63 6168
48 23 2766
48 9 3889
48 1 2570
49 22 4109
49 6 5605
49 48 2530
49 40 2178
49 11 609
49 19 2716
49 54 2229
49 42 4166
49 44 313
49 5 3073
49 38 2310
49 52 1538
49 17 1661
49 66 3451
49 74 2292
49 30 6227
49 20 3344
49 2 3387
49 1 4443
49 71 1527
49 3 4213
49 24 3499
49 57 78
49 60 238
49 34 4202
49 21 1374
49 12 4986
49 55 168
49 39 5181
49 28 4843
49 41 2274
49 36 2936
49 29 4087
49 13 1229
49 15 606
49 63 4680
49 26 2243
49 46 2548
49 7 363
49 43 5847
49 27 5042
49 9 1549
49 37 3068
49 23 2640
49 35 1896
49 16 2416
49 68 5263
49 25 4960
49 53 4660
49 31 5718
49 14 5340
49 18 3225
49 64 2191
49 59 5483
49 67 2923
49 51 5132
49 70 689
49 8 2396
49 50 2593
49 65 1495
49 72 2587
50 54 5611
50 49 811
50 31 3940
50 48 291
50 53 3075
50 63 6179
50 32 2237
50 60 1747
50 75 2999
50 72 4038
50 58 4700
50 37 4242
50 39 4817
50 12 2689
50 56 2235
50 5 2
50 17 6124
50 74 4169
50 59 1912
50 42 3180
50 61 994
50 65 76
50 7 1547
50 21 3369
50 4 2415
50 40 3882
50 36 1855
50 64 1153
50 44 3100
50 51 270
50 20 1267
50 55 1462
50 33 5943
50 46 1665
50 52 3632
50 13 6220
50 2 480
50 1 1040
50 43 5288
50 10 5068
50 22 5698
50 3 1632
50 71 3610
50 73 5775
50 34 4454
50 30 1475
50 6 3110
50 41 2467
50 9 469
50 45 772
50 29 5182
50 47 4104
50 15 2208
50 11 1175
50 16 2504
50 14 3806
51 73 5248
51 4 1816
51 18 6035
51 28 3097
51 71 958
51 58 2758
51 25 757
51 39 2357
51 57 5480
51 62 2784
51 2 553
51 37 4213
51 8 3659
51 38 3547
51 43 3088
51 63 3681
51 24 3400
51 3 3173
51 45 3028
51 20 3333
51 70 3314
51 19 2725
51 9 3290
51 66 3099
51 69 4843
51 47 3507
51 1 5989
51 14 131
51 33 3441
51 68 2826
51 16 1250
51 15 3973
51 56 4207
51 26 2685
51 72 3628
51 27 325
51 23 2597
51 42 1243
51 48 4192
51 50 5370
51 65 56
51 10 5385
51 17 3324
51 13 2404
51 46 5352
51 34 1391
51 35 2072
51 53 1480
51 12 5891
51 7 1314
51 40 5496
52 3 618
52 59 2830
52 45 3463
52 66 4866
52 2 1480
52 4 3224
52 26 3077
52 58 4444
52 54 5670
52 7 4458
52 41 1553
52 56 6012
52 10 3250
52 67 3989
52 5 4886
52 20 1339
52 51 174
52 72 2545
52 74 5187
52 62 5928
52 42 1919
52 25 3343
52 55 4861
52 44 4988
52 70 4379
52 53 5979
52 60 3804
52 69 3557
52 8 185
52 32 1902
52 27 4703
52 40 4345
52 61 2220
52 71 3364
52 37 4188
52 35 1827
52 29 2118
52 43 3394
52 39 2948
52 22 6183
52 46 2308
52 24 4000
52 11 761
52 65 2651
52 73 2040
52 68 1494
52 64 5397
52 57 288
52 21 6246
52 33 4442
52 18 227
52 75 2209
52 49 6041
52 34 5086
52 14 5769
52 30 5977
52 17 1359
52 28 1431
52 63 1180
52 31 842
53 70 4018
53 68 3553
53 71 2674
53 11 1198
53 32 3621
53 45 4906
53 65 972
53 13 3362
53 64 2976
53 59 5266
53 19 5779
53 40 2615
53 8 1844
53 35 774
53 22 5230
53 56 2110
53 14 2348
53 16 633
53 30 229
53 3 2300
53 42 4477
53 58 1296
53 51 4808
53 24 4503
53 39 3569
53 47 3327
53 72 3286
53 73 3297
53 74 2707
53 27 1517
53 5 1273
53 2 5666
53 55 6291
53 50 5654
53 54 768
53 43 2114
53 46 1304
53 67 5633
53 21 574
53 18 5941
53 7 5158
53 28 601
53 75 2279
53 17 3034
53 48 1648
53 38 6054
53 63 3918
53 34 4082
53 12 1810
53 36 1825
53 33 1456
53 62 3456
53 29 5704
53 9 2126
53 52 3125
53 31 1658
53 41 3776
53 49 1529
53 57 747
53 6 5512
54 26 5520
54 20 4562
54 65 65
54 6 576
54 23 4439
54 39 3240
54 52 3360
54 29 4698
54 67 3979
54 18 3371
54 25 5195
54 11 2760
54 24 441
54 27 5072
54 62 6049
54 66 3868
54 30 2980
54 63 3453
54 5 1985
54 10 4160
54 34 262
54 58 6231
54 74 4351
54 46 6285
54 73 2642
54 4 3766
54 41 5412
54 49 3715
54 45 5910
54 69 1440
54 3 5155
54 12 5312
54 50 3361
54 33 798
54 19 3274
54 28 2305
54 61 4329
54 75 5964
54 43 3296
54 7 2675
54 60 2129
54 51 296
54 42 5403
54 1 6015
54 8 4967
54 70 3131
54 14 4922
54 72 4799
54 71 3879
54 55 3160
54 15 2002
54 21 5275
55 27 4394
55 15 5579
55 4 2403
55 1 6066
55 44 6147
55 23 5563
55 3 3022
55 47 1985
55 49 4073
55 34 3844
55 18 544
55 36 406
55 43 4242
55 22 884
55 72 1753
55 14 1191
55 16 5639
55 10 1577
55 28 41
55 48 2577
55 20 1696
55 61 1413
55 19 4207
55 32 801
55 25 5861
55 50 837
55 2 5454
55 24 509
55 8 804
55 63 4030
55 7 4897
55 64 6117
55 59 5036
55 17 1631
55 70 2919
55 5 2568
55 67 3594
55 74 1453
55 46 1259
55 35 4099
55 54 2809
55 13 3922
55 65 1183
55 6 904
55 39 3729
55 73 2241
55 33 3580
55 52 1434
55 45 2495
55 56 2051
55 31 5613
55 57 1400
55 71 1817
55 68 4507
55 42 299
55 58 957
55 29 2419
56 75 6175
56 18 5867
56 61 4861
56 20 5356
56 54 5413
56 24 4395
56 57 3261
56 73 6048
56 35 3197
56 62 6128
56 74 755
56 2 3772
56 17 306
56 48 5636
56 66 3738
56 31 2331
56 71 3431
56 42 5430
56 58 210
56 40 2761
56 50 2512
56 13 2458
56 41 5509
56 1 1860
56 16 3967
56 9 91
56 70 4773
56 29 713
56 3 5403
56 21 1217
56 11 4199
56 69 1671
56 64 3848
56 72 499
56 46 3692
56 45 3304
56 7 2112
56 10 919
56 8 962
56 60 1901
56 33 4121
56 67 5554
56 55 1910
56 68 159
56 38 5217
56 37 3854
56 39 4743
56 53 2101
56 32 2241
56 43 2670
56 25 3559
56 15 2309
56 65 5870
56 23 5342
56 59 6009
56 44 2257
56 34 4739
56 26 4112
57 58 5554
57 64 409
57 38 2726
57 32 1761
57 18 5025
57 17 6008
57 33 3348
57 4 1172
57 3 5149
57 42 2199
57 21 3127
57 60 1732
57 14 6023
57 24 4171
57 63 943
57 62 3094
57 11 151
57 35 5951
57 55 2891
57 20 1606
57 46 5255
57 75 4020
57 67 3469
57 51 2230
57 50 3806
57 72 891
57 29 3239
57 43 4282
57 7 1880
57 30 4285
57 9 5267
57 19 1549
57 34 4593
57 12 624
57 49 4574
57 25 4471
57 1 2973
57 48 3280
57 65 5011
57 6 5026
57 10 5633
57 74 637
57 28 3292
57 45 3433
57 5 1218
57 41 1625
57 22 4647
57 61 2287
57 23 1939
57 53 5999
58 71 3686
58 57 5938
58 41 212
58 18 1021
58 28 2741
58 13 3009
58 25 4906
58 20 4092
58 31 3149
58 60 1408
58 35 3801
58 74 3928
58 9 1959
58 75 4908
58 65 3036
58 17 4176
58 52 1573
58 22 3765
58 66 2405
58 42 6045
58 50 3968
58 12 5901
58 63 6290
58 64 3986
58 29 1820
58 11 3003
58 70 5343
58 73 156
58 8 3390
58 21 6243
58 72 6070
58 39 112
58 3 1460
58 44 5320
58 56 4304
58 40 1822
58 23 896
58 5 1070
58 61 1440
58 30 3412
58 59 4120
58 55 6021
58 47 6228
58 43 4580
58 51 5396
58 54 2150
58 53 5537
58 2 2840
58 1 661
58 46 5705
58 26 3917
58 45 1757
58 4 3712
58 24 2329
58 69 2165
58 37 2264
58 49 5862
58 7 1941
58 14 457
58 67 3449
58 6 2778
59 27 4079
59 63 4066
59 49 532
59 34 4528
59 61 2529
59 35 1629
59 24 1596
59 11 4718
59 16 873
59 19 5939
59 28 1282
59 8 6
59 9 2301
59 17 3654
59 26 5849
59 53 1046
59 10 4844
59 20 2604
59 22 3246
59 52 204
59 40 2935
59 1 3589
59 6 2516
59 38 4455
59 14 2536
59 23 4725
59 33 3065
59 25 4911
59 58 2184
59 44 2744
59 18 1232
59 65 4408
59 15 2238
59 5 4212
59 71 2501
59 32 2847
59 54 865
59 74 5927
59 75 5686
59 2 4326
59 42 5994
59 57 4510
59 64 1272
59 21 61
59 72 1708
59 3 6192
59 55 2517
59 39 1537
59 51 6091
59 46 2379
59 31 4014
59 73 3612
59 47 42
59 56 4318
59 36 3435
59 68 838
60 56 4402
60 34 3494
60 55 5587
60 24 5443
60 30 2561
60 4 4366
60 29 2406
60 63 5669
60 52 5403
60 2 5521
60 3 4894
60 48 6117
60 53 4344
60 14 3801
60 59 4995
60 8 1367
60 57 745
60 50 120
60 19 2837
60 73 2531
60 11 2013
60 6 63
60 13 2999
60 9 5175
60 43 5474
60 26 1843
60 62 766
60 36 5765
60 18 1353
60 69 706
60 21 4163
60 35 1374
60 22 3671
60 7 5146
60 10 725
60 54 5945
60 64 567
60 17 4462
60 47 3426
60 70 2934
60 15 5278
60 27 2020
60 72 1187
60 41 1846
60 65 125
60 23 6289
60 42 1902
60 66 2384
60 5 125
60 39 2638
60 1 2915
60 61 5713
60 33 4982
60 68 4791
60 74 2309
60 38 5015
61 20 5990
61 57 4067
61 15 2648
61 67 3701
61 74 1773
61 30 3204
61 17 5181
61 71 2397
61 43 2855
61 19 3231
61 75 3829
61 22 1818
61 72 5419
61 64 3652
61 26 5897
61 8 4925
61 23 925
61 12 109
61 10 5224
61 39 283
61 54 5821
61 24 3231
61 11 5608
61 45 1721
61 46 1784
61 21 876
61 9 1374
61 31 5647
61 6 2802
61 73 96
61 69 3715
61 63 5794
61 35 4227
61 16 2066
61 44 3844
61 70 3923
61 3 3197
61 56 1755
61 53 1190
61 60 4598
61 34 5663
61 65 1768
61 13 768
61 38 2839
61 68 6010
61 4 2288
61 66 3539
61 48 5112
61 18 5411
61 33 5610
61 41 4068
61 51 2096
61 27 3915
62 47 3852
62 59 6047
62 29 80
62 22 2328
62 13 2611
62 54 1106
62 58 5401
62 8 4545
62 71 4520
62 4 5914
62 32 4533
62 7 299
62 42 5815
62 55 1719
62 26 4940
62 51 4553
62 40 5361
62 75 2420
62 57 4592
62 39 2623
62 41 5515
62 69 5877
62 19 384
62 17 1860
62 49 1247
62 16 2136
62 48 6005
62 45 3781
62 43 5193
62 24 2033
62 50 3250
62 53 3033
62 67 3649
62 33 320
62 38 3264
62 3 4660
62 20 3030
62 18 5113
62 28 4459
62 72 1068
62 56 2944
62 10 393
62 66 3801
62 52 4342
62 35 900
62 36 181
62 27 1888
62 11 2580
62 12 6286
62 73 6144
62 37 319
62 74 3931
62 1 774
63 50 1605
63 24 5568
63 61 1663
63 32 5457
63 56 48
63 10 3442
63 73 4353
63 55 1630
63 30 5576
63 54 1226
63 2 691
63 66 5701
63 13 1980
63 64 3439
63 65 2666
63 18 2793
63 57 3565
63 28 1128
63 70 4510
63 23 4795
63 46 1587
63 9 3579
63 27 4639
63 72 1767
63 42 5121
63 4 4882
63 67 4147
63 48 6113
63 68 2667
63 20 2116
63 53 5352
63 22 3725
63 37 5168
63 40 551
63 7 3474
63 8 3861
63 71 2136
63 5 6131
63 34 6085
63 19 5629
63 49 4352
63 69 286
63 41 5279
63 25 2384
63 12 2275
63 1 4996
63 14 408
63 36 5977
63 17 702
63 45 4829
63 29 4792
63 43 5781
63 6 4455
63 51 1217
63 33 6160
63 58 846
63 16 4418
63 35 4964
63 44 3204
64 5 5600
64 51 788
64 45 2906
64 57 2826
64 20 2292
64 41 3121
64 54 1973
64 29 732
64 32 3097
64 61 5514
64 15 1964
64 18 1107
64 70 2590
64 71 732
64 26 4652
64 53 2690
64 52 4793
64 48 4034
64 40 399
64 50 2629
64 19 926
64 42 5724
64 49 2084
64 34 5493
64 43 2613
64 68 3985
64 63 2290
64 14 4179
64 75 2735
64 37 4106
64 69 783
64 72 1975
64 31 5275
64 58 3286
64 36 4858
64 24 2602
64 30 942
64 62 3240
64 17 480
64 60 5195
64 38 4234
64 10 659
64 13 4077
64 25 2194
64 59 5359
64 21 1943
64 27 212
64 12 1905
64 47 1576
64 2 5221
64 9 6101
64 6 1561
64 28 1172
64 44 3393
64 55 3506
64 22 3519
64 11 5477
64 66 2120
64 1 1814
64 39 4945
65 50 3448
65 12 28
65 11 4117
65 70 3112
65 29 953
65 24 862
65 10 5719
65 55 4606
65 62 2704
65 46 2819
65 66 4528
65 35 2953
65 52 5419
65 37 5371
65 20 1399
65 60 4459
65 43 3366
65 54 3559
65 23 361
65 51 668
65 72 5164
65 39 3200
65 56 3420
65 16 1610
65 49 3795
65 5 80
65 61 2804
65 18 4980
65 48 1176
65 36 3193
65 3 4064
65 17 2228
65 4 913
65 32 198
65 2 4074
65 40 5192
65 21 3274
65 75 3938
65 13 5495
65 22 3021
65 38 1228
65 1 2471
65 53 5656
65 6 2328
65 14 4813
65 9 5546
65 42 3145
65 63 4651
65 28 4118
65 74 3635
65 67 2197
65 7 3268
66 36 857
66 65 6148
66 53 329
66 19 4373
66 43 5073
66 72 4940
66 17 3019
66 41 5293
66 33 4162
66 59 1418
66 27 1506
66 74 4165
66 24 1747
66 37 4154
66 52 4314
66 73 2246
66 55 238
66 13 115
66 71 3283
66 15 6018
66 4 3898
66 63 2827
66 8 4371
66 23 4954
66 21 3250
66 35 1826
66 67 375
66 30 901
66 18 4100
66 44 3056
66 70 2945
66 22 2524
66 64 3345
66 2 3845
66 47 3986
66 39 4820
66 48 247
66 45 2581
66 42 3826
66 60 5766
66 62 2999
66 56 2609
66 26 2530
66 28 814
66 7 1017
66 34 4194
66 25 4641
66 12 1759
66 75 106
66 40 44
66 50 3136
66 6 5000
66 54 3376
66 58 970
66 31 5449
66 10 5732
66 11 5132
66 51 3826
67 72 2213
67 54 2956
67 52 4366
67 44 5861
67 50 4440
67 1 2190
67 9 4699
67 65 3172
67 34 36
67 48 4596
67 35 4365
67 15 1754
67 43 4700
67 59 1171
67 21 2445
67 29 2299
67 26 4649
67 51 4451
67 68 3235
67 63 4228
67 53 4931
67 60 2375
67 74 1222
67 49 5962
67 42 4823
67 39 4561
67 22 3237
67 31 1869
67 37 2646
67 46 4310
67 71 4913
67 10 6268
67 11 670
67 57 3584
67 61 362
67 41 2817
67 6 1138
67 33 6237
67 47 5315
67 23 5227
67 73 1213
67 16 4671
67 58 5770
67 2 947
67 18 798
67 28 659
67 66 5909
67 7 4508
67 62 1635
67 24 3261
67 20 5188
67 4 5966
67 45 5510
67 8 574
67 55 2140
67 30 256
67 70 2499
68 27 4344
68 62 2745
68 71 883
68 38 2434
68 48 5645
68 65 1272
68 5 106
68 23 4342
68 2 288
68 52 1439
68 13 1824
68 56 937
68 12 5222
68 37 1192
68 41 2647
68 17 2062
68 55 2762
68 18 2284
68 59 964
68 24 2739
68 22 4705
68 20 30
68 26 563
68 67 1755
68 28 3620
68 57 4206
68 73 5203
68 1 3637
68 61 6130
68 70 2897
68 11 1670
68 32 5009
68 19 1289
68 15 536
68 43 4757
68 39 2406
68 35 761
68 42 483
68 64 4478
68 75 3567
68 69 1092
68 50 2968
68 10 1219
68 36 2550
68 21 6175
68 9 1165
68 53 5732
68 33 5535
68 51 1832
68 34 5238
68 63 1463
68 46 89
68 47 3742
68 72 692
68 8 2126
68 60 2630
68 44 1604
68 74 1875
69 9 1618
69 41 921
69 42 5195
69 22 5951
69 73 5508
69 31 1329
69 62 2926
69 35 3428
69 58 399
69 4 572
69 18 679
69 8 3226
69 51 1014
69 26 3823
69 29 4028
69 39 335
69 56 2496
69 30 6077
69 24 3724
69 28 4507
69 50 4606
69 32 2034
69 10 3839
69 59 4579
69 65 2649
69 19 5766
69 55 2537
69 43 588
69 67 5625
69 45 873
69 38 2534
69 1 5698
69 25 787
69 2 1934
69 3 4257
69 64 611
69 44 769
69 57 1301
69 27 2735
69 63 2841
69 74 3971
69 14 2135
69 54 1940
69 52 3363
69 11 2937
69 33 5479
69 48 3696
69 5 5008
69 12 3256
69 6 4895
69 16 3781
70 6 5873
70 11 2497
70 47 2017
70 52 6039
70 10 2324
70 23 5490
70 15 204
70 45 3452
70 75 698
70 42 1238
70 7 5159
70 62 4450
70 33 3116
70 44 2228
70 32 717
70 57 3728
70 38 4458
70 31 4429
70 27 1356
70 59 1361
70 25 2489
70 64 3991
70 55 5987
70 41 2029
70 68 5015
70 22 4125
70 4 1530
70 18 2036
70 20 2497
70 74 5589
70 21 6101
70 1 4711
70 26 991
70 9 5156
70 72 184
70 69 4049
70 61 4730
70 73 850
70 49 2452
70 60 5906
70 40 4823
70 67 3312
70 71 348
70 24 5199
70 53 5148
70 48 2736
70 36 4664
70 39 1385
70 34 1722
70 58 3627
70 63 5267
70 19 495
70 12 5983
70 28 6298
70 30 1593
70 66 4983
71 51 5978
71 56 968
71 54 5438
71 17 2476
71 37 2505
71 22 5914
71 75 3646
71 66 3683
71 58 385
71 24 1381
71 55 2899
71 72 6031
71 2 1314
71 46 5862
71 67 6195
71 13 961
71 18 1122
71 16 5942
71 23 3279
71 34 4493
71 29 3498
71 68 932
71 59 3299
71 42 1703
71 39 1238
71 36 3804
71 28 1261
71 14 3169
71 21 4286
71 11 5323
71 65 3068
71 30 4819
71 3 667
71 62 6027
71 25 5537
71 1 464
71 60 2458
71 57 713
71 26 791
71 43 3904
71 33 1392
71 12 4854
71 50 1255
71 74 1113
71 5 5339
71 27 3240
71 69 5118
71 40 5671
71 70 5552
71 41 274
71 52 3694
71 10 2144
71 48 2865
71 35 6094
71 64 2446
72 11 2573
72 63 1484
72 7 4464
72 54 5610
72 41 2469
72 10 1572
72 20 2358
72 5 2
72 47 4463
72 35 1264
72 60 1578
72 50 4133
72 26 3212
72 49 4994
72 46 630
72 32 1814
72 66 84
72 14 2135
72 73 2565
72 75 202
72 39 5146
72 69 1088
72 27 2520
72 44 4908
72 15 1343
72 45 6230
72 33 4275
72 6 3711
72 18 4110
72 42 49
72 1 5005
72 38 454
72 61 2889
72 36 4144
72 3 1543
72 17 919
72 59 3783
72 34 5097
72 25 3734
72 21 6050
72 53 3531
72 74 3784
72 43 4744
72 48 5752
72 24 659
72 68 2687
72 23 5924
72 70 1498
72 57 4509
72 31 1869
72 2 2707
72 71 2480
72 28 1189
72 64 1341
72 4 2592
72 40 3046
73 63 1971
73 8 3322
73 69 2858
73 46 4247
73 53 2417
73 30 4608
73 57 4599
73 72 3775
73 64 6227
73 28 5453
73 6 3713
73 1 351
73 44 2438
73 37 411
73 26 3895
73 21 4397
73 50 5055
73 38 5630
73 60 1118
73 23 1973
73 18 2129
73 20 1351
73 55 5949
73 41 5931
73 45 3492
73 11 334
73 52 3109
73 17 2589
73 2 6228
73 16 1657
73 68 5700
73 4 3614
73 40 4935
73 61 196
73 29 5285
73 49 2698
73 19 3918
73 3 5953
73 75 1453
73 27 2127
73 32 1371
73 25 545
73 54 568
73 12 2783
73 35 3918
73 62 5965
73 65 4952
73 34 2418
73 56 362
73 51 269
73 39 2391
73 58 4435
73 5 4064
73 66 571
73 14 1514
73 7 649
74 38 50
74 37 2632
74 71 5716
74 70 5369
74 23 985
74 55 3574
74 47 3156
74 57 3774
74 5 665
74 66 2762
74 59 5712
74 21 3575
74 56 4107
74 42 4327
74 35 3785
74 27 3183
74 2 3745
74 51 1542
74 52 2651
74 41 1302
74 73 2735
74 53 3351
74 29 1430
74 49 5096
74 48 5905
74 12 5898
74 65 2662
74 4 737
74 19 5570
74 7 1771
74 22 4648
74 75 6176
74 3 2802
74 20 5093
74 61 1746
74 11 1669
74 26 2459
74 15 5440
74 64 5887
74 31 2859
74 16 1341
74 67 2805
74 69 3837
74 60 593
74 28 5496
74 25 3900
74 9 5015
74 24 3790
74 40 376
74 54 2351
74 68 2387
74 18 5690
74 58 3521
74 34 2520
74 10 5696
75 20 6083
75 62 5153
75 61 4050
75 65 2924
75 55 244
75 15 3371
75 66 2960
75 23 5235
75 29 2244
75 35 2234
75 34 181
75 58 777
75 74 2705
75 53 5453
75 73 5594
75 10 2566
75 56 800
75 32 4321
75 13 4328
75 48 1992
75 40 623
75 30 5360
75 51 960
75 60 758
75 5 1092
75 2 960
75 69 2926
75 21 1902
75 31 5668
75 64 2851
75 57 4625
75 72 4438
75 12 3052
75 37 2187
75 16 124
75 17 772
75 27 2764
75 26 5426
75 7 347
75 44 6023
75 8 49
75 47 5461
75 46 757
75 22 2130
75 9 3552
75 68 4518
75 50 4764
75 18 3558
75 70 3793
75 19 3499
75 71 1770
75 42 439
75 49 1102
75 3 5871
75 41 2127
