75 4200
1 58 1331
1 16 3542
1 10 4355
1 21 4089
1 67 1933
1 55 570
1 57 639
1 5 5786
1 3 5995
1 62 5165
1 69 2912
1 33 3755
1 20 2285
1 72 4296
1 27 6008
1 9 1774
1 42 783
1 47 2447
1 18 1201
1 74 1296
1 54 3268
1 24 30
1 34 335
1 48 389
1 7 5038
1 6 4252
1 73 4942
1 53 3691
1 51 5748
1 65 6258
1 14 3829
1 29 5691
1 39 833
1 38 4036
1 71 417
1 59 6041
1 56 2916
1 44 3196
1 30 2401
1 46 1435
1 12 2308
1 17 3072
1 8 5970
1 37 2443
1 68 949
1 66 1626
1 64 486
1 40 589
1 2 4834
1 13 4472
1 25 3960
1 22 4307
1 35 4074
1 15 4651
1 4 4155
1 26 1336
1 36 5768
1 11 3286
1 28 400
2 50 1424
2 25 1879
2 7 1968
2 10 3884
2 37 1438
2 45 5989
2 1 3069
2 35 2827
2 18 4000
2 59 5355
2 44 410
2 33 329
2 11 4038
2 12 5144
2 23 329
2 75 4162
2 27 598
2 17 3948
2 24 5646
2 14 1870
2 19 3763
2 68 1445
2 46 2041
2 15 5212
2 49 2586
2 41 3513
2 32 1509
2 34 5090
2 42 2548
2 74 819
2 47 4599
2 26 3799
2 40 3784
2 72 1096
2 6 2423
2 29 2082
2 48 4359
2 73 1169
2 20 3113
2 62 5039
2 55 4251
2 39 5924
2 43 4417
2 31 2359
2 8 2757
2 70 5954
2 63 4348
2 5 4798
2 51 3085
2 64 4862
2 3 870
2 60 1453
2 9 4560
2 66 4737
2 61 4009
3 34 348
3 50 3459
3 58 3461
3 45 4103
3 32 3499
3 15 1787
3 17 4398
3 16 4029
3 51 6041
3 54 5351
3 40 3166
3 56 1397
3 25 387
3 55 2856
3 64 2647
3 10 5977
3 41 1275
3 57 2050
3 74 3856
3 72 747
3 36 5778
3 5 4772
3 19 2351
3 71 122
3 7 4916
3 18 790
3 35 4534
3 28 2312
3 6 2521
3 33 5487
3 37 1268
3 46 3016
3 11 4843
3 31 2006
3 66 1499
3 24 3534
3 20 5997
3 1 612
3 12 5572
3 42 504
3 22 2603
3 67 4607
3 65 1229
3 62 3504
3 60 2927
3 49 4784
3 8 3147
3 21 5522
3 47 1436
3 9 3637
3 29 1892
3 30 1072
3 44 1504
3 43 5316
3 63 2075
3 26 3948
3 27 658
3 61 2
3 38 3644
3 75 6060
4 52 1569
4 5 2529
4 24 2594
4 31 2820
4 3 4561
4 2 4567
4 6 4492
4 26 3638
4 69 2542
4 10 2232
4 37 1007
4 65 5634
4 59 2782
4 55 3223
4 58 2299
4 19 1050
4 45 4546
4 66 5376
4 68 4626
4 27 5507
4 71 5640
4 12 2868
4 61 2784
4 67 5837
4 70 561
4 35 3319
4 51 155
4 40 1959
4 17 5435
4 41 3782
4 18 783
4 22 2344
4 49 2493
4 25 236
4 36 462
4 47 1163
4 32 2929
4 29 6273
4 34 1370
4 48 1767
4 44 2903
4 54 1614
4 46 2229
4 74 2616
4 73 5467
4 62 4862
4 15 4014
4 39 1553
4 30 5541
4 64 5697
4 57 1421
4 8 5987
4 33 1159
4 38 1673
4 7 3906
4 28 4820
4 43 5206
5 30 4364
5 73 4299
5 2 1390
5 27 326
5 56 5726
5 15 214
5 54 588
5 58 360
5 60 1850
5 68 1693
5 65 1020
5 45 283
5 19 3468
5 48 5850
5 7 6135
5 14 1741
5 69 2963
5 23 932
5 11 3967
5 46 4495
5 17 5770
5 70 1443
5 66 4962
5 33 716
5 44 2984
5 25 3132
5 39 260
5 55 3048
5 18 5282
5 4 4598
5 47 2938
5 26 4648
5 16 2379
5 52 4216
5 74 5817
5 61 5147
5 62 4294
5 9 1615
5 50 1291
5 72 4532
5 32 3597
5 31 3761
5 40 5618
5 59 3409
5 22 2389
5 10 5667
5 67 4041
5 1 4896
5 24 514
6 72 2890
6 59 4805
6 16 4820
6 22 1433
6 8 38
6 75 1646
6 65 63
6 52 3736
6 45 607
6 27 4533
6 57 175
6 9 799
6 50 439
6 47 5137
6 51 5068
6 41 3014
6 31 4962
6 1 1497
6 18 251
6 34 245
6 69 4314
6 60 4839
6 20 5176
6 73 1620
6 12 103
6 54 4084
6 62 1902
6 64 6271
6 46 98
6 11 5869
6 39 5259
6 23 1347
6 61 4720
6 21 3120
6 5 2440
6 25 4700
6 30 4054
6 58 3751
6 55 4487
6 13 4872
6 32 3147
6 66 3749
6 33 2786
6 70 6238
6 29 5531
6 56 1686
6 24 1724
6 44 1660
6 38 34
6 48 3296
6 37 109
7 51 1329
7 18 4287
7 13 5898
7 39 3975
7 28 1110
7 49 4899
7 31 286
7 10 1717
7 58 164
7 75 2184
7 12 4589
7 55 2814
7 53 4330
7 69 6019
7 65 5867
7 21 3362
7 52 2292
7 47 4425
7 45 6126
7 32 6214
7 16 5134
7 63 678
7 23 5047
7 8 1910
7 59 1358
7 35 2399
7 22 2839
7 14 6263
7 42 5711
7 74 4782
7 6 2195
7 41 5719
7 27 1437
7 50 756
7 2 2811
7 57 4198
7 70 3690
7 34 1304
7 40 1275
7 71 3559
7 48 6136
7 5 2715
7 64 984
7 3 3932
7 54 3230
7 29 4320
7 36 5473
7 11 401
7 20 3157
7 4 5316
7 37 3902
7 68 661
7 17 4423
7 30 2792
7 43 2532
7 62 3227
7 38 4127
7 61 4710
7 73 4337
7 44 5532
7 25 1194
7 67 2436
8 64 6099
8 71 1760
8 59 6186
8 28 6204
8 14 1114
8 16 5713
8 42 5298
8 17 2403
8 12 4538
8 34 3439
8 19 6274
8 37 2000
8 75 4475
8 47 1079
8 57 5189
8 38 98
8 20 4327
8 60 5474
8 73 1133
8 31 5824
8 22 2121
8 33 3455
8 7 2710
8 68 899
8 62 5462
8 50 1106
8 45 1225
8 6 2673
8 24 787
8 10 2506
8 46 643
8 4 599
8 58 3576
8 72 5967
8 51 5543
8 30 2091
8 56 3045
8 43 783
8 69 514
8 48 1103
8 74 6256
8 21 4054
8 1 3979
8 5 3740
8 15 4454
8 53 1498
8 40 4188
8 44 6263
8 70 4416
8 3 334
8 54 1665
8 18 994
8 29 4689
8 61 2938
8 52 3290
9 37 2463
9 36 3394
9 5 3204
9 49 2434
9 71 1843
9 56 6275
9 25 4562
9 55 1337
9 52 4120
9 73 714
9 42 2690
9 15 4102
9 67 3105
9 46 2046
9 39 2273
9 14 4199
9 26 5119
9 21 4413
9 75 3969
9 40 5879
9 18 1117
9 29 5748
9 33 646
9 1 1636
9 45 4590
9 6 1707
9 32 3337
9 7 5770
9 63 3663
9 65 1600
9 48 2495
9 34 738
9 2 4458
9 17 6156
9 54 1579
9 22 5858
9 66 2009
9 64 1881
9 57 4230
9 41 1266
9 68 4800
9 16 5136
9 51 2884
9 74 5863
9 23 591
9 69 2220
9 59 974
9 61 4425
9 58 1197
9 3 4456
9 8 5328
9 43 4880
9 44 3803
9 27 452
9 13 3154
9 47 2230
9 19 2068
9 31 3630
9 38 3583
10 67 2911
10 8 5153
10 56 2466
10 40 627
10 51 3534
10 66 3689
10 59 1785
10 28 683
10 72 2856
10 65 1407
10 19 5828
10 31 5152
10 73 6230
10 41 263
10 3 868
10 37 1622
10 24 1885
10 32 763
10 27 1542
10 18 2921
10 52 2003
10 74 5223
10 60 1274
10 30 2351
10 36 2037
10 22 5537
10 23 343
10 69 617
10 15 4854
10 2 2341
10 64 2360
10 34 3758
10 63 4035
10 61 354
10 25 3417
10 48 4454
10 1 5370
10 14 4617
10 17 2826
10 49 2661
10 11 5604
10 35 1607
10 21 3985
10 55 2982
10 33 3370
10 26 4300
10 46 1590
10 7 2674
10 4 3091
10 57 5934
10 70 3960
10 75 522
10 39 6036
11 32 6009
11 71 212
11 8 2690
11 72 4491
11 68 3083
11 41 6291
11 9 6243
11 46 264
11 25 1024
11 64 3131
11 56 975
11 2 997
11 57 2862
11 59 1214
11 16 3170
11 18 2056
11 24 6132
11 14 1047
11 62 2564
11 73 2496
11 55 1753
11 61 5228
11 47 573
11 65 2879
11 60 3327
11 63 6003
11 36 247
11 10 2344
11 52 869
11 13 1159
11 19 1932
11 17 4979
11 37 1259
11 49 4592
11 42 2285
11 40 3973
11 75 2871
11 54 4863
11 22 6065
11 34 877
11 21 1713
11 23 3677
11 33 2792
11 7 4247
11 6 2957
11 67 1653
11 66 1501
11 48 4656
11 3 3818
11 26 1689
11 70 3439
11 27 4785
11 50 5512
11 15 565
11 43 2137
12 47 3539
12 54 145
12 8 5066
12 17 6273
12 40 2633
12 7 1913
12 63 143
12 21 6151
12 1 706
12 36 2555
12 45 1539
12 66 5011
12 59 2383
12 56 2644
12 38 1005
12 16 2356
12 15 5009
12 53 1522
12 55 4325
12 20 288
12 51 220
12 30 1324
12 19 1515
12 34 5323
12 49 2013
12 14 3605
12 72 1467
12 29 5209
12 69 3652
12 43 882
12 42 1118
12 61 2025
12 37 5660
12 5 2241
12 3 4030
12 41 6166
12 31 390
12 46 286
12 27 3926
12 11 1636
12 62 2272
12 6 6135
12 48 1768
12 74 432
12 28 2006
12 23 417
13 61 893
13 9 440
13 10 1368
13 72 2463
13 50 1199
13 66 1634
13 57 4760
13 6 5700
13 62 1700
13 33 6223
13 26 4913
13 18 312
13 19 5726
13 30 1498
13 56 2718
13 52 3453
13 43 4574
13 35 458
13 27 4553
13 44 1706
13 65 4162
13 49 1415
13 67 318
13 42 4416
13 17 1274
13 59 5587
13 60 2352
13 75 3237
13 70 4251
13 73 4386
13 15 1302
13 53 613
13 3 678
13 63 4146
13 41 2879
13 39 6225
13 1 2854
13 48 3050
13 7 2796
13 36 15
13 8 4681
13 24 5835
13 47 80
13 37 4056
13 58 6075
13 23 3323
13 64 4685
13 21 3651
13 25 599
13 45 6210
13 20 5181
14 40 64
14 62 2440
14 12 5302
14 30 1443
14 56 5782
14 17 3301
14 64 3366
14 39 5620
14 26 2275
14 4 1745
14 71 4689
14 15 334
14 10 6008
14 61 594
14 50 3846
14 31 4949
14 73 3213
14 45 1532
14 18 1541
14 74 5875
14 68 829
14 38 2050
14 28 1843
14 46 5835
14 57 3403
14 63 4997
14 23 1982
14 59 2131
14 55 1991
14 32 757
14 47 4238
14 52 3199
14 60 3444
14 70 4840
14 37 5658
14 27 2514
14 13 731
14 66 3810
14 42 5881
14 51 3417
14 3 2171
14 25 2880
14 1 2400
14 20 334
14 9 3741
14 67 2983
14 6 325
14 29 6164
14 5 3548
14 72 5376
14 75 2006
15 72 5605
15 12 2170
15 24 3665
15 17 1115
15 71 412
15 8 553
15 11 1491
15 2 1431
15 58 17
15 56 2699
15 50 2134
15 37 2808
15 62 3999
15 59 4340
15 19 2461
15 66 4851
15 4 6251
15 68 4419
15 22 4941
15 16 4844
15 23 2738
15 39 2768
15 10 3078
15 26 680
15 30 2640
15 45 708
15 35 5507
15 29 2512
15 31 2584
15 74 1983
15 54 4203
15 64 4588
15 53 553
15 60 2684
15 28 3855
15 61 4608
15 1 1592
15 52 863
15 44 2921
15 14 2044
15 63 5374
15 42 3142
15 38 1815
15 47 4669
15 46 4472
15 21 2457
15 49 2116
15 13 4572
15 48 750
15 27 4256
15 40 4343
15 41 2440
15 51 1928
15 36 5618
15 57 3953
15 70 5442
15 7 6085
16 62 1429
16 3 5639
16 41 3388
16 46 4169
16 29 3555
16 70 4057
16 2 532
16 26 3772
16 43 1384
16 28 3732
16 60 4457
16 20 1161
16 18 2299
16 32 4225
16 34 4229
16 72 3227
16 75 4149
16 21 1095
16 63 2508
16 36 3737
16 12 2460
16 30 4774
16 52 3172
16 31 1045
16 71 5491
16 10 1270
16 55 356
16 9 4426
16 40 3490
16 58 3246
16 1 1056
16 44 2519
16 59 2804
16 67 3449
16 19 5397
16 35 1073
16 11 739
16 73 2182
16 56 2991
16 22 5
16 50 5385
16 54 155
16 38 2075
16 4 4653
16 64 4094
16 48 450
16 17 2803
16 33 3936
16 8 3593
16 5 3490
16 51 2710
16 45 3158
16 15 6190
16 6 3284
16 23 3482
16 74 4403
17 15 1623
17 24 4393
17 42 3396
17 53 1642
17 52 5062
17 62 3229
17 37 4639
17 61 3093
17 23 3499
17 14 2569
17 5 2174
17 49 2986
17 10 4434
17 65 4717
17 19 505
17 56 2308
17 11 2569
17 64 5769
17 34 4220
17 3 3883
17 44 2614
17 26 5661
17 38 105
17 39 1124
17 75 5524
17 71 3522
17 4 299
17 13 3552
17 8 1222
17 28 505
17 40 4140
17 7 4211
17 43 3414
17 36 3609
17 68 581
17 29 2625
17 41 5471
17 2 346
17 58 944
17 63 2199
17 59 175
17 30 3274
17 1 3996
17 55 4664
17 51 6005
17 12 5219
17 33 1983
17 57 5535
17 27 596
17 48 4884
17 47 1034
17 45 271
17 70 3671
17 9 3855
17 69 5814
17 18 3435
17 74 3494
17 60 1103
18 2 1826
18 31 5826
18 66 3915
18 39 4289
18 72 3151
18 30 74
18 53 5045
18 42 3133
18 63 3284
18 75 5587
18 8 985
18 13 622
18 64 3667
18 61 6112
18 22 5185
18 55 937
18 57 6173
18 67 2334
18 17 2929
18 25 4562
18 26 3272
18 49 2316
18 51 5082
18 11 1863
18 43 5671
18 27 5941
18 1 5280
18 70 5673
18 24 1678
18 48 6104
18 16 1526
18 68 2409
18 33 347
18 59 5098
18 46 3893
18 12 3855
18 35 5700
18 23 537
18 4 4972
18 32 528
18 37 4380
18 58 5112
18 6 520
18 21 5451
18 9 5074
18 14 2919
18 65 471
18 19 1346
18 34 5802
18 73 5462
18 36 1181
18 10 3869
18 38 2755
18 50 3295
18 3 4707
18 41 3034
18 69 1973
19 52 5304
19 69 2355
19 53 5078
19 9 3502
19 46 4030
19 17 6102
19 27 2729
19 64 787
19 59 999
19 48 5293
19 5 288
19 66 5213
19 2 5699
19 56 435
19 41 392
19 37 5441
19 13 6076
19 18 455
19 40 505
19 62 974
19 14 2465
19 68 5711
19 12 5491
19 38 144
19 11 4910
19 54 5920
19 10 2374
19 74 3006
19 49 3976
19 63 1601
19 20 2534
19 21 5705
19 71 6282
19 4 2059
19 42 2614
19 8 4154
19 32 5584
19 34 4058
19 30 5259
19 50 3016
19 23 3382
19 3 2952
19 44 5679
19 15 6278
19 60 2482
19 29 1127
19 35 304
19 65 5703
19 58 3274
19 73 925
19 16 1110
19 55 917
19 67 2655
19 75 3145
19 39 3279
19 33 3088
19 43 2567
20 27 139
20 55 4088
20 17 3910
20 23 3817
20 71 908
20 45 4055
20 12 4436
20 68 6198
20 13 1133
20 72 3978
20 43 161
20 25 632
20 70 3153
20 64 4892
20 39 3153
20 58 2362
20 50 3628
20 9 3403
20 29 5181
20 66 4605
20 7 6252
20 37 4624
20 36 5824
20 49 1642
20 4 4936
20 5 827
20 21 2665
20 40 4329
20 59 310
20 44 2045
20 30 6097
20 31 289
20 46 5591
20 2 5765
20 41 5934
20 26 4873
20 16 1515
20 69 2603
20 10 245
20 8 3989
20 38 377
20 51 90
20 35 2972
20 47 2514
20 1 6236
20 28 2322
20 24 4368
20 73 6013
20 11 5794
20 18 4744
20 62 2349
20 52 1294
20 19 5658
20 15 2201
20 60 1946
20 61 298
20 63 4800
20 57 2488
20 74 4431
21 66 6025
21 34 4827
21 26 206
21 40 4631
21 3 6236
21 27 4943
21 25 3646
21 11 2938
21 4 106
21 75 571
21 28 6074
21 7 4030
21 24 2311
21 58 810
21 10 4092
21 44 5143
21 67 6165
21 57 6295
21 43 4147
21 8 1363
21 51 4524
21 62 5730
21 18 2681
21 64 978
21 5 5126
21 46 2740
21 29 2519
21 17 2197
21 23 762
21 71 3830
21 35 6058
21 54 490
21 72 5327
21 12 4230
21 19 3127
21 63 5927
21 32 849
21 38 3036
21 50 4263
21 47 3251
21 6 5979
21 59 2
21 37 5199
21 73 1374
21 48 2999
21 1 5962
21 42 2290
21 39 4336
21 55 1260
21 56 3330
21 15 4853
21 9 4097
21 2 5618
21 68 3322
22 52 5340
22 10 3032
22 66 208
22 31 4114
22 62 1440
22 51 1295
22 70 5939
22 21 2148
22 63 1137
22 74 2004
22 15 5236
22 8 3156
22 60 5361
22 17 3250
22 7 890
22 49 3505
22 37 1360
22 12 6160
22 72 4691
22 43 5794
22 42 851
22 32 3781
22 14 4369
22 26 1444
22 45 873
22 41 4928
22 5 5868
22 29 3667
22 34 2580
22 67 2647
22 2 2752
22 6 3179
22 64 4454
22 1 3752
22 30 1706
22 19 2968
22 69 3652
22 75 4114
22 50 3083
22 20 4050
22 71 2612
22 3 4164
22 36 872
22 53 3259
22 54 1814
22 33 1619
22 57 4734
22 56 1278
22 55 5194
22 38 1757
22 25 3324
22 13 4901
22 46 2919
22 59 2789
22 65 5777
22 61 4040
22 18 634
22 39 5060
22 58 3793
23 16 907
23 18 1285
23 8 4730
23 41 176
23 46 1054
23 27 2705
23 71 5263
23 7 4982
23 54 5071
23 69 3034
23 20 3820
23 52 698
23 59 6258
23 37 5951
23 35 4329
23 58 4231
23 29 3178
23 38 5134
23 48 815
23 66 5813
23 14 1218
23 33 2888
23 55 5661
23 2 4967
23 4 4393
23 72 5625
23 53 5463
23 49 3475
23 74 3464
23 68 1024
23 30 4633
23 67 338
23 70 5929
23 40 6052
23 13 4659
23 73 3276
23 63 1918
23 75 2841
23 62 3578
23 60 6239
23 21 1215
23 64 2843
23 24 2217
23 34 1621
23 47 230
23 50 2947
23 15 3413
23 26 4379
23 31 2896
23 22 3536
23 42 2630
23 17 5747
23 3 4641
24 52 528
24 59 5860
24 46 548
24 54 5868
24 64 4766
24 8 4123
24 10 3758
24 47 2779
24 72 5460
24 71 4794
24 69 2313
24 6 3907
24 35 1888
24 39 239
24 53 807
24 32 2024
24 18 830
24 19 5333
24 49 1694
24 51 3260
24 63 234
24 13 2220
24 29 4273
24 60 5682
24 20 3626
24 4 2188
24 48 5539
24 36 5336
24 66 3563
24 67 4603
24 56 5668
24 9 4529
24 62 69
24 37 2903
24 17 5302
24 42 1700
24 65 5484
24 5 416
24 45 5572
24 73 3968
24 38 5838
24 25 5769
24 74 2554
24 31 1817
24 58 3511
24 1 2128
24 14 5604
24 57 2305
24 33 2079
24 70 4484
24 2 1397
24 27 3521
24 23 3239
24 55 4653
24 30 5943
25 18 549
25 66 1606
25 48 1882
25 14 1821
25 41 1048
25 16 5778
25 58 5961
25 40 3042
25 50 2467
25 1 443
25 9 5000
25 72 3227
25 3 5191
25 54 640
25 53 1552
25 69 490
25 24 2137
25 52 5755
25 21 1763
25 65 4676
25 36 1554
25 22 3885
25 6 5070
25 31 3073
25 10 1257
25 74 2609
25 19 5772
25 67 5334
25 8 1139
25 34 670
25 17 3154
25 12 1125
25 71 270
25 68 6241
25 56 4732
25 44 3495
25 39 3534
25 35 84
25 64 4599
25 5 2593
25 43 225
25 70 1700
25 4 2742
25 61 5621
25 73 1259
25 46 327
25 2 4646
25 55 1186
25 7 4688
26 21 533
26 57 4177
26 31 1436
26 59 3776
26 48 4487
26 72 6177
26 36 1173
26 27 3165
26 22 4123
26 65 1665
26 2 1334
26 34 724
26 7 4957
26 33 1737
26 74 3734
26 15 4141
26 50 1651
26 8 27
26 62 4300
26 13 4088
26 55 3891
26 18 3629
26 9 2246
26 10 1079
26 6 2208
26 16 1054
26 24 694
26 43 6269
26 12 1461
26 14 876
26 54 881
26 37 1487
26 75 513
26 63 2519
26 56 2881
26 23 927
26 71 5101
26 46 2198
26 41 2652
26 32 5708
26 42 646
26 49 3979
26 52 5925
26 64 5240
26 28 1226
26 45 3977
26 61 1906
26 67 2602
26 70 4725
26 20 4528
27 57 6002
27 74 3954
27 15 3594
27 37 3728
27 9 3541
27 3 2542
27 21 4615
27 24 2437
27 31 777
27 72 1561
27 11 70
27 73 5703
27 64 2633
27 65 4006
27 51 6096
27 14 696
27 68 3988
27 33 1485
27 59 4613
27 25 5278
27 45 2956
27 38 1517
27 17 3918
27 13 5865
27 70 317
27 2 6171
27 55 4618
27 19 2245
27 5 1867
27 46 5479
27 42 3587
27 30 1644
27 44 2451
27 69 4082
27 26 3753
27 43 1098
27 40 847
27 22 4426
27 67 3165
27 34 927
27 35 4712
27 63 3859
27 56 4103
27 20 3134
27 58 2939
27 4 6105
27 53 5224
27 8 3452
27 32 4203
27 29 1947
27 61 2296
27 54 411
27 41 4786
27 36 255
27 71 4174
27 75 6166
27 23 381
27 47 305
27 39 2920
28 65 3834
28 39 5237
28 67 1420
28 49 1890
28 35 134
28 32 163
28 27 5018
28 2 5765
28 57 1302
28 8 1870
28 6 50
28 3 5881
28 30 1969
28 40 6197
28 13 5988
28 16 5763
28 50 5106
28 72 2446
28 14 591
28 74 1025
28 20 2768
28 38 2801
28 59 2929
28 54 3143
28 53 756
28 18 1680
28 4 3743
28 64 5056
28 26 3465
28 25 2516
28 51 3049
28 46 3613
28 52 3416
28 1 775
28 10 2375
28 75 2016
28 44 5957
28 62 5864
28 73 5015
28 55 4036
28 61 3713
28 7 3764
28 70 4259
28 66 4661
28 33 3904
28 69 4746
28 45 1550
28 63 4189
28 43 261
28 56 5357
28 42 1243
28 58 4885
29 59 886
29 8 1091
29 27 2835
29 12 1630
29 39 5102
29 6 2968
29 40 4043
29 52 869
29 33 3867
29 72 5677
29 70 937
29 36 4903
29 16 617
29 23 2402
29 17 5408
29 21 204
29 60 2825
29 31 1967
29 48 1754
29 73 830
29 26 3297
29 30 2851
29 64 4004
29 45 4022
29 65 2500
29 67 4705
29 66 3074
29 14 5076
29 15 2496
29 32 6074
29 42 1725
29 3 5701
29 44 4782
29 51 2245
29 10 1897
29 49 2380
29 56 4790
29 22 3739
29 47 4928
29 55 1719
29 2 2709
29 57 6196
29 4 4348
29 11 4926
29 13 6123
29 38 3553
29 24 3110
29 20 2270
29 19 1622
30 8 3498
30 6 2832
30 44 5244
30 25 2651
30 36 5933
30 60 3632
30 3 6250
30 17 235
30 37 6264
30 53 5099
30 16 5147
30 58 1266
30 28 2252
30 31 3297
30 67 517
30 46 1543
30 54 2855
30 65 4414
30 68 2219
30 21 598
30 52 2998
30 49 4855
30 11 5159
30 10 5549
30 27 1400
30 62 3957
30 33 5927
30 9 4125
30 13 2721
30 24 1742
30 1 5041
30 66 159
30 12 1356
30 56 6160
30 50 6094
30 45 6296
30 20 874
30 19 4395
30 69 2020
30 70 4414
30 41 2415
30 42 3114
30 43 6118
30 61 5343
30 14 5374
30 29 6266
30 22 3993
30 4 351
30 38 5485
30 7 2708
30 23 2289
30 57 5575
30 51 5648
30 63 4885
30 40 3950
30 5 2354
30 39 3819
31 51 5004
31 63 6122
31 17 5449
31 73 5292
31 30 2694
31 40 5565
31 1 3881
31 28 4817
31 69 2485
31 4 5309
31 34 3863
31 57 5358
31 56 5623
31 33 1343
31 67 3000
31 26 5131
31 42 3069
31 65 4390
31 2 4409
31 10 3597
31 64 1910
31 43 2634
31 11 4627
31 68 2659
31 62 4873
31 5 3534
31 75 1940
31 20 175
31 25 1972
31 52 1099
31 24 280
31 39 1476
31 44 2377
31 27 4365
31 9 5962
31 37 1448
31 8 370
31 12 3693
31 66 5494
31 58 2782
31 3 2090
31 47 1492
31 16 2889
31 48 2912
31 23 5831
31 55 5591
31 19 6170
31 59 2403
31 38 2660
31 36 972
31 22 1559
31 6 2397
31 54 5763
31 72 3818
31 46 4199
31 70 5975
31 50 4019
31 7 2910
31 35 2474
32 64 3249
32 4 1842
32 29 3623
32 7 1318
32 24 4654
32 31 4063
32 9 4621
32 67 2378
32 18 4950
32 11 5466
32 74 1180
32 66 2488
32 71 4553
32 51 3752
32 43 3803
32 65 3255
32 58 3372
32 1 2546
32 40 3232
32 23 474
32 50 5265
32 55 5203
32 52 4982
32 49 4808
32 38 2700
32 53 229
32 72 4844
32 34 4215
32 25 66
32 48 2005
32 19 4038
32 62 2671
32 22 1651
32 15 1510
32 54 1556
32 8 2856
32 16 5526
32 3 1075
32 27 5367
32 33 5431
32 44 840
32 21 233
32 63 3244
32 35 3774
32 12 1370
32 47 2203
32 61 1446
32 26 5661
32 28 4723
32 2 5725
32 75 5795
32 57 337
32 56 647
32 60 57
32 37 2689
32 14 1087
32 5 3446
32 46 2445
32 42 3066
32 30 1702
32 69 5233
33 26 1995
33 47 5550
33 13 4533
33 16 163
33 25 6190
33 73 4363
33 6 5982
33 36 5637
33 39 5368
33 67 2962
33 4 5658
33 35 3473
33 3 3553
33 43 5872
33 28 1104
33 57 2304
33 40 3326
33 62 2331
33 17 678
33 64 1099
33 10 4239
33 9 317
33 65 392
33 29 2478
33 56 6095
33 21 5686
33 23 5490
33 63 4946
33 49 3922
33 32 1294
33 48 2700
33 44 312
33 37 3223
33 61 3927
33 31 566
33 34 3740
33 45 4831
33 59 2593
33 27 4683
33 75 3516
33 46 3274
33 18 5996
33 1 2649
33 72 4411
33 24 6007
33 66 3990
33 68 4391
33 22 2852
33 41 3236
33 74 2657
33 38 1481
33 53 6050
33 52 3858
33 58 447
33 55 3414
33 70 1437
33 5 2960
34 35 5996
34 62 736
34 6 4676
34 12 3120
34 22 6282
34 74 34
34 56 2374
34 2 2615
34 53 4335
34 31 2180
34 63 1728
34 8 2418
34 49 4032
34 37 4091
34 45 6007
34 27 1353
34 20 3967
34 55 5137
34 30 5810
34 16 5647
34 58 67
34 28 4587
34 41 3168
34 5 1777
34 68 2506
34 3 5182
34 42 2067
34 19 1140
34 29 3050
34 71 4046
34 10 6231
34 69 2827
34 11 1770
34 50 5516
34 64 5098
34 33 1151
34 60 5639
34 7 3223
34 67 942
34 51 4449
34 70 6018
34 24 3371
34 23 5918
34 46 257
34 59 3965
34 39 2493
34 9 1114
35 37 1387
35 14 5405
35 39 152
35 42 5097
35 1 3999
35 10 4616
35 29 2513
35 25 5308
35 56 5494
35 11 4577
35 13 5799
35 66 243
35 2 3087
35 43 4606
35 75 3966
35 44 954
35 45 3070
35 54 1246
35 16 4440
35 55 58
35 63 2513
35 36 2395
35 38 2708
35 9 4500
35 73 5697
35 48 5545
35 53 2644
35 74 5561
35 30 242
35 28 1996
35 51 406
35 68 3900
35 58 5221
35 69 1049
35 40 918
35 33 2017
35 65 476
35 47 5936
35 22 1173
35 3 1798
35 5 1183
35 61 5560
35 72 5501
35 27 3872
35 57 4525
35 34 1901
35 24 5732
35 4 1519
35 41 2955
35 32 939
35 19 1388
35 70 2045
35 46 5719
35 60 500
35 7 82
35 50 178
35 18 4305
35 67 5085
36 1 2627
36 57 3514
36 29 5066
36 5 2116
36 44 5621
36 24 2029
36 47 856
36 27 3936
36 72 3595
36 45 5645
36 65 1200
36 66 6156
36 64 5394
36 7 2814
36 49 120
36 67 5829
36 52 4122
36 3 3774
36 68 895
36 15 3138
36 20 5565
36 28 5232
36 10 3526
36 37 2014
36 18 2089
36 30 2338
36 17 5231
36 31 4547
36 9 2780
36 48 4231
36 63 4633
36 12 2045
36 74 3399
36 55 5158
36 23 1233
36 40 2423
36 56 2924
36 69 6099
36 39 1657
36 4 2085
36 73 4480
36 8 1093
36 16 4415
36 6 4305
36 22 5455
36 14 5526
36 54 2954
36 46 1500
36 59 3540
36 38 745
36 32 2325
36 13 3968
36 33 1540
36 70 5349
37 64 717
37 51 2002
37 59 2461
37 69 648
37 12 2687
37 20 1148
37 56 525
37 40 5032
37 18 366
37 28 5491
37 29 830
37 74 4951
37 13 3254
37 11 4205
37 30 165
37 47 4297
37 25 3133
37 61 5276
37 43 952
37 50 4325
37 34 124
37 63 563
37 55 2120
37 27 2708
37 4 4003
37 75 2895
37 44 3637
37 38 4707
37 14 1485
37 2 74
37 31 4418
37 3 2364
37 45 2547
37 42 1639
37 41 5390
37 65 1353
37 54 5849
37 49 2040
37 26 5521
37 72 437
37 70 1396
37 66 2483
37 19 3460
37 32 5654
37 57 6088
37 46 864
37 48 5336
37 15 3372
37 68 2391
37 23 63
37 60 5030
37 8 5074
37 16 783
37 58 1617
37 10 1236
37 6 2213
37 62 2419
37 9 6221
38 5 2239
38 21 416
38 26 919
38 66 6253
38 14 670
38 15 2758
38 36 4456
38 72 5667
38 10 2000
38 3 2100
38 2 3303
38 34 3334
38 58 3318
38 51 2615
38 45 5248
38 16 3593
38 7 5428
38 70 3981
38 1 5175
38 53 6020
38 63 5436
38 32 5548
38 42 2714
38 73 4372
38 24 4132
38 60 3069
38 48 1204
38 52 1392
38 4 2801
38 64 3573
38 57 4017
38 75 1874
38 22 2819
38 18 1979
38 46 3427
38 55 3871
38 12 1340
38 37 3408
38 50 3607
38 35 5673
38 69 4848
38 54 637
38 67 5964
38 9 789
38 17 615
38 8 4892
38 19 4187
38 62 4915
38 71 1575
38 27 4401
38 65 2713
38 6 2708
38 23 494
38 74 6186
38 25 3171
38 20 5609
38 11 2939
38 40 5964
39 23 2733
39 1 132
39 58 3147
39 75 1608
39 12 6181
39 27 403
39 47 1359
39 29 3535
39 49 91
39 15 2384
39 38 2461
39 72 401
39 69 4037
39 52 907
39 36 5332
39 41 55
39 25 981
39 30 5294
39 56 5426
39 3 5666
39 40 3934
39 17 1479
39 45 1056
39 13 4429
39 55 1321
39 73 1796
39 33 1566
39 19 758
39 22 2069
39 4 3630
39 62 4126
39 59 3662
39 35 5194
39 60 1344
39 5 4640
39 31 5932
39 43 6131
39 71 3119
39 50 3736
39 44 4433
39 61 3434
39 8 4769
39 48 31
39 67 2955
39 51 6232
39 2 3444
39 24 4370
39 42 367
39 34 789
39 53 3159
39 46 1839
39 26 2321
39 20 4387
40 38 3206
40 55 4665
40 34 1037
40 45 1286
40 63 998
40 21 1214
40 61 4690
40 73 2446
40 44 279
40 6 3923
40 12 967
40 4 4445
40 64 5154
40 3 1532
40 10 2832
40 71 2461
40 19 1077
40 62 2814
40 2 4895
40 49 6163
40 39 5340
40 68 1850
40 35 497
40 23 6125
40 32 2922
40 70 5416
40 75 3504
40 11 5538
40 52 5606
40 16 4438
40 8 824
40 37 2506
40 5 2149
40 24 1088
40 14 5835
40 59 3387
40 25 3735
40 29 5588
40 28 5286
40 72 2792
40 46 2672
40 47 6121
40 18 589
40 43 403
40 17 5514
40 57 2818
40 69 4290
40 60 6007
40 48 2935
40 54 4865
40 41 924
40 27 2234
40 7 5698
41 40 5037
41 36 5175
41 50 1166
41 39 289
41 26 1357
41 30 1193
41 72 4173
41 14 3842
41 6 2066
41 3 182
41 31 5282
41 66 5632
41 13 1314
41 29 4833
41 20 4442
41 53 5975
41 25 1069
41 9 788
41 60 701
41 69 3613
41 34 5902
41 61 1191
41 64 2842
41 2 4995
41 16 3702
41 23 271
41 71 2490
41 17 1278
41 63 3789
41 62 3142
41 47 1063
41 67 4201
41 11 742
41 73 3617
41 1 1953
41 21 525
41 65 2468
41 43 3860
41 37 484
41 8 2011
41 46 740
41 24 314
41 45 1933
41 38 5741
41 18 1100
41 48 6006
41 28 1841
41 49 2696
41 27 2851
41 7 134
41 15 245
41 55 3406
41 74 4674
41 19 4635
41 59 228
41 10 3717
42 73 3165
42 32 2480
42 25 5692
42 20 6276
42 5 5741
42 13 4481
42 34 4527
42 21 1534
42 55 190
42 37 2468
42 68 5802
42 26 2169
42 59 4638
42 29 4493
42 28 3788
42 57 1613
42 31 3138
42 9 2612
42 53 4040
42 43 2541
42 6 4915
42 65 5217
42 12 3323
42 27 5955
42 18 1692
42 35 1953
42 15 2816
42 40 292
42 63 2969
42 14 1497
42 64 2865
42 45 2820
42 16 1671
42 54 2116
42 8 4455
42 41 110
42 51 1318
42 47 513
42 67 3251
42 36 3191
42 74 447
42 2 3677
42 49 3466
42 3 4689
42 75 4713
42 33 246
42 60 1295
42 11 1658
42 1 4620
42 24 5295
42 72 965
42 23 5994
42 70 3530
42 30 3902
42 50 4458
42 58 1370
42 17 5855
42 10 675
42 38 6091
43 47 3839
43 31 4725
43 56 2713
43 9 4525
43 23 2551
43 30 1151
43 33 3281
43 25 74
43 1 2735
43 5 6000
43 68 5585
43 22 3530
43 38 3816
43 48 5458
43 36 3937
43 69 5412
43 28 6082
43 18 362
43 42 2546
43 7 4999
43 58 2798
43 24 3423
43 27 4758
43 8 3335
43 44 3810
43 66 857
43 45 4500
43 53 2726
43 16 2111
43 70 2396
43 40 2244
43 39 289
43 29 1632
43 17 3256
43 54 70
43 26 1715
43 57 2648
43 32 519
43 10 2584
43 75 4776
43 46 2965
43 12 590
43 63 5355
43 4 1285
43 59 5351
43 65 5428
43 6 6017
43 74 4452
43 72 5422
43 73 1586
43 50 3104
43 49 4460
43 13 3383
43 61 4005
43 14 118
44 43 4450
44 74 3157
44 72 5263
44 68 1262
44 25 5553
44 8 4025
44 1 1128
44 51 4023
44 65 6297
44 50 6295
44 24 4966
44 52 5234
44 56 5855
44 67 1547
44 19 5642
44 22 2731
44 48 2614
44 17 1345
44 4 1835
44 6 4565
44 64 340
44 41 3197
44 37 3047
44 47 3368
44 58 202
44 54 4359
44 36 3866
44 29 5079
44 31 286
44 63 681
44 16 2072
44 27 580
44 20 1819
44 61 1369
44 75 1778
44 39 6165
44 9 5664
44 35 2038
44 3 79
44 23 4204
44 69 1319
44 46 4867
44 18 3298
44 59 1674
44 26 6099
44 11 4697
44 28 6015
44 38 5248
44 62 2009
44 7 3795
45 64 2869
45 63 1768
45 24 1774
45 28 4198
45 49 3724
45 3 2676
45 62 2633
45 60 1494
45 39 1217
45 5 355
45 25 599
45 70 2771
45 55 700
45 7 2506
45 12 1452
45 19 632
45 56 4642
45 29 6032
45 65 3959
45 48 1877
45 67 3168
45 32 2311
45 21 542
45 22 5529
45 46 1634
45 13 3953
45 52 6065
45 57 5512
45 36 3293
45 53 4875
45 10 2512
45 61 6216
45 1 2747
45 74 5086
45 26 5642
45 20 1845
45 17 3278
45 18 4576
45 38 5989
45 30 4912
45 59 1978
45 40 6229
45 34 413
45 37 4718
45 16 1220
45 58 5048
45 75 3485
45 2 5521
45 54 4463
45 33 4583
45 43 1196
45 47 5174
45 23 5984
45 50 4313
45 14 5959
45 51 4871
45 68 969
45 35 2038
45 8 4276
45 6 3253
46 22 3289
46 54 4896
46 75 2765
46 68 4642
46 9 5493
46 23 5425
46 61 4734
46 35 1854
46 47 5816
46 5 4388
46 7 3649
46 19 3442
46 55 4727
46 40 908
46 45 117
46 37 1968
46 69 2710
46 1 3284
46 17 5904
46 8 6251
46 6 1398
46 3 4563
46 51 1905
46 12 657
46 74 4692
46 43 1208
46 71 4955
46 16 216
46 70 1865
46 41 2695
46 27 2865
46 20 2684
46 42 2287
46 60 1085
46 53 1173
46 57 1531
46 26 5276
46 18 4872
46 10 435
46 11 1958
46 29 2147
46 2 467
46 30 3278
46 49 34
46 63 2994
46 15 1590
46 66 5808
46 73 794
46 13 2773
46 33 4509
46 24 676
46 31 6
46 36 4817
46 50 1127
46 44 835
46 65 3728
46 34 5701
47 59 2978
47 5 1148
47 63 47
47 66 3623
47 71 4166
47 28 5006
47 24 2411
47 74 5442
47 31 5157
47 45 4953
47 55 1715
47 37 2534
47 54 5714
47 68 2324
47 38 5876
47 61 3341
47 33 2843
47 46 2773
47 15 4607
47 62 85
47 50 5160
47 25 5507
47 36 197
47 44 3837
47 34 2447
47 27 2571
47 60 1336
47 39 5392
47 43 1859
47 32 5109
47 75 1531
47 64 4859
47 12 1736
47 73 2479
47 72 2232
47 40 1174
47 18 6061
47 8 2303
47 16 5791
47 69 3916
47 70 1423
47 20 605
47 56 5120
47 7 6018
47 30 1683
47 21 2313
47 58 1812
47 6 2
47 52 1363
47 14 5196
47 22 6073
47 9 1351
47 57 5611
47 11 4506
47 42 889
47 51 2331
47 3 3213
47 1 3263
47 13 4435
47 65 2243
47 53 4513
48 8 5038
48 75 2390
48 17 5153
48 46 5475
48 29 3670
48 66 524
48 10 1899
48 63 1898
48 42 1053
48 2 3427
48 71 2745
48 23 4027
48 60 603
48 20 5506
48 13 4408
48 6 838
48 40 863
48 31 5539
48 15 37
48 14 6014
48 41 5228
48 56 1766
48 68 4679
48 45 238
48 27 2675
48 25 492
48 49 5875
48 55 1665
48 70 4195
48 62 3346
48 43 1924
48 3 3167
48 16 6250
48 51 3268
48 72 3049
48 61 5956
48 12 5916
48 38 2021
48 54 3804
48 47 95
48 11 490
48 73 5897
48 44 5108
48 74 2031
48 28 991
48 24 4209
48 59 3486
48 26 5217
48 50 1127
48 36 640
48 30 49
48 21 888
48 7 5023
48 22 5648
48 9 4479
48 32 1953
48 19 6
48 5 4268
49 37 62
49 11 4309
49 19 582
49 29 1084
49 4 1319
49 36 5576
49 13 3238
49 10 2419
49 31 5686
49 17 746
49 52 3564
49 54 4106
49 50 1225
49 53 5189
49 61 5560
49 62 1666
49 55 3597
49 26 5738
49 25 844
49 12 624
49 66 1181
49 23 3674
49 60 134
49 69 3724
49 28 2324
49 45 1295
49 75 318
49 27 6122
49 6 4452
49 68 4125
49 72 2085
49 20 4419
49 15 2867
49 44 3873
49 51 5295
49 18 243
49 70 1999
49 74 809
49 24 3933
49 2 1151
49 34 1543
49 38 729
49 58 2370
49 5 4575
49 43 3900
49 48 3246
49 71 4923
49 56 6142
49 41 3776
49 63 386
49 40 5923
49 8 4248
49 42 448
49 16 26
49 64 3328
49 14 4250
49 57 4542
49 46 620
49 32 1537
49 3 3244
50 47 860
50 2 4521
50 38 6273
50 70 4485
50 15 4995
50 10 4918
50 48 5956
50 32 5683
50 28 4733
50 11 2212
50 71 6023
50 74 6149
50 65 4333
50 42 2913
50 49 6277
50 39 1410
50 30 2838
50 35 196
50 20 4113
50 14 5347
50 59 1598
50 3 4576
50 21 3272
50 5 4025
50 33 904
50 43 5848
50 57 4194
50 56 3635
50 58 687
50 25 4366
50 4 1232
50 51 2785
50 27 4176
50 7 5778
50 69 876
50 12 4494
50 22 3958
50 60 5400
50 44 23
50 66 3830
50 72 760
50 37 42
50 23 2875
50 45 6206
50 19 4475
50 29 5880
50 61 763
50 1 4014
50 17 5747
50 24 3518
50 8 4447
50 36 1693
50 31 15
50 16 116
50 54 6093
50 13 4002
50 26 5295
50 53 157
51 41 902
51 63 6000
51 56 1756
51 17 5898
51 11 3443
51 70 4421
51 23 3946
51 21 4281
51 32 3113
51 47 303
51 45 751
51 67 783
51 7 2188
51 39 3044
51 14 5997
51 66 3913
51 18 1123
51 73 3818
51 60 2862
51 30 4404
51 22 3471
51 71 2976
51 27 4724
51 24 3168
51 46 3529
51 20 2592
51 52 1968
51 6 1176
51 59 523
51 10 3022
51 74 2630
51 62 2163
51 69 2779
51 43 5204
51 2 1086
51 65 1304
51 33 2042
51 35 1410
51 72 3450
51 40 6214
51 38 3831
51 64 5108
51 48 3524
51 12 2889
51 34 3781
51 15 2167
51 50 236
51 26 1856
51 58 5026
51 4 4547
51 5 2789
51 49 179
51 44 2785
51 16 4768
51 68 1314
51 75 1840
51 29 6067
51 3 1298
51 31 351
51 1 4699
51 54 4444
51 13 5902
51 28 3438
52 68 6192
52 46 6014
52 22 887
52 61 4033
52 51 3904
52 63 4728
52 35 5071
52 11 2470
52 47 3540
52 7 2737
52 48 4064
52 4 2500
52 5 2292
52 41 5099
52 1 5909
52 17 5787
52 6 2351
52 71 2449
52 60 4257
52 15 1227
52 39 5289
52 27 1739
52 32 1151
52 19 340
52 34 6086
52 70 4327
52 30 1136
52 49 5029
52 44 5536
52 12 4339
52 74 5711
52 62 6212
52 54 4226
52 64 2250
52 66 1887
52 42 654
52 18 1106
52 13 1642
52 69 5617
52 72 3944
52 25 6157
52 8 4822
52 53 5487
52 43 1881
52 31 3461
52 38 584
52 55 1846
52 26 1272
52 29 6168
52 21 3444
52 45 5779
52 37 2829
52 73 1639
52 75 70
52 65 1008
53 27 4302
53 48 170
53 72 5727
53 15 5199
53 12 2682
53 56 1354
53 40 1361
53 36 3021
53 23 468
53 20 5231
53 13 6077
53 3 6261
53 34 2135
53 64 5352
53 33 2287
53 67 1229
53 4 4122
53 63 3190
53 10 5854
53 55 5330
53 57 3505
53 19 1393
53 58 1403
53 38 5876
53 22 5912
53 7 1335
53 5 4223
53 68 1761
53 9 2434
53 43 3667
53 30 4194
53 16 3879
53 65 843
53 75 3798
53 47 5822
53 18 360
53 71 4846
53 21 2284
53 39 3307
53 46 1809
53 35 932
53 61 1120
53 73 855
53 44 5270
53 25 3588
53 14 238
53 2 2631
53 37 2218
53 1 1202
53 59 4343
53 26 4539
53 52 987
53 11 2890
53 62 4279
53 60 1424
53 74 3265
53 42 2625
53 24 1572
53 49 13
54 16 476
54 75 4127
54 17 3692
54 3 5708
54 51 5414
54 50 3488
54 61 3435
54 10 3819
54 23 4476
54 44 5383
54 52 875
54 9 2109
54 30 5244
54 53 3619
54 70 6274
54 62 5217
54 38 4507
54 57 5138
54 39 5339
54 31 5774
54 69 2139
54 72 3088
54 13 3290
54 46 680
54 67 6038
54 5 3055
54 40 1685
54 22 3647
54 64 2951
54 66 5082
54 33 1728
54 56 6223
54 41 5842
54 8 6104
54 1 440
54 45 3659
54 11 2388
54 14 1013
54 29 3832
54 25 2707
54 28 1368
54 60 4422
54 74 5528
54 24 1688
54 26 1619
54 63 6006
54 35 5845
54 58 3452
54 20 4723
54 48 4081
54 27 3863
54 12 5866
54 18 1624
55 44 5822
55 25 6184
55 62 2189
55 34 4596
55 41 4495
55 60 2457
55 26 3624
55 16 2266
55 64 1519
55 70 2458
55 32 5414
55 1 6244
55 30 1009
55 39 5950
55 75 1057
55 21 3431
55 47 1000
55 53 5336
55 31 5617
55 74 3344
55 71 841
55 37 3630
55 63 3900
55 23 2342
55 9 3995
55 69 1342
55 15 909
55 14 4976
55 35 141
55 3 3532
55 7 3802
55 12 6154
55 48 2525
55 56 1007
55 65 163
55 54 322
55 59 2889
55 22 5619
55 28 4027
55 49 297
55 19 4602
55 38 5226
55 2 2986
55 24 300
55 51 5523
55 4 1914
55 50 4448
55 5 3100
55 42 3726
55 20 5039
55 68 1522
55 29 1798
55 73 1770
55 40 5274
55 33 5881
55 57 4544
55 13 4993
55 46 4984
55 6 2209
56 9 1615
56 30 2278
56 5 5375
56 47 5811
56 32 3392
56 33 5505
56 62 1815
56 26 2206
56 34 3194
56 18 5549
56 67 2478
56 42 5872
56 1 3395
56 22 2084
56 2 1518
56 11 3202
56 39 3568
56 52 2094
56 40 917
56 65 3647
56 16 283
56 27 1100
56 17 5182
56 50 2341
56 54 1963
56 75 4872
56 49 3995
56 69 496
56 12 6143
56 8 1606
56 68 1666
56 37 893
56 13 5591
56 29 839
56 4 1705
56 46 315
56 15 271
56 36 6269
56 70 5215
56 35 2295
56 71 4089
56 3 5530
56 24 3510
56 60 4730
56 73 5423
56 44 2007
56 57 2984
56 63 2026
56 48 1626
56 74 3486
56 61 3579
56 45 4863
56 23 4750
56 7 3756
56 10 1415
57 63 312
57 75 1635
57 72 4941
57 17 4972
57 73 630
57 53 2988
57 19 3633
57 45 4261
57 3 287
57 67 5130
57 14 4509
57 35 972
57 52 26
57 12 4701
57 51 4487
57 28 4039
57 26 5790
57 7 1474
57 2 237
57 71 4106
57 66 410
57 54 3725
57 60 5376
57 18 4297
57 38 867
57 31 1674
57 56 3461
57 43 6093
57 8 2881
57 15 77
57 46 2440
57 47 5276
57 23 279
57 62 2765
57 70 199
57 11 5804
57 10 4822
57 20 1741
57 68 3997
57 27 1926
57 64 2248
57 6 3868
57 34 6262
57 13 2
57 5 2967
57 44 4970
57 16 2948
57 48 3722
57 61 3276
57 39 3410
57 32 2145
57 40 186
57 36 2125
57 55 5247
57 59 4195
57 30 2928
57 42 1934
57 37 6047
57 74 500
57 58 4012
58 11 1570
58 9 2805
58 2 3833
58 56 4850
58 68 1143
58 28 869
58 54 1118
58 33 2108
58 63 4064
58 67 373
58 72 5788
58 12 3806
58 27 4808
58 65 4095
58 8 3944
58 1 322
58 48 2239
58 60 949
58 47 2821
58 3 1724
58 52 1880
58 50 4250
58 69 3136
58 17 2431
58 4 4526
58 73 2605
58 36 4826
58 44 6009
58 7 1859
58 37 1711
58 70 1742
58 20 461
58 45 4412
58 49 247
58 46 5854
58 26 4206
58 34 35
58 38 3816
58 43 3898
58 74 3344
58 42 3190
58 5 3583
58 14 5227
58 32 3109
58 29 4523
58 19 3531
58 39 6290
58 66 1248
58 21 2569
58 61 1261
58 35 658
58 71 4875
58 53 3338
58 22 6189
58 16 4127
58 62 271
59 61 69
59 52 131
59 39 3927
59 49 377
59 22 6001
59 65 1763
59 37 2874
59 27 5950
59 64 1812
59 73 3879
59 74 4337
59 57 4349
59 32 4858
59 67 6039
59 41 6071
59 1 3749
59 21 3293
59 7 3753
59 53 4085
59 3 6196
59 9 4518
59 58 4750
59 54 2389
59 19 6179
59 71 1003
59 17 5371
59 60 3062
59 42 3286
59 45 5714
59 20 838
59 46 3307
59 69 1236
59 75 5273
59 13 3029
59 34 5079
59 40 4354
59 24 2775
59 18 3363
59 5 4297
59 33 3584
59 72 2569
59 66 6148
59 35 5270
59 11 1103
59 38 2978
59 43 2776
59 16 5095
59 2 3853
59 6 5137
59 51 5683
59 48 2792
59 47 2706
59 8 1403
59 4 3702
59 30 463
59 26 4930
59 28 2904
59 25 2573
60 15 1515
60 14 570
60 36 4733
60 12 4763
60 28 1822
60 50 6145
60 75 650
60 46 3426
60 58 1157
60 41 5960
60 49 6259
60 29 1990
60 25 6242
60 67 64
60 16 1860
60 23 325
60 11 2436
60 48 3765
60 4 5014
60 66 2183
60 55 2843
60 69 712
60 72 3325
60 2 5905
60 7 1772
60 64 4006
60 26 3949
60 10 4436
60 33 5507
60 1 5360
60 73 1038
60 62 4950
60 6 3124
60 24 1316
60 9 4664
60 38 1820
60 20 4379
60 47 4951
60 39 4721
60 65 5286
60 56 205
60 5 2072
60 43 1047
60 3 5779
60 18 4364
60 71 5491
60 21 2753
60 37 5266
60 17 2198
60 31 4392
60 40 3887
60 63 1088
60 61 332
60 59 5047
60 70 3587
61 27 492
61 3 605
61 52 3298
61 55 3257
61 26 1340
61 59 2722
61 32 4243
61 67 894
61 10 524
61 68 219
61 31 5055
61 75 4920
61 47 139
61 44 594
61 33 649
61 60 6040
61 42 4751
61 6 3882
61 25 3315
61 39 294
61 19 2861
61 24 2309
61 34 1279
61 53 605
61 21 2221
61 35 2185
61 8 122
61 20 5624
61 1 1475
61 72 4234
61 57 2918
61 4 4916
61 74 3971
61 73 1807
61 58 3741
61 7 2939
61 43 3302
61 50 6243
61 37 5506
61 45 1542
61 28 3536
61 65 3718
61 17 2731
61 40 5424
61 56 1314
61 14 4248
61 18 3656
61 2 4900
61 13 5536
61 41 4790
61 46 2362
61 29 2118
61 51 862
62 49 2066
62 40 3393
62 48 3276
62 59 4074
62 50 5546
62 31 955
62 63 5766
62 61 5114
62 13 563
62 74 5011
62 11 5888
62 23 2692
62 15 2635
62 7 6111
62 22 1835
62 10 4034
62 36 5273
62 60 1460
62 28 4185
62 16 193
62 72 5851
62 45 3240
62 21 1597
62 32 463
62 38 5580
62 56 5956
62 4 1261
62 70 5650
62 35 1544
62 17 1046
62 52 775
62 51 2596
62 64 5475
62 24 5367
62 25 391
62 44 439
62 1 5744
62 26 3036
62 42 5893
62 47 4922
62 20 2721
62 29 850
62 6 4858
62 75 4685
62 73 5674
62 41 6218
62 66 1324
62 68 4848
62 37 1502
62 27 1503
62 9 83
62 19 1932
62 55 3439
63 45 3741
63 15 1901
63 37 1246
63 28 1534
63 16 5815
63 39 1358
63 19 3895
63 30 3559
63 50 5560
63 53 2073
63 23 5518
63 11 6293
63 58 4424
63 57 4205
63 70 3253
63 42 908
63 75 435
63 6 2780
63 41 4714
63 55 4128
63 9 4807
63 43 4480
63 48 2108
63 10 62
63 68 1115
63 34 1894
63 67 3464
63 33 6170
63 73 4235
63 61 682
63 74 1914
63 24 4115
63 54 5239
63 62 5573
63 44 5845
63 49 2507
63 8 4282
63 69 1979
63 60 304
63 21 821
63 3 4382
63 31 4740
63 65 1189
63 66 406
63 14 3711
63 40 3906
63 59 2917
63 64 6181
63 2 4421
63 13 1370
63 36 401
63 52 4022
63 47 1691
63 26 6025
63 22 4207
63 4 1060
63 35 4349
63 25 5126
63 12 471
63 18 3186
63 1 59
63 71 5361
63 29 5314
63 72 392
64 60 5134
64 74 4272
64 16 371
64 55 2923
64 7 1189
64 13 445
64 44 4337
64 21 3258
64 43 5656
64 10 1006
64 26 221
64 27 2491
64 75 1190
64 20 1394
64 49 3487
64 63 5146
64 54 1239
64 61 5549
64 22 700
64 24 4992
64 14 737
64 34 2462
64 40 4540
64 15 4907
64 30 4105
64 2 4473
64 73 581
64 18 992
64 58 98
64 66 896
64 50 3357
64 59 3790
64 38 2363
64 47 5519
64 53 5345
64 5 844
64 35 5235
64 19 1106
64 67 5196
64 52 2362
64 1 1973
64 69 4236
64 56 4244
64 68 57
64 36 565
64 46 3478
64 8 3576
64 71 4055
64 57 5363
64 31 795
64 17 5768
64 51 2564
64 42 2885
64 48 5565
64 25 5491
64 39 3402
64 11 1382
64 9 6187
64 12 1444
64 3 2945
65 27 1555
65 59 818
65 40 2294
65 55 3872
65 17 2817
65 57 2973
65 73 5222
65 20 1280
65 67 181
65 74 2555
65 41 4866
65 1 3526
65 68 1822
65 34 5093
65 49 4514
65 39 954
65 51 4113
65 42 3613
65 64 1433
65 32 3595
65 71 1336
65 26 3072
65 43 479
65 22 732
65 15 3833
65 61 2574
65 19 126
65 5 4623
65 36 5069
65 44 549
65 56 2621
65 18 2062
65 38 1317
65 63 2925
65 29 1438
65 53 4420
65 25 4488
65 48 2456
65 45 5058
65 47 5385
65 46 1346
65 66 4615
65 75 6158
65 13 3612
65 70 5904
65 3 4464
65 37 4542
65 4 9
65 9 1490
65 33 4086
65 54 3580
65 8 784
65 35 5370
65 6 5530
65 58 2558
65 12 3932
65 23 3273
65 62 3142
66 43 2409
66 8 4137
66 65 3203
66 48 5830
66 7 4060
66 55 5556
66 60 143
66 14 2873
66 30 4446
66 12 5113
66 37 4099
66 6 2631
66 34 2543
66 75 362
66 31 3126
66 26 4425
66 18 323
66 21 2444
66 61 4770
66 46 1539
66 72 5494
66 52 1000
66 32 1071
66 5 2464
66 3 1441
66 10 2140
66 36 2131
66 45 1076
66 64 2750
66 73 3629
66 9 2427
66 69 6085
66 1 1394
66 27 5284
66 70 5556
66 71 3577
66 62 4565
66 49 3290
66 33 5555
66 11 579
66 42 1617
66 57 2686
66 56 4343
66 63 377
66 19 1176
66 4 5608
66 13 4284
66 35 6207
66 25 5108
66 74 3720
66 59 2207
66 44 3655
66 40 4372
66 23 2436
67 69 270
67 50 3313
67 72 697
67 53 4891
67 55 3714
67 24 2709
67 14 1308
67 65 493
67 37 4308
67 59 2731
67 46 3046
67 42 1053
67 16 5750
67 75 1190
67 63 5106
67 68 2627
67 35 1669
67 70 4082
67 17 5896
67 21 1976
67 58 4292
67 19 4372
67 23 1352
67 26 2669
67 52 940
67 8 3006
67 64 603
67 29 1349
67 74 2157
67 54 6006
67 3 6193
67 40 5839
67 49 3979
67 41 5883
67 12 3449
67 30 5216
67 25 377
67 10 5716
67 39 300
67 60 4402
67 11 1578
67 1 2141
67 47 5893
67 33 4108
67 13 1873
67 36 4816
67 4 354
67 45 4201
67 18 3811
67 44 4322
67 7 813
67 51 4412
68 73 1822
68 33 338
68 55 5657
68 49 6084
68 35 3093
68 27 5684
68 66 6126
68 23 3983
68 16 978
68 25 3864
68 63 2422
68 71 1194
68 57 4200
68 18 2219
68 29 1537
68 37 94
68 70 3184
68 34 791
68 36 3390
68 74 3864
68 50 2518
68 26 2067
68 17 509
68 30 5086
68 75 2261
68 51 5422
68 15 1147
68 48 633
68 47 547
68 64 967
68 2 1559
68 4 3359
68 20 5566
68 42 4153
68 14 229
68 65 3744
68 39 3546
68 10 5673
68 28 4233
68 59 4505
68 56 3497
68 62 52
68 67 220
68 58 5254
68 53 1304
68 8 4039
68 41 5135
68 32 641
68 11 2924
68 5 3519
68 69 2015
68 1 3640
68 72 706
68 45 3464
68 24 6037
68 7 6025
68 13 5589
68 19 431
68 60 1621
69 16 1756
69 31 4655
69 54 305
69 40 4257
69 33 5941
69 18 1492
69 72 1866
69 52 3781
69 29 2413
69 19 4096
69 41 6024
69 56 3569
69 10 2479
69 21 3248
69 2 2992
69 62 1166
69 8 3644
69 61 1852
69 73 1232
69 51 4443
69 6 519
69 42 1104
69 25 2615
69 35 3520
69 13 1965
69 46 1765
69 53 803
69 44 4989
69 20 4806
69 28 4617
69 5 1236
69 17 6285
69 32 261
69 15 6233
69 65 5764
69 39 4423
69 63 2205
69 9 692
69 60 697
69 43 6298
69 12 1812
69 47 2202
69 27 1010
69 75 429
69 3 2427
69 22 5946
69 49 3169
69 48 5507
69 55 4117
69 58 4435
69 36 5483
69 14 2268
69 57 3076
69 59 6198
69 7 607
69 1 855
69 50 5218
69 71 2901
69 66 6255
70 48 2636
70 35 3438
70 68 4063
70 67 2924
70 16 385
70 74 4793
70 51 6133
70 28 1796
70 69 1730
70 3 4146
70 42 3855
70 25 755
70 29 192
70 11 4507
70 36 3944
70 60 3293
70 19 3694
70 8 5966
70 13 6037
70 18 3929
70 20 46
70 64 5398
70 53 1498
70 27 4439
70 9 2483
70 57 2549
70 66 522
70 73 3280
70 54 1889
70 17 2679
70 24 4275
70 72 617
70 50 2627
70 5 4635
70 45 4053
70 49 5250
70 33 5326
70 46 3241
70 1 818
70 7 5661
70 56 3193
70 14 5246
70 34 1436
70 37 4381
70 59 1402
70 30 421
70 63 4830
70 26 1286
70 31 730
70 32 1767
70 71 3137
70 21 2358
70 4 246
70 62 4738
70 2 1755
70 6 3434
70 10 3233
70 40 4355
70 44 5671
70 43 3396
71 44 1932
71 75 5798
71 70 2092
71 41 898
71 19 4960
71 22 3917
71 5 1548
71 59 5437
71 52 6112
71 18 1073
71 45 3729
71 24 5610
71 58 3856
71 47 128
71 26 5121
71 30 697
71 8 1067
71 40 296
71 7 381
71 63 6087
71 31 5065
71 48 2237
71 74 1694
71 21 4869
71 17 5949
71 73 4261
71 1 1680
71 57 5262
71 60 3791
71 35 4844
71 65 1518
71 67 2418
71 36 5395
71 15 5425
71 33 5921
71 13 1067
71 62 3642
71 2 4550
71 20 4636
71 66 5495
71 61 5974
71 4 2290
71 34 5781
71 9 5543
71 6 5960
71 69 1756
71 3 2223
71 14 4516
71 72 5764
71 11 1182
71 38 5729
71 23 3358
71 50 604
71 25 4883
71 68 4936
71 46 5350
71 64 1612
71 43 2575
71 42 6225
71 10 4661
72 64 2682
72 71 5133
72 20 5782
72 27 2331
72 66 1791
72 3 4731
72 73 413
72 59 4503
72 33 1336
72 12 5219
72 53 3123
72 28 325
72 8 5999
72 60 263
72 45 2265
72 34 2828
72 10 1402
72 50 1641
72 67 411
72 11 2562
72 1 948
72 62 123
72 17 2855
72 15 5766
72 25 4987
72 41 2692
72 70 2369
72 68 2142
72 19 5702
72 63 4502
72 7 2732
72 35 4026
72 55 1853
72 48 1481
72 31 4730
72 23 2454
72 44 3351
72 13 3166
72 56 1489
72 75 4339
72 29 5073
72 51 2163
72 32 5993
72 6 2044
72 43 3368
72 14 3401
72 24 1134
72 4 1993
72 58 2221
72 16 3852
72 57 4818
72 39 5578
72 40 3606
72 46 4711
72 37 4112
73 60 1362
73 58 3991
73 44 4465
73 49 5515
73 28 5209
73 40 3415
73 2 332
73 27 1748
73 42 1790
73 8 601
73 46 5974
73 14 336
73 13 2115
73 74 6249
73 16 3993
73 65 456
73 57 515
73 70 113
73 20 1509
73 47 271
73 39 2664
73 4 259
73 23 1011
73 32 2507
73 45 1599
73 54 5777
73 35 3080
73 25 286
73 52 5917
73 7 1017
73 10 4031
73 67 5027
73 72 2961
73 18 5432
73 17 2822
73 21 2510
73 31 1556
73 9 4675
73 19 4154
73 48 2300
73 68 5981
73 53 4231
73 26 1170
73 61 2129
73 24 5819
73 50 4883
73 15 2623
73 38 3838
73 33 1043
73 1 3176
73 36 5283
73 59 4135
73 22 3837
73 3 6023
73 62 2235
73 66 1593
73 34 641
74 65 3196
74 31 6008
74 29 2248
74 59 5888
74 20 4496
74 7 5826
74 15 52
74 6 4691
74 71 3447
74 1 1861
74 54 4766
74 34 5989
74 72 1205
74 52 2493
74 30 4758
74 56 3135
74 39 530
74 9 3237
74 42 5084
74 66 1382
74 27 4082
74 24 1286
74 60 290
74 57 3122
74 67 1949
74 18 3244
74 17 2665
74 45 3728
74 51 1510
74 68 4720
74 61 3061
74 19 2194
74 25 1736
74 2 5795
74 41 4042
74 49 3208
74 3 3186
74 63 5504
74 13 2878
74 12 4899
74 4 2778
74 37 1355
74 73 4640
74 32 3986
74 70 5959
74 26 6131
74 46 2914
74 11 1286
74 43 1016
74 53 1957
74 75 2308
74 58 5937
74 69 2273
74 36 5576
75 56 5856
75 49 4394
75 13 1680
75 61 3225
75 41 2666
75 65 2119
75 28 3859
75 22 3433
75 48 5462
75 18 3309
75 44 4500
75 34 2992
75 35 4830
75 10 4116
75 7 3485
75 40 851
75 58 2476
75 31 1152
75 36 2898
75 6 5228
75 71 4693
75 47 4939
75 33 2807
75 17 1434
75 50 4957
75 2 5654
75 11 506
75 46 6190
75 23 4302
75 3 5121
75 15 4266
75 74 74
75 42 2523
75 69 1687
75 32 3673
75 12 4623
75 60 1258
75 1 1135
75 8 25
75 30 934
75 53 1266
75 62 3805
75 39 5380
75 52 1532
75 72 3427
75 59 971
75 29 4126
75 25 878
75 51 3423
75 66 1214
75 21 1100
75 24 4001
75 37 2843
