75 4200
1 37 1187
1 47 1625
1 55 4366
1 28 2214
1 61 4373
1 58 2531
1 70 3118
1 56 1152
1 24 4957
1 75 5809
1 72 3539
1 51 2136
1 18 2409
1 23 5328
1 66 2738
1 7 4092
1 54 5155
1 60 454
1 65 1066
1 13 5385
1 21 2135
1 14 1161
1 62 1000
1 63 923
1 45 5210
1 32 5819
1 2 5614
1 34 2476
1 9 5541
1 42 1970
1 33 3671
1 39 3344
1 26 1115
1 36 2022
1 73 4492
1 12 3713
1 4 4848
1 50 1772
1 3 4063
1 10 3421
1 49 3479
1 64 5935
1 69 4761
1 41 1509
1 15 2627
1 17 5289
1 71 3367
1 38 988
1 8 2645
1 20 1762
1 44 2398
1 74 5263
1 43 3472
1 46 4619
1 11 5376
1 52 5381
2 70 3637
2 9 243
2 59 551
2 21 2180
2 19 634
2 24 5547
2 32 188
2 67 175
2 62 6049
2 71 1881
2 38 3820
2 37 2639
2 15 4425
2 14 6275
2 17 5395
2 60 2720
2 69 743
2 33 3817
2 51 823
2 44 5946
2 10 5828
2 43 6069
2 36 551
2 3 1966
2 27 1783
2 68 4612
2 28 1253
2 31 3418
2 35 1862
2 63 3309
2 73 2408
2 52 4683
2 65 1602
2 54 976
2 29 5677
2 56 5500
2 22 5713
2 30 3273
2 39 2711
2 18 6064
2 26 6125
2 25 2483
2 41 5849
2 12 3015
2 6 2829
2 58 546
2 34 355
2 50 5918
3 67 4795
3 50 170
3 21 3044
3 26 6264
3 57 1804
3 16 3041
3 8 1084
3 6 2776
3 18 5225
3 53 413
3 9 4882
3 29 4956
3 54 6017
3 60 3266
3 15 3858
3 75 240
3 27 4333
3 37 4916
3 13 2821
3 68 5613
3 46 4876
3 11 1505
3 10 4099
3 30 5613
3 19 1355
3 65 1931
3 14 5069
3 22 3863
3 73 896
3 47 2479
3 41 4753
3 59 83
3 39 63
3 31 4683
3 56 5675
3 63 5432
3 33 6201
3 17 3004
3 12 311
3 1 906
3 36 4232
3 2 6159
3 34 2812
3 43 3857
3 32 1790
3 69 2237
3 40 4962
3 38 4026
3 72 3286
3 5 4683
3 64 2456
4 42 3303
4 40 1248
4 52 5875
4 10 6180
4 13 5495
4 7 4202
4 48 171
4 63 5778
4 11 2791
4 69 3763
4 28 1760
4 1 1963
4 19 601
4 33 1587
4 55 770
4 44 3369
4 65 6068
4 43 910
4 54 1029
4 15 3900
4 47 5922
4 16 5407
4 68 2907
4 74 2045
4 45 2738
4 35 3739
4 72 278
4 53 5994
4 2 6129
4 37 4323
4 51 3032
4 20 2234
4 25 2243
4 67 659
4 70 5044
4 21 2511
4 6 1906
4 38 5430
4 23 4719
4 8 1916
4 39 581
4 27 895
4 22 1848
4 73 4887
4 57 5997
4 36 4200
4 9 5763
4 59 483
4 41 309
4 66 1322
4 31 5520
4 5 2048
4 50 971
4 24 1655
4 26 3710
4 62 3600
4 29 4862
4 34 1935
4 56 1965
4 17 5381
4 12 3046
4 14 4920
4 61 4291
5 62 6268
5 18 3626
5 21 6048
5 17 587
5 11 5416
5 58 768
5 13 3883
5 45 1944
5 35 1422
5 27 5273
5 26 1943
5 19 9
5 43 2988
5 70 4520
5 33 5459
5 20 1503
5 37 4601
5 72 3700
5 44 1265
5 61 1544
5 47 2425
5 34 5478
5 53 5737
5 32 6040
5 22 1064
5 8 2897
5 10 1776
5 49 6126
5 66 4092
5 31 1916
5 7 2107
5 25 3478
5 14 1514
5 73 2595
5 36 1222
5 55 4312
5 60 515
5 9 3087
5 51 81
5 56 80
5 75 875
5 24 1640
5 52 5990
5 2 5139
5 64 3887
5 30 3417
5 67 3893
5 41 4012
5 15 3976
6 38 2821
6 59 5425
6 30 5069
6 3 2026
6 23 3115
6 73 5878
6 17 3595
6 15 1005
6 67 6139
6 62 2387
6 12 5898
6 34 5690
6 11 1360
6 46 5767
6 70 188
6 75 3037
6 68 919
6 20 2967
6 26 3231
6 8 1408
6 51 4723
6 19 5460
6 13 1574
6 33 6224
6 66 382
6 36 4285
6 56 2506
6 37 2788
6 32 5523
6 69 3775
6 74 3987
6 58 3118
6 55 1735
6 24 1343
6 7 992
6 42 5350
6 21 3074
6 29 902
6 18 2396
6 65 4787
6 14 2880
6 57 245
6 2 1100
6 1 5302
6 53 4465
6 63 157
6 35 4098
6 71 5572
6 49 2220
6 28 5277
6 5 1469
6 64 3010
6 25 394
6 9 6268
6 43 3992
6 44 4654
6 27 3555
6 60 4000
7 27 3742
7 34 2466
7 55 391
7 54 4706
7 74 74
7 2 4930
7 60 4718
7 37 179
7 70 6294
7 65 6072
7 67 551
7 39 4302
7 50 332
7 68 4602
7 9 29
7 4 1399
7 57 4274
7 59 193
7 72 6296
7 66 992
7 53 2630
7 29 1266
7 62 5849
7 73 1629
7 44 3866
7 71 1303
7 69 3480
7 21 1504
7 51 6071
7 41 3980
7 19 6219
7 6 4756
7 61 2974
7 10 954
7 56 3406
7 63 2462
7 16 1595
7 46 5701
7 15 4917
7 17 997
7 42 2897
7 45 5542
7 12 4241
7 49 6130
7 3 5623
7 5 531
7 36 6036
7 23 643
7 40 281
7 13 4144
7 22 2857
7 25 5629
7 48 433
7 26 4884
7 20 6238
8 22 2691
8 53 3679
8 65 2942
8 54 815
8 48 2021
8 60 1797
8 74 5278
8 66 6142
8 23 4087
8 14 357
8 33 1544
8 57 895
8 51 1434
8 52 1922
8 61 2115
8 42 2842
8 62 4010
8 1 553
8 35 5996
8 49 5466
8 5 6070
8 63 534
8 45 2277
8 26 5746
8 41 1540
8 24 3036
8 71 4236
8 36 1212
8 59 4449
8 44 3993
8 11 5184
8 29 4100
8 64 865
8 67 1482
8 50 1598
8 18 4250
8 9 4956
8 73 910
8 7 6029
8 25 5879
8 2 4552
8 32 5758
8 40 3444
8 10 1980
8 31 1201
8 38 363
8 47 4681
8 20 2337
8 27 4397
8 69 5902
8 37 5633
8 75 343
8 4 5576
8 46 3512
8 72 2476
8 39 3441
8 55 2897
8 13 2321
8 28 502
9 21 3922
9 3 2551
9 8 973
9 27 1396
9 72 3828
9 12 3713
9 18 4897
9 67 1241
9 4 2966
9 22 41
9 51 1791
9 44 1490
9 35 3085
9 25 6188
9 31 3473
9 68 6001
9 34 5983
9 5 4397
9 55 1914
9 71 3820
9 11 1279
9 56 3338
9 64 3138
9 58 5990
9 59 6224
9 43 1806
9 46 5530
9 24 5282
9 33 1250
9 16 1752
9 62 5924
9 19 1688
9 70 4063
9 32 5271
9 52 1795
9 36 4503
9 29 1230
9 7 5264
9 20 3354
9 10 889
9 63 2310
9 26 2538
9 53 2478
9 45 4583
9 28 2353
9 42 2226
9 13 4257
9 39 4522
9 50 368
9 57 2105
9 40 782
9 73 3825
9 49 2096
9 23 3379
9 15 4216
9 17 2294
10 49 2008
10 24 4273
10 22 4541
10 28 2082
10 40 22
10 30 6254
10 12 4466
10 13 3861
10 50 1926
10 53 1117
10 62 4470
10 74 5967
10 46 2294
10 38 3539
10 48 4052
10 60 3900
10 57 4576
10 11 2484
10 39 4880
10 9 5310
10 70 5538
10 34 3390
10 15 5980
10 35 2378
10 41 2359
10 17 2894
10 21 2136
10 29 1759
10 51 1640
10 52 4193
10 6 6251
10 33 5930
10 36 5940
10 68 2124
10 58 2975
10 4 3350
10 16 105
10 7 1786
10 63 3538
10 44 4190
10 32 3088
10 23 1951
10 27 5900
10 37 1749
10 43 5774
10 20 306
10 59 2991
10 72 5493
10 75 2874
10 64 5622
10 71 3119
10 25 4081
10 54 5886
10 42 1479
10 45 4764
10 56 1985
10 2 5625
10 19 209
10 18 2313
11 46 924
11 8 3368
11 45 4671
11 39 5482
11 19 1030
11 71 89
11 36 5513
11 23 3604
11 34 4709
11 54 2311
11 27 4762
11 58 1073
11 67 4811
11 70 5896
11 10 2274
11 26 3512
11 40 1166
11 15 1002
11 44 6103
11 72 1588
11 73 111
11 37 4397
11 68 4678
11 33 2158
11 62 2326
11 66 1042
11 53 1464
11 60 5674
11 20 3063
11 25 3854
11 9 283
11 14 1828
11 51 2267
11 29 3180
11 21 3087
11 16 5076
11 52 3346
11 1 173
11 41 3919
11 13 5234
11 32 5016
11 12 5763
11 65 2058
11 61 1134
11 55 361
11 35 5
11 2 4894
11 64 3318
11 63 1538
11 38 4070
12 9 1661
12 50 1027
12 41 5796
12 58 6276
12 19 2760
12 8 3207
12 67 4433
12 54 2456
12 71 2356
12 44 3443
12 30 4027
12 39 1499
12 52 1460
12 63 3011
12 60 3690
12 31 804
12 14 5977
12 6 337
12 17 4329
12 46 5204
12 24 423
12 37 4529
12 57 2725
12 48 5962
12 62 5720
12 22 3219
12 64 1197
12 38 1658
12 73 4574
12 74 3938
12 33 2350
12 59 5579
12 13 1848
12 69 1538
12 55 3181
12 43 2315
12 35 3175
12 34 4619
12 10 5260
12 20 1551
12 27 6267
12 49 3963
12 3 4939
12 40 4701
12 4 2856
12 18 3125
12 66 58
12 29 3797
12 16 2999
12 65 3218
12 5 335
12 1 4989
12 23 590
12 56 4816
12 32 3077
12 75 4557
12 25 966
12 26 53
12 61 3204
12 47 5299
12 51 3578
13 58 5359
13 51 3189
13 39 1776
13 15 4176
13 24 497
13 52 1017
13 67 4052
13 19 2346
13 43 4039
13 4 5240
13 36 4889
13 48 3720
13 3 2362
13 23 4750
13 21 5759
13 56 5731
13 26 4206
13 5 1488
13 49 782
13 38 1652
13 7 1593
13 53 3947
13 30 1237
13 27 5148
13 55 3069
13 12 3141
13 69 4618
13 32 2615
13 50 745
13 41 1815
13 35 3715
13 62 456
13 42 5948
13 64 959
13 72 344
13 66 3054
13 70 3084
13 16 422
13 73 2066
13 6 5573
13 54 3231
13 14 3845
13 34 4216
13 60 5463
13 61 3970
13 17 1990
13 8 1359
13 2 2650
13 9 3552
13 63 3527
13 71 3519
13 46 1445
13 22 230
13 57 5712
13 25 4868
13 20 52
13 74 1041
14 24 3164
14 45 4227
14 73 2712
14 20 2809
14 56 5455
14 26 5544
14 71 3250
14 22 152
14 17 405
14 15 416
14 34 3070
14 68 6130
14 59 4307
14 29 2683
14 23 4120
14 5 4697
14 39 3648
14 32 5510
14 18 816
14 11 1435
14 12 565
14 48 1803
14 28 1704
14 57 1412
14 42 4461
14 54 3284
14 67 54
14 65 4306
14 74 1284
14 2 1691
14 61 2149
14 27 2023
14 37 1534
14 44 4632
14 8 4212
14 7 2223
14 63 331
14 25 1493
14 38 2363
14 1 2623
14 21 3188
14 33 5069
14 46 1504
14 13 5713
14 31 929
14 62 660
14 69 4053
14 43 2895
14 55 5422
14 36 3911
14 3 4488
14 72 5280
15 69 4180
15 59 1868
15 74 4633
15 5 694
15 27 485
15 4 1118
15 37 1373
15 46 2542
15 32 3155
15 6 1868
15 7 3554
15 19 3860
15 75 1490
15 61 2907
15 23 4760
15 48 876
15 1 1958
15 67 840
15 57 2384
15 42 1277
15 2 3959
15 45 3831
15 11 5160
15 25 2736
15 54 2572
15 20 1486
15 13 4236
15 60 2057
15 65 3560
15 63 5941
15 30 3377
15 12 580
15 51 1679
15 10 4004
15 35 1009
15 8 4848
15 18 1443
15 28 5546
15 29 3369
15 55 5608
15 44 3895
15 41 2182
15 71 3929
15 66 724
15 70 4296
15 43 2728
15 58 673
15 33 4478
15 17 5020
15 21 2698
15 49 1877
15 22 5445
15 39 2780
15 31 3197
15 52 6216
15 72 4715
15 47 6275
15 53 3928
16 34 2635
16 21 5996
16 43 903
16 75 2885
16 72 702
16 4 2464
16 15 4103
16 55 771
16 53 109
16 38 3142
16 61 1944
16 51 5196
16 66 5571
16 1 1655
16 67 3399
16 13 1098
16 19 1663
16 37 614
16 3 2970
16 45 39
16 57 5990
16 30 5121
16 74 3397
16 71 4405
16 40 2008
16 36 2421
16 62 5094
16 47 4118
16 68 3564
16 54 5145
16 65 4770
16 22 1879
16 11 3085
16 32 1484
16 2 973
16 9 358
16 25 5058
16 14 4892
16 44 3972
16 42 772
16 56 3560
16 10 1888
16 26 5443
16 29 4601
16 58 3902
16 70 1806
16 24 3124
16 73 6277
16 52 5693
16 63 912
16 28 4388
16 46 3019
16 20 5846
16 23 4691
16 60 1709
16 7 1457
16 50 3670
16 59 2490
16 17 414
17 35 2070
17 20 1441
17 28 3610
17 49 3652
17 45 2606
17 25 3069
17 29 2151
17 42 5351
17 52 2490
17 58 5957
17 38 3157
17 12 3747
17 5 4369
17 53 3107
17 71 562
17 39 3143
17 32 5902
17 44 1208
17 9 3103
17 50 881
17 55 2212
17 54 5100
17 8 551
17 33 4072
17 69 3097
17 24 2448
17 13 740
17 7 5844
17 43 955
17 47 5224
17 57 2331
17 37 2837
17 4 3906
17 18 1445
17 62 665
17 1 3712
17 14 904
17 30 6001
17 15 4193
17 67 1593
17 16 4006
17 64 207
17 26 524
17 73 2711
17 61 5516
17 34 1093
17 63 859
17 11 1348
17 48 65
17 66 1181
17 31 4765
17 46 4422
17 68 4774
17 21 4076
18 54 5226
18 30 1465
18 32 3468
18 52 5338
18 51 1966
18 44 4323
18 13 262
18 53 2696
18 26 157
18 31 2663
18 64 2116
18 10 1631
18 38 5442
18 3 4199
18 39 6088
18 25 4898
18 22 4820
18 48 1710
18 7 3862
18 62 2895
18 60 2132
18 42 4316
18 68 2201
18 61 4460
18 69 5582
18 58 3199
18 40 5090
18 55 2949
18 74 4949
18 71 3058
18 14 432
18 66 2920
18 4 4409
18 27 502
18 23 4832
18 35 4635
18 5 1973
18 9 1067
18 43 6185
18 34 6293
18 67 4837
18 20 5044
18 56 1257
18 47 3609
18 11 1716
18 17 3287
18 21 4184
18 50 6017
18 46 4679
18 49 604
18 41 3268
18 19 3387
18 6 2177
18 36 5430
18 24 2914
18 63 5573
18 8 3763
18 37 308
18 65 3579
18 73 5940
19 3 177
19 42 2840
19 29 2468
19 34 6088
19 6 542
19 36 2434
19 4 559
19 8 5787
19 1 3934
19 47 4999
19 5 1969
19 17 678
19 11 3084
19 51 626
19 39 1453
19 35 2830
19 62 845
19 72 10
19 56 5737
19 55 824
19 2 2599
19 74 3670
19 75 2715
19 40 1370
19 65 6026
19 15 2881
19 26 1922
19 60 5743
19 48 1897
19 63 2319
19 57 1677
19 28 2214
19 13 1245
19 32 5926
19 53 5903
19 58 4467
19 23 4765
19 31 2870
19 46 4457
19 33 1618
19 41 6138
19 71 3773
19 59 1526
19 43 1535
19 20 6155
19 67 4395
19 54 5000
19 68 379
19 24 5352
19 10 276
19 66 4880
19 61 6128
19 12 1516
19 27 1683
19 16 4696
19 38 255
19 18 456
19 49 5187
19 37 3821
19 64 1509
19 9 1200
19 25 3848
20 17 2824
20 41 1056
20 65 3101
20 14 2289
20 51 4560
20 45 5282
20 44 2777
20 5 5319
20 69 4120
20 13 5126
20 21 4371
20 11 1007
20 53 3443
20 25 4063
20 56 831
20 50 3083
20 6 6087
20 62 4446
20 46 4037
20 29 1321
20 38 755
20 63 1789
20 39 5523
20 66 5378
20 30 3292
20 26 4277
20 75 2384
20 57 3922
20 60 1775
20 31 3484
20 4 2043
20 37 2732
20 3 5768
20 27 4216
20 36 5469
20 49 1032
20 8 1447
20 71 3035
20 55 6045
20 16 1275
20 28 5670
20 40 4399
20 18 515
20 35 24
20 34 837
20 22 2526
20 24 5997
20 12 4852
20 32 3791
20 67 275
20 54 4436
20 61 4949
20 48 1344
20 10 3558
20 72 1407
20 58 1778
20 33 1095
20 42 342
20 1 5864
20 73 5436
20 64 1852
20 19 5096
20 74 2716
20 68 1434
20 59 514
20 70 764
21 12 544
21 49 6095
21 74 417
21 66 2949
21 8 2960
21 50 2297
21 58 1447
21 29 2950
21 71 2084
21 35 1638
21 62 481
21 10 4038
21 17 211
21 1 652
21 70 1523
21 14 2232
21 56 5338
21 26 2253
21 22 2389
21 68 4806
21 13 1579
21 57 5441
21 24 6229
21 40 4287
21 73 412
21 61 2051
21 42 2620
21 44 1836
21 32 1102
21 65 5905
21 18 1143
21 16 1993
21 25 3240
21 72 2751
21 23 431
21 41 3078
21 28 198
21 75 3308
21 46 296
21 5 2216
21 9 1448
21 7 3805
21 48 929
21 52 1140
21 34 2581
21 55 4415
21 59 1696
21 19 6110
21 60 3546
21 63 1878
21 67 6278
21 47 2382
22 32 2891
22 54 3007
22 1 544
22 37 5376
22 29 1602
22 56 3493
22 61 5827
22 25 5092
22 38 1208
22 63 206
22 41 2421
22 20 1971
22 67 219
22 17 4900
22 52 2025
22 11 5099
22 15 1469
22 18 2034
22 51 251
22 28 971
22 68 3446
22 3 1625
22 71 2427
22 62 6216
22 9 2813
22 39 2384
22 4 5834
22 55 4107
22 60 197
22 31 1910
22 45 4603
22 74 1384
22 75 3039
22 16 3170
22 64 4856
22 36 4721
22 35 5079
22 33 1415
22 5 4086
22 59 3565
22 47 5825
22 44 1703
22 10 3761
22 2 1833
22 42 6064
22 48 3678
22 24 534
22 14 3031
22 65 498
22 58 5059
22 7 5655
22 13 4495
22 23 1958
22 70 49
22 30 5951
22 34 4386
22 53 2355
23 11 273
23 20 2603
23 53 5186
23 49 5160
23 10 3822
23 1 6037
23 61 2666
23 51 4837
23 14 3315
23 72 766
23 29 5300
23 34 3875
23 41 5477
23 16 141
23 47 981
23 66 2695
23 69 2537
23 25 5719
23 17 1633
23 2 2678
23 37 1980
23 68 3102
23 32 3695
23 27 424
23 70 1323
23 54 1923
23 57 319
23 21 2268
23 18 5605
23 56 300
23 28 880
23 43 3261
23 64 4730
23 58 1926
23 42 2739
23 45 6259
23 65 1892
23 15 6020
23 48 539
23 35 415
23 74 5038
23 46 828
23 75 2754
23 52 3814
23 6 2985
23 31 5270
23 30 3257
23 60 3514
23 36 3856
23 59 4916
23 63 1602
23 50 2585
23 44 1676
23 24 4233
23 67 5271
23 38 2146
24 13 5266
24 3 1662
24 19 6283
24 71 1580
24 38 855
24 75 2118
24 25 1075
24 16 6026
24 53 4536
24 67 2732
24 1 2970
24 65 1997
24 68 6049
24 14 5429
24 30 1906
24 43 3883
24 12 5405
24 4 4194
24 31 6085
24 69 6181
24 18 1316
24 60 2764
24 56 3172
24 45 2360
24 23 6004
24 61 2079
24 66 6122
24 15 100
24 46 302
24 73 2306
24 11 2517
24 59 1832
24 50 4981
24 29 5770
24 26 367
24 63 30
24 34 4910
24 62 2870
24 32 560
24 51 5980
24 54 3995
24 5 5558
24 58 5258
24 39 910
24 20 6068
24 72 170
24 27 5434
24 7 2293
24 33 374
24 10 2294
24 8 3156
24 2 1133
24 40 5251
24 55 188
24 47 869
24 17 2391
24 49 4828
24 41 2155
25 4 5410
25 40 229
25 56 4620
25 2 8
25 8 3600
25 34 1181
25 54 4755
25 46 2652
25 35 923
25 7 2209
25 16 1346
25 67 1727
25 31 2556
25 60 1610
25 51 5471
25 72 4921
25 61 4087
25 52 4333
25 39 823
25 17 5375
25 26 5793
25 42 4952
25 6 3350
25 49 2731
25 44 3777
25 14 3385
25 50 5944
25 45 5795
25 19 96
25 55 3378
25 1 351
25 33 3942
25 66 1745
25 36 1279
25 3 1536
25 69 2612
25 29 1783
25 27 5503
25 12 5056
25 37 2526
25 48 3509
25 15 4504
25 10 6066
25 58 690
25 20 3090
25 62 4822
25 13 2406
25 43 4058
25 38 3536
25 41 6120
25 32 769
25 65 3029
26 30 1436
26 45 5742
26 22 312
26 41 2994
26 3 1143
26 23 3704
26 73 3094
26 50 1422
26 29 3425
26 39 6021
26 40 1048
26 20 5319
26 71 1152
26 32 2487
26 43 4818
26 56 2817
26 48 584
26 65 286
26 75 2207
26 13 4926
26 1 4991
26 27 5147
26 74 480
26 5 1265
26 37 3455
26 31 2116
26 61 2970
26 2 2666
26 19 477
26 49 2142
26 34 5508
26 63 549
26 33 2212
26 25 3681
26 66 3866
26 69 26
26 11 1757
26 62 5114
26 54 5586
26 47 5061
26 38 2874
26 42 4414
26 57 2371
26 21 5109
26 6 5267
26 36 262
26 7 5346
26 16 1502
26 15 2016
26 52 5139
26 9 5451
26 68 4486
26 44 3786
26 12 6250
27 47 6050
27 66 4768
27 73 3587
27 67 4946
27 22 4638
27 74 2883
27 64 2987
27 7 1785
27 30 6190
27 9 1446
27 57 6209
27 55 3262
27 26 3960
27 23 1472
27 35 4888
27 3 247
27 50 637
27 62 1153
27 51 3830
27 1 3528
27 18 812
27 71 2828
27 58 2648
27 56 2147
27 46 3347
27 10 224
27 13 5273
27 75 4354
27 6 5758
27 19 5683
27 39 5355
27 60 4305
27 36 851
27 72 185
27 34 2039
27 69 1947
27 61 1401
27 38 5916
27 37 2962
27 68 4647
27 5 2924
27 12 1450
27 11 4053
27 40 1192
27 33 455
27 24 3847
27 14 4916
27 17 2867
27 54 4963
27 21 1069
27 41 3875
27 42 5109
27 31 3705
27 59 6096
27 49 4044
27 65 3351
28 49 5419
28 64 3471
28 53 2260
28 35 3381
28 69 3721
28 15 4497
28 59 5372
28 36 177
28 46 4103
28 9 3813
28 23 5584
28 68 2870
28 60 1708
28 71 4299
28 58 4243
28 20 3888
28 39 5199
28 16 2699
28 54 1051
28 5 564
28 18 5016
28 38 3226
28 47 1972
28 34 2425
28 37 1609
28 24 2568
28 8 4411
28 70 1608
28 72 495
28 26 4510
28 55 5847
28 62 5900
28 32 5295
28 44 5971
28 42 735
28 51 2950
28 73 5603
28 63 969
28 45 1967
28 65 3159
28 74 3949
28 4 5181
28 11 2310
28 57 4491
28 14 4765
28 33 4649
28 21 4725
28 61 4159
28 31 649
28 50 1381
28 41 6009
28 40 1286
28 22 2383
28 56 5792
28 6 1631
28 67 5156
28 52 3183
29 18 1766
29 27 6102
29 15 5351
29 6 6156
29 43 1595
29 61 4549
29 59 2822
29 8 330
29 25 1718
29 20 6053
29 46 599
29 41 4140
29 56 3676
29 68 2666
29 30 2569
29 17 385
29 5 4997
29 1 2743
29 12 5825
29 2 6247
29 63 5124
29 51 5394
29 14 6247
29 73 1890
29 47 2095
29 24 1985
29 75 290
29 32 5469
29 67 5941
29 33 4751
29 19 5717
29 74 6089
29 10 3827
29 42 3070
29 48 2501
29 23 1138
29 69 1471
29 36 82
29 53 4119
29 11 916
29 64 3839
29 72 1967
29 40 2078
29 35 939
29 26 4787
29 62 527
29 3 5111
29 22 5616
29 50 4153
29 44 6126
29 65 5179
29 31 5884
29 7 5647
29 52 3670
29 45 1882
29 57 1132
30 20 4666
30 4 1668
30 16 1077
30 68 5996
30 9 6069
30 5 4110
30 55 5285
30 64 4505
30 49 5444
30 35 4171
30 61 5861
30 52 2441
30 26 4656
30 48 3742
30 72 5214
30 66 5389
30 75 5003
30 57 2491
30 39 1162
30 43 5910
30 65 3163
30 12 5876
30 18 1061
30 53 5951
30 37 3586
30 6 4802
30 34 3205
30 36 576
30 56 2543
30 54 1805
30 45 720
30 73 2383
30 8 504
30 1 4930
30 44 2882
30 60 725
30 27 5883
30 3 3702
30 70 5390
30 59 75
30 10 3509
30 15 3825
30 24 1596
30 33 3027
30 71 4858
30 29 4763
30 19 3469
30 14 1320
30 22 1442
30 28 1715
31 66 4592
31 21 5208
31 35 1691
31 1 3321
31 18 81
31 73 176
31 28 1957
31 54 1934
31 44 3441
31 56 598
31 36 2301
31 17 6035
31 62 209
31 68 2686
31 46 4843
31 50 2136
31 16 1160
31 20 1622
31 47 470
31 58 2564
31 33 4114
31 55 2260
31 29 2229
31 6 2308
31 14 3815
31 24 3711
31 11 1260
31 19 2431
31 61 3129
31 30 1925
31 2 3956
31 3 2813
31 7 1722
31 71 394
31 34 1344
31 4 1825
31 39 211
31 74 2728
31 26 3139
31 25 2470
31 22 1047
31 72 4649
31 32 4626
31 75 196
31 57 294
31 15 2662
31 42 5419
31 64 5645
31 9 2638
31 10 3475
31 37 1459
31 52 2496
31 40 3563
31 13 4919
31 45 1316
31 38 794
32 4 1116
32 36 1990
32 73 101
32 63 4680
32 38 5928
32 61 3954
32 21 2966
32 64 3138
32 67 2016
32 33 2686
32 19 771
32 43 2671
32 45 4491
32 46 3901
32 74 2991
32 20 4999
32 17 2983
32 52 5191
32 27 4890
32 66 78
32 12 2515
32 6 1508
32 13 2024
32 75 148
32 14 1993
32 70 4039
32 16 5360
32 57 253
32 68 4560
32 29 4935
32 10 3778
32 28 5962
32 62 4067
32 23 4542
32 44 1917
32 9 2540
32 35 5945
32 3 949
32 5 4174
32 22 1378
32 26 4893
32 8 3233
32 49 5727
32 58 3892
32 24 2920
32 55 1192
32 37 2271
32 11 2191
32 34 5787
32 50 2120
33 27 3042
33 22 1317
33 52 3551
33 12 1189
33 75 3500
33 54 4222
33 15 983
33 72 1696
33 39 3738
33 14 3168
33 11 3230
33 8 2159
33 69 4767
33 25 4412
33 59 1270
33 29 4002
33 47 3786
33 62 317
33 31 5571
33 19 1053
33 26 3077
33 55 5922
33 4 5860
33 71 2872
33 64 1570
33 9 2381
33 43 819
33 70 3175
33 46 1008
33 13 679
33 49 704
33 61 2304
33 51 4980
33 6 5104
33 7 3352
33 45 1740
33 60 2977
33 53 4110
33 41 5375
33 58 6196
33 16 4785
33 66 353
33 10 1794
33 67 2413
33 32 3107
33 28 1690
33 24 2467
33 48 4686
33 18 1156
33 40 5725
33 17 4960
33 21 4724
34 45 3305
34 70 2124
34 49 6089
34 61 4835
34 17 5469
34 29 953
34 5 5139
34 25 4965
34 66 500
34 26 3938
34 74 4517
34 16 1876
34 57 773
34 58 3635
34 51 2695
34 23 4902
34 43 1164
34 54 1927
34 10 6252
34 62 5718
34 63 4502
34 50 4814
34 67 3445
34 2 424
34 7 1613
34 40 4515
34 36 5049
34 18 1279
34 72 439
34 32 1193
34 68 4568
34 31 5716
34 9 5395
34 44 2393
34 22 5186
34 41 3289
34 20 4562
34 38 4498
34 14 4472
34 65 2723
34 3 4524
34 46 5065
34 28 638
34 47 6166
34 30 2300
34 13 2267
34 37 1514
34 56 2573
34 71 4910
34 24 725
34 42 6026
34 1 4056
34 35 1549
34 33 1578
34 75 1079
34 48 3660
34 27 5960
34 60 2325
34 53 2813
35 36 1173
35 62 952
35 19 3339
35 13 3952
35 41 5459
35 34 6186
35 26 3217
35 38 1805
35 40 5059
35 24 5943
35 51 5925
35 64 6011
35 60 407
35 29 6144
35 30 689
35 33 2636
35 31 5882
35 5 3477
35 73 3994
35 18 6256
35 39 6188
35 10 13
35 8 1536
35 28 5806
35 46 2878
35 69 3122
35 43 5135
35 44 5766
35 42 5654
35 63 2945
35 75 4126
35 59 6298
35 22 1632
35 66 1364
35 67 556
35 20 182
35 27 163
35 37 3935
35 9 546
35 47 2809
35 7 2642
35 32 1595
35 56 5853
35 3 5026
35 12 839
35 48 1074
35 49 2946
35 14 5394
35 71 1666
35 74 1072
35 1 5865
35 16 997
35 15 944
35 11 4409
35 70 3189
35 57 1934
35 4 119
35 58 51
35 68 5117
35 23 5356
35 25 1741
35 17 4648
36 22 5985
36 21 770
36 69 3176
36 35 3720
36 43 622
36 49 3487
36 33 3288
36 5 680
36 47 2000
36 37 5121
36 2 2911
36 45 3089
36 8 3048
36 41 2888
36 73 4108
36 3 2478
36 60 48
36 1 2919
36 68 5397
36 67 3966
36 30 4194
36 13 514
36 55 5310
36 12 335
36 28 4147
36 16 4592
36 54 1843
36 14 323
36 31 1988
36 57 3438
36 59 43
36 25 4843
36 64 1410
36 18 3870
36 20 5903
36 11 5886
36 24 4527
36 52 5352
36 29 4833
36 42 3494
36 61 2706
36 17 3936
36 46 6180
36 71 477
36 70 1744
36 56 3112
36 26 4420
36 39 3290
36 48 3835
36 23 4764
37 46 6228
37 28 1748
37 11 2328
37 45 67
37 25 498
37 5 863
37 65 44
37 17 883
37 1 5701
37 8 1565
37 36 6169
37 38 2676
37 44 3056
37 74 1682
37 48 3039
37 31 4926
37 18 4326
37 43 4164
37 61 6161
37 10 1045
37 19 1110
37 67 1270
37 15 2288
37 72 4221
37 6 2665
37 22 1696
37 55 2202
37 47 2951
37 34 1060
37 41 2131
37 4 1465
37 53 1441
37 32 1308
37 39 3686
37 2 2354
37 7 2910
37 49 1935
37 9 1347
37 50 1304
37 63 4213
37 51 2872
37 20 2044
37 64 2843
37 68 3257
37 70 4732
37 12 5990
37 13 5152
37 62 4854
38 61 3385
38 67 3865
38 17 5355
38 1 762
38 18 4749
38 74 5980
38 62 4219
38 33 1584
38 21 1462
38 11 1652
38 69 314
38 12 4936
38 29 2863
38 40 5152
38 55 1471
38 10 4969
38 58 1466
38 47 1202
38 34 5043
38 41 5037
38 42 4024
38 31 2286
38 52 5969
38 8 1456
38 43 6281
38 48 2001
38 5 5687
38 64 618
38 15 5631
38 44 4971
38 19 1078
38 68 4463
38 66 6023
38 26 5857
38 49 3949
38 35 1619
38 75 5864
38 60 1741
38 46 5574
38 50 3391
38 23 2819
38 4 2969
38 13 1165
38 24 5236
38 30 2349
38 70 4195
38 54 4416
38 39 5085
38 14 530
38 63 105
38 45 3898
38 73 5884
38 36 1999
38 27 2926
38 22 376
38 16 3632
39 44 4937
39 13 3810
39 37 573
39 38 4305
39 72 4707
39 50 5279
39 48 3611
39 66 5092
39 7 6213
39 27 4813
39 18 4454
39 2 472
39 21 2632
39 30 3855
39 75 1585
39 35 5273
39 5 3036
39 45 92
39 60 576
39 26 1646
39 22 674
39 12 6
39 54 1896
39 62 2655
39 14 1292
39 58 1371
39 43 149
39 24 558
39 61 5736
39 34 1784
39 71 1174
39 33 6071
39 8 944
39 9 3066
39 23 1787
39 55 2058
39 4 145
39 10 4776
39 64 5932
39 63 4588
39 25 4086
39 74 4778
39 15 4893
39 19 3101
39 69 5683
39 28 2786
39 6 3346
39 67 5562
39 29 6121
39 46 535
39 11 3597
39 31 4373
39 20 2509
40 43 4472
40 66 4898
40 53 959
40 71 1686
40 57 4106
40 24 3761
40 34 5179
40 65 1496
40 8 5562
40 35 3155
40 44 5439
40 25 5557
40 31 1691
40 33 5247
40 42 5528
40 62 1141
40 67 4405
40 26 4801
40 11 443
40 23 1766
40 27 1473
40 60 5044
40 70 1244
40 49 953
40 21 461
40 13 5070
40 52 1822
40 14 5171
40 73 4268
40 69 4816
40 41 6077
40 64 5450
40 12 2281
40 50 4550
40 37 66
40 4 4250
40 5 3217
40 10 2410
40 75 4688
40 59 2623
40 72 1525
40 15 3215
40 22 2887
40 61 4263
40 46 84
40 6 2435
40 18 6110
40 3 3180
40 47 3765
40 51 749
40 38 6138
40 17 5120
40 36 2566
40 16 2169
40 9 4435
40 74 4902
40 39 5149
41 16 448
41 61 1798
41 52 3587
41 59 1647
41 63 2831
41 24 3495
41 28 4733
41 14 4157
41 34 4112
41 55 4783
41 67 4234
41 7 3920
41 15 1775
41 51 5306
41 3 2268
41 5 5902
41 12 218
41 38 287
41 53 596
41 47 4821
41 48 6158
41 36 3845
41 44 590
41 71 5209
41 10 436
41 8 3062
41 46 2912
41 26 21
41 64 53
41 60 4083
41 65 4570
41 69 2090
41 57 5452
41 1 3973
41 70 1480
41 35 2824
41 42 805
41 9 2022
41 19 6144
41 13 5441
41 2 3504
41 54 2528
41 49 1564
41 40 1490
41 39 6211
41 58 4465
41 33 4738
41 68 459
41 62 3788
42 74 5762
42 75 527
42 43 676
42 36 3514
42 18 5684
42 60 1468
42 52 2444
42 16 4622
42 22 5226
42 65 2083
42 34 5346
42 6 5280
42 72 4068
42 54 4544
42 33 4720
42 56 5232
42 12 4754
42 20 152
42 27 2968
42 15 6050
42 31 199
42 64 5980
42 68 186
42 1 6117
42 21 1227
42 71 5644
42 9 5069
42 35 3121
42 53 4395
42 69 4417
42 29 3509
42 46 3690
42 62 1047
42 55 2340
42 28 1048
42 11 2318
42 24 3038
42 48 731
42 61 449
42 39 270
42 37 5935
42 10 3661
42 66 2681
42 14 2056
42 44 799
42 8 4870
42 58 4903
42 51 5793
42 26 3227
42 25 1345
42 19 5625
42 63 5275
42 49 1231
42 40 5003
42 5 5410
42 50 6161
42 30 1536
42 73 661
42 2 3730
42 32 5840
42 7 571
43 69 2396
43 55 2333
43 21 3599
43 17 2210
43 12 2015
43 58 1299
43 29 3422
43 16 950
43 38 3038
43 62 2729
43 30 1181
43 4 5437
43 54 6055
43 34 1470
43 36 2187
43 2 256
43 10 3927
43 14 6211
43 32 3100
43 67 1898
43 47 3259
43 18 4135
43 60 924
43 19 3927
43 31 1974
43 25 5119
43 53 4102
43 68 2878
43 52 3364
43 72 3144
43 46 3675
43 40 5474
43 59 5418
43 15 3504
43 35 605
43 57 2418
43 1 5333
43 49 5006
43 3 4259
43 7 4553
43 26 406
43 66 105
43 73 184
43 70 3279
43 22 4924
43 45 4725
43 20 1100
43 8 90
43 74 1560
43 61 1180
44 58 3094
44 2 417
44 11 4593
44 54 4509
44 4 5410
44 65 4506
44 62 2716
44 32 50
44 10 5347
44 9 4664
44 39 4850
44 51 997
44 41 5140
44 52 5851
44 42 2884
44 1 6195
44 35 5293
44 24 6068
44 19 5361
44 13 3757
44 17 786
44 60 4525
44 36 2179
44 5 1348
44 45 3568
44 55 2771
44 64 2415
44 56 5238
44 14 3027
44 26 2383
44 16 3463
44 7 6222
44 61 6165
44 3 4795
44 18 117
44 59 711
44 40 4525
44 46 3205
44 23 4695
44 75 5744
44 22 3204
44 53 4265
44 21 6002
44 47 1058
44 71 3614
44 29 3509
44 57 2952
44 48 5672
44 50 3319
44 12 4883
44 25 5280
44 74 327
44 70 2868
44 37 1806
44 66 194
44 38 357
44 67 3978
45 10 4642
45 54 745
45 16 364
45 15 1646
45 17 1544
45 66 4274
45 24 4079
45 12 3644
45 28 6063
45 73 6190
45 48 2278
45 44 313
45 34 4105
45 26 2386
45 52 1816
45 71 2724
45 56 1949
45 72 3352
45 67 3747
45 39 5309
45 60 4367
45 11 2191
45 3 6045
45 63 1817
45 42 1813
45 20 5311
45 41 1462
45 65 6132
45 61 1730
45 8 3369
45 4 3444
45 40 1431
45 69 2329
45 57 3491
45 19 3523
45 68 3565
45 27 4380
45 64 5271
45 37 1565
45 33 4694
45 50 1387
45 38 1952
45 13 1374
45 58 5619
45 18 2217
45 31 5452
45 6 3482
45 30 6089
45 25 4531
45 14 5465
45 7 2545
45 29 499
45 62 2695
45 53 5145
45 1 4255
45 35 5984
45 2 4159
46 27 1432
46 52 5724
46 57 4438
46 3 2738
46 29 3904
46 24 3401
46 8 5313
46 43 1184
46 19 3216
46 50 5062
46 45 2478
46 35 4325
46 4 3579
46 44 5568
46 34 5196
46 66 314
46 54 5843
46 68 1851
46 10 3510
46 18 6075
46 38 2689
46 61 2674
46 11 2222
46 64 218
46 53 3830
46 60 6173
46 12 4573
46 1 5926
46 13 2658
46 56 5951
46 42 5139
46 30 5063
46 14 5761
46 63 1691
46 75 1474
46 40 3960
46 5 1078
46 71 1251
46 74 317
46 51 3684
46 73 3501
46 58 3370
46 39 2190
46 31 1789
46 33 4282
46 55 3448
46 49 4079
46 47 6281
46 17 6139
46 48 3150
46 6 2788
46 7 5789
46 41 2150
47 71 6241
47 22 4791
47 17 1863
47 69 286
47 42 2852
47 58 2885
47 23 5151
47 65 1553
47 57 1086
47 72 2209
47 70 5272
47 21 6195
47 37 5592
47 13 2736
47 62 4433
47 12 2337
47 45 5029
47 52 5191
47 74 5911
47 51 1721
47 29 5704
47 53 747
47 50 532
47 30 76
47 8 3482
47 75 2532
47 3 5572
47 14 3368
47 49 3308
47 48 1533
47 61 1203
47 56 2677
47 39 1952
47 38 2386
47 68 1350
47 18 5290
47 16 1370
47 9 5287
47 2 5614
47 44 4373
47 73 2756
47 1 1673
47 26 576
47 60 4923
47 4 1526
47 20 5664
47 33 5404
47 35 604
47 25 1465
47 41 2771
47 5 5059
47 24 591
47 34 1434
47 31 606
47 54 3656
47 55 2600
47 46 5558
47 67 3879
47 11 1411
47 63 4567
47 7 5226
47 59 651
48 67 1115
48 47 1871
48 63 3566
48 58 314
48 26 640
48 41 3239
48 53 477
48 19 4414
48 29 4366
48 40 3673
48 1 2579
48 61 1412
48 17 6191
48 64 5544
48 74 4848
48 36 4683
48 28 3730
48 55 4034
48 51 4738
48 44 5916
48 35 2460
48 7 4941
48 15 1655
48 69 5403
48 5 1247
48 4 1509
48 18 1617
48 59 569
48 62 339
48 50 4157
48 75 1475
48 8 3779
48 20 6181
48 16 2263
48 13 1854
48 27 1455
48 45 6259
48 56 3250
48 37 2773
48 70 1381
48 72 5270
48 34 4734
48 52 4194
48 12 4989
48 43 1717
48 68 5322
48 9 2853
48 24 2667
48 54 4208
48 73 2628
48 22 4557
48 57 2293
48 25 3991
48 3 2081
48 66 438
48 23 5495
48 46 401
49 9 3306
49 17 4770
49 8 5558
49 68 3569
49 34 6205
49 50 2779
49 69 2531
49 7 4805
49 12 3504
49 29 6031
49 26 1967
49 67 1940
49 59 4310
49 66 1094
49 51 1288
49 23 5110
49 56 4982
49 18 3736
49 36 2689
49 15 4843
49 55 417
49 21 5363
49 63 1599
49 28 5479
49 32 2055
49 52 2046
49 4 651
49 57 4994
49 42 2794
49 16 4105
49 30 4356
49 6 38
49 13 119
49 70 5417
49 37 5102
49 44 2792
49 10 4532
49 74 3689
49 24 5606
49 73 4122
49 48 1970
49 35 5515
49 41 5314
49 38 3224
49 53 4499
49 1 2507
49 65 2286
49 64 2663
49 61 488
49 60 1826
49 39 3750
49 62 2688
49 43 432
49 31 1621
49 2 3309
49 33 2126
50 16 1344
50 75 3722
50 6 5992
50 33 3905
50 68 1198
50 5 4404
50 17 4585
50 45 34
50 56 3124
50 64 606
50 39 5992
50 1 895
50 71 4508
50 40 3967
50 52 4854
50 26 448
50 74 5558
50 37 3322
50 25 5203
50 7 2262
50 47 1954
50 14 818
50 15 4832
50 9 5530
50 8 1545
50 41 1978
50 70 1363
50 65 5082
50 55 948
50 24 1751
50 73 3363
50 62 2460
50 72 1726
50 38 6175
50 46 4361
50 67 4507
50 35 4921
50 19 1131
50 27 1429
50 31 5251
50 11 2357
50 54 4659
50 51 4454
50 28 4863
50 4 2120
50 49 1697
50 59 3917
50 18 5256
50 32 6290
50 63 1014
50 48 157
50 42 5842
50 29 326
50 34 5762
50 3 3027
50 13 3328
50 53 444
51 29 3855
51 36 2398
51 1 2601
51 34 5021
51 24 687
51 12 1333
51 53 3855
51 55 2644
51 72 700
51 33 863
51 14 1985
51 49 1682
51 58 4123
51 32 1129
51 47 1334
51 63 4636
51 20 2611
51 40 5417
51 30 3270
51 48 96
51 31 1974
51 28 303
51 74 5384
51 59 3674
51 67 2595
51 50 87
51 70 150
51 68 1646
51 69 1149
51 46 6095
51 9 2926
51 7 299
51 66 3559
51 4 164
51 21 2248
51 22 1575
51 54 2576
51 62 2497
51 71 1941
51 18 3600
51 10 5439
51 2 1571
51 52 4906
51 17 4002
51 19 3396
51 35 2315
51 60 2818
51 5 3683
51 43 4960
51 8 2953
51 65 5257
51 41 58
51 13 13
51 42 2933
51 15 5894
51 38 1408
51 26 2302
52 35 5217
52 23 5577
52 74 6297
52 24 1427
52 39 5107
52 62 6156
52 5 5999
52 61 2286
52 69 5912
52 44 5001
52 53 2306
52 9 2797
52 58 1180
52 41 1710
52 55 925
52 18 3841
52 49 5381
52 16 5512
52 47 2011
52 7 2638
52 20 4607
52 43 2864
52 11 385
52 21 5885
52 38 4394
52 50 211
52 70 1666
52 28 3680
52 1 574
52 31 2427
52 66 4426
52 26 3773
52 42 4736
52 6 4657
52 3 4288
52 15 2758
52 68 4047
52 10 2501
52 12 3395
52 57 5525
52 30 1234
52 40 2132
52 33 3748
52 54 2971
52 65 1734
52 27 2082
52 13 4248
52 73 690
52 67 145
52 72 2653
52 32 1552
52 64 3280
52 37 3601
52 29 4557
52 71 1584
52 51 3881
52 75 4012
52 36 2191
52 34 5964
52 17 3773
52 19 1641
52 14 4193
52 8 766
52 45 2090
52 60 1714
53 47 3708
53 59 2691
53 5 5147
53 39 5418
53 71 2483
53 69 1617
53 43 1342
53 44 4292
53 50 1214
53 2 4713
53 12 5858
53 63 5399
53 54 1696
53 75 2920
53 16 3609
53 32 1994
53 51 2573
53 23 1030
53 9 198
53 31 4125
53 1 2864
53 40 6274
53 58 6276
53 17 6039
53 46 68
53 45 2754
53 49 2997
53 70 3749
53 67 5748
53 7 2539
53 21 4801
53 61 572
53 57 1584
53 55 3483
53 13 4866
53 24 294
53 15 2855
53 11 1152
53 62 927
53 34 6298
53 35 2388
53 6 468
53 30 2002
53 20 392
53 65 4393
53 4 6199
53 28 3170
53 3 5489
53 36 4491
53 26 1604
53 19 4068
53 14 2729
53 37 3428
53 64 2519
54 62 3690
54 51 4139
54 18 2220
54 4 20
54 73 1725
54 72 1241
54 10 2974
54 48 5841
54 34 5650
54 11 3629
54 1 317
54 49 1393
54 17 3968
54 2 298
54 15 2643
54 24 3966
54 69 3754
54 61 1456
54 57 5901
54 75 4273
54 29 5141
54 26 2982
54 40 4407
54 53 4102
54 6 4346
54 41 5068
54 5 2782
54 37 2415
54 65 56
54 33 4711
54 58 1537
54 27 4878
54 68 3891
54 59 5056
54 64 2323
54 9 5295
54 3 5176
54 50 1396
54 55 332
54 30 2856
54 20 2224
54 46 4791
54 12 4669
54 44 5279
54 25 4706
54 28 4577
54 36 5985
54 56 4468
54 70 2041
54 32 5043
54 43 3123
54 7 323
54 31 5227
54 60 5685
54 22 1202
54 52 1472
54 23 218
54 67 1618
55 65 725
55 9 1768
55 42 1605
55 3 3911
55 12 3495
55 29 977
55 7 1490
55 52 3002
55 53 442
55 62 873
55 41 783
55 68 3330
55 37 1486
55 35 152
55 39 4813
55 58 5718
55 17 4780
55 27 3029
55 22 130
55 71 6025
55 13 896
55 51 2045
55 30 3930
55 57 684
55 56 4035
55 19 3214
55 2 6148
55 54 710
55 69 2047
55 14 245
55 24 3793
55 75 954
55 36 2704
55 70 1986
55 18 3186
55 16 176
55 25 3290
55 33 281
55 15 1624
55 64 5275
55 32 1226
55 28 3051
55 31 872
55 72 996
55 40 3539
55 48 258
55 45 800
55 11 4324
55 10 1034
55 60 2340
55 46 3015
55 1 1153
55 50 2513
56 5 4894
56 9 2154
56 60 4468
56 6 5537
56 55 5462
56 36 1657
56 40 6277
56 67 3081
56 14 6103
56 37 1238
56 25 4592
56 39 6200
56 57 5383
56 48 1635
56 34 662
56 71 1018
56 11 3329
56 41 2068
56 74 2061
56 44 3998
56 63 3668
56 31 420
56 24 5170
56 33 2643
56 19 4329
56 1 1623
56 26 5371
56 59 5670
56 23 4352
56 50 4442
56 15 3027
56 38 2930
56 75 1540
56 73 981
56 7 804
56 46 3119
56 49 1165
56 66 1793
56 65 3603
56 32 4802
56 12 4879
56 28 3891
56 21 5114
56 52 3570
56 13 721
56 20 1427
56 18 2528
56 54 5224
56 35 1861
56 30 3625
56 58 3747
56 69 4031
56 29 3315
56 64 4756
56 17 4236
56 2 4316
56 22 6008
56 16 2364
57 42 2915
57 39 5805
57 38 4711
57 44 27
57 75 1088
57 43 1904
57 59 559
57 11 5794
57 49 310
57 45 2382
57 60 4155
57 71 4194
57 24 5394
57 1 3953
57 50 387
57 51 3543
57 26 2102
57 73 3089
57 65 4196
57 15 3147
57 33 2158
57 52 6109
57 17 4727
57 9 4343
57 47 179
57 67 3166
57 68 1693
57 46 4671
57 61 2954
57 48 4972
57 64 2819
57 16 4032
57 5 617
57 2 1392
57 20 3512
57 7 4374
57 27 5255
57 28 529
57 36 5225
57 41 4808
57 3 1004
57 23 6197
57 70 1963
57 54 5298
57 69 299
57 4 5507
57 19 2862
57 62 4235
57 72 1030
57 34 1861
57 74 5034
57 14 3544
57 22 3014
57 35 4885
57 13 3468
57 40 713
57 31 6128
57 12 3994
58 14 5676
58 27 5780
58 24 5925
58 33 2304
58 55 2222
58 29 756
58 6 4270
58 59 1053
58 17 6165
58 39 3759
58 64 3828
58 43 3020
58 65 5837
58 48 5856
58 37 4236
58 54 3483
58 56 4912
58 60 1857
58 35 3414
58 42 229
58 30 2463
58 72 1311
58 21 1819
58 50 4544
58 49 886
58 40 1947
58 45 3435
58 44 4717
58 3 1699
58 46 4338
58 8 3197
58 73 3902
58 63 2128
58 1 2522
58 13 2774
58 62 5754
58 23 761
58 41 6214
58 12 5304
58 53 1772
58 38 6270
58 22 994
58 4 2486
58 32 605
58 5 5834
58 7 105
58 16 3535
58 15 5019
58 25 997
58 51 4303
58 74 363
58 75 17
58 66 359
58 2 2614
58 19 3934
58 11 3091
58 71 1654
58 61 4965
58 20 4046
58 57 5287
58 9 5551
58 18 482
58 70 5184
59 35 2878
59 24 3829
59 51 3751
59 28 5754
59 69 3571
59 57 3313
59 48 301
59 39 1040
59 52 3307
59 1 1819
59 17 4504
59 32 6258
59 41 5219
59 71 4513
59 18 3075
59 37 5455
59 30 1917
59 55 3783
59 50 2205
59 58 1878
59 38 3871
59 42 393
59 64 5819
59 27 5748
59 65 5558
59 16 5875
59 61 992
59 75 4679
59 13 3686
59 53 4365
59 62 268
59 6 5284
59 23 743
59 4 3876
59 45 4602
59 12 1138
59 56 412
59 22 5964
59 72 2014
59 29 2972
59 66 5413
59 73 4870
59 36 974
59 33 2318
59 60 1801
59 44 6215
59 40 244
59 15 1222
59 54 3115
59 11 5648
59 7 2147
59 46 1519
59 19 3018
59 2 5062
59 3 4329
60 9 3963
60 29 480
60 63 2019
60 70 3005
60 40 4217
60 66 5613
60 58 379
60 69 5885
60 8 5576
60 24 3409
60 18 317
60 72 3555
60 45 78
60 4 5186
60 15 5540
60 27 5148
60 67 4506
60 21 6223
60 22 3408
60 41 2780
60 68 2805
60 47 2771
60 49 5394
60 5 3760
60 71 2888
60 36 3347
60 55 3354
60 46 433
60 20 689
60 1 6020
60 65 2299
60 53 4350
60 44 4582
60 23 5955
60 28 4708
60 74 6182
60 19 762
60 35 4748
60 39 2331
60 75 2112
60 38 6143
60 56 463
60 62 979
60 17 970
60 34 1424
60 51 2951
60 48 2284
60 59 3316
60 31 2954
60 43 1856
60 7 1332
60 50 1127
61 12 3256
61 8 6202
61 53 5587
61 47 952
61 58 5165
61 21 2973
61 4 2725
61 5 508
61 44 493
61 42 2205
61 75 3719
61 33 2600
61 60 3094
61 18 92
61 73 3868
61 16 241
61 19 166
61 22 3975
61 39 1545
61 13 4366
61 43 661
61 17 4906
61 9 2456
61 29 2327
61 74 901
61 24 1145
61 51 5950
61 54 678
61 35 3839
61 26 3165
61 20 532
61 49 829
61 36 1838
61 65 3159
61 72 73
61 30 6251
61 46 5532
61 56 4008
61 52 4364
61 1 5662
61 40 3104
61 59 3237
61 67 1872
61 2 902
61 34 2277
61 71 3916
61 38 552
61 31 4640
61 41 3594
61 32 2810
61 23 3158
61 6 6284
62 48 2730
62 74 3378
62 43 2912
62 36 2148
62 42 4672
62 50 2451
62 24 51
62 72 4086
62 35 5626
62 73 1783
62 55 5160
62 61 2300
62 11 5791
62 39 6061
62 29 3713
62 21 5535
62 44 5317
62 75 956
62 22 1668
62 56 72
62 60 4013
62 3 1896
62 4 3138
62 14 480
62 57 5818
62 31 5916
62 18 4890
62 33 2522
62 34 3027
62 45 3880
62 32 418
62 20 2389
62 23 1966
62 25 3683
62 41 5964
62 68 543
62 46 2696
62 52 4516
62 51 3547
62 49 2359
62 13 1167
62 63 1254
62 37 502
62 70 1971
62 12 2169
62 10 3072
62 53 5572
62 71 510
62 15 5479
62 66 382
62 65 4666
63 59 2462
63 43 3980
63 48 4606
63 16 2567
63 21 3890
63 42 2220
63 5 4858
63 10 6248
63 69 5108
63 19 5224
63 8 6104
63 13 1633
63 32 1038
63 27 3328
63 54 4465
63 40 1852
63 45 5074
63 7 5029
63 71 820
63 61 3005
63 75 557
63 9 4709
63 15 2605
63 41 4642
63 46 4784
63 36 5578
63 24 29
63 44 542
63 66 2948
63 64 3733
63 51 2619
63 11 6152
63 4 1083
63 56 178
63 33 5193
63 35 1596
63 28 303
63 52 5852
63 12 2977
63 25 704
63 3 3009
63 62 3180
63 53 4311
63 70 1770
63 22 5370
63 50 3222
63 29 2901
63 26 3945
63 49 1060
63 38 2387
63 72 689
63 37 4567
63 30 4873
63 65 5358
63 2 5825
63 17 278
63 14 4322
63 47 4961
63 67 2195
63 39 5103
63 74 658
63 57 3046
63 58 3433
64 60 1064
64 58 2273
64 15 4903
64 40 1190
64 33 1657
64 13 1793
64 6 2481
64 27 4300
64 67 3644
64 47 4561
64 55 4776
64 22 1028
64 38 853
64 68 1395
64 61 1240
64 53 520
64 73 42
64 10 1502
64 25 761
64 41 2439
64 36 2182
64 57 1369
64 71 4573
64 8 5533
64 48 6004
64 4 1143
64 54 818
64 2 5201
64 7 2281
64 26 4488
64 29 2118
64 14 5372
64 20 991
64 43 5339
64 63 2525
64 44 4274
64 24 4414
64 39 1215
64 18 5980
64 11 6278
64 45 3634
64 30 3200
64 72 2448
64 23 554
64 66 1745
64 5 3933
64 56 2229
64 16 2817
65 45 1531
65 55 5746
65 21 2738
65 67 3161
65 72 3863
65 69 5254
65 22 5461
65 34 3736
65 71 1996
65 48 4517
65 6 5904
65 2 141
65 58 1796
65 56 4993
65 47 4922
65 15 3554
65 16 4032
65 50 2052
65 44 4221
65 42 4888
65 32 1262
65 73 1095
65 26 1963
65 9 5687
65 54 409
65 51 1954
65 66 4673
65 1 2928
65 35 4029
65 62 2425
65 64 623
65 28 3647
65 20 4964
65 49 339
65 38 3926
65 18 4338
65 30 851
65 14 5614
65 8 5151
65 68 5559
65 7 255
65 13 3409
65 75 3538
65 40 1491
65 24 5268
65 27 4992
65 11 5943
65 5 517
65 61 2164
65 63 3180
65 36 4080
65 25 1821
65 29 385
65 46 2947
65 52 1797
65 12 1532
65 19 576
65 4 2113
65 41 3271
65 10 2339
65 17 2206
65 74 3447
66 55 493
66 49 6247
66 34 2791
66 60 904
66 40 2783
66 14 4261
66 62 2679
66 10 980
66 16 5618
66 37 5634
66 46 821
66 32 4631
66 41 4553
66 2 469
66 23 659
66 56 1462
66 70 5850
66 20 5473
66 6 2037
66 65 2777
66 57 2098
66 35 2621
66 11 4387
66 12 4484
66 29 3738
66 43 5837
66 27 213
66 50 4247
66 51 4447
66 73 3568
66 33 5632
66 1 5630
66 5 5362
66 42 3668
66 64 2728
66 54 6287
66 30 1182
66 7 5500
66 3 4966
66 36 5227
66 8 1641
66 15 3833
66 47 5093
66 74 4529
66 22 3909
66 63 4976
66 68 493
66 52 3159
66 61 3167
66 72 3737
66 69 1866
66 58 670
66 9 897
66 21 3157
66 75 35
66 26 6251
66 4 2524
66 25 356
66 31 2981
66 28 641
66 18 2265
67 34 3031
67 40 6067
67 23 1328
67 51 208
67 60 4426
67 47 5413
67 43 3441
67 73 6184
67 15 2015
67 6 3015
67 49 5624
67 11 4790
67 42 526
67 56 174
67 27 1720
67 32 5674
67 20 1024
67 65 3411
67 12 1945
67 37 3707
67 57 1493
67 17 880
67 69 3429
67 24 6263
67 68 3796
67 75 1326
67 61 393
67 36 1617
67 16 223
67 26 3710
67 45 6106
67 66 798
67 33 5387
67 38 1265
67 31 5846
67 64 1970
67 5 3437
67 59 518
67 50 636
67 29 4898
67 72 3333
67 21 767
67 9 313
67 18 3339
67 74 413
67 70 4541
67 46 6108
67 2 2219
67 52 1298
67 39 2066
67 7 4482
67 44 5919
67 41 5767
67 4 1236
68 57 1881
68 48 6111
68 45 2668
68 53 4971
68 19 3765
68 60 2440
68 10 1051
68 42 800
68 16 1723
68 34 5249
68 69 3881
68 36 5041
68 47 2931
68 41 3717
68 32 2839
68 29 1781
68 65 623
68 73 4144
68 55 5914
68 40 6001
68 9 2026
68 11 5036
68 51 1422
68 62 1060
68 75 2993
68 15 4444
68 30 1647
68 46 1781
68 25 3333
68 22 4119
68 7 237
68 35 4525
68 12 2249
68 66 713
68 63 4989
68 18 5799
68 64 5831
68 38 5683
68 13 2736
68 43 5416
68 39 5712
68 74 3349
68 8 1409
68 28 4354
68 44 4712
68 52 4203
68 37 3487
68 4 262
68 20 3298
68 21 170
68 72 2756
68 71 6172
68 5 2467
68 2 3243
68 1 1447
69 73 175
69 6 2465
69 74 3142
69 64 5842
69 30 5823
69 56 3498
69 59 2936
69 47 3504
69 22 5219
69 11 3225
69 51 3120
69 41 3662
69 67 1852
69 68 4346
69 52 3684
69 66 3909
69 28 1054
69 4 927
69 14 5290
69 44 4238
69 29 720
69 65 5229
69 42 3421
69 46 4469
69 55 779
69 48 3809
69 34 984
69 1 475
69 18 3086
69 54 6021
69 25 2967
69 61 551
69 13 34
69 15 1813
69 31 6176
69 72 4080
69 7 3238
69 50 841
69 35 4501
69 10 29
69 45 5190
69 26 4323
69 9 3353
69 58 5213
69 49 4391
69 2 2339
69 36 1657
69 24 372
69 32 404
69 12 1222
69 62 2822
69 63 1420
69 19 2023
69 16 2664
69 53 975
69 57 3917
69 8 4035
69 37 3761
69 17 5522
69 27 1632
69 3 5762
69 40 330
70 56 4358
70 64 2044
70 20 4597
70 14 4073
70 62 5241
70 54 5253
70 1 3262
70 12 2324
70 11 654
70 31 1744
70 47 2777
70 58 5716
70 51 4257
70 63 376
70 32 1252
70 28 4398
70 36 5950
70 40 2492
70 61 1640
70 43 2633
70 42 1996
70 2 1384
70 8 1768
70 39 534
70 75 5219
70 13 2111
70 5 3849
70 60 3341
70 15 430
70 37 4367
70 74 4350
70 34 2595
70 18 5039
70 38 964
70 44 2107
70 6 2145
70 67 6160
70 35 3388
70 23 2976
70 66 5991
70 52 1728
70 10 3599
70 16 3922
70 73 6100
70 45 3865
70 33 4196
70 24 2948
70 69 4645
70 21 3804
70 55 4252
70 68 901
70 50 5641
70 30 1878
70 9 4851
71 67 4978
71 73 3239
71 12 3307
71 30 4671
71 57 2912
71 61 2502
71 1 3828
71 46 3566
71 28 1034
71 62 5348
71 43 5539
71 65 6179
71 17 3354
71 63 5197
71 16 2990
71 20 2697
71 11 1021
71 59 2985
71 68 3770
71 51 746
71 55 205
71 47 987
71 5 2479
71 4 6216
71 48 6088
71 38 1082
71 64 2276
71 72 5779
71 3 1604
71 8 3403
71 31 3230
71 50 126
71 41 3298
71 52 5984
71 26 4804
71 69 6172
71 6 3125
71 18 4793
71 42 5224
71 74 6280
71 19 3597
71 75 719
71 70 2114
71 40 2571
71 21 1815
71 15 5145
71 13 271
71 24 6026
71 23 1060
71 39 3342
71 2 2246
71 60 3863
71 9 2551
71 58 974
71 10 2932
71 53 6156
71 33 5431
71 35 6127
71 56 5314
71 22 3478
71 7 1847
72 45 4138
72 33 4685
72 38 972
72 56 2034
72 42 4455
72 2 6199
72 17 1486
72 4 2059
72 57 6012
72 51 797
72 15 1308
72 41 3876
72 28 1259
72 54 465
72 36 3426
72 8 4165
72 68 3448
72 14 5141
72 6 3244
72 47 1901
72 61 6138
72 21 6153
72 13 6163
72 69 5493
72 63 733
72 53 121
72 59 5117
72 22 4944
72 29 6266
72 18 5042
72 9 60
72 11 4827
72 27 2153
72 34 5066
72 64 4163
72 58 4303
72 35 4948
72 60 2743
72 70 4192
72 52 3725
72 46 1818
72 65 5624
72 31 3868
72 62 5019
72 43 1882
72 30 692
72 12 1742
72 26 4192
72 39 2485
72 20 1689
72 10 4683
73 11 4812
73 19 2469
73 2 2767
73 36 4236
73 38 332
73 33 5062
73 41 2900
73 72 130
73 58 5899
73 31 4382
73 7 2169
73 70 3987
73 51 2197
73 16 4486
73 54 1703
73 6 1147
73 60 4459
73 26 5442
73 9 1723
73 12 1910
73 69 20
73 15 1009
73 55 82
73 64 1427
73 17 1643
73 66 89
73 29 2685
73 67 2070
73 65 863
73 48 3040
73 28 2265
73 43 6142
73 52 5164
73 23 1104
73 46 5950
73 39 5345
73 3 3673
73 14 6111
73 5 5149
73 37 5698
73 18 3070
73 61 2639
73 34 368
73 53 5696
73 4 4849
73 8 5376
73 22 4337
73 50 1319
73 59 2500
73 44 5918
73 62 6006
74 44 1702
74 3 767
74 45 2625
74 66 5729
74 29 222
74 55 3719
74 19 3021
74 72 4612
74 42 1636
74 36 2777
74 9 5740
74 35 503
74 68 5977
74 7 3006
74 53 4937
74 25 116
74 69 5264
74 39 6240
74 5 46
74 47 3881
74 14 2899
74 40 885
74 41 4893
74 12 2579
74 27 3501
74 46 1039
74 57 1659
74 59 2511
74 70 5248
74 16 1545
74 71 5526
74 17 640
74 20 3808
74 15 4038
74 37 1266
74 58 3437
74 31 3968
74 23 1521
74 21 2939
74 4 3083
74 38 1614
74 28 4519
74 65 445
74 60 4871
74 8 4365
74 63 446
74 64 910
74 75 5942
74 43 219
74 1 2140
74 26 1210
74 49 3307
74 34 2091
74 54 4894
74 2 5755
74 22 2291
74 73 4029
74 33 3023
74 67 1269
74 50 5188
75 38 591
75 60 2554
75 56 560
75 62 2997
75 64 5028
75 70 3272
75 45 6170
75 33 956
75 1 5292
75 12 3926
75 42 46
75 48 5614
75 30 1100
75 29 6263
75 46 2222
75 34 3909
75 32 263
75 54 5949
75 4 487
75 59 5208
75 21 3799
75 73 2775
75 25 2433
75 39 2628
75 6 5475
75 71 4788
75 61 926
75 19 2962
75 18 4903
75 23 4438
75 2 5313
75 9 4635
75 72 6288
75 47 1701
75 28 3210
75 27 4703
75 53 2471
75 14 5255
75 10 914
75 41 1153
75 24 3930
75 65 2096
75 58 1380
75 31 1238
75 8 1239
75 43 5801
75 15 3133
75 13 5692
75 35 1773
75 74 252
75 37 6149
75 52 2456
75 44 4444
75 50 568
75 17 32
75 57 2952
75 16 3267
75 66 4400
75 36 837
