75 4200
1 36 3094
1 25 4166
1 22 2892
1 13 1978
1 70 800
1 61 4207
1 55 1835
1 62 4027
1 23 1266
1 47 1568
1 43 5702
1 58 1955
1 30 6192
1 45 617
1 54 5902
1 11 3104
1 40 4655
1 35 5504
1 20 1421
1 71 2729
1 39 2891
1 32 1068
1 53 2886
1 24 4421
1 26 2355
1 41 1392
1 38 2908
1 44 5939
1 29 3569
1 46 2398
1 63 157
1 6 4212
1 4 4338
1 33 5336
1 74 4530
1 75 4041
1 9 5791
1 2 1897
1 16 6204
1 10 5630
1 12 2156
1 73 1908
1 7 5307
1 18 543
1 8 2777
1 48 105
1 68 2800
1 64 2108
1 69 3855
1 57 6014
1 72 5553
1 67 5846
1 65 4601
2 11 2211
2 52 2032
2 22 4388
2 49 656
2 67 2082
2 57 4659
2 31 6101
2 29 3762
2 7 5913
2 18 3706
2 71 4333
2 21 4663
2 51 1762
2 73 843
2 56 3154
2 45 1326
2 69 2668
2 28 5091
2 72 533
2 35 5844
2 53 5835
2 47 4498
2 4 5801
2 20 1783
2 37 1619
2 55 27
2 44 4113
2 70 4140
2 14 1093
2 19 3654
2 16 1692
2 15 3261
2 17 5688
2 48 4567
2 54 5554
2 1 1395
2 30 1819
2 62 2464
2 58 5694
2 75 4117
2 34 5643
2 6 5494
2 50 4867
2 46 6143
2 39 5031
2 43 2965
2 24 237
2 60 3500
2 32 3067
2 33 4048
2 68 4903
2 12 2231
2 64 742
2 3 4260
2 26 5161
2 59 929
2 13 1004
2 74 4826
3 18 829
3 30 4338
3 74 5187
3 40 2904
3 9 3745
3 41 1492
3 1 5838
3 50 2597
3 19 2396
3 61 3421
3 34 1721
3 70 1401
3 69 1307
3 22 5403
3 75 1848
3 11 1224
3 33 3289
3 46 2411
3 63 4902
3 73 5899
3 14 2343
3 56 4349
3 68 401
3 35 536
3 28 907
3 54 1964
3 42 4649
3 65 2325
3 44 1378
3 15 5600
3 32 1919
3 67 2823
3 66 4412
3 58 4675
3 16 5501
3 24 2185
3 55 88
3 48 2312
3 52 2976
3 23 1171
3 13 5305
3 51 4262
3 60 1950
3 71 5609
3 10 3424
3 6 1592
3 12 5656
3 49 3277
3 43 4817
3 20 5292
3 45 2401
3 53 273
3 7 649
3 38 2053
3 47 1530
3 26 5219
3 59 633
3 21 4569
4 75 3543
4 46 2086
4 3 5587
4 48 4730
4 61 1355
4 8 5959
4 27 5139
4 51 408
4 33 3057
4 40 2278
4 18 3964
4 57 6220
4 49 530
4 47 3740
4 53 536
4 9 312
4 11 4674
4 74 1813
4 70 4454
4 13 4595
4 10 1385
4 62 2876
4 34 5580
4 12 969
4 38 4995
4 19 36
4 31 374
4 1 5700
4 52 3046
4 69 723
4 56 2531
4 25 2
4 21 4225
4 41 4113
4 59 2524
4 30 4336
4 71 1071
4 37 820
4 54 4594
4 45 1802
4 44 5435
4 17 5336
4 28 1538
4 42 2710
4 55 2402
4 68 2328
4 39 1302
4 65 1705
4 22 780
4 64 4805
4 16 1410
4 32 2901
4 43 455
4 60 1080
4 6 1464
4 36 5449
4 14 4541
4 24 2607
5 25 4214
5 70 113
5 6 1919
5 33 1602
5 28 1707
5 57 3338
5 74 4298
5 12 2679
5 51 3252
5 29 6240
5 40 2818
5 43 4750
5 44 3136
5 19 4429
5 56 1767
5 24 5215
5 4 214
5 1 5191
5 65 3069
5 60 628
5 58 1855
5 22 1254
5 13 1614
5 55 2351
5 47 910
5 73 2685
5 75 2773
5 45 4352
5 52 5486
5 50 2303
5 15 2376
5 31 3804
5 59 4904
5 18 4796
5 26 5692
5 21 5510
5 62 22
5 38 4098
5 42 2271
5 53 2908
5 32 5799
5 69 2561
5 54 2318
5 20 795
5 30 4776
5 7 4977
5 72 763
5 3 4624
5 36 6267
5 67 1808
5 48 186
5 37 5988
5 34 1774
5 64 1504
6 33 1521
6 53 2095
6 66 1248
6 63 5698
6 17 4998
6 12 3946
6 29 2708
6 40 80
6 15 2687
6 61 516
6 49 1244
6 54 4179
6 21 772
6 64 163
6 19 625
6 2 4246
6 58 589
6 18 6167
6 45 4623
6 37 3529
6 51 4377
6 9 473
6 48 4958
6 5 579
6 74 3296
6 47 3193
6 55 5721
6 46 4704
6 36 5269
6 23 5318
6 73 5937
6 7 4662
6 31 1910
6 67 5697
6 50 385
6 52 2948
6 75 2425
6 27 6174
6 13 5867
6 42 1181
6 16 2284
6 57 3880
6 24 4291
6 60 1963
6 43 1371
6 1 2553
6 56 3910
6 4 3012
6 32 1100
6 71 1368
6 62 1637
6 70 3159
6 72 2685
6 30 4858
6 8 3072
6 68 2018
6 3 5499
6 69 5963
6 39 1110
6 59 2987
6 26 434
6 22 53
6 65 5969
6 38 1511
7 41 5741
7 4 2609
7 56 5103
7 73 2418
7 75 4514
7 15 1436
7 28 1943
7 48 2610
7 12 5133
7 3 497
7 17 4662
7 29 2539
7 31 2937
7 18 2283
7 67 2251
7 36 271
7 34 364
7 35 5898
7 69 3459
7 66 4409
7 45 4944
7 59 2571
7 21 3937
7 16 5275
7 24 6161
7 43 557
7 68 1799
7 65 3879
7 55 4121
7 62 5925
7 30 93
7 74 5443
7 52 3725
7 39 1495
7 60 1528
7 40 6028
7 63 2522
7 54 2050
7 38 1869
7 11 5752
7 13 4605
7 8 4119
7 61 1049
7 32 1043
7 1 806
7 23 3591
7 46 5459
7 10 1922
7 58 2148
7 33 933
7 27 1136
7 51 4970
7 9 5307
7 64 5354
7 22 203
7 70 4978
7 5 1509
7 37 576
8 23 2109
8 74 5329
8 11 2763
8 65 2406
8 30 3244
8 21 5689
8 10 736
8 54 4800
8 20 5720
8 59 4794
8 75 3108
8 26 5999
8 45 5095
8 1 3043
8 41 901
8 7 5901
8 12 3744
8 15 5562
8 58 5217
8 29 3418
8 28 4117
8 13 5760
8 67 1549
8 6 2147
8 71 4543
8 40 5755
8 38 3863
8 49 2518
8 51 5299
8 39 882
8 72 1310
8 46 2226
8 18 5150
8 73 2660
8 61 2357
8 5 3183
8 22 2181
8 34 5474
8 42 4954
8 25 1762
8 36 2579
8 60 610
8 33 2871
8 44 2471
8 24 1335
8 35 3559
8 53 3268
8 70 2441
8 32 5172
8 66 5972
8 57 2874
8 68 5175
8 31 250
8 3 3311
8 4 2844
9 71 5498
9 57 5294
9 10 2284
9 15 3765
9 21 1063
9 29 3125
9 17 440
9 69 2290
9 40 2180
9 54 1392
9 31 4960
9 16 2917
9 55 153
9 46 2467
9 3 13
9 47 841
9 51 3388
9 8 4755
9 68 908
9 43 3317
9 26 3815
9 19 3924
9 33 4863
9 70 6114
9 34 5269
9 36 1253
9 12 3711
9 67 5487
9 14 1313
9 4 87
9 42 1677
9 52 4058
9 37 1049
9 72 2445
9 49 4058
9 53 3750
9 60 2858
9 7 5533
9 24 6071
9 65 2186
9 23 1091
9 35 3424
9 22 5263
9 45 3998
9 5 4244
9 66 1857
9 30 5071
9 32 3930
9 27 1874
9 6 1504
9 63 3944
9 74 827
9 11 431
9 59 4915
9 48 742
9 41 4226
10 74 5332
10 71 5176
10 51 3161
10 24 2303
10 36 3418
10 12 68
10 41 3564
10 32 857
10 2 5072
10 70 2957
10 13 4047
10 26 2160
10 54 266
10 56 3994
10 39 2460
10 11 2050
10 73 2411
10 14 2893
10 29 2545
10 33 2574
10 30 1856
10 62 603
10 31 5344
10 43 5888
10 4 1030
10 15 3829
10 5 4578
10 61 1438
10 66 4409
10 8 2600
10 53 5116
10 35 2863
10 65 5468
10 7 5743
10 59 1838
10 37 2145
10 49 3724
10 40 1411
10 28 3319
10 48 5316
10 67 778
10 21 3267
10 57 2463
10 44 1021
10 3 1639
10 19 520
10 75 2814
10 45 5829
10 50 723
10 60 123
10 27 3374
10 17 1423
10 64 4703
10 23 5944
10 46 4517
10 55 6116
10 16 1276
11 24 1465
11 32 1361
11 3 5265
11 35 5448
11 45 2839
11 10 885
11 15 2296
11 33 853
11 62 4429
11 27 2352
11 23 2278
11 52 2944
11 49 701
11 40 1741
11 43 4228
11 51 3609
11 30 4888
11 39 2420
11 50 4562
11 58 3361
11 14 3067
11 70 4206
11 8 5658
11 68 1214
11 73 1380
11 38 2496
11 74 5395
11 22 399
11 69 1874
11 61 3264
11 5 4094
11 37 2806
11 65 2293
11 13 1539
11 4 5418
11 21 4591
11 64 3232
11 59 3272
11 75 2101
11 44 4079
11 60 1265
11 42 241
11 41 91
11 34 1881
11 31 1449
11 7 400
11 36 1167
11 18 5432
11 71 3089
11 28 2197
11 29 3375
11 48 3060
11 6 4402
11 56 773
11 46 4739
11 17 1562
11 66 5957
12 4 2296
12 62 1819
12 72 770
12 42 575
12 66 4833
12 30 3116
12 13 3988
12 46 5139
12 69 25
12 49 839
12 37 1569
12 17 4916
12 41 650
12 54 6227
12 14 387
12 35 780
12 5 2837
12 16 977
12 65 4209
12 39 1586
12 51 2863
12 32 3079
12 22 282
12 11 524
12 20 5218
12 61 1137
12 75 1332
12 45 6135
12 1 4128
12 67 4326
12 74 989
12 73 4237
12 40 3946
12 64 3600
12 3 5068
12 33 1219
12 47 2004
12 38 5502
12 43 5167
12 24 2453
12 31 1445
12 19 5239
12 50 918
12 63 2751
12 27 4422
12 26 639
12 36 880
12 15 3783
12 10 4473
12 71 4848
12 2 4501
12 29 3148
12 53 3378
12 56 5871
12 7 3555
13 5 2504
13 59 4849
13 30 4450
13 60 2018
13 37 1630
13 33 2620
13 70 3167
13 32 3269
13 31 5544
13 63 1391
13 40 2717
13 24 1815
13 3 4896
13 20 1715
13 66 4224
13 45 2883
13 11 535
13 21 691
13 48 3554
13 71 1511
13 12 4898
13 39 5442
13 46 5952
13 4 1603
13 61 5575
13 62 150
13 23 2970
13 69 5557
13 50 5291
13 7 3853
13 65 5484
13 19 4452
13 34 3602
13 74 1821
13 26 1444
13 54 5486
13 73 4049
13 36 415
13 68 3140
13 8 891
13 10 5653
13 42 2586
13 75 4934
13 29 89
13 22 3733
13 64 5605
13 27 309
13 67 3455
13 41 2104
13 56 5071
13 15 3809
13 47 1382
13 55 5288
13 2 6208
13 53 4370
13 51 1827
13 57 4309
13 38 5947
13 9 6075
13 49 422
13 44 9
14 1 1630
14 45 6125
14 21 2603
14 25 5740
14 29 5835
14 64 2609
14 68 4880
14 73 5633
14 32 3849
14 38 448
14 48 6194
14 53 3815
14 2 1913
14 16 746
14 63 4454
14 61 5214
14 58 4581
14 71 1938
14 37 72
14 47 6130
14 26 2986
14 41 1722
14 34 656
14 20 5983
14 55 286
14 4 2115
14 66 3833
14 18 3659
14 67 4958
14 35 4733
14 51 743
14 15 5047
14 46 311
14 44 5661
14 19 5994
14 13 2562
14 43 3995
14 22 3252
14 62 1853
14 42 509
14 39 104
14 54 3025
14 36 6275
14 59 2419
14 50 4609
14 24 1298
14 12 4267
14 65 141
14 10 5007
14 60 4173
14 72 2746
14 57 3225
14 11 5691
14 3 800
14 56 1336
15 10 2509
15 55 39
15 20 5248
15 6 3823
15 50 1237
15 51 5653
15 30 1806
15 8 2600
15 53 2363
15 21 2520
15 69 1841
15 61 3591
15 70 2274
15 31 2560
15 2 2278
15 46 4445
15 40 702
15 36 3497
15 58 483
15 13 319
15 25 4226
15 28 834
15 60 1685
15 49 126
15 39 3916
15 16 1198
15 47 3215
15 44 4410
15 33 4105
15 75 4633
15 68 349
15 66 4541
15 62 2683
15 63 5006
15 12 359
15 3 1958
15 72 5218
15 34 3112
15 22 2592
15 35 1438
15 56 2850
15 9 1668
15 27 1467
15 64 4742
15 5 6054
15 52 1717
15 41 5246
15 4 2164
15 73 165
15 43 3153
15 59 5594
16 61 163
16 54 1680
16 53 3919
16 62 3261
16 37 4807
16 41 3105
16 4 5648
16 32 76
16 55 1084
16 56 1627
16 34 3524
16 28 5958
16 39 2328
16 33 4820
16 67 5395
16 59 369
16 26 5347
16 63 1786
16 45 3942
16 14 6171
16 51 68
16 35 1267
16 3 5621
16 64 3213
16 58 3002
16 5 5560
16 30 802
16 65 1052
16 48 5268
16 11 2677
16 31 836
16 12 5479
16 9 3261
16 72 4734
16 71 2868
16 8 1820
16 74 4605
16 22 571
16 27 1872
16 46 2316
16 13 4760
16 40 613
16 70 4488
16 21 2864
16 50 4533
16 10 5119
16 15 1360
16 68 1482
16 69 4887
17 9 5537
17 59 3885
17 66 2272
17 60 5920
17 46 3612
17 48 3832
17 21 1409
17 24 1894
17 19 73
17 14 3623
17 23 4095
17 26 1819
17 50 5472
17 56 5943
17 51 2132
17 36 121
17 65 5078
17 54 2473
17 15 6140
17 32 1871
17 4 887
17 72 2050
17 38 3154
17 12 4338
17 62 2915
17 75 4840
17 40 1252
17 13 4304
17 7 4002
17 47 735
17 61 746
17 31 114
17 10 6055
17 41 4772
17 64 2101
17 28 4851
17 44 918
17 16 149
17 20 6298
17 1 4550
17 5 3367
17 2 5326
17 35 1258
17 70 1219
17 63 4193
17 52 4454
17 3 727
17 67 2549
17 39 735
17 18 3557
17 74 2083
17 55 257
17 34 2006
17 43 1567
17 45 4215
17 30 3187
17 69 2535
17 11 1013
17 37 281
17 49 5692
17 27 3061
18 61 5981
18 19 2352
18 62 5920
18 11 4857
18 35 1141
18 21 6236
18 2 4563
18 73 2610
18 46 1822
18 9 2598
18 47 5895
18 16 538
18 38 1517
18 14 6298
18 55 99
18 57 6252
18 17 848
18 6 4515
18 59 2619
18 13 3169
18 41 1260
18 24 1133
18 66 1270
18 26 5161
18 71 1449
18 58 2605
18 12 957
18 22 5820
18 64 2020
18 50 2318
18 23 3640
18 44 4260
18 48 5552
18 5 283
18 56 6138
18 32 1984
18 25 1261
18 10 5115
18 43 6052
18 53 4910
18 40 3719
18 28 4983
18 33 4951
18 4 3033
18 54 1968
18 52 4454
18 63 3964
18 37 5325
18 1 5648
18 72 595
18 8 2005
18 75 3219
18 51 3150
18 31 1124
18 29 2366
19 23 3171
19 41 1762
19 21 2622
19 4 3328
19 45 3723
19 57 3322
19 18 702
19 14 2042
19 17 2870
19 52 4592
19 32 294
19 56 249
19 27 1373
19 9 5484
19 70 1048
19 58 6156
19 44 1822
19 50 2206
19 10 616
19 63 595
19 31 4087
19 73 1309
19 2 1481
19 22 67
19 40 4905
19 75 6241
19 15 4086
19 61 4405
19 51 2992
19 43 2946
19 49 5076
19 20 1121
19 68 5881
19 60 6197
19 74 5440
19 26 6008
19 62 774
19 6 1705
19 34 2722
19 42 5381
19 11 107
19 36 1931
19 28 725
19 53 6096
19 55 1831
19 69 3711
19 67 294
19 54 5998
19 71 3926
19 33 2649
19 16 1838
19 38 3558
19 39 2837
19 3 6183
19 8 3064
19 64 4094
20 11 4423
20 3 4268
20 23 2811
20 39 4922
20 27 2963
20 31 5948
20 22 4490
20 34 4540
20 65 6200
20 5 2841
20 64 3606
20 67 4953
20 32 2896
20 60 1627
20 74 3900
20 1 1281
20 42 4979
20 52 5340
20 13 281
20 55 2049
20 72 5286
20 38 126
20 51 1900
20 68 2121
20 49 68
20 56 1577
20 8 918
20 48 3888
20 35 881
20 30 553
20 75 2052
20 10 4618
20 66 1936
20 21 3615
20 29 3648
20 61 1542
20 44 2290
20 40 4233
20 70 3150
20 24 1108
20 47 4305
20 59 5858
20 14 4080
20 36 484
20 28 4644
20 6 1471
20 12 6261
20 26 5700
20 9 6294
20 7 174
20 17 5445
21 11 2823
21 68 389
21 67 1480
21 75 684
21 28 3557
21 15 5957
21 9 1842
21 36 3154
21 23 4633
21 20 1574
21 19 1578
21 69 4226
21 50 703
21 73 4515
21 52 1110
21 44 1025
21 5 1417
21 51 1585
21 33 4075
21 47 1479
21 10 5309
21 43 1613
21 46 562
21 29 3347
21 71 5321
21 54 5418
21 40 2457
21 24 3246
21 34 3065
21 39 6012
21 27 771
21 63 4965
21 53 5266
21 12 4963
21 64 3629
21 13 2961
21 55 3935
21 66 3368
21 3 1171
21 6 199
21 16 942
21 4 2379
21 49 1624
21 8 3151
21 65 1593
21 7 2115
21 48 4285
21 25 1696
21 59 4827
21 74 2124
22 49 2757
22 23 2847
22 19 6256
22 8 4466
22 32 1057
22 26 6036
22 17 4780
22 6 2522
22 72 372
22 31 5991
22 5 5852
22 51 4066
22 61 857
22 42 6284
22 11 720
22 29 5901
22 21 1714
22 53 3362
22 12 6190
22 39 2098
22 59 301
22 55 5739
22 45 138
22 35 51
22 68 12
22 62 2332
22 75 3767
22 25 3897
22 16 2048
22 74 3618
22 65 2649
22 69 3576
22 46 1552
22 58 5641
22 2 2484
22 33 2483
22 3 4514
22 57 5349
22 24 803
22 52 986
22 50 977
22 73 5508
22 37 5221
22 28 1973
22 43 4784
22 7 4082
22 9 1599
22 56 3146
22 27 3053
22 70 2723
22 4 3909
22 64 4034
22 54 3952
22 71 5951
22 60 1010
22 67 70
22 44 6010
22 63 1942
22 30 2574
23 13 3160
23 39 503
23 45 2985
23 11 2158
23 5 1611
23 61 2211
23 34 1293
23 55 134
23 3 1720
23 70 3466
23 19 351
23 54 2971
23 63 6073
23 1 2078
23 10 4737
23 57 5069
23 58 5889
23 50 268
23 46 2798
23 69 2635
23 62 3410
23 56 4424
23 42 5009
23 12 3412
23 8 5718
23 24 2711
23 30 5577
23 75 1365
23 25 5345
23 29 355
23 36 3675
23 38 5792
23 74 5733
23 43 6091
23 59 1213
23 32 1366
23 22 1144
23 26 2152
23 67 3892
23 15 5768
23 44 6261
23 7 2642
23 16 5315
23 51 2613
23 2 6227
23 17 1703
23 33 3830
23 14 240
23 60 3716
23 64 1432
23 48 1228
23 20 4222
23 72 2927
23 49 4813
23 18 4145
23 65 5600
23 52 3006
23 53 3322
24 4 5605
24 49 5832
24 25 2319
24 74 5083
24 39 2260
24 65 1950
24 44 5174
24 54 1656
24 68 3056
24 8 4969
24 51 2855
24 50 5778
24 15 5300
24 62 72
24 22 991
24 42 101
24 46 4354
24 19 5408
24 53 2087
24 23 720
24 28 4640
24 18 1106
24 3 1876
24 7 4571
24 32 3946
24 33 4731
24 72 5698
24 43 363
24 40 4457
24 36 1765
24 20 2560
24 21 5941
24 27 4195
24 59 3802
24 67 374
24 10 181
24 52 2723
24 58 968
24 61 6046
24 64 3032
24 57 765
24 9 428
24 47 1636
24 34 5846
24 30 4929
24 75 2421
24 37 451
24 31 886
24 35 1940
24 17 6083
25 15 5281
25 65 1615
25 40 4881
25 30 6152
25 52 2574
25 60 3166
25 56 4088
25 58 2152
25 53 2967
25 68 2772
25 19 2479
25 28 1398
25 31 5492
25 5 1418
25 4 5402
25 51 2054
25 7 4876
25 39 4800
25 21 4670
25 48 2394
25 33 3922
25 22 4842
25 67 723
25 1 4245
25 9 644
25 47 4521
25 13 4149
25 70 2754
25 42 5227
25 61 772
25 72 6132
25 32 2645
25 38 2152
25 55 1458
25 75 4427
25 34 3114
25 18 2498
25 46 2193
25 74 1795
25 57 5387
25 73 513
25 35 609
25 36 380
25 71 6152
25 24 2272
25 8 4695
25 11 240
25 3 1666
25 16 94
25 64 3213
25 12 5402
25 69 978
25 45 3894
25 26 6200
25 10 5912
25 20 2747
26 24 1047
26 71 1379
26 54 2833
26 64 2074
26 17 3654
26 9 2570
26 59 1755
26 37 4163
26 45 5532
26 60 60
26 44 5191
26 29 4961
26 73 2716
26 65 358
26 62 5687
26 34 5115
26 16 3131
26 7 17
26 68 5585
26 3 4187
26 21 2666
26 51 2250
26 27 88
26 69 1736
26 1 1525
26 22 1416
26 52 2808
26 53 5897
26 19 5687
26 33 3438
26 11 174
26 20 1448
26 75 2207
26 61 4826
26 66 426
26 40 5610
26 38 1393
26 63 6058
26 15 1836
26 23 2991
26 72 3535
26 41 1937
26 70 3024
26 55 1675
26 43 2738
26 25 5835
26 4 2603
26 2 1307
26 31 2351
26 35 5884
26 46 271
26 58 3044
26 57 2220
26 42 1279
26 39 847
27 30 5576
27 18 2185
27 58 313
27 56 3191
27 70 3779
27 43 3100
27 9 5715
27 3 2954
27 24 4673
27 10 893
27 57 2264
27 49 2571
27 46 2686
27 65 995
27 41 4224
27 53 5701
27 45 5532
27 37 5847
27 5 4575
27 23 1450
27 12 2256
27 66 789
27 15 5857
27 38 5434
27 25 3911
27 35 2706
27 54 1956
27 31 226
27 14 5163
27 11 3171
27 36 2458
27 59 4796
27 44 4097
27 42 5222
27 28 1632
27 71 1597
27 74 5297
27 33 5249
27 2 3719
27 73 3135
27 68 29
27 22 5293
27 32 5328
27 62 2538
27 7 6107
27 55 5758
27 6 208
27 29 1036
27 69 1695
27 21 2401
27 39 2003
27 72 5102
28 72 1876
28 71 2929
28 29 4646
28 46 507
28 50 3003
28 14 301
28 52 4974
28 22 602
28 8 1860
28 56 1754
28 44 2300
28 45 5540
28 11 4200
28 13 4322
28 55 4876
28 62 3494
28 69 2480
28 38 3094
28 36 4322
28 7 952
28 19 1409
28 59 2021
28 68 1996
28 3 2770
28 10 1329
28 61 596
28 23 1947
28 35 5691
28 42 1480
28 6 2326
28 17 1837
28 74 2532
28 32 3080
28 60 678
28 65 3473
28 43 5211
28 67 21
28 25 2804
28 2 1348
28 21 2541
28 63 3609
28 20 3659
28 5 3284
28 27 6212
28 64 3684
28 41 4319
28 26 5090
28 47 3220
28 73 687
28 39 3041
28 18 3438
28 53 1561
28 54 3439
29 40 5562
29 70 3877
29 43 3796
29 63 831
29 58 5212
29 10 204
29 39 5918
29 21 1152
29 65 286
29 49 3292
29 54 1715
29 23 4254
29 15 2279
29 57 5606
29 72 2369
29 7 2281
29 5 3282
29 1 2523
29 73 2231
29 50 1542
29 64 6214
29 6 6100
29 69 5523
29 36 2439
29 44 3342
29 66 1971
29 24 5977
29 4 2092
29 46 3311
29 35 1535
29 2 5303
29 61 3963
29 42 1089
29 17 3657
29 14 1928
29 38 725
29 60 2838
29 75 6171
29 25 5214
29 32 629
29 26 2450
29 62 3922
29 13 1416
29 47 3034
29 45 3833
29 59 3328
29 20 2700
29 37 6241
29 71 289
29 41 1117
29 22 592
29 51 4942
29 33 1589
29 12 2847
29 19 4374
29 31 1846
29 34 4987
30 56 3474
30 7 1010
30 28 346
30 19 99
30 71 1614
30 11 1885
30 57 2433
30 10 1376
30 5 78
30 14 3748
30 74 344
30 45 1824
30 8 1559
30 33 392
30 3 5512
30 6 4748
30 69 1094
30 32 3534
30 63 5490
30 20 2529
30 24 5161
30 58 3760
30 67 2816
30 66 1296
30 17 1622
30 70 5056
30 2 4544
30 59 650
30 29 3460
30 26 4545
30 55 2510
30 75 5493
30 25 2405
30 15 1581
30 72 3491
30 64 1254
30 42 3667
30 36 4499
30 16 1478
30 47 3598
30 41 5444
30 35 465
30 44 5118
30 13 4325
30 65 4541
30 31 2958
30 23 296
30 39 6267
30 61 5429
30 21 1973
30 52 3111
30 40 3150
30 37 771
31 1 4440
31 60 3339
31 26 3782
31 5 1710
31 11 5780
31 70 5408
31 7 2438
31 75 1219
31 29 3384
31 32 4672
31 64 3230
31 45 2737
31 57 2226
31 71 5298
31 16 1033
31 73 4680
31 50 3204
31 74 34
31 72 4586
31 10 5730
31 49 4892
31 36 1099
31 4 5959
31 24 3750
31 48 4286
31 61 2235
31 27 2064
31 20 1632
31 22 5558
31 13 2480
31 55 2602
31 38 969
31 8 5086
31 58 672
31 30 571
31 59 2835
31 9 2921
31 17 1873
31 53 462
31 67 5901
31 52 4727
31 47 4520
31 34 710
31 63 1439
31 46 1109
31 39 379
31 2 1377
31 62 5566
31 6 2241
32 31 2826
32 42 2688
32 72 1656
32 55 3759
32 61 5856
32 48 3957
32 23 2921
32 59 72
32 17 182
32 73 3565
32 26 1124
32 30 1719
32 16 1882
32 52 2972
32 27 2118
32 2 5135
32 50 3468
32 47 5020
32 46 3873
32 1 3457
32 33 4518
32 7 5315
32 69 4884
32 19 3508
32 18 4025
32 66 5100
32 39 6278
32 64 1124
32 41 790
32 45 118
32 60 5071
32 13 1521
32 67 2924
32 53 2257
32 35 1623
32 74 1713
32 54 1716
32 25 6106
32 22 6163
32 29 3865
32 34 388
32 9 5871
32 65 4504
32 8 5190
32 71 5692
32 62 5320
32 15 1045
32 6 93
32 44 5118
32 63 3706
32 58 283
33 41 5994
33 45 6285
33 73 5428
33 59 4206
33 18 4031
33 22 1968
33 6 6034
33 10 5077
33 26 3964
33 51 4457
33 27 5095
33 69 1518
33 50 5623
33 53 1065
33 64 3181
33 48 5462
33 15 5511
33 60 4042
33 30 752
33 36 5812
33 34 5069
33 74 1309
33 19 4992
33 24 5939
33 16 2269
33 2 4997
33 71 212
33 12 2447
33 7 4895
33 29 5343
33 62 5050
33 20 4594
33 11 5677
33 54 2634
33 70 3473
33 23 2492
33 32 199
33 43 5931
33 1 2830
33 72 2393
33 17 2644
33 56 2869
33 31 2128
33 67 2656
33 5 4584
33 38 1605
33 44 2054
33 61 4570
33 52 4043
33 39 5743
34 64 3465
34 58 4672
34 74 5077
34 18 110
34 28 2650
34 33 2842
34 17 491
34 66 1275
34 45 3105
34 4 832
34 51 3006
34 31 2268
34 63 1603
34 14 5568
34 59 6280
34 13 3311
34 57 1014
34 50 803
34 10 1582
34 19 221
34 47 1038
34 3 5511
34 67 2455
34 7 3116
34 52 1736
34 75 3440
34 43 5428
34 56 969
34 24 3612
34 2 5264
34 22 4808
34 38 821
34 37 2580
34 53 3377
34 21 4537
34 65 1490
34 5 6145
34 39 3140
34 20 3423
34 49 5525
34 15 5670
34 23 3920
34 72 5230
34 29 3126
34 30 692
34 42 1045
34 1 5526
34 36 4805
34 40 4140
34 12 3061
34 26 5240
34 9 5880
34 32 3513
34 16 5934
34 48 4977
34 8 915
34 11 3595
34 70 2166
35 75 1343
35 58 6231
35 23 1621
35 27 6127
35 60 156
35 39 3479
35 14 4278
35 50 1956
35 45 3632
35 7 435
35 47 4607
35 13 3742
35 51 4840
35 54 381
35 38 5003
35 5 2566
35 25 4300
35 10 162
35 63 3425
35 40 2929
35 33 4442
35 20 1617
35 74 2923
35 46 5755
35 56 3253
35 43 2670
35 44 1490
35 72 83
35 55 4178
35 32 5966
35 8 4397
35 69 548
35 71 2376
35 66 2879
35 21 362
35 42 5073
35 26 1287
35 4 5625
35 28 3162
35 53 1598
35 41 540
35 49 1807
35 16 3162
35 59 1807
35 52 3768
35 64 5755
35 11 6209
35 24 4493
35 68 4846
35 19 1837
35 22 5068
35 62 500
35 65 830
35 29 3305
35 3 4222
35 37 4151
35 48 2046
35 17 4300
35 31 4292
35 70 1057
35 36 5367
35 57 5138
35 18 4551
35 73 4055
36 23 797
36 20 507
36 39 820
36 59 2350
36 44 5475
36 49 4060
36 63 4615
36 61 2603
36 46 5293
36 43 5322
36 33 5799
36 31 1534
36 13 1114
36 57 3613
36 38 769
36 2 4965
36 6 5425
36 41 739
36 19 4055
36 51 5854
36 74 4480
36 8 2953
36 32 5319
36 60 4836
36 12 748
36 5 6148
36 24 1675
36 30 4377
36 21 3270
36 42 3965
36 71 3814
36 53 3506
36 73 1547
36 64 5933
36 4 58
36 3 1873
36 67 5153
36 28 2542
36 70 741
36 26 1902
36 58 2987
36 16 4244
36 7 5308
36 66 6178
36 10 3308
36 72 2108
36 52 1182
36 9 562
36 27 3656
36 18 4508
36 35 204
36 47 298
36 40 1446
36 62 3638
36 25 1503
36 37 5535
36 29 5893
37 28 3099
37 49 5723
37 35 870
37 38 5363
37 74 3613
37 50 621
37 30 1136
37 31 5897
37 7 3686
37 14 595
37 70 922
37 23 2093
37 46 2570
37 59 6238
37 17 4725
37 43 1101
37 1 3093
37 66 1160
37 24 2679
37 56 15
37 6 1509
37 29 5123
37 10 4032
37 16 3329
37 53 4583
37 12 661
37 58 4645
37 54 5657
37 44 6088
37 39 994
37 8 3629
37 25 3254
37 51 869
37 18 2021
37 61 724
37 27 59
37 52 6025
37 55 1361
37 69 444
37 64 1515
37 9 4313
37 22 1125
37 40 470
37 2 3035
37 67 6131
37 19 4439
37 36 3638
37 3 3890
37 65 4263
37 68 5455
37 34 3238
37 73 392
37 63 6143
37 71 556
37 60 5499
37 33 3772
38 54 2006
38 2 226
38 61 4583
38 30 1083
38 44 5508
38 33 3900
38 4 333
38 26 3232
38 43 363
38 67 5611
38 10 5226
38 28 334
38 70 5376
38 45 5269
38 55 2536
38 60 3501
38 71 3657
38 65 4452
38 12 2511
38 64 1003
38 35 58
38 72 4050
38 46 6143
38 24 2356
38 51 63
38 52 5905
38 8 4680
38 41 4205
38 37 5605
38 42 3208
38 69 1034
38 7 5672
38 1 4750
38 48 3480
38 32 3641
38 9 1557
38 36 4090
38 3 4460
38 73 5913
38 57 3118
38 20 4227
38 22 1211
38 63 1026
38 34 3452
38 49 3487
38 23 5567
38 59 5673
38 50 2431
38 21 2698
38 14 3370
38 5 684
38 56 4652
38 17 3193
38 39 3522
38 40 3665
38 58 757
38 66 120
38 19 5075
38 15 525
39 38 949
39 50 974
39 23 2801
39 62 1888
39 68 1691
39 61 1674
39 74 2956
39 75 5124
39 20 3548
39 12 5601
39 30 2830
39 22 3566
39 58 4660
39 13 661
39 3 5259
39 60 2622
39 69 1105
39 32 4997
39 56 1069
39 44 2830
39 27 2974
39 16 1400
39 24 3991
39 63 1994
39 36 3205
39 25 4969
39 49 2010
39 1 3328
39 71 1469
39 18 1729
39 55 4227
39 54 276
39 59 2437
39 42 2719
39 64 3297
39 37 3934
39 29 4824
39 7 1345
39 53 5298
39 47 1416
39 48 5510
39 41 1241
39 52 2584
39 72 2990
39 70 505
39 11 819
39 33 3246
39 15 2647
39 19 4032
39 14 4022
39 46 252
39 45 4870
39 43 6025
39 9 3833
39 10 1119
39 26 2317
39 17 3655
39 5 2210
39 66 498
39 6 797
40 33 2678
40 15 1897
40 31 967
40 28 4636
40 43 2028
40 16 1329
40 3 3890
40 42 4334
40 41 426
40 58 2576
40 35 247
40 70 3335
40 14 2854
40 63 5804
40 48 707
40 64 1218
40 18 5799
40 21 734
40 62 4418
40 34 6229
40 8 2574
40 44 3013
40 25 4756
40 46 2582
40 47 171
40 30 5159
40 23 3582
40 24 2097
40 71 5290
40 38 3012
40 53 4219
40 69 6122
40 26 3047
40 32 2547
40 5 4431
40 75 1671
40 74 5870
40 49 3299
40 17 1035
40 51 1352
40 20 2544
40 22 2223
40 19 772
40 60 2754
40 56 1959
40 39 4519
40 13 778
40 45 3169
40 11 5770
40 12 1664
40 37 447
40 7 4362
40 68 1144
40 29 2818
40 4 6140
40 27 5553
41 12 2725
41 29 1261
41 70 2212
41 11 576
41 63 4623
41 25 2918
41 68 3180
41 66 5298
41 42 5596
41 55 3350
41 3 3410
41 21 3279
41 1 5490
41 16 846
41 34 6195
41 17 6147
41 56 5463
41 2 4740
41 37 2511
41 10 2403
41 13 789
41 14 3790
41 5 1217
41 23 2510
41 53 2642
41 19 5390
41 33 2931
41 32 3051
41 58 3011
41 24 5824
41 22 4535
41 26 5132
41 20 3168
41 52 430
41 45 4682
41 9 5137
41 36 4940
41 51 1848
41 40 3594
41 65 3698
41 60 347
41 74 1293
41 39 3664
41 75 6112
41 18 3890
41 62 5819
41 57 4826
41 61 1898
41 73 2506
41 35 3240
41 47 3773
41 30 1853
41 48 5579
41 69 3813
41 67 2695
42 43 2511
42 66 3919
42 73 816
42 5 3529
42 28 1859
42 40 2106
42 1 6211
42 2 2932
42 38 6035
42 58 946
42 51 2785
42 16 734
42 70 1788
42 22 5300
42 12 1298
42 6 4118
42 4 435
42 50 6247
42 35 1865
42 68 17
42 10 2298
42 48 4672
42 27 5644
42 49 5781
42 72 392
42 46 4241
42 8 5808
42 32 3616
42 39 1711
42 67 2370
42 19 3841
42 74 5337
42 34 254
42 45 775
42 37 917
42 18 2116
42 61 658
42 54 3088
42 47 2306
42 41 4727
42 75 3255
42 21 5010
42 25 1825
42 44 4324
42 17 22
42 3 5695
42 9 1249
42 59 2574
42 53 3931
42 15 654
42 60 1655
42 36 854
42 31 5847
42 65 4624
42 7 3329
43 33 1414
43 15 1068
43 30 1268
43 27 1869
43 69 5548
43 28 2126
43 64 68
43 22 1316
43 60 2813
43 71 3219
43 56 5183
43 25 1690
43 47 1554
43 9 3766
43 38 562
43 42 5807
43 37 5506
43 53 2216
43 31 3050
43 11 4871
43 62 3040
43 73 3203
43 54 3092
43 21 3451
43 29 1974
43 72 1315
43 65 892
43 13 2640
43 68 4304
43 6 5533
43 40 4066
43 18 3973
43 74 1879
43 26 3571
43 23 770
43 58 4683
43 35 704
43 44 3822
43 49 3611
43 5 1457
43 52 4422
43 57 1925
43 55 5088
43 3 1163
43 41 5417
43 17 3134
43 4 2334
43 51 1585
43 50 3859
43 20 2583
43 75 4272
43 48 1940
43 2 4121
43 45 435
43 8 600
43 36 1345
44 12 3240
44 6 1470
44 5 5030
44 41 3444
44 34 6267
44 58 3200
44 55 2921
44 26 488
44 62 1371
44 30 5505
44 64 2313
44 29 253
44 3 1692
44 59 3879
44 7 1524
44 35 2816
44 31 1956
44 25 5298
44 20 4214
44 38 689
44 74 643
44 1 1134
44 47 732
44 18 490
44 19 2897
44 24 3785
44 75 4098
44 27 4732
44 9 1573
44 66 1735
44 73 1507
44 15 1171
44 28 430
44 17 1825
44 45 3895
44 65 1872
44 54 2472
44 42 297
44 39 2249
44 10 3286
44 67 1696
44 70 1004
44 51 5329
44 21 5623
44 32 2907
44 53 3707
44 22 3343
44 16 3450
44 60 3220
44 69 4459
44 8 5242
44 37 111
44 61 4801
44 57 2625
44 13 1392
44 49 1598
44 40 4087
45 17 1855
45 30 6186
45 8 5495
45 54 1648
45 49 3051
45 1 1180
45 9 2383
45 22 4939
45 34 4630
45 38 4644
45 59 5909
45 53 5371
45 4 116
45 46 980
45 50 4468
45 64 3255
45 13 1834
45 52 5672
45 5 6199
45 19 1961
45 55 93
45 41 4517
45 14 1175
45 70 2598
45 67 262
45 11 4315
45 65 2928
45 24 447
45 69 2349
45 71 5637
45 21 543
45 7 1228
45 31 4895
45 16 727
45 61 2834
45 68 797
45 48 4981
45 42 5207
45 60 3004
45 27 1047
45 63 369
45 39 5988
45 18 6161
45 35 4837
45 23 5918
45 2 696
45 40 3041
45 44 1174
45 51 154
45 33 161
45 20 446
45 74 4544
45 25 365
45 36 2488
45 47 1245
45 56 5314
46 30 4244
46 66 5643
46 40 6170
46 3 6047
46 18 3633
46 52 4714
46 17 6199
46 68 170
46 39 2259
46 28 4503
46 6 3786
46 7 6221
46 33 4737
46 42 4363
46 16 6218
46 45 3505
46 38 4536
46 19 105
46 26 1137
46 49 4463
46 8 5653
46 37 3338
46 24 1027
46 65 676
46 70 2990
46 53 5422
46 15 914
46 72 4357
46 36 961
46 34 5861
46 64 4472
46 50 1266
46 44 5955
46 57 3194
46 73 1114
46 59 3782
46 12 5381
46 5 5165
46 27 2823
46 4 1313
46 1 4276
46 71 3031
46 69 1763
46 54 1865
46 48 3728
46 35 2222
46 20 5296
46 2 4216
46 61 3724
46 23 220
46 14 4145
46 67 2151
46 9 4960
46 10 168
46 25 3234
46 31 3522
46 63 2670
47 36 4268
47 31 1700
47 6 1460
47 69 5755
47 30 336
47 39 6077
47 8 165
47 71 1684
47 35 2559
47 21 5069
47 61 1304
47 38 4544
47 43 3691
47 4 4793
47 32 1952
47 58 876
47 57 1614
47 9 224
47 10 2239
47 28 5635
47 55 3210
47 19 1225
47 53 3485
47 51 2516
47 12 4174
47 46 4721
47 7 143
47 13 535
47 15 5354
47 52 5918
47 42 35
47 68 5262
47 59 4484
47 5 5231
47 37 3199
47 75 3088
47 56 5382
47 44 1088
47 62 3425
47 27 3092
47 17 1790
47 34 1431
47 45 4807
47 41 5393
47 33 39
47 60 2520
47 72 93
47 22 2236
47 67 11
47 2 5876
47 48 2240
47 20 2268
47 11 3124
47 49 4973
47 25 4577
48 73 1587
48 74 6215
48 43 3396
48 58 5505
48 46 4396
48 65 859
48 1 6164
48 62 264
48 15 2179
48 19 5059
48 28 1415
48 17 3584
48 56 3218
48 12 4073
48 29 321
48 26 2354
48 25 4891
48 47 1509
48 61 4146
48 30 2036
48 7 141
48 3 3849
48 70 4810
48 23 2953
48 27 3261
48 14 3630
48 72 2373
48 40 3290
48 67 6284
48 75 3978
48 24 2274
48 42 1479
48 71 3784
48 63 5170
48 69 4469
48 11 2993
48 53 3291
48 2 2076
48 16 2461
48 32 2515
48 39 604
48 37 2872
48 41 2980
48 45 3805
48 36 5474
48 13 5695
48 66 3226
48 52 2097
48 68 1877
48 55 5897
48 50 4751
48 22 3973
48 51 1099
48 44 1666
48 38 2987
48 33 1868
48 20 5183
49 51 6243
49 48 273
49 54 4006
49 29 3241
49 13 4064
49 2 4934
49 72 3064
49 40 3767
49 58 3660
49 45 3978
49 68 611
49 41 5940
49 52 942
49 32 299
49 64 5769
49 30 1272
49 17 3975
49 69 4135
49 6 1975
49 16 974
49 66 5007
49 38 4637
49 11 4805
49 42 2076
49 71 2566
49 70 3841
49 26 154
49 7 1200
49 34 2438
49 14 790
49 19 2672
49 73 4033
49 62 3794
49 20 6160
49 10 369
49 63 3983
49 24 4132
49 60 530
49 43 614
49 35 3066
49 47 2067
49 57 4422
49 53 5874
49 18 1295
49 21 3339
49 55 42
49 67 1448
49 3 2910
49 65 2563
49 75 2802
49 1 2843
49 5 4553
49 50 3297
49 39 2290
49 8 1034
49 9 2087
49 4 4909
49 56 5283
49 46 4902
49 25 4287
49 59 5243
50 47 3273
50 66 5927
50 15 5776
50 57 3866
50 22 2334
50 65 193
50 29 3179
50 59 2769
50 18 2697
50 45 3688
50 62 1519
50 55 3905
50 27 3170
50 49 1536
50 9 214
50 70 4519
50 37 773
50 58 5280
50 43 1538
50 46 5353
50 8 5442
50 19 3696
50 54 5463
50 69 2699
50 4 2563
50 53 3436
50 67 5680
50 44 5105
50 20 1030
50 64 440
50 42 4538
50 39 5116
50 51 3923
50 17 254
50 13 3590
50 35 3063
50 12 1702
50 36 4442
50 28 4246
50 40 2958
50 3 1260
50 52 85
50 38 198
50 30 2109
50 73 3513
50 21 5333
50 34 1119
50 26 2786
50 14 445
50 11 5244
50 48 6277
50 5 2752
50 23 1886
50 75 3431
51 6 4076
51 75 4547
51 74 3997
51 3 4677
51 30 5206
51 54 4358
51 24 5200
51 65 4694
51 12 5687
51 60 4497
51 70 1583
51 66 5374
51 50 2470
51 58 3910
51 32 3255
51 71 4852
51 11 767
51 48 6080
51 41 4039
51 55 5983
51 72 5573
51 37 2888
51 8 5039
51 59 5525
51 57 6167
51 20 5445
51 31 423
51 2 1100
51 1 1489
51 38 3493
51 18 1480
51 4 4473
51 23 5351
51 44 5941
51 47 1205
51 52 2829
51 39 4072
51 34 3329
51 17 4995
51 16 5068
51 67 2770
51 5 3051
51 36 6143
51 7 1941
51 9 4922
51 69 6037
51 19 4554
51 22 101
51 64 4530
51 33 2346
51 28 247
51 53 4982
51 35 1109
51 73 3633
51 45 2571
51 15 137
51 14 260
51 49 3386
51 42 5784
51 40 3978
51 43 6076
52 58 6165
52 66 3187
52 41 5709
52 30 4291
52 22 4070
52 40 2471
52 13 3257
52 70 4763
52 36 1760
52 51 5289
52 21 307
52 35 3893
52 14 6067
52 34 4639
52 60 5287
52 2 171
52 31 4182
52 25 1182
52 18 3880
52 1 5609
52 3 6111
52 73 2113
52 47 4780
52 19 46
52 46 4324
52 16 450
52 45 6131
52 44 788
52 11 3613
52 4 512
52 67 1461
52 29 2066
52 75 2728
52 8 140
52 37 5917
52 74 2838
52 17 2653
52 48 496
52 27 5892
52 72 756
52 68 5096
52 20 803
52 61 6215
52 23 3703
52 10 4185
52 28 4239
52 62 43
52 53 3517
52 64 108
52 49 5756
52 9 3793
52 12 5057
52 15 897
52 26 330
52 33 2424
52 6 142
52 56 3612
53 43 2466
53 59 2545
53 26 1102
53 16 5903
53 29 1309
53 4 1808
53 18 5675
53 7 2130
53 71 4251
53 28 6064
53 72 4227
53 15 4165
53 65 5278
53 10 6274
53 42 5510
53 56 1701
53 70 922
53 46 4837
53 31 2407
53 19 6286
53 44 3494
53 14 906
53 12 4523
53 62 2893
53 5 5437
53 47 365
53 38 1275
53 23 5070
53 27 2061
53 36 688
53 3 5251
53 34 4366
53 45 664
53 41 4630
53 37 269
53 1 3004
53 40 2361
53 21 4559
53 57 5262
53 20 4950
53 58 1226
53 50 3684
53 75 992
53 32 2984
53 6 3988
53 54 6296
53 51 5378
53 55 4317
53 69 5713
53 9 1783
53 25 5217
53 49 4543
53 8 5117
53 33 2594
53 13 4970
53 67 5818
53 39 3082
54 13 4579
54 31 4629
54 68 2938
54 53 3649
54 9 5191
54 50 5745
54 59 5126
54 4 3671
54 55 2505
54 56 464
54 45 1838
54 10 6026
54 37 754
54 35 2753
54 70 4160
54 62 2520
54 19 3559
54 14 376
54 69 5436
54 72 4424
54 66 3394
54 27 1710
54 34 2497
54 51 6156
54 30 779
54 42 3144
54 65 1689
54 16 4476
54 32 4674
54 74 3216
54 23 6142
54 1 334
54 43 1225
54 46 2852
54 60 677
54 57 825
54 3 2054
54 41 517
54 20 4351
54 38 4702
54 8 3371
54 17 1363
54 40 1054
54 49 2881
54 48 1763
54 58 1356
54 71 433
54 47 3117
54 18 25
54 73 4390
54 24 3804
54 26 4950
54 39 3970
54 25 1485
54 5 4579
54 33 5184
54 15 772
54 28 1286
55 50 630
55 38 726
55 66 2019
55 29 3876
55 53 305
55 54 5130
55 14 3012
55 4 827
55 67 104
55 46 5236
55 22 1374
55 25 537
55 21 3786
55 56 5444
55 62 3056
55 35 1809
55 68 2902
55 61 6029
55 34 793
55 37 2596
55 17 3461
55 7 599
55 63 312
55 49 1918
55 26 5665
55 33 5820
55 32 2368
55 27 5928
55 52 31
55 10 1531
55 51 1277
55 16 3057
55 59 5271
55 72 4824
55 9 2360
55 64 2329
55 45 3655
55 2 5941
55 24 3505
55 75 1349
55 1 2505
55 57 2861
55 44 5936
55 60 1499
55 3 6166
55 69 2058
55 65 558
55 12 371
55 48 5549
55 58 3653
55 40 2621
55 39 5241
55 70 875
55 47 5239
55 20 5925
55 31 3946
55 71 5934
55 19 2963
56 50 3586
56 8 6029
56 74 73
56 26 2229
56 44 3421
56 41 1663
56 10 3204
56 18 4029
56 19 3952
56 20 3468
56 14 4228
56 68 1055
56 33 436
56 11 400
56 29 1111
56 46 6153
56 15 4719
56 32 4622
56 49 440
56 30 4414
56 12 4088
56 57 3929
56 36 3321
56 9 2443
56 13 5504
56 45 3050
56 54 3785
56 59 930
56 4 3465
56 72 1694
56 1 544
56 27 3331
56 55 673
56 43 716
56 73 4518
56 65 435
56 58 5855
56 75 4631
56 2 5353
56 3 5099
56 69 1915
56 23 5886
56 34 5969
56 47 2357
56 28 5743
56 6 4459
56 17 2045
56 60 5486
56 70 4929
56 24 2363
56 63 4012
56 37 2785
56 21 2511
56 16 2144
56 40 5091
56 51 4412
57 39 570
57 37 2413
57 9 3246
57 27 4106
57 32 5702
57 14 2671
57 62 3131
57 44 452
57 18 889
57 58 2528
57 52 4278
57 20 3135
57 34 1787
57 50 2757
57 23 3127
57 67 2820
57 26 3465
57 66 2038
57 40 3505
57 46 3332
57 42 2807
57 75 6099
57 30 1266
57 69 2993
57 29 6058
57 63 2655
57 41 4565
57 16 6230
57 68 2696
57 33 1461
57 43 5002
57 12 3325
57 31 6112
57 53 1663
57 2 1186
57 1 38
57 48 4688
57 59 5114
57 25 4188
57 51 1196
57 28 5390
57 71 2315
57 15 17
57 22 2982
57 36 5581
57 24 1858
57 72 2656
57 4 2575
57 74 1931
57 60 646
57 55 3740
57 61 3425
57 47 3270
57 5 4866
57 6 3771
57 56 5090
57 19 5061
57 8 2484
57 38 2154
57 17 70
58 54 489
58 67 5264
58 32 2025
58 49 5947
58 40 1758
58 38 5577
58 55 2705
58 48 1902
58 56 3349
58 46 5220
58 25 3186
58 16 5379
58 34 3737
58 43 4967
58 1 4843
58 3 846
58 69 1404
58 73 1269
58 36 2227
58 64 4028
58 5 1833
58 2 5612
58 9 4065
58 39 3487
58 31 514
58 4 5656
58 11 2640
58 47 3954
58 59 2017
58 29 6243
58 52 1894
58 62 4645
58 45 706
58 72 2149
58 18 887
58 51 489
58 74 2282
58 7 4089
58 57 5822
58 66 1540
58 14 1587
58 60 5933
58 50 6077
58 33 4182
58 12 2787
58 75 411
58 13 3143
58 68 4427
58 44 6040
58 21 5126
58 10 4015
58 22 5836
58 24 6202
58 71 5153
59 69 1707
59 64 1403
59 22 794
59 7 1479
59 16 3055
59 26 4861
59 33 1151
59 13 2329
59 20 3077
59 10 6134
59 53 4008
59 56 575
59 57 4682
59 21 607
59 40 2706
59 18 3456
59 70 533
59 28 5885
59 52 2757
59 51 996
59 14 5296
59 9 435
59 47 6064
59 34 4447
59 45 5141
59 23 1369
59 29 5383
59 35 3642
59 25 3875
59 12 3639
59 66 1609
59 3 5885
59 43 2017
59 49 2305
59 6 582
59 1 5101
59 54 2230
59 11 1121
59 42 4130
59 67 5767
59 46 5174
59 72 4441
59 65 4593
59 60 83
59 32 2527
59 15 4373
59 68 2055
59 50 2087
59 63 2725
59 24 194
59 19 3795
59 8 6282
59 5 2265
59 41 2611
59 17 4966
59 73 2251
59 37 1587
59 61 4534
59 31 4476
60 67 1915
60 5 1359
60 33 1342
60 26 180
60 72 523
60 64 6185
60 61 4755
60 11 2437
60 4 5109
60 37 3302
60 24 1316
60 75 396
60 48 1557
60 38 874
60 20 3281
60 41 5789
60 58 3472
60 36 3768
60 69 5423
60 55 4186
60 19 1224
60 15 4361
60 44 3679
60 56 1563
60 9 4112
60 59 741
60 12 168
60 42 4202
60 71 1338
60 16 1735
60 50 6295
60 6 1168
60 52 2588
60 31 3006
60 34 4892
60 51 3843
60 65 1677
60 29 2024
60 40 2369
60 23 5443
60 18 746
60 43 840
60 73 3000
60 2 2843
60 1 4423
60 47 1465
60 70 5517
60 3 1805
60 28 3347
60 32 5860
60 30 2091
60 25 386
60 17 5956
60 27 4493
60 53 3427
60 57 2361
60 46 436
60 62 5129
60 63 3295
60 54 762
61 40 5387
61 65 5658
61 22 4002
61 2 3487
61 54 6295
61 24 1633
61 39 1867
61 35 4205
61 9 2424
61 16 1418
61 51 3718
61 62 1645
61 12 3638
61 36 2471
61 71 3464
61 74 2683
61 67 3068
61 31 4415
61 32 3920
61 3 1454
61 58 1013
61 41 5593
61 5 2579
61 47 4179
61 28 4034
61 37 5689
61 7 5682
61 52 6132
61 57 4824
61 53 3140
61 72 2974
61 8 3966
61 23 4976
61 15 5418
61 30 1201
61 20 746
61 43 1907
61 17 2427
61 25 5582
61 73 4513
61 60 278
61 48 3791
61 33 1247
61 49 5314
61 66 5256
61 18 82
61 34 5568
61 29 4588
61 64 3089
61 42 2728
61 44 1898
61 6 234
61 55 3631
61 4 1986
61 10 4426
61 45 3321
62 31 3262
62 22 3766
62 56 6212
62 60 2766
62 1 5387
62 53 3848
62 24 4377
62 46 1413
62 45 2274
62 67 6007
62 75 2340
62 71 1713
62 70 5540
62 34 3428
62 14 1346
62 64 2703
62 13 5254
62 27 2503
62 25 2537
62 63 5774
62 36 2115
62 4 3458
62 47 1087
62 73 521
62 41 1328
62 40 4560
62 52 5818
62 68 4445
62 49 6128
62 19 1096
62 38 4677
62 44 4807
62 21 2181
62 51 1611
62 48 5553
62 30 4741
62 17 5558
62 26 5382
62 35 3466
62 5 275
62 54 2678
62 7 4449
62 12 1411
62 23 4238
62 33 6072
62 50 561
62 43 5249
62 8 2538
62 58 278
62 2 1764
62 20 2997
62 37 5932
63 51 4177
63 20 2216
63 53 3578
63 24 3688
63 37 3378
63 15 2518
63 16 5042
63 43 6137
63 66 2235
63 71 1288
63 38 940
63 34 995
63 62 1856
63 32 5493
63 30 1020
63 50 1347
63 26 2154
63 65 5184
63 19 2455
63 10 1341
63 52 4701
63 68 5143
63 6 1987
63 21 4398
63 44 5857
63 14 5747
63 25 5685
63 9 5940
63 57 3678
63 58 3443
63 17 4324
63 39 757
63 46 5293
63 49 5524
63 47 3757
63 72 2777
63 41 2084
63 35 2263
63 74 5416
63 70 1953
63 56 4118
63 40 3024
63 29 4564
63 36 4469
63 8 5451
63 48 259
63 61 64
63 7 5841
63 1 261
63 4 1518
63 23 1720
64 7 2305
64 52 635
64 23 2836
64 33 4908
64 61 4290
64 39 368
64 59 2587
64 32 1473
64 55 2705
64 21 5770
64 10 2313
64 43 4086
64 72 3842
64 4 3233
64 28 5125
64 3 5220
64 54 5823
64 70 4764
64 68 1706
64 14 4479
64 47 5795
64 17 2871
64 30 5166
64 26 577
64 18 3670
64 24 472
64 75 669
64 66 76
64 9 790
64 44 35
64 57 4859
64 15 2197
64 31 409
64 46 2091
64 6 2072
64 73 1198
64 20 1103
64 22 4884
64 38 6288
64 8 3005
64 35 6152
64 12 1352
64 25 2592
64 53 243
64 71 6209
64 1 1710
64 40 1929
64 48 587
64 42 2112
64 19 3419
64 67 4249
64 16 5709
64 13 3879
64 62 1649
64 74 497
64 11 5771
65 30 2641
65 34 5619
65 66 951
65 14 4023
65 71 5510
65 63 255
65 17 4386
65 23 6112
65 18 1899
65 6 2005
65 60 4959
65 51 369
65 48 1649
65 22 2770
65 73 5350
65 8 3345
65 9 4304
65 43 2402
65 61 5173
65 32 5025
65 13 3007
65 45 2834
65 68 2299
65 27 2893
65 2 4417
65 21 2219
65 31 3111
65 62 22
65 57 5019
65 12 5079
65 75 758
65 1 3165
65 29 3371
65 54 5306
65 41 1239
65 20 1452
65 74 3885
65 7 3518
65 40 2862
65 59 4256
65 39 2466
65 55 4215
65 25 486
65 70 3339
65 33 3288
65 44 4197
65 69 6230
65 16 628
65 19 84
65 42 551
65 26 5382
65 38 3874
65 72 647
65 24 2318
65 46 4556
65 49 4508
65 4 41
65 15 3103
65 52 955
65 67 3687
66 50 2815
66 12 3428
66 44 4993
66 20 3148
66 70 3709
66 23 3567
66 43 1079
66 69 1181
66 35 1653
66 27 3581
66 25 2993
66 7 5916
66 36 2818
66 64 2326
66 30 5763
66 3 3158
66 42 3101
66 22 1087
66 31 145
66 75 571
66 26 817
66 16 5663
66 57 1582
66 11 3587
66 58 4813
66 17 856
66 14 5585
66 9 450
66 72 4770
66 52 509
66 60 5806
66 53 1753
66 56 3980
66 62 4972
66 51 592
66 68 708
66 37 6188
66 55 1336
66 67 3605
66 21 256
66 32 3668
66 29 5132
66 48 5169
66 8 2049
66 41 6166
66 1 4186
66 24 2803
66 33 1333
66 19 202
66 4 2225
66 6 567
66 13 5205
66 54 335
66 49 757
66 5 5254
66 28 4753
66 47 2568
66 61 6170
66 73 1210
66 10 4013
67 32 71
67 10 1200
67 2 4289
67 69 3225
67 15 1672
67 25 2155
67 28 912
67 43 5608
67 57 1112
67 42 5903
67 64 655
67 1 1718
67 53 3757
67 47 4579
67 6 3908
67 61 2137
67 48 3614
67 21 3050
67 72 5421
67 54 74
67 52 2948
67 71 17
67 49 1713
67 8 2121
67 58 2864
67 41 6040
67 38 1704
67 75 3181
67 74 4992
67 9 1195
67 14 1481
67 4 4109
67 36 3617
67 37 3413
67 17 741
67 60 2894
67 19 5880
67 12 1658
67 56 1169
67 59 2825
67 24 3309
67 3 1786
67 11 6289
67 27 6197
67 7 4694
67 65 1338
67 33 3042
67 31 4258
67 44 877
67 50 4297
67 16 740
67 13 5315
67 51 907
68 58 3901
68 40 2403
68 52 3133
68 57 1273
68 38 6088
68 45 2109
68 30 3791
68 6 5035
68 15 6232
68 62 3742
68 18 3584
68 22 5167
68 26 4300
68 70 5013
68 8 1601
68 48 431
68 74 2005
68 44 3564
68 3 5202
68 11 5872
68 33 1313
68 42 5766
68 35 2656
68 28 3476
68 69 4167
68 12 3534
68 2 5671
68 31 5807
68 50 5961
68 54 3736
68 39 2659
68 46 4440
68 24 1480
68 20 1249
68 9 6296
68 72 537
68 43 4600
68 5 5757
68 55 1701
68 65 4363
68 1 1738
68 16 5285
68 34 160
68 53 2129
68 19 890
68 63 3087
68 14 638
68 37 3760
68 21 75
68 25 6241
68 51 5403
68 13 4742
68 27 3750
68 60 1875
68 4 2173
68 66 2018
68 7 4812
69 50 3367
69 22 3964
69 35 3695
69 26 1469
69 41 2175
69 32 351
69 61 4809
69 74 2763
69 65 3999
69 43 3728
69 6 2880
69 5 6083
69 63 1719
69 2 3149
69 57 4515
69 66 3333
69 36 6035
69 7 2073
69 51 3132
69 71 4927
69 4 5504
69 16 4415
69 49 3077
69 46 5401
69 24 149
69 14 2415
69 64 4676
69 52 3131
69 34 4696
69 9 3972
69 28 1398
69 58 96
69 33 2147
69 29 6108
69 60 1553
69 10 1666
69 54 2805
69 45 1619
69 1 6070
69 53 3926
69 15 3512
69 55 3521
69 44 2467
69 17 4329
69 20 3455
69 13 6071
69 21 2407
69 47 3592
69 56 6207
69 12 6149
69 30 177
69 48 692
69 38 6288
69 62 2877
69 3 1425
69 27 1844
70 68 4791
70 56 89
70 17 5789
70 41 4390
70 14 3317
70 42 2963
70 53 6020
70 60 4902
70 10 778
70 67 3517
70 57 2792
70 27 2570
70 4 1124
70 40 3686
70 59 4329
70 25 4555
70 71 4912
70 51 6153
70 74 4802
70 69 4197
70 29 1344
70 33 894
70 64 1287
70 22 4661
70 65 2178
70 37 933
70 66 4444
70 48 4872
70 6 4760
70 34 5766
70 7 278
70 12 1334
70 1 3806
70 46 894
70 62 670
70 8 2784
70 58 5370
70 31 1348
70 15 4351
70 43 6210
70 47 941
70 18 1651
70 28 372
70 3 33
70 19 1527
70 63 6108
70 39 4214
70 55 2841
70 38 2347
70 61 5695
71 67 1946
71 51 4627
71 34 2871
71 16 1538
71 59 5032
71 45 4340
71 18 3366
71 6 4156
71 46 629
71 52 1936
71 22 1328
71 58 1810
71 38 3083
71 63 1767
71 2 5302
71 40 1363
71 41 5948
71 9 1912
71 57 5073
71 20 5397
71 27 2462
71 19 3370
71 62 2522
71 56 4248
71 74 3562
71 72 5234
71 44 4010
71 42 5657
71 39 2548
71 14 1618
71 54 1488
71 30 913
71 50 3283
71 43 2860
71 21 3463
71 69 701
71 70 2200
71 13 4412
71 75 4013
71 61 1853
71 1 4042
71 48 944
71 60 4948
71 37 265
71 10 3000
71 66 188
71 36 3764
71 68 5317
71 32 3480
71 55 6237
71 65 3425
71 3 3913
71 49 2680
71 5 3713
71 8 3673
71 73 2499
72 46 4284
72 11 6013
72 32 6046
72 33 5713
72 34 5632
72 21 1990
72 57 2741
72 42 496
72 27 4174
72 75 6169
72 54 5259
72 13 2679
72 56 322
72 15 4437
72 8 5521
72 9 4076
72 62 1558
72 63 3140
72 25 546
72 44 297
72 28 5917
72 12 1897
72 29 2395
72 67 4336
72 23 729
72 59 6091
72 22 4082
72 41 5020
72 38 5269
72 68 6054
72 20 5090
72 10 3183
72 30 155
72 6 3897
72 51 4160
72 74 5228
72 14 4591
72 37 5964
72 40 5346
72 60 2327
72 45 3873
72 61 3883
72 58 5404
72 19 373
72 71 3361
72 26 2194
72 52 2033
72 69 1034
72 48 6272
72 43 277
72 50 2973
72 36 2629
72 5 1316
72 17 3498
73 18 5032
73 47 2420
73 65 181
73 71 5716
73 62 2885
73 15 2355
73 63 4866
73 44 2514
73 59 4150
73 64 5831
73 4 704
73 41 5094
73 58 4891
73 40 5862
73 32 5415
73 8 4420
73 56 4253
73 7 2684
73 55 4813
73 26 1271
73 70 5185
73 42 3745
73 28 1285
73 5 5075
73 19 1624
73 17 5357
73 46 2075
73 68 3386
73 34 4282
73 13 3613
73 14 1288
73 10 1092
73 38 6070
73 9 5210
73 60 2221
73 66 2037
73 51 497
73 74 5384
73 35 2186
73 61 2211
73 11 861
73 53 5993
73 31 336
73 30 1671
73 25 1565
73 24 4663
73 16 872
73 12 3803
73 67 2726
73 2 4029
73 48 1683
73 21 2512
73 72 5257
73 69 2658
73 1 3762
73 29 3876
73 27 1770
73 54 2139
73 33 5388
73 6 2000
74 64 1826
74 13 3601
74 65 1021
74 73 1108
74 17 3404
74 21 4096
74 52 859
74 3 4579
74 55 3069
74 9 425
74 36 6269
74 24 4022
74 23 5783
74 7 3146
74 8 2615
74 39 2473
74 28 1845
74 41 595
74 70 3968
74 47 2817
74 6 3025
74 20 2538
74 4 5682
74 31 3917
74 58 3508
74 35 1987
74 1 4758
74 32 3937
74 44 3485
74 15 4114
74 38 2426
74 26 1745
74 12 6281
74 59 1672
74 69 3414
74 22 840
74 30 5457
74 60 5172
74 67 4622
74 29 6004
74 50 3371
74 57 805
74 45 2094
74 68 1312
74 66 2185
74 49 5488
74 54 5929
74 16 6160
74 37 4649
74 11 3073
74 40 2822
74 14 83
74 2 2026
74 18 640
74 19 5876
74 56 746
74 10 686
75 68 3827
75 61 534
75 30 6221
75 45 5208
75 53 3161
75 2 2047
75 29 3045
75 8 1530
75 72 1741
75 74 1519
75 27 2167
75 34 1164
75 73 3528
75 65 6234
75 35 3357
75 28 4125
75 17 2998
75 39 5855
75 70 2163
75 15 1358
75 5 6113
75 25 696
75 10 4362
75 66 243
75 11 3655
75 23 443
75 22 5117
75 37 1044
75 32 4947
75 52 1007
75 44 5715
75 55 224
75 3 393
75 67 440
75 59 1306
75 24 749
75 51 48
75 41 2276
75 16 3855
75 60 1437
75 31 5338
75 49 6202
75 33 4726
75 36 4571
75 54 202
75 58 4135
75 62 215
75 40 4311
75 46 2068
75 14 6105
75 47 696
75 43 4566
75 42 5905
75 1 3659
