75 4200
1 33 1735
1 55 36
1 32 4836
1 63 1306
1 8 5771
1 40 3376
1 71 1244
1 68 3589
1 25 5747
1 60 3763
1 75 1483
1 48 2600
1 2 5661
1 10 5646
1 49 5201
1 12 5160
1 19 3680
1 39 5000
1 74 5323
1 47 5519
1 52 2073
1 14 4859
1 3 249
1 34 3951
1 9 5372
1 28 6268
1 30 1107
1 35 3890
1 51 3359
1 36 2971
1 45 3526
1 23 524
1 72 1351
1 22 3146
1 42 1833
1 11 4480
1 27 4279
1 20 3459
1 53 5695
1 58 1563
1 17 5821
1 24 128
1 70 2201
1 6 1845
1 21 5096
1 37 2375
1 31 2375
1 61 1934
1 50 5652
1 67 2624
1 59 2544
1 46 1771
1 43 1327
1 54 5779
1 7 3759
1 41 107
2 15 2514
2 11 5610
2 31 4097
2 66 4688
2 7 1401
2 56 1152
2 4 5405
2 62 577
2 59 842
2 68 5539
2 52 2774
2 71 61
2 33 5915
2 61 4533
2 6 4725
2 21 1147
2 24 3620
2 25 2726
2 38 3378
2 14 3193
2 63 5710
2 10 4100
2 1 5452
2 22 6011
2 35 1151
2 74 5998
2 8 3967
2 23 2393
2 60 3782
2 16 1125
2 30 3645
2 28 5135
2 3 4425
2 57 6231
2 26 2298
2 5 3687
2 45 2522
2 41 4937
2 32 4733
2 36 2425
2 39 4876
2 55 5838
2 34 1725
2 69 5710
2 18 577
2 13 425
2 65 826
2 12 2179
2 49 1789
2 67 3133
2 53 1210
2 48 1032
2 43 3893
2 47 899
2 9 286
3 71 1346
3 15 3894
3 30 3307
3 40 5011
3 29 1759
3 67 4491
3 7 5461
3 72 3986
3 50 5591
3 27 1490
3 19 2113
3 21 2846
3 47 4473
3 52 4478
3 11 5523
3 34 3800
3 31 6081
3 53 3170
3 56 4113
3 63 837
3 17 4977
3 39 5491
3 25 202
3 46 4212
3 75 68
3 66 5760
3 4 4725
3 65 604
3 42 2387
3 35 6224
3 2 370
3 48 5203
3 8 2536
3 13 5215
3 38 5233
3 69 3894
3 68 1433
3 16 4914
3 10 620
3 24 1457
3 44 3649
3 43 11
3 12 862
3 22 3232
3 45 2997
3 28 4959
3 60 5872
3 36 5694
3 23 5299
3 59 5821
3 61 5761
3 1 595
3 51 2078
3 32 4224
3 9 4403
4 60 5209
4 28 539
4 32 5216
4 5 4311
4 39 5401
4 11 3149
4 7 5327
4 65 5594
4 66 2394
4 2 141
4 42 6019
4 61 5151
4 47 5818
4 3 4993
4 12 3891
4 14 2614
4 53 3432
4 75 558
4 69 3451
4 56 1662
4 6 1906
4 19 3393
4 15 1617
4 58 3138
4 52 1596
4 46 4854
4 8 3878
4 27 2962
4 49 4649
4 26 5653
4 59 4281
4 25 1225
4 48 914
4 35 569
4 70 1728
4 31 716
4 24 3723
4 54 4457
4 13 4173
4 30 2577
4 51 2951
4 43 3153
4 63 3143
4 9 4188
4 17 3669
4 40 1496
4 68 528
4 57 6173
4 29 5369
4 62 1707
4 72 1006
4 10 1158
4 1 2460
4 33 2702
4 55 303
5 75 2428
5 42 3424
5 12 847
5 23 4648
5 65 368
5 49 18
5 67 3271
5 29 4785
5 19 3297
5 9 1147
5 69 3048
5 21 2783
5 57 5283
5 2 5725
5 28 2002
5 33 3973
5 27 4467
5 73 910
5 13 1234
5 20 1415
5 40 5958
5 61 79
5 18 1413
5 37 4699
5 59 2528
5 17 848
5 58 5431
5 74 2289
5 70 315
5 4 1312
5 26 5396
5 43 1480
5 55 3815
5 45 2881
5 34 168
5 62 2163
5 39 6161
5 25 4087
5 15 969
5 14 5212
5 10 3553
5 3 141
5 35 4420
5 44 4498
5 54 2857
5 46 4326
5 66 444
5 24 4827
5 60 4556
5 6 5380
5 47 5531
5 68 44
5 64 5718
5 50 6242
5 31 5385
6 5 4941
6 13 2576
6 64 5348
6 9 1747
6 16 4745
6 61 610
6 48 5355
6 20 3188
6 60 1321
6 46 2374
6 17 973
6 47 5439
6 28 2515
6 66 52
6 26 2986
6 62 2535
6 11 4543
6 56 5974
6 71 4179
6 74 5472
6 12 1964
6 69 4702
6 33 520
6 32 2748
6 25 802
6 39 4778
6 73 5913
6 38 2661
6 8 4784
6 42 5719
6 72 3992
6 7 5913
6 53 2905
6 19 2352
6 1 3662
6 63 2391
6 31 2413
6 51 6139
6 50 1687
6 67 1968
6 45 3094
6 58 1304
6 44 6112
6 15 891
6 68 1358
6 37 3716
6 75 3300
6 23 3062
6 70 4221
6 3 1450
6 29 219
6 65 2486
6 52 1467
6 54 4272
6 55 3762
6 18 4177
7 62 4469
7 25 218
7 58 3044
7 4 2298
7 15 6222
7 40 826
7 8 3592
7 31 4730
7 35 2994
7 71 6249
7 13 2247
7 41 672
7 36 3436
7 43 4612
7 48 1210
7 67 907
7 29 1856
7 10 2955
7 22 2750
7 39 1387
7 47 6009
7 70 2353
7 24 4950
7 6 2162
7 16 6241
7 18 4573
7 61 5698
7 19 953
7 64 4788
7 44 5087
7 69 4160
7 12 2682
7 2 3133
7 53 1667
7 55 3616
7 50 1126
7 52 6037
7 49 5412
7 75 4283
7 59 5150
7 34 1120
7 27 2403
7 17 2245
7 65 5069
7 20 6091
7 72 5493
7 56 4138
7 9 835
7 5 6072
7 28 3138
7 54 4997
7 21 2936
7 26 2684
7 3 4413
8 1 1341
8 25 5041
8 38 5668
8 70 1432
8 57 1122
8 17 2873
8 4 6248
8 52 5702
8 11 5942
8 35 6278
8 30 2480
8 66 4529
8 13 5044
8 15 4914
8 7 2646
8 28 4245
8 67 5878
8 29 5027
8 55 2169
8 10 3205
8 23 4581
8 3 815
8 18 5116
8 62 1555
8 24 169
8 12 1854
8 44 757
8 56 1613
8 50 4259
8 68 5119
8 32 2767
8 49 680
8 64 4773
8 39 2371
8 47 4430
8 31 1679
8 16 1705
8 34 4751
8 63 4356
8 53 785
8 43 68
8 73 3430
8 46 4560
8 33 561
8 59 1868
8 36 418
8 27 1250
8 26 5854
8 9 4042
8 37 2693
8 19 3587
8 71 5490
8 74 2165
8 54 5584
8 60 5764
8 41 2809
8 72 5044
8 42 449
8 20 214
8 69 4023
8 48 94
8 65 5898
8 58 965
9 6 4909
9 7 2150
9 64 2866
9 23 5606
9 38 5912
9 59 2213
9 3 6296
9 67 3758
9 33 3993
9 50 4338
9 52 1602
9 63 5357
9 32 1725
9 55 5555
9 5 3277
9 74 3454
9 24 6049
9 34 4660
9 56 3133
9 29 2655
9 16 3414
9 15 6256
9 20 2694
9 30 4715
9 73 2769
9 11 4805
9 42 883
9 4 5664
9 28 1502
9 54 6096
9 60 2034
9 48 5054
9 25 4097
9 57 2989
9 22 234
9 37 793
9 44 5192
9 18 369
9 26 1087
9 14 4325
9 65 6026
9 21 173
9 68 3300
9 39 3019
9 70 5546
9 27 4974
9 41 2640
9 19 4956
9 2 4458
9 75 904
9 51 379
9 31 5622
9 47 6261
9 35 1886
9 17 3903
9 72 3491
9 49 3221
10 73 3599
10 70 5739
10 53 4994
10 13 3149
10 50 2927
10 32 2066
10 21 378
10 58 3725
10 69 5334
10 33 4585
10 48 3340
10 71 5215
10 29 6281
10 26 5851
10 1 3853
10 20 4552
10 61 539
10 46 2081
10 63 2547
10 38 2757
10 44 3827
10 60 1574
10 2 888
10 27 2586
10 64 5677
10 54 391
10 59 4070
10 11 821
10 45 1650
10 62 3908
10 14 1655
10 7 5088
10 47 3202
10 17 3824
10 30 602
10 23 3793
10 31 2193
10 68 3577
10 55 3894
10 28 3433
10 37 222
10 75 1218
10 25 1484
10 16 2081
10 74 5957
10 35 1986
10 65 4158
10 12 3557
10 18 1578
10 57 1860
10 6 1091
10 42 1882
10 39 2248
10 52 972
10 9 74
10 51 4534
10 5 1550
10 66 1577
10 4 5975
11 40 6152
11 44 4438
11 38 4553
11 23 4042
11 36 425
11 10 436
11 8 1205
11 24 1298
11 75 907
11 13 2332
11 19 973
11 41 3892
11 18 3539
11 6 1465
11 34 5530
11 14 3938
11 29 4927
11 35 582
11 2 5503
11 3 3082
11 32 5797
11 46 23
11 28 2090
11 66 3745
11 62 4247
11 4 2102
11 15 6102
11 17 1257
11 57 2536
11 43 3237
11 64 4670
11 51 3627
11 31 5434
11 39 21
11 68 5220
11 21 2948
11 25 5571
11 54 1576
11 45 226
11 65 2861
11 9 2968
11 27 165
11 50 2453
11 69 5301
11 55 2751
11 49 2064
11 1 545
11 42 3449
11 20 5073
11 58 1429
11 5 1412
11 52 2837
11 72 2321
11 53 3937
11 67 4301
11 63 2711
11 59 3536
11 61 578
11 30 731
11 73 3531
11 37 1259
12 71 247
12 2 5524
12 58 1631
12 50 5251
12 68 515
12 26 3717
12 75 5008
12 59 4623
12 21 2450
12 63 2563
12 18 1313
12 17 1276
12 23 4646
12 64 5641
12 54 2013
12 28 2643
12 45 3346
12 60 1907
12 6 3280
12 62 2306
12 39 4638
12 5 4428
12 31 5940
12 74 1857
12 7 1306
12 73 4410
12 69 5194
12 4 1578
12 53 3439
12 20 3746
12 30 3235
12 51 3430
12 37 3138
12 42 5168
12 11 5327
12 33 4008
12 8 319
12 36 637
12 48 53
12 61 5352
12 22 3138
12 56 5201
12 46 1808
12 67 3188
12 40 972
12 41 1195
12 10 3658
12 70 1424
12 65 5498
12 52 4563
12 16 2477
12 49 463
12 24 5550
12 19 2753
12 57 3951
12 47 4640
13 69 3189
13 46 5909
13 19 2653
13 15 1456
13 75 6219
13 66 3652
13 9 419
13 57 1732
13 27 4511
13 22 3325
13 24 3098
13 52 1026
13 54 1597
13 41 4537
13 21 143
13 12 5006
13 68 3735
13 72 297
13 63 5993
13 71 2453
13 14 4414
13 56 1434
13 7 2717
13 47 2980
13 73 4733
13 16 1762
13 32 3104
13 40 4582
13 2 4881
13 11 5226
13 60 4303
13 17 4858
13 1 1197
13 25 2697
13 74 4191
13 20 393
13 67 2659
13 64 1321
13 38 5842
13 70 646
13 51 6076
13 18 1203
13 45 869
13 8 5004
13 39 1528
13 53 2393
13 30 4595
13 33 2086
13 55 2358
13 37 3257
13 36 4209
13 44 4731
13 6 157
13 5 2793
13 31 5451
13 49 5901
13 35 5523
13 26 1007
13 29 6226
14 15 1627
14 9 463
14 72 870
14 26 2773
14 69 569
14 3 1545
14 42 3444
14 4 3287
14 52 857
14 49 3711
14 62 1577
14 48 2167
14 56 6166
14 8 5455
14 1 4440
14 33 1323
14 29 307
14 24 561
14 7 1512
14 5 2033
14 43 3109
14 41 4905
14 71 5702
14 27 1051
14 47 4575
14 50 6274
14 18 5826
14 25 6140
14 16 2649
14 38 869
14 23 3143
14 21 3850
14 39 5287
14 45 4122
14 61 2706
14 51 672
14 6 2021
14 37 2244
14 54 2231
14 20 6028
14 55 5413
14 75 5054
14 32 51
14 65 3056
14 35 85
14 63 2716
14 73 1772
14 31 3704
14 28 5104
14 10 5709
14 70 2930
14 19 3001
14 11 5366
15 65 2883
15 67 2842
15 68 296
15 29 154
15 30 2732
15 71 2947
15 35 4292
15 33 6008
15 22 3846
15 64 1145
15 14 17
15 3 4905
15 28 1056
15 75 1617
15 56 4232
15 48 4653
15 54 494
15 43 3020
15 72 1708
15 53 6088
15 69 3238
15 20 3791
15 6 2355
15 12 2565
15 26 1760
15 41 110
15 11 1725
15 31 4350
15 24 2838
15 23 1914
15 62 1646
15 4 1258
15 8 5425
15 45 99
15 1 3755
15 70 6126
15 37 2829
15 73 1559
15 57 380
15 13 3346
15 52 1451
15 39 561
15 61 3310
15 19 5444
15 59 601
15 9 2137
15 58 6142
15 38 3980
15 51 2976
15 47 5026
15 27 1417
15 55 3050
15 17 5755
15 40 4027
16 30 2224
16 55 3771
16 48 4452
16 57 5568
16 49 789
16 6 4109
16 38 2188
16 35 1048
16 75 3433
16 26 841
16 33 1418
16 1 3625
16 72 1480
16 7 6238
16 54 2908
16 18 1682
16 42 6131
16 73 5931
16 40 1330
16 65 990
16 14 3464
16 71 4196
16 15 339
16 59 4107
16 51 4807
16 8 2617
16 47 3456
16 41 2396
16 3 3721
16 53 1029
16 12 3530
16 43 4158
16 46 3344
16 68 1503
16 34 6144
16 25 67
16 52 1379
16 11 627
16 60 4463
16 19 1015
16 10 4218
16 31 4419
16 21 4445
16 17 4380
16 36 1919
16 24 596
16 66 4769
16 27 569
16 56 5638
16 37 3682
16 45 5157
16 32 1299
16 13 4017
16 22 1543
16 67 16
16 39 5075
17 48 5055
17 10 638
17 46 4099
17 67 2311
17 73 3900
17 50 2410
17 7 5799
17 41 231
17 31 1555
17 64 4659
17 24 1063
17 65 2767
17 53 799
17 32 1664
17 34 5759
17 23 5293
17 28 1425
17 25 2778
17 8 4170
17 26 5265
17 57 3474
17 16 407
17 36 4691
17 35 4330
17 21 6025
17 75 1728
17 54 5471
17 63 5845
17 60 244
17 43 3880
17 37 6267
17 71 2883
17 5 2035
17 13 1773
17 68 797
17 29 4290
17 18 1712
17 59 2101
17 40 2549
17 62 951
17 19 3621
17 15 5765
17 2 4277
17 1 4053
17 72 748
17 6 3402
17 55 322
17 66 4377
17 22 879
17 61 1969
17 38 1450
17 49 5849
17 9 312
17 11 1712
18 56 3533
18 5 587
18 73 3542
18 24 1
18 60 698
18 30 5741
18 75 1376
18 69 4281
18 22 1925
18 47 4263
18 67 5127
18 59 1473
18 57 5272
18 65 665
18 62 1759
18 45 6153
18 9 4383
18 49 4452
18 63 535
18 51 259
18 42 5244
18 66 1700
18 36 1344
18 7 3779
18 15 5249
18 16 2357
18 61 3182
18 52 87
18 1 3412
18 38 4106
18 43 5355
18 41 5262
18 54 1980
18 6 5250
18 2 6194
18 71 1483
18 31 3427
18 50 5306
18 58 3303
18 33 5897
18 55 2173
18 11 5647
18 4 925
18 35 1653
18 17 1031
18 21 6041
18 53 2226
18 44 2982
18 46 359
18 37 2367
18 48 2507
18 26 2285
18 74 887
18 13 2828
18 25 5344
18 20 2009
18 40 5297
18 3 2138
19 35 3690
19 16 2742
19 54 5884
19 70 644
19 36 5732
19 51 3879
19 53 1857
19 75 2012
19 23 1416
19 60 1844
19 64 644
19 12 1188
19 26 6065
19 28 2950
19 3 1230
19 69 2648
19 65 2382
19 57 607
19 62 4403
19 58 3057
19 61 5672
19 39 1424
19 37 1488
19 52 3941
19 6 3402
19 48 83
19 45 17
19 66 4865
19 73 6288
19 56 3236
19 31 844
19 5 2353
19 21 3292
19 8 842
19 25 2066
19 17 1720
19 27 175
19 10 3283
19 18 5031
19 42 5972
19 13 1277
19 49 5563
19 33 2961
19 34 5854
19 30 2822
19 46 3655
19 11 799
19 1 666
19 55 2436
19 50 2306
19 32 1845
19 29 933
19 7 32
19 15 2330
19 9 2326
19 59 1543
19 40 1040
19 47 2744
19 20 5677
19 71 2402
20 14 3173
20 27 2512
20 75 320
20 26 4362
20 50 5165
20 31 1164
20 59 3824
20 37 5824
20 42 3545
20 16 2250
20 63 2997
20 39 1772
20 54 3548
20 33 1848
20 72 1720
20 48 5859
20 12 2367
20 18 608
20 69 5475
20 21 4863
20 74 3627
20 34 3471
20 45 1502
20 57 2663
20 1 4845
20 44 204
20 3 1729
20 68 699
20 53 4839
20 32 2778
20 40 2790
20 67 1860
20 4 6049
20 58 2971
20 71 4405
20 9 1416
20 19 4781
20 70 1779
20 24 5410
20 25 4875
20 49 4803
20 66 5665
20 28 5240
20 65 2074
20 52 2800
20 61 2845
20 22 5878
20 6 134
20 8 4075
20 55 157
20 51 3604
20 23 3554
21 24 2288
21 39 5165
21 19 6001
21 50 2275
21 74 5636
21 63 1902
21 66 4621
21 53 4368
21 71 1111
21 52 4368
21 35 2800
21 48 1614
21 42 3219
21 70 2164
21 36 1316
21 11 2569
21 37 1217
21 13 2031
21 58 1479
21 22 2435
21 18 4202
21 45 5320
21 12 1304
21 72 4857
21 47 1547
21 34 5092
21 43 1023
21 46 3094
21 8 265
21 68 2080
21 31 5266
21 4 5381
21 14 4221
21 41 2850
21 73 4928
21 5 1111
21 28 4522
21 67 5013
21 38 4483
21 65 4226
21 20 1357
21 25 666
21 16 4189
21 9 5739
21 7 719
21 61 2411
21 27 3257
21 44 2620
21 59 1696
21 54 1290
21 32 1732
21 30 6280
21 10 5647
21 64 5017
21 33 1836
21 60 3114
21 17 4487
21 69 1074
21 57 406
21 75 2356
22 40 4267
22 17 2033
22 58 1682
22 16 6056
22 5 2677
22 54 6194
22 23 5976
22 28 6236
22 66 1180
22 49 3693
22 20 1156
22 35 5637
22 29 2711
22 52 1915
22 62 3877
22 71 5222
22 7 6155
22 8 4401
22 55 1835
22 19 6062
22 60 3415
22 48 4826
22 42 4247
22 3 2990
22 47 6176
22 41 6294
22 14 4087
22 36 5162
22 18 5905
22 30 2006
22 72 2144
22 6 2035
22 53 2725
22 75 1554
22 43 2237
22 74 3964
22 12 5199
22 59 2718
22 51 5055
22 25 3244
22 34 863
22 10 6086
22 1 809
22 57 1139
22 50 3361
22 64 562
22 21 1172
22 31 3897
22 46 267
22 33 3588
22 4 4988
22 68 4939
22 45 6266
22 15 4291
22 65 4247
22 27 3616
22 37 4192
23 33 324
23 11 4891
23 71 3507
23 9 2844
23 62 6040
23 59 2923
23 21 469
23 31 6278
23 30 50
23 13 3965
23 51 242
23 52 4975
23 67 556
23 43 5170
23 73 3253
23 61 3154
23 7 4779
23 66 238
23 32 3367
23 69 1108
23 38 3072
23 40 5120
23 70 1795
23 72 1530
23 50 5762
23 49 6046
23 15 5535
23 27 2172
23 63 3453
23 18 5763
23 17 343
23 3 6248
23 36 2990
23 42 5039
23 20 4464
23 68 1585
23 16 1639
23 46 1585
23 65 311
23 26 1877
23 1 5565
23 22 4414
23 2 2219
23 54 1369
23 37 3066
23 41 3464
23 47 628
23 10 4389
23 55 11
23 5 1434
23 75 3578
23 14 5856
23 34 1354
23 12 4362
23 35 1228
23 45 5585
24 68 5963
24 9 2635
24 20 3657
24 75 5744
24 49 979
24 29 4409
24 27 3072
24 2 6032
24 18 2953
24 62 6233
24 21 3343
24 33 918
24 66 3777
24 26 4296
24 74 1269
24 11 1840
24 23 2747
24 71 4410
24 47 925
24 36 4121
24 63 3337
24 12 213
24 5 5080
24 65 3469
24 59 5150
24 44 3292
24 30 5306
24 51 1610
24 70 5227
24 13 1771
24 61 393
24 22 581
24 28 5676
24 3 1297
24 42 4613
24 39 1453
24 16 5649
24 41 1685
24 17 5357
24 38 5727
24 50 5593
24 8 3920
24 73 3906
24 35 5083
24 10 6059
24 58 3543
24 34 3433
24 14 2317
24 32 5044
24 40 5904
24 57 5782
24 37 881
24 25 682
25 60 444
25 69 2926
25 58 4849
25 74 379
25 46 6160
25 44 1407
25 31 1861
25 7 3015
25 38 851
25 12 6210
25 64 962
25 37 1088
25 35 1715
25 29 3027
25 23 3497
25 51 2164
25 21 2854
25 72 139
25 26 1163
25 22 5453
25 48 957
25 1 2964
25 67 5325
25 40 5038
25 47 4360
25 66 2772
25 54 4501
25 2 5970
25 34 4837
25 16 816
25 27 3507
25 63 2653
25 68 653
25 11 1865
25 28 921
25 18 3892
25 39 4476
25 14 6175
25 9 877
25 53 2705
25 4 3413
25 59 2397
25 20 5781
25 13 3806
25 32 1077
25 65 2117
25 19 1379
25 43 4634
25 50 5834
25 49 4820
25 33 1629
25 75 5542
25 41 2373
25 30 5197
25 55 1558
25 70 3489
25 57 5549
25 42 1751
25 3 6182
25 15 5887
25 8 1686
26 68 3351
26 51 190
26 1 3537
26 44 523
26 23 1765
26 62 3000
26 6 4041
26 52 4072
26 67 4970
26 49 2801
26 31 3431
26 2 3009
26 64 459
26 72 3051
26 60 1608
26 45 1401
26 74 1401
26 46 3927
26 16 3935
26 41 1350
26 29 616
26 57 1854
26 20 6031
26 19 856
26 32 325
26 36 4247
26 55 5464
26 33 3551
26 65 6215
26 30 1838
26 71 3300
26 37 3843
26 38 6280
26 10 1574
26 69 3366
26 7 394
26 53 1526
26 4 316
26 56 2979
26 54 6069
26 25 4329
26 61 5449
26 17 1829
26 13 5466
26 12 3564
26 22 4823
26 21 2161
26 14 6266
26 11 5088
26 8 5259
26 43 838
26 3 5593
26 28 4533
26 47 4571
26 58 5920
26 24 734
27 17 3493
27 16 398
27 26 5182
27 15 3371
27 12 5486
27 31 1065
27 67 4159
27 1 4278
27 46 4803
27 62 6144
27 69 3848
27 10 1610
27 63 5016
27 8 1163
27 74 4675
27 14 5369
27 4 6148
27 72 1407
27 37 5515
27 24 5390
27 66 2361
27 34 1307
27 41 5550
27 20 1998
27 73 5454
27 71 5979
27 32 5866
27 43 2543
27 40 3730
27 45 3264
27 28 1946
27 22 3081
27 54 926
27 5 5810
27 47 2248
27 56 4663
27 50 1365
27 9 5103
27 23 4549
27 36 3222
27 53 6007
27 61 878
27 48 4340
27 2 3533
27 29 1451
27 49 4240
27 6 358
27 30 2534
27 21 1096
27 68 1822
27 39 5112
27 58 4505
27 11 2
27 13 80
27 7 2406
27 60 708
27 19 4521
27 55 809
27 18 225
28 58 3527
28 33 5571
28 63 4623
28 54 3398
28 66 1107
28 44 530
28 72 2543
28 43 766
28 7 559
28 45 1377
28 47 1204
28 11 3392
28 3 960
28 25 2985
28 30 2102
28 34 5285
28 70 1736
28 62 321
28 38 5918
28 46 1198
28 61 1421
28 73 1111
28 27 3475
28 5 1189
28 68 5438
28 48 2919
28 59 1313
28 22 2883
28 1 2938
28 9 4223
28 53 3212
28 16 618
28 29 2236
28 10 2661
28 17 5320
28 57 48
28 36 5249
28 14 1226
28 12 5843
28 26 2932
28 8 1351
28 49 4885
28 75 4154
28 41 2147
28 18 4524
28 15 270
28 65 5729
28 31 4711
28 32 2686
28 21 4726
28 4 539
28 55 2223
28 42 657
28 67 1998
28 6 1721
28 19 352
28 52 5233
29 18 302
29 23 2787
29 47 2995
29 48 2043
29 12 5950
29 73 5674
29 13 4967
29 33 3731
29 30 1635
29 17 5671
29 55 568
29 50 4889
29 56 2426
29 70 1461
29 69 1334
29 27 5059
29 60 185
29 34 5065
29 66 2369
29 68 2174
29 9 723
29 32 5044
29 5 5052
29 71 3858
29 26 681
29 63 5395
29 61 395
29 41 5865
29 46 3169
29 54 2439
29 49 229
29 39 1143
29 64 1978
29 15 3388
29 57 1573
29 28 4364
29 51 6126
29 67 841
29 21 5213
29 7 2310
29 19 5042
29 37 503
29 31 5162
29 20 303
29 24 4946
29 44 3966
29 75 2302
29 53 1905
29 74 5349
29 65 4770
29 43 6241
29 6 3631
29 52 381
29 16 4204
29 10 2419
29 58 306
29 22 1111
29 8 892
29 35 4455
29 45 3534
29 42 2838
29 25 1013
30 22 6265
30 53 2730
30 29 1594
30 35 2712
30 40 3852
30 24 2350
30 63 715
30 59 3615
30 70 2503
30 48 721
30 68 3811
30 36 4654
30 73 3539
30 56 1557
30 3 2315
30 20 3237
30 44 1329
30 47 6271
30 15 372
30 72 3330
30 75 901
30 5 3138
30 67 4400
30 19 3414
30 55 4347
30 46 2770
30 38 225
30 16 4943
30 66 1684
30 17 6007
30 69 1799
30 64 1396
30 54 676
30 61 4630
30 58 826
30 18 726
30 41 6012
30 62 2126
30 7 1494
30 1 3612
30 33 2642
30 4 134
30 28 2255
30 32 4315
30 2 3594
30 57 5162
30 23 2452
30 42 2736
30 9 3025
30 12 3095
30 13 2033
30 26 905
30 11 5875
30 31 134
30 65 98
30 25 5217
31 35 4330
31 2 162
31 3 6027
31 19 991
31 66 657
31 57 2388
31 41 1391
31 73 4363
31 32 4884
31 60 249
31 24 3913
31 50 1146
31 52 5509
31 63 4792
31 13 1011
31 30 2433
31 21 1985
31 53 3193
31 28 2732
31 11 737
31 62 4663
31 67 665
31 26 1336
31 55 3908
31 12 4107
31 10 1031
31 46 1859
31 37 265
31 43 3675
31 48 5145
31 75 3935
31 7 3982
31 42 515
31 14 3914
31 9 3049
31 18 792
31 6 1087
31 23 4954
31 72 5830
31 74 4201
31 36 2291
31 45 641
31 15 1515
31 34 1397
31 25 5486
31 71 4464
31 47 927
31 54 518
31 38 3493
31 40 5902
31 5 5448
31 59 4178
31 20 4183
31 51 24
32 30 4400
32 72 5659
32 22 1217
32 71 57
32 25 2516
32 14 1122
32 73 3155
32 62 5562
32 46 1615
32 4 42
32 15 65
32 20 6213
32 24 529
32 36 2822
32 64 1061
32 69 2252
32 3 3368
32 68 3417
32 52 958
32 11 3292
32 12 6222
32 44 6008
32 31 1947
32 9 1611
32 63 1147
32 34 3207
32 45 4209
32 6 2843
32 47 5674
32 29 3410
32 18 3242
32 53 4368
32 19 2684
32 41 639
32 39 4431
32 50 2672
32 42 5142
32 70 2012
32 58 4122
32 37 4528
32 54 3360
32 5 3336
32 43 2389
32 74 2542
32 27 4630
32 75 1305
32 51 1579
32 48 293
32 17 4536
32 7 6013
32 56 361
33 65 4459
33 1 7
33 32 5963
33 51 4672
33 52 2416
33 67 5429
33 38 6010
33 36 3963
33 74 1401
33 14 2206
33 7 2262
33 15 1887
33 56 1331
33 42 3732
33 3 3630
33 61 3499
33 63 17
33 49 5643
33 34 2653
33 8 525
33 57 1930
33 53 2335
33 24 278
33 72 2833
33 12 3354
33 50 1407
33 9 4658
33 45 3302
33 69 2570
33 40 1372
33 66 4828
33 70 3458
33 43 1881
33 22 2220
33 59 3206
33 31 5618
33 19 1377
33 37 5381
33 26 2394
33 29 959
33 21 2640
33 30 5779
33 4 1114
33 71 3044
33 55 5460
33 10 5815
33 18 2486
33 39 3672
33 5 4657
33 73 4744
34 63 3574
34 75 1123
34 54 1272
34 35 2605
34 12 6052
34 25 3095
34 39 1309
34 22 1324
34 60 396
34 64 5294
34 41 5544
34 18 3911
34 70 1068
34 44 3691
34 2 5022
34 3 405
34 30 4938
34 73 1448
34 20 1050
34 55 1936
34 32 3964
34 6 3673
34 15 68
34 19 209
34 65 3100
34 17 5219
34 31 78
34 5 2581
34 28 1115
34 40 1005
34 67 5369
34 26 1538
34 8 1658
34 46 6004
34 59 5618
34 21 5456
34 42 4474
34 62 4153
34 56 432
34 58 289
34 16 4385
34 61 1919
34 7 3781
34 68 1590
34 33 1949
34 11 1051
34 72 3989
34 74 4014
34 36 1512
34 47 5941
34 49 1240
34 10 1078
34 57 2755
35 33 3412
35 31 1583
35 29 4484
35 34 5573
35 24 295
35 27 5163
35 37 593
35 14 3706
35 63 3503
35 64 3631
35 42 4055
35 8 2755
35 22 876
35 66 2653
35 12 4823
35 6 1561
35 4 2183
35 68 4399
35 57 4522
35 23 10
35 40 5337
35 20 1144
35 71 1907
35 36 4360
35 30 4747
35 73 3821
35 50 399
35 67 5661
35 3 4835
35 59 4111
35 52 336
35 56 5185
35 44 1693
35 60 2172
35 61 4161
35 53 1695
35 54 5196
35 13 5422
35 58 481
35 11 2563
35 26 468
35 28 2855
35 25 6111
35 41 1106
35 75 2254
35 15 2743
35 18 6250
35 39 2327
35 1 1495
35 5 3377
35 38 3268
35 10 5773
35 74 2702
35 48 2008
35 43 4088
35 21 211
36 26 4633
36 7 5938
36 63 6003
36 50 251
36 18 3282
36 22 1894
36 55 4277
36 21 3442
36 6 4980
36 54 4325
36 41 6198
36 15 5469
36 11 541
36 75 5338
36 72 4535
36 61 2323
36 39 2230
36 12 1284
36 58 360
36 46 1869
36 34 5616
36 4 5933
36 28 2594
36 67 2152
36 48 373
36 19 5910
36 10 4265
36 69 3849
36 70 772
36 20 973
36 71 3151
36 31 1560
36 42 1647
36 68 5792
36 59 1809
36 3 6223
36 43 1622
36 24 4364
36 73 2188
36 53 5371
36 62 3346
36 2 5728
36 38 3312
36 13 2650
36 17 6255
36 9 1035
36 1 2651
36 64 776
36 33 4454
36 45 1371
36 57 3490
36 27 1013
36 56 650
36 52 3087
36 16 5400
36 30 392
36 40 5967
37 68 6045
37 19 3168
37 54 3402
37 16 5856
37 64 4723
37 4 854
37 14 719
37 26 4631
37 75 5195
37 38 5317
37 15 1474
37 5 4084
37 12 4731
37 51 5707
37 66 767
37 10 3833
37 27 6271
37 34 155
37 73 917
37 1 5111
37 46 2702
37 69 5688
37 3 2422
37 62 3559
37 71 1008
37 40 755
37 61 5055
37 39 1588
37 63 653
37 53 1048
37 42 119
37 52 1870
37 18 5594
37 59 3757
37 36 4577
37 25 3666
37 56 4766
37 17 5955
37 57 214
37 43 3008
37 60 23
37 9 5895
37 41 5796
37 48 1703
37 24 1725
37 70 2868
37 74 538
37 2 4731
37 30 931
37 6 4793
37 35 4179
37 22 4421
37 67 5871
38 30 4217
38 64 4273
38 48 4117
38 51 2079
38 61 4229
38 4 5215
38 34 6105
38 11 6037
38 6 3986
38 74 242
38 17 4189
38 35 1308
38 57 5310
38 43 4589
38 20 3087
38 75 6270
38 8 4517
38 28 2497
38 47 1836
38 44 6192
38 31 1655
38 19 4351
38 50 4242
38 39 3170
38 69 3235
38 25 5542
38 45 6045
38 55 3610
38 54 1859
38 3 283
38 65 2252
38 1 5247
38 60 2761
38 63 697
38 42 2698
38 36 4899
38 21 3558
38 33 5108
38 15 4218
38 72 4929
38 29 4073
38 73 5121
38 2 5684
38 37 2099
38 10 4601
38 40 4195
38 32 618
38 53 596
39 29 4182
39 23 1311
39 34 3187
39 48 1979
39 47 3576
39 71 4897
39 45 1645
39 38 1628
39 11 3560
39 15 3075
39 21 5049
39 13 3583
39 35 795
39 56 5824
39 32 1149
39 12 1988
39 8 3097
39 69 2706
39 5 5118
39 44 1728
39 16 4937
39 17 1698
39 58 2437
39 46 4182
39 28 1460
39 36 56
39 9 5183
39 6 1903
39 65 340
39 3 3343
39 7 6157
39 26 2560
39 31 3967
39 68 4843
39 41 1143
39 2 1274
39 42 704
39 57 2665
39 60 4391
39 30 3604
39 19 4167
39 27 1315
39 1 970
39 18 4264
39 66 6016
39 49 427
39 62 475
39 55 3895
39 50 3513
39 64 111
40 43 1605
40 34 4510
40 13 1633
40 73 4471
40 9 255
40 46 3107
40 22 3991
40 29 5378
40 64 5643
40 25 996
40 21 2535
40 12 441
40 55 3331
40 4 926
40 6 4117
40 57 6137
40 56 6213
40 8 3483
40 7 2245
40 38 6199
40 60 534
40 39 2424
40 2 3433
40 70 135
40 24 3530
40 27 4014
40 69 639
40 11 1495
40 54 5188
40 10 837
40 37 4096
40 44 416
40 59 3340
40 18 3095
40 62 5187
40 35 2027
40 51 994
40 23 5552
40 58 3871
40 19 358
40 53 4422
40 32 3303
40 52 390
40 28 333
40 68 3405
40 75 5287
40 48 5247
40 45 309
40 42 6289
40 72 1508
40 3 3304
40 26 5065
40 31 3002
40 50 4370
40 71 552
40 47 2370
40 1 1847
41 10 821
41 20 4673
41 63 810
41 48 2414
41 50 5809
41 24 3958
41 1 662
41 51 3847
41 15 2625
41 47 5027
41 18 4458
41 16 1359
41 75 2377
41 62 5119
41 70 3900
41 74 5553
41 73 1224
41 36 5837
41 8 1433
41 13 4994
41 25 3457
41 5 1308
41 46 756
41 44 4259
41 14 6178
41 3 5892
41 59 5600
41 43 4597
41 56 5587
41 26 4466
41 38 1548
41 32 575
41 72 4988
41 2 3364
41 53 3059
41 21 4703
41 11 4197
41 4 2702
41 23 5786
41 61 2654
41 68 4546
41 49 6196
41 40 5978
41 58 4379
41 71 1805
41 28 3327
41 27 1653
41 7 761
41 45 70
41 30 460
41 34 2630
41 54 1865
41 12 4287
41 67 5508
41 9 4105
41 42 3591
42 5 206
42 59 5296
42 27 3533
42 3 6023
42 52 3414
42 33 5783
42 19 1454
42 38 1129
42 50 1137
42 37 219
42 7 3899
42 28 68
42 44 2000
42 32 680
42 36 2838
42 41 460
42 56 1690
42 23 5391
42 72 4989
42 55 4070
42 71 1040
42 21 5763
42 15 4964
42 74 5863
42 34 1765
42 4 4799
42 35 4189
42 53 599
42 16 1186
42 17 1182
42 61 2102
42 67 2721
42 75 13
42 49 4792
42 48 3290
42 9 4126
42 18 4780
42 63 2676
42 73 4570
42 31 5170
42 1 5672
42 64 5456
42 30 3618
42 43 2944
42 13 2589
42 54 3439
42 70 2044
42 24 3325
42 14 2772
42 68 5988
42 29 3344
42 25 45
42 2 543
42 40 3422
42 12 948
42 58 3541
43 62 1956
43 55 2893
43 9 3317
43 66 1416
43 16 3156
43 23 4886
43 26 5286
43 3 2918
43 58 4116
43 18 5074
43 11 2055
43 52 2626
43 61 2749
43 28 1107
43 64 1884
43 21 5929
43 29 6235
43 14 2694
43 69 4241
43 70 2189
43 19 3438
43 57 3321
43 54 1684
43 56 5500
43 47 1309
43 71 1145
43 6 4093
43 33 5595
43 20 5290
43 12 4126
43 36 589
43 22 218
43 74 4945
43 72 4718
43 75 1879
43 2 2451
43 65 3543
43 7 3487
43 30 1404
43 60 1091
43 68 3105
43 67 1527
43 15 5246
43 34 2445
43 32 5138
43 48 2176
43 40 2463
43 51 6035
43 10 5743
43 50 961
43 35 6027
43 37 4160
43 38 652
43 24 2257
43 39 4024
44 70 1594
44 53 33
44 75 1562
44 11 4130
44 12 6231
44 49 3281
44 34 80
44 57 276
44 19 2708
44 73 102
44 10 5056
44 16 2179
44 43 5286
44 69 5730
44 14 4461
44 39 2023
44 24 340
44 9 6282
44 4 34
44 26 5502
44 46 1711
44 28 4874
44 64 6167
44 17 873
44 59 2044
44 8 1997
44 18 5000
44 22 669
44 45 734
44 38 3536
44 48 1474
44 74 2989
44 68 3526
44 20 6298
44 37 6172
44 55 4763
44 30 1174
44 40 3792
44 71 5173
44 23 3113
44 25 5373
44 52 4825
44 2 1306
44 72 4530
44 36 4822
44 47 691
44 35 5845
44 27 4343
44 7 4577
44 61 421
44 41 4928
44 6 2825
44 66 132
44 56 362
44 32 1001
44 33 504
44 60 5009
44 67 288
44 58 665
45 52 1476
45 16 762
45 26 4069
45 32 1882
45 14 1866
45 19 1972
45 66 4152
45 25 2007
45 2 859
45 7 543
45 60 1080
45 47 5676
45 38 2070
45 50 2509
45 33 88
45 12 6041
45 23 5080
45 49 5445
45 4 1653
45 65 3212
45 29 75
45 17 600
45 44 5341
45 51 542
45 62 5505
45 24 744
45 20 2364
45 61 5738
45 36 379
45 35 4509
45 8 455
45 34 4894
45 18 2853
45 22 2463
45 74 4556
45 28 2235
45 30 5207
45 56 1101
45 63 5701
45 54 4050
45 75 275
45 69 1625
45 11 1367
45 71 21
45 53 4790
45 31 6064
45 6 5221
45 70 2021
45 5 4003
45 15 5658
45 46 1155
45 39 4887
45 9 1392
45 3 4104
46 45 2509
46 44 1913
46 13 921
46 67 2226
46 64 2921
46 2 3509
46 28 4471
46 4 758
46 16 116
46 51 6211
46 6 4059
46 53 6208
46 14 1392
46 5 4977
46 27 1036
46 69 1938
46 9 346
46 20 3870
46 49 2225
46 8 236
46 39 5411
46 59 2149
46 35 1342
46 55 1145
46 12 1257
46 24 4342
46 18 4961
46 11 1665
46 68 5563
46 66 1190
46 1 2273
46 61 3386
46 29 4352
46 23 5053
46 41 2504
46 31 5204
46 3 5332
46 19 6293
46 33 2560
46 7 1201
46 32 5286
46 22 1808
46 72 5513
46 48 2490
46 62 3665
46 21 2701
46 17 4085
46 42 5210
46 74 2229
46 34 475
47 55 4443
47 18 5445
47 8 673
47 59 5280
47 31 2168
47 32 2392
47 40 4991
47 19 1749
47 74 3832
47 17 3488
47 6 2186
47 24 2630
47 30 4311
47 49 5632
47 66 298
47 72 4685
47 13 3931
47 26 1433
47 52 424
47 44 5251
47 62 2130
47 70 2575
47 29 5224
47 43 2502
47 64 1418
47 54 1335
47 10 4166
47 60 4345
47 5 4854
47 42 854
47 69 4466
47 1 2978
47 34 1750
47 73 1584
47 28 916
47 12 2008
47 36 5121
47 14 5431
47 63 3386
47 65 5446
47 22 2999
47 15 3996
47 2 4187
47 41 5989
47 11 2088
47 45 2109
47 39 839
47 21 5082
47 7 1982
47 20 2230
47 53 3793
47 37 1876
47 4 3723
47 38 4470
47 16 1827
47 27 1388
48 52 4116
48 18 2503
48 6 3575
48 12 3626
48 58 4016
48 56 3380
48 69 226
48 36 3271
48 66 3384
48 38 4031
48 16 3738
48 7 329
48 5 3991
48 43 2881
48 55 4279
48 35 6147
48 4 4451
48 10 3035
48 61 2290
48 73 624
48 41 2323
48 30 566
48 9 3977
48 22 5693
48 62 3323
48 39 337
48 59 289
48 64 810
48 51 4785
48 26 106
48 32 2699
48 71 448
48 21 4550
48 17 4957
48 29 5523
48 47 4047
48 14 5824
48 24 145
48 28 2784
48 44 6122
48 54 4512
48 40 3531
48 45 3170
48 75 4991
48 50 5720
48 37 2882
48 49 1641
48 19 4113
48 27 1249
48 72 4403
48 13 4109
48 53 4971
48 68 5113
48 65 2916
48 11 1976
48 2 1400
48 23 3973
48 34 5948
49 7 2947
49 53 3870
49 47 1125
49 18 6217
49 69 733
49 23 2355
49 28 6221
49 55 4441
49 26 4954
49 48 3511
49 50 5230
49 24 4318
49 63 2541
49 36 2570
49 60 5372
49 35 535
49 62 3394
49 64 5184
49 39 2477
49 31 408
49 19 1329
49 54 4452
49 75 1778
49 11 3830
49 41 2679
49 44 526
49 32 473
49 59 2748
49 16 6277
49 66 159
49 46 5919
49 72 2056
49 70 1717
49 21 5029
49 5 27
49 12 4200
49 45 580
49 68 3035
49 29 445
49 13 5583
49 65 4566
49 73 5793
49 15 1711
49 27 3542
49 56 2051
49 8 3538
49 57 1380
49 4 5843
49 51 1126
49 17 1847
49 37 2089
49 6 4791
49 33 5889
49 61 829
49 30 2850
49 52 5466
49 10 2321
49 3 1978
49 58 2679
49 34 5500
50 45 3810
50 39 1288
50 7 6208
50 42 1493
50 55 5369
50 29 3903
50 26 3294
50 68 5459
50 13 3297
50 57 1072
50 21 5920
50 46 4792
50 20 5265
50 49 2357
50 59 4386
50 43 5952
50 52 3600
50 28 888
50 25 1985
50 4 3681
50 73 1398
50 44 3592
50 22 932
50 14 3478
50 72 1883
50 71 181
50 74 1107
50 11 5913
50 75 3516
50 2 1361
50 18 5713
50 56 15
50 15 3652
50 60 5917
50 32 217
50 9 2377
50 66 1643
50 58 5787
50 27 918
50 31 3363
50 24 182
50 30 2385
50 35 1877
50 1 382
50 53 3901
50 6 4052
50 23 5289
50 62 1389
50 47 2531
50 10 5506
50 65 6004
50 8 2215
50 48 1024
50 67 1646
50 34 1743
50 64 2969
51 57 6283
51 71 5370
51 67 3911
51 74 1104
51 5 21
51 6 4478
51 58 1333
51 43 4390
51 28 2029
51 18 1636
51 9 3722
51 12 669
51 23 4971
51 47 2810
51 75 1939
51 73 368
51 63 1772
51 1 2146
51 64 660
51 48 1736
51 15 6137
51 19 6134
51 25 3163
51 30 555
51 72 2861
51 62 1851
51 37 2770
51 32 4698
51 3 3063
51 4 6218
51 53 3970
51 54 1274
51 17 5500
51 38 3706
51 69 835
51 20 6034
51 33 3574
51 31 2038
51 34 5675
51 27 949
51 46 5377
51 13 5574
51 24 1177
51 36 2
51 60 4172
51 40 4305
51 10 3489
51 7 589
51 68 3080
51 52 2619
51 39 2879
51 41 4172
51 49 3483
51 14 53
51 65 5644
51 11 5917
51 35 142
51 56 87
51 45 2468
51 55 1485
51 66 1235
52 27 4396
52 13 6057
52 59 5344
52 51 2420
52 61 2240
52 7 4190
52 32 5030
52 67 4967
52 65 2134
52 9 6094
52 57 647
52 46 4528
52 53 3779
52 55 485
52 39 5778
52 54 5265
52 60 633
52 8 973
52 73 1613
52 35 5140
52 5 3776
52 49 5473
52 2 3389
52 26 5247
52 34 6270
52 21 3876
52 75 2345
52 74 4913
52 28 4170
52 45 3834
52 10 62
52 47 2673
52 22 3876
52 36 4084
52 3 1154
52 48 4735
52 66 6151
52 63 765
52 20 1587
52 24 3866
52 56 3637
52 43 5190
52 72 1324
52 69 5282
52 41 6000
52 6 5982
52 12 5766
52 19 3427
52 64 758
52 50 5270
52 16 1369
52 4 700
52 25 1186
52 70 377
52 38 3014
53 55 3800
53 37 4424
53 47 202
53 8 2199
53 30 5121
53 43 5001
53 2 6293
53 63 3257
53 24 214
53 13 1288
53 48 5419
53 45 4956
53 40 1659
53 69 4678
53 14 5512
53 38 5270
53 73 5752
53 7 5164
53 17 2655
53 64 5509
53 15 5250
53 71 434
53 18 2711
53 31 1256
53 36 1712
53 46 935
53 70 299
53 19 1956
53 57 5967
53 4 603
53 54 2778
53 23 1781
53 33 1489
53 44 5751
53 6 186
53 29 4373
53 56 4513
53 62 3346
53 41 5047
53 35 307
53 21 197
53 16 4768
53 27 3328
53 10 5891
53 34 2085
53 9 4111
53 12 6285
53 58 2318
53 50 2390
53 66 6123
53 20 5333
53 59 3896
53 75 544
54 8 2972
54 51 6106
54 57 122
54 33 804
54 50 1441
54 52 3860
54 46 4330
54 22 3046
54 9 93
54 56 48
54 31 6143
54 15 4928
54 23 714
54 37 4279
54 28 6241
54 14 2454
54 5 142
54 68 1138
54 71 1213
54 66 4598
54 72 3964
54 27 2457
54 29 4579
54 1 729
54 43 12
54 11 838
54 30 689
54 12 3231
54 7 2314
54 47 5405
54 36 4105
54 17 3453
54 20 438
54 67 5917
54 73 5089
54 26 843
54 53 3859
54 63 786
54 59 722
54 6 4489
54 44 1403
54 75 1499
54 38 2612
54 19 2059
54 42 3446
54 21 3439
54 2 4132
54 10 365
54 62 3437
54 34 4902
54 58 4296
54 48 4596
54 25 2223
55 4 3289
55 71 5183
55 63 2614
55 22 440
55 41 1938
55 75 2657
55 26 959
55 64 5379
55 53 5833
55 49 2665
55 7 3432
55 3 1998
55 42 971
55 24 5292
55 28 5891
55 33 5800
55 70 2818
55 20 4169
55 72 5239
55 68 1888
55 6 3203
55 44 1374
55 10 3721
55 36 209
55 60 2931
55 61 1156
55 69 3098
55 38 742
55 30 3641
55 15 1752
55 47 5353
55 13 3537
55 29 1060
55 35 1914
55 32 3429
55 57 5310
55 21 3389
55 9 4049
55 31 1129
55 73 2749
55 43 841
55 8 1526
55 25 6213
55 5 6221
55 16 6086
55 11 5199
55 37 4029
55 48 4363
55 27 2235
55 1 6018
55 62 2453
55 45 4690
55 59 6267
55 12 2374
55 46 3661
55 19 5780
55 67 1023
55 34 6222
55 58 5257
55 54 1993
55 74 4632
55 52 2667
56 14 2508
56 13 589
56 25 2147
56 8 5565
56 26 537
56 15 2080
56 11 2752
56 27 3991
56 12 2537
56 57 849
56 47 4087
56 50 764
56 66 484
56 65 631
56 29 5968
56 71 3841
56 41 2974
56 6 1871
56 58 3550
56 52 5333
56 23 3527
56 43 1431
56 67 1864
56 45 5489
56 62 139
56 54 5862
56 37 2526
56 74 793
56 70 6037
56 16 6049
56 18 5354
56 1 4714
56 46 5272
56 68 568
56 4 5101
56 61 2911
56 72 2232
56 55 2966
56 40 1201
56 34 964
56 73 3868
56 69 3592
56 7 4616
56 10 868
56 35 2559
56 30 442
56 59 1714
57 75 2200
57 47 5999
57 72 5258
57 45 3393
57 37 620
57 60 591
57 42 3998
57 36 5493
57 10 3534
57 13 2484
57 8 2975
57 15 4076
57 68 6189
57 35 5081
57 32 3477
57 40 6049
57 30 2143
57 31 741
57 46 3664
57 19 543
57 4 2910
57 5 1847
57 63 5772
57 52 2729
57 29 3398
57 56 941
57 24 395
57 59 2186
57 27 5773
57 41 2677
57 69 3215
57 20 3683
57 43 4269
57 65 424
57 58 2614
57 14 1686
57 74 2626
57 18 431
57 3 5184
57 22 4940
57 26 2742
57 53 1186
57 70 5508
57 39 1045
57 44 2542
57 73 6296
57 61 3342
57 28 2013
57 66 1928
57 38 5839
57 21 5937
57 16 2007
57 50 3715
57 62 3557
57 1 3167
57 23 188
57 64 3772
58 16 4682
58 75 3296
58 41 5264
58 65 4027
58 74 4217
58 10 1757
58 69 2644
58 11 4239
58 46 3035
58 5 1693
58 32 3949
58 35 4088
58 57 2563
58 66 1561
58 18 3227
58 36 5263
58 4 5928
58 19 1858
58 40 3633
58 24 587
58 26 2284
58 27 2115
58 53 4103
58 71 1144
58 60 5787
58 2 4268
58 1 3688
58 72 2197
58 55 5876
58 70 5003
58 39 3567
58 8 2438
58 31 3963
58 73 2846
58 12 6104
58 23 4311
58 63 4916
58 44 6094
58 59 4724
58 56 5991
58 68 3337
58 38 2814
58 3 3044
58 52 4833
58 21 4221
58 6 3833
58 51 3974
58 62 330
58 17 2984
58 45 4516
58 64 4347
58 14 508
58 54 749
58 13 6230
58 9 1498
58 61 2225
58 7 39
59 26 5373
59 9 5478
59 65 6040
59 49 5679
59 41 2060
59 27 889
59 28 6141
59 1 1325
59 52 5684
59 44 3378
59 48 629
59 23 5761
59 67 5174
59 58 5779
59 71 634
59 35 2531
59 33 2729
59 72 4699
59 11 3378
59 30 980
59 39 3677
59 57 1961
59 43 4095
59 7 447
59 68 5609
59 66 5186
59 54 3423
59 34 2498
59 29 3077
59 6 865
59 46 4798
59 24 104
59 63 4066
59 2 2019
59 40 5627
59 16 2086
59 73 3771
59 3 3320
59 61 2896
59 75 4920
59 47 3523
59 53 2855
59 12 841
59 37 4601
59 45 2105
59 14 3203
59 51 5988
59 42 1421
59 64 912
59 13 5721
59 19 2703
59 60 1894
59 25 6123
60 14 4900
60 38 1235
60 65 3440
60 42 3874
60 1 3115
60 48 292
60 13 6235
60 49 1374
60 6 87
60 35 2474
60 28 4840
60 41 4798
60 25 2193
60 62 5754
60 16 1485
60 11 1333
60 46 1627
60 3 4460
60 64 2885
60 50 5896
60 43 3803
60 21 4488
60 12 5472
60 26 3844
60 68 6050
60 72 5575
60 36 5333
60 74 1123
60 59 5841
60 33 3675
60 18 1900
60 52 104
60 66 4053
60 73 1454
60 57 4256
60 30 3669
60 23 5838
60 15 2402
60 58 4716
60 27 209
60 7 2902
60 29 1670
60 51 5463
60 40 2536
60 32 4738
60 69 6220
60 55 1878
60 56 1912
60 8 467
60 39 1986
60 17 5035
60 71 1804
60 47 5180
60 20 5278
60 54 4102
61 49 2190
61 74 5846
61 20 3083
61 46 1867
61 8 425
61 10 5953
61 13 4109
61 7 1158
61 59 382
61 38 4599
61 16 3933
61 5 1307
61 62 5070
61 52 4742
61 44 1696
61 22 3631
61 73 2580
61 45 2347
61 50 4047
61 24 1871
61 15 4023
61 71 2486
61 33 1153
61 48 82
61 9 4708
61 27 3584
61 28 3396
61 40 944
61 4 1528
61 54 5630
61 70 2961
61 34 5522
61 67 409
61 11 1222
61 37 4622
61 69 1370
61 30 4330
61 65 107
61 17 2674
61 29 554
61 56 343
61 19 1587
61 58 5959
61 60 1485
61 14 5434
61 57 1942
61 26 1024
61 3 3638
61 63 1157
61 75 664
61 31 2143
61 39 1951
61 66 5498
61 53 4453
61 64 747
61 18 877
62 14 2652
62 31 1777
62 43 6167
62 21 2949
62 69 2847
62 50 3517
62 63 5417
62 73 6068
62 8 519
62 23 701
62 42 1383
62 39 4325
62 17 6251
62 47 143
62 25 4753
62 24 4703
62 13 376
62 38 1554
62 6 1703
62 5 909
62 29 2071
62 10 4057
62 57 452
62 20 2881
62 12 5875
62 60 1380
62 35 2208
62 65 956
62 56 2044
62 37 5764
62 49 4596
62 59 3966
62 71 2947
62 11 4801
62 70 4465
62 55 3553
62 33 93
62 67 1954
62 32 171
62 27 3810
62 52 5625
62 3 3537
62 72 1898
62 2 1189
62 75 4696
62 7 2734
62 26 1135
62 22 4105
62 18 3786
62 40 4276
62 68 6004
62 16 1014
62 53 5906
62 66 2947
62 15 5142
62 36 2368
62 34 3416
62 45 5331
63 29 5164
63 71 5599
63 22 2179
63 7 2639
63 42 318
63 53 2299
63 13 2863
63 64 637
63 51 3010
63 67 1819
63 17 2556
63 55 618
63 69 6181
63 72 601
63 49 5266
63 57 2507
63 14 3808
63 65 1811
63 66 5217
63 28 4634
63 61 2116
63 26 2367
63 23 4989
63 8 12
63 59 3787
63 20 1532
63 2 4001
63 62 267
63 68 3352
63 24 1000
63 41 4769
63 12 2976
63 35 5387
63 74 4104
63 45 1292
63 50 6186
63 30 1092
63 40 6083
63 73 838
63 48 117
63 4 858
63 56 3145
63 16 1249
63 38 4630
63 3 1723
63 31 5598
63 46 3635
63 54 4835
63 33 4472
63 11 211
63 21 507
63 1 1416
63 37 5653
63 25 5509
63 39 883
64 25 2648
64 12 2402
64 13 4621
64 70 782
64 30 6279
64 44 4852
64 47 2377
64 6 5240
64 62 196
64 41 622
64 54 4530
64 19 2724
64 63 3758
64 59 700
64 20 3168
64 71 1583
64 17 302
64 61 1897
64 74 2317
64 58 3779
64 49 4039
64 29 3461
64 60 985
64 8 612
64 56 6046
64 24 1327
64 46 2805
64 27 3302
64 10 195
64 31 874
64 37 609
64 45 4411
64 21 6162
64 67 1766
64 4 32
64 38 4417
64 65 4361
64 66 981
64 39 3711
64 69 1147
64 14 5638
64 2 6172
64 57 2319
64 11 5177
64 7 3724
64 34 5584
64 40 4215
64 43 1873
64 55 1211
64 35 683
64 53 138
64 33 3536
65 4 4853
65 53 1646
65 63 1116
65 45 1075
65 75 158
65 1 3637
65 69 3836
65 70 912
65 44 2696
65 7 677
65 8 6049
65 27 5607
65 2 923
65 60 1625
65 29 4548
65 49 1106
65 5 4542
65 24 2966
65 17 5839
65 57 919
65 30 2576
65 50 5248
65 31 4512
65 59 2919
65 68 6041
65 21 42
65 48 4663
65 71 420
65 73 4645
65 55 5377
65 35 116
65 51 4873
65 54 2789
65 56 3106
65 34 6213
65 67 5996
65 46 3927
65 47 457
65 36 5891
65 52 5488
65 66 1442
65 42 3245
65 23 5716
65 25 5339
65 9 640
65 14 4740
65 15 4186
65 41 3555
65 62 2033
65 37 124
65 3 4194
65 10 4306
65 72 2580
65 18 2936
65 32 3889
65 22 1745
66 67 1535
66 22 5707
66 47 3541
66 15 4418
66 30 514
66 44 526
66 10 3049
66 21 4856
66 53 4056
66 11 2729
66 74 657
66 59 4276
66 58 287
66 72 3461
66 60 504
66 12 2002
66 26 1439
66 28 2548
66 54 4067
66 17 2595
66 34 4119
66 27 717
66 49 4962
66 6 6192
66 38 5576
66 24 2830
66 9 82
66 1 3450
66 42 3235
66 65 3016
66 46 3286
66 73 4699
66 70 267
66 19 3767
66 45 2886
66 35 3745
66 37 5463
66 61 5952
66 40 736
66 64 1644
66 62 3085
66 16 4418
66 32 2549
66 2 4930
66 3 6278
66 13 1705
66 71 1255
66 41 1326
66 50 2555
66 43 128
66 69 5029
66 75 5274
66 36 1793
66 55 824
66 31 6008
66 25 3952
66 33 205
66 51 4766
66 56 2616
66 14 4918
67 65 2864
67 47 2480
67 73 2743
67 12 5134
67 60 2913
67 14 2727
67 30 5462
67 17 3621
67 62 318
67 10 1671
67 3 5604
67 52 3322
67 31 2394
67 75 6126
67 55 6237
67 34 2459
67 45 4091
67 24 6289
67 16 3745
67 22 2825
67 70 4886
67 1 2986
67 32 1861
67 15 2128
67 26 5590
67 8 6048
67 25 4954
67 57 4174
67 11 1428
67 19 52
67 27 1441
67 33 6188
67 58 1937
67 53 1119
67 2 3708
67 44 3718
67 50 5167
67 39 963
67 21 6059
67 35 1263
67 54 24
67 49 1215
67 42 240
67 71 1380
67 4 4427
67 38 4292
67 68 1410
67 64 6027
67 72 5543
67 63 4654
67 18 57
67 41 4088
67 28 4235
67 7 3415
68 40 6300
68 38 2579
68 23 4887
68 10 5318
68 71 4684
68 58 3830
68 66 214
68 39 3919
68 26 1087
68 74 5801
68 31 2681
68 21 5544
68 32 3299
68 56 3355
68 25 1937
68 73 914
68 64 556
68 30 238
68 33 2001
68 62 2588
68 8 1967
68 20 4654
68 42 33
68 72 6237
68 43 4919
68 24 1716
68 6 2668
68 50 6181
68 69 5034
68 36 4459
68 57 2987
68 35 2075
68 47 2137
68 75 1399
68 67 1622
68 51 1140
68 7 861
68 12 1234
68 2 1458
68 59 5421
68 18 4285
68 15 2789
68 1 2281
68 16 1427
68 37 3926
68 48 3497
68 11 507
68 9 3488
68 3 622
68 65 4621
68 5 1729
68 53 5691
68 4 5468
68 17 109
68 61 1432
69 12 5712
69 60 3465
69 1 5069
69 34 5048
69 63 3054
69 8 3467
69 54 2522
69 40 1829
69 3 4918
69 52 961
69 33 382
69 31 4093
69 42 3281
69 15 886
69 32 1285
69 46 2387
69 35 5126
69 19 1189
69 18 6296
69 5 4708
69 2 984
69 67 5151
69 56 1571
69 61 1077
69 16 68
69 73 6241
69 24 5634
69 48 5136
69 39 1150
69 30 340
69 21 1321
69 57 5595
69 41 3290
69 59 3883
69 11 3621
69 10 2763
69 43 661
69 14 3282
69 45 3896
69 7 599
69 50 2190
69 17 5428
69 26 818
69 49 331
69 44 6300
69 70 4608
69 74 1243
70 53 2845
70 60 5386
70 30 3519
70 8 3180
70 50 5083
70 5 3385
70 23 4319
70 13 3435
70 36 433
70 9 290
70 12 2298
70 75 5679
70 29 3898
70 11 4152
70 74 5278
70 10 2272
70 20 4088
70 39 2468
70 69 4772
70 16 423
70 26 2029
70 21 5579
70 72 2819
70 59 1143
70 52 756
70 62 5388
70 24 5198
70 18 2111
70 34 1923
70 45 5373
70 31 1398
70 4 1665
70 19 3633
70 68 4261
70 54 3650
70 67 1975
70 73 5128
70 71 506
70 56 3525
70 33 1297
70 32 2759
70 63 2927
70 42 5711
70 40 3650
70 51 275
70 41 673
70 47 5037
70 37 5152
70 35 3120
70 15 4985
70 58 4568
70 28 3031
70 65 1695
70 27 4771
70 66 4477
70 43 1930
70 14 3020
70 61 2533
70 49 4656
71 24 4100
71 11 4869
71 75 991
71 74 4381
71 62 1616
71 39 2924
71 38 560
71 20 6184
71 17 5567
71 47 258
71 49 1090
71 37 5965
71 23 3646
71 25 5928
71 64 3918
71 54 2003
71 2 965
71 10 1982
71 26 3082
71 73 4347
71 31 4118
71 65 1137
71 66 6222
71 9 2302
71 48 1616
71 33 2708
71 41 4548
71 55 5918
71 70 3432
71 72 3425
71 35 6134
71 69 5702
71 40 6002
71 32 938
71 3 2907
71 13 3472
71 63 3893
71 52 878
71 44 5043
71 22 1224
71 36 5844
71 60 2558
71 12 318
71 57 4466
71 53 5622
71 43 1601
71 6 1429
71 58 127
71 1 881
71 7 3947
71 8 5768
71 30 2782
71 18 4685
71 61 1499
71 4 122
71 68 2665
71 46 3102
71 29 4246
71 16 5035
71 27 332
71 34 1913
72 24 2041
72 53 673
72 33 3468
72 14 2507
72 54 4321
72 28 6186
72 51 1823
72 15 6093
72 40 4472
72 68 1952
72 75 1225
72 56 3050
72 39 1244
72 73 2127
72 11 1232
72 47 3180
72 46 4920
72 10 5230
72 57 3137
72 31 944
72 13 2301
72 32 2899
72 29 4209
72 16 1059
72 64 3812
72 74 197
72 3 4872
72 9 4114
72 67 4732
72 17 5462
72 6 5025
72 66 4684
72 58 2847
72 52 3569
72 18 4288
72 1 2037
72 65 1197
72 42 1567
72 7 400
72 43 251
72 45 2809
72 55 1711
72 4 3899
72 22 2568
72 26 6225
72 69 3760
72 59 5651
72 49 1531
72 62 2580
72 20 2062
72 2 1764
72 48 2607
72 63 1278
72 44 1114
72 50 5385
72 25 1370
72 23 489
72 30 4370
72 36 283
72 38 1266
72 41 4425
72 19 3442
72 35 2369
72 12 3622
73 47 2081
73 11 4041
73 12 800
73 48 2351
73 16 685
73 3 197
73 19 3126
73 52 2258
73 35 4585
73 13 4089
73 50 5554
73 1 6189
73 68 1236
73 63 2408
73 31 5512
73 49 3702
73 32 5060
73 53 4884
73 29 1781
73 8 5318
73 21 3776
73 27 3088
73 40 2392
73 69 5579
73 41 3893
73 74 5257
73 65 349
73 30 4349
73 46 4350
73 9 5907
73 28 4900
73 44 5688
73 33 5832
73 67 5689
73 56 6257
73 15 4796
73 18 5787
73 61 4639
73 2 677
73 62 6083
73 4 4425
73 42 5411
73 5 957
73 58 4364
73 59 217
73 60 4426
73 34 2663
73 64 1248
73 57 4333
73 43 553
73 39 5761
73 75 1640
73 14 2304
73 72 2522
73 25 493
73 37 5413
73 51 2812
73 71 103
74 17 2980
74 46 2286
74 24 4297
74 49 5581
74 52 3786
74 34 367
74 10 462
74 64 628
74 4 2978
74 38 2995
74 2 1035
74 37 1274
74 65 965
74 11 5924
74 30 82
74 67 806
74 31 5133
74 27 5003
74 35 1769
74 50 4659
74 71 2331
74 26 3378
74 51 2470
74 32 5293
74 61 534
74 59 4999
74 63 5606
74 3 308
74 16 1515
74 13 823
74 7 3932
74 29 368
74 42 4625
74 56 5420
74 60 4092
74 66 3854
74 36 962
74 53 1108
74 1 1668
74 9 1426
74 18 1613
74 20 927
74 62 1184
74 23 2099
74 58 42
74 47 881
74 54 3459
74 55 4867
74 15 4187
74 8 5089
74 41 4335
74 22 2090
74 12 5812
74 75 659
74 39 5432
74 19 1245
75 64 3962
75 13 5693
75 5 6166
75 39 3768
75 59 6179
75 50 5575
75 3 509
75 32 4518
75 60 5368
75 18 1134
75 44 2855
75 67 6149
75 46 763
75 71 1461
75 35 246
75 62 3406
75 28 5492
75 48 1584
75 23 76
75 14 4419
75 63 5749
75 9 4143
75 52 5170
75 2 3072
75 24 830
75 20 2094
75 16 5993
75 57 6207
75 68 2028
75 54 2967
75 56 5212
75 26 3857
75 19 4847
75 10 1419
75 70 4921
75 30 6284
75 38 1098
75 49 2457
75 8 1554
75 34 278
75 53 938
75 65 4266
75 25 2847
75 69 4955
75 29 2308
75 36 2907
75 45 5255
75 15 1957
75 61 3483
75 6 2879
75 42 32
75 72 2590
75 43 6218
75 7 3115
75 4 2979
75 17 691
75 51 2123
75 31 5723
75 33 5994
75 21 5544
75 58 2847
75 12 2603
