75 4200
1 60 4360
1 38 4279
1 12 2505
1 52 1427
1 41 4056
1 64 6173
1 11 2450
1 42 1612
1 14 5236
1 22 5531
1 17 6145
1 58 4072
1 18 5826
1 31 4420
1 10 368
1 71 448
1 40 758
1 74 1931
1 48 3312
1 27 4158
1 75 3235
1 9 372
1 68 2955
1 26 5307
1 45 5110
1 33 5852
1 65 592
1 35 2175
1 16 3142
1 4 3049
1 43 1782
1 54 110
1 61 4576
1 34 3321
1 70 411
1 23 3961
1 57 5261
1 25 1002
1 36 117
1 69 1609
1 21 3835
1 44 783
1 29 1741
1 37 548
1 15 3627
1 67 246
1 72 5897
1 63 2466
1 13 2852
1 19 5301
1 3 1818
1 7 246
1 46 4420
1 73 4869
1 51 5310
2 27 4661
2 10 4900
2 59 2015
2 11 3871
2 15 825
2 13 5595
2 73 3592
2 26 610
2 34 2037
2 30 6164
2 56 5302
2 71 1881
2 63 3028
2 6 6210
2 8 4536
2 46 495
2 72 3434
2 44 4892
2 74 2803
2 36 4756
2 48 3111
2 25 4689
2 14 4889
2 4 1175
2 12 4553
2 55 3068
2 66 666
2 23 709
2 29 5480
2 24 3952
2 53 1638
2 1 2232
2 68 2117
2 5 934
2 21 4458
2 35 705
2 17 580
2 7 559
2 57 2332
2 47 1920
2 58 2726
2 39 5877
2 28 1443
2 69 5199
2 52 2347
2 38 1412
2 40 1779
2 37 1045
2 32 5049
2 20 3036
2 54 3389
2 60 3441
2 49 2152
2 42 3260
2 45 1744
2 50 2361
3 10 4520
3 46 644
3 42 5687
3 37 4277
3 69 3769
3 67 3758
3 26 2646
3 48 188
3 16 322
3 20 951
3 43 1332
3 44 1377
3 57 1468
3 54 1255
3 7 4697
3 75 1435
3 17 6001
3 5 212
3 6 370
3 22 5268
3 70 3889
3 50 4530
3 71 4411
3 4 844
3 11 4844
3 66 2886
3 72 4112
3 73 4742
3 18 2540
3 56 2074
3 21 3860
3 52 1337
3 14 3711
3 28 4785
3 62 2060
3 51 1792
3 27 1509
3 33 4559
3 1 4777
3 59 6295
3 19 2791
3 38 4287
3 64 947
3 40 3861
3 49 3557
3 36 1940
3 24 4873
3 35 1797
3 8 5670
3 61 1276
3 15 2177
3 31 2489
3 45 1845
3 29 4558
4 20 5805
4 29 1597
4 63 1684
4 54 3892
4 17 3457
4 58 4645
4 41 4685
4 32 3509
4 38 4694
4 27 634
4 26 3917
4 34 2804
4 66 6026
4 69 3893
4 72 6117
4 61 2501
4 23 3142
4 56 2538
4 9 5209
4 52 1957
4 11 5193
4 59 1644
4 57 2122
4 47 3977
4 12 1989
4 33 3369
4 73 5742
4 45 1184
4 49 746
4 14 370
4 24 4049
4 22 347
4 35 6141
4 75 6118
4 13 6253
4 68 3226
4 16 2113
4 10 572
4 2 5124
4 64 3040
4 3 3765
4 65 4111
4 48 2653
4 28 1966
4 18 3852
4 31 3420
4 1 2339
4 6 5431
4 62 3842
4 53 5022
5 37 5712
5 54 1844
5 59 5163
5 53 4643
5 31 589
5 58 5199
5 40 2995
5 19 423
5 23 973
5 12 6285
5 52 986
5 18 3463
5 17 5381
5 62 3986
5 29 2247
5 39 6104
5 63 4200
5 45 2985
5 69 3565
5 44 5210
5 9 768
5 74 205
5 26 3083
5 2 4803
5 42 317
5 72 5467
5 34 2483
5 33 5798
5 28 687
5 11 1462
5 50 1586
5 70 1919
5 68 5211
5 43 4036
5 46 4285
5 35 5678
5 51 4827
5 49 4356
5 32 633
5 13 1689
5 47 2598
5 4 4423
5 22 3731
5 20 2323
5 10 2208
5 25 1933
5 41 3839
5 75 3171
5 48 4735
5 7 6227
5 8 2044
5 15 949
5 73 1968
5 36 5602
5 64 5689
5 65 2055
5 3 3639
6 20 3237
6 53 2610
6 41 4631
6 14 5339
6 47 4546
6 9 2715
6 28 4319
6 49 92
6 15 4870
6 34 149
6 70 15
6 46 163
6 31 4278
6 2 218
6 13 3730
6 40 4579
6 66 2050
6 33 4070
6 23 2526
6 19 2900
6 64 4661
6 72 3022
6 12 5012
6 60 4190
6 50 4916
6 43 4931
6 67 1779
6 38 2922
6 59 2230
6 39 4845
6 8 2665
6 55 5479
6 10 3006
6 27 1273
6 29 4660
6 44 3888
6 52 6173
6 63 327
6 1 1220
6 45 2341
6 58 5976
6 62 3420
6 73 2091
6 22 4530
6 5 3697
6 51 2754
6 56 2845
6 74 3231
6 32 4914
6 69 2041
6 57 4314
6 4 1153
6 37 1494
6 61 4098
7 41 1280
7 50 4934
7 67 2944
7 8 3298
7 20 6250
7 12 2056
7 72 1823
7 18 2923
7 51 821
7 14 1279
7 55 2782
7 34 331
7 33 1888
7 60 1113
7 11 3059
7 32 2144
7 58 4769
7 23 5120
7 24 1666
7 75 4648
7 5 4157
7 37 1917
7 66 5244
7 27 2384
7 26 5105
7 31 3371
7 28 3058
7 17 3621
7 61 6187
7 52 2405
7 63 1047
7 4 4655
7 40 494
7 45 3179
7 21 411
7 59 4483
7 6 764
7 29 2200
7 68 1889
7 10 53
7 69 626
7 38 1870
7 35 211
7 56 2520
7 57 2285
7 2 1419
7 39 5818
7 65 1018
7 19 3929
7 73 6252
7 70 3308
7 46 192
7 62 283
7 16 6019
7 13 2013
7 15 240
8 12 1967
8 72 2719
8 2 4789
8 25 797
8 50 1628
8 37 3762
8 57 5933
8 60 3521
8 19 18
8 32 5556
8 67 1194
8 62 50
8 56 211
8 49 565
8 22 2604
8 6 1804
8 5 5771
8 35 886
8 75 3498
8 33 6261
8 16 3922
8 36 493
8 51 2140
8 24 1492
8 44 5415
8 71 5772
8 52 6067
8 14 5642
8 38 4170
8 11 1753
8 47 2562
8 30 4957
8 46 308
8 15 231
8 26 4352
8 4 1803
8 53 4935
8 54 2799
8 31 1503
8 69 1560
8 40 5983
8 68 4102
8 65 5939
8 41 2790
8 27 5464
8 66 3314
8 73 1389
8 43 5176
8 55 4219
8 39 4488
8 45 5118
8 28 2385
8 61 3253
8 58 3183
8 29 2885
8 21 146
8 18 2082
8 70 5758
8 10 4072
8 63 2444
9 33 1760
9 19 3402
9 73 716
9 57 437
9 1 4979
9 42 1006
9 63 2761
9 13 6179
9 23 1617
9 31 3390
9 45 1187
9 47 751
9 46 2357
9 48 3509
9 67 4588
9 68 2473
9 53 6124
9 15 453
9 27 1842
9 25 3095
9 52 5384
9 21 5347
9 16 4971
9 3 3509
9 71 5673
9 56 2923
9 36 6110
9 58 4316
9 64 4519
9 43 5391
9 4 3370
9 61 4377
9 69 6104
9 11 3565
9 6 2392
9 28 4887
9 50 4044
9 37 4412
9 24 3041
9 35 2763
9 26 4261
9 66 3065
9 51 3445
9 65 3819
9 7 2091
9 29 1269
9 20 4939
9 44 711
9 55 2177
9 38 3839
9 40 5003
9 72 6052
9 18 1562
9 54 2461
9 5 2840
9 34 5484
9 59 1419
9 8 5641
9 62 4326
9 30 1386
9 14 1065
10 2 3891
10 35 105
10 6 6265
10 32 803
10 3 3154
10 61 6170
10 50 329
10 69 2677
10 1 3954
10 8 741
10 46 6042
10 40 1782
10 64 1758
10 9 48
10 31 2258
10 14 4826
10 63 4389
10 41 5020
10 42 4777
10 71 302
10 39 5888
10 5 2255
10 75 5263
10 29 4185
10 52 1531
10 70 2372
10 73 3248
10 33 2619
10 37 5086
10 67 5954
10 13 2242
10 23 916
10 54 3159
10 36 1014
10 4 3820
10 53 5214
10 72 2633
10 22 2850
10 28 4828
10 44 1290
10 26 1020
10 62 4496
10 66 197
10 60 5324
10 43 5490
10 24 5528
10 48 2995
10 12 539
10 18 975
10 16 5727
10 45 1407
10 65 1882
10 27 2029
10 20 5224
10 21 4144
10 58 5646
10 47 817
10 11 4939
11 67 2949
11 63 2494
11 69 1311
11 20 6045
11 52 787
11 38 4100
11 39 6049
11 9 6122
11 50 1343
11 59 1767
11 33 3209
11 24 3168
11 45 4185
11 73 3685
11 21 5685
11 27 1464
11 30 4876
11 75 5884
11 13 1379
11 36 1772
11 64 659
11 37 797
11 42 2251
11 14 5084
11 19 1554
11 46 2795
11 48 4299
11 12 6116
11 72 867
11 22 1573
11 62 4620
11 41 3969
11 49 4772
11 66 4564
11 34 4147
11 4 1808
11 28 2444
11 74 3473
11 10 1065
11 29 1924
11 7 3178
11 58 2928
11 35 2621
11 1 6161
11 54 3851
11 25 4645
11 55 1554
11 40 2073
11 43 1358
11 15 79
11 16 5162
11 57 4677
11 68 1596
12 45 5876
12 26 1765
12 72 5308
12 49 1365
12 2 3045
12 70 216
12 8 2022
12 59 1574
12 57 5420
12 50 1895
12 31 3475
12 48 1757
12 23 4916
12 61 4372
12 34 1164
12 47 4849
12 54 5965
12 52 1622
12 21 4927
12 60 933
12 65 1842
12 38 4263
12 11 2246
12 46 1515
12 9 1300
12 51 1493
12 25 5512
12 55 809
12 1 4232
12 75 5535
12 42 2425
12 29 954
12 53 2882
12 4 2740
12 43 1073
12 35 2156
12 58 2985
12 64 453
12 17 1127
12 71 4342
12 33 4074
12 40 4562
12 44 567
12 3 5743
12 56 3472
12 69 3313
12 27 3202
12 39 3597
12 5 1709
12 68 3667
12 32 5418
12 18 4908
12 74 1522
12 22 5166
12 16 2251
12 62 4956
13 3 3426
13 44 561
13 18 2976
13 38 2949
13 47 6118
13 43 1225
13 70 1525
13 52 4227
13 28 1392
13 37 242
13 9 3490
13 5 4779
13 72 5211
13 45 3068
13 39 1549
13 23 144
13 4 45
13 57 1052
13 58 4288
13 20 858
13 60 201
13 74 1779
13 53 180
13 6 591
13 26 5589
13 10 2616
13 1 5275
13 73 4603
13 41 75
13 2 2538
13 15 3838
13 50 2434
13 40 2272
13 71 2216
13 56 3943
13 46 4864
13 59 1433
13 8 302
13 42 4311
13 34 1892
13 35 3425
13 17 1399
13 62 4125
13 30 5156
13 29 795
13 63 5493
13 33 3044
13 51 1620
13 16 2755
13 31 3921
13 61 2316
13 36 456
13 75 3345
13 24 2713
13 21 5975
13 68 124
13 7 4538
13 54 2851
13 67 1781
13 22 203
14 26 1481
14 17 2497
14 19 3840
14 52 5991
14 68 5186
14 58 4669
14 67 782
14 59 815
14 43 256
14 49 2587
14 25 1172
14 73 4401
14 2 3924
14 50 5556
14 13 731
14 39 3297
14 28 4809
14 72 1458
14 21 3
14 47 4624
14 1 1768
14 53 2212
14 63 5490
14 38 4395
14 65 3518
14 31 5246
14 22 2895
14 44 826
14 57 6054
14 34 4227
14 62 2822
14 24 2705
14 4 4172
14 3 1004
14 20 3648
14 69 5232
14 29 1879
14 41 674
14 18 99
14 75 287
14 48 4159
14 66 5306
14 32 3305
14 7 2809
14 46 6238
14 54 4445
14 9 2631
14 55 4099
14 70 857
14 64 3885
14 6 3594
14 56 6091
14 10 4735
14 23 429
14 36 3435
14 11 4956
14 27 1030
14 61 5473
15 35 1359
15 72 1045
15 21 3124
15 59 2592
15 31 219
15 62 4923
15 74 724
15 57 489
15 5 1716
15 34 1991
15 75 4126
15 40 632
15 50 3560
15 44 5185
15 42 5184
15 70 4127
15 11 6270
15 65 3630
15 16 5173
15 26 4724
15 63 1617
15 47 4741
15 17 1741
15 3 3855
15 39 1871
15 36 644
15 64 864
15 45 4968
15 10 2038
15 37 4086
15 73 2863
15 71 3149
15 30 648
15 48 1233
15 29 6006
15 9 3153
15 49 175
15 7 3105
15 19 2469
15 60 2163
15 54 6269
15 67 185
15 6 3039
15 56 4953
15 20 6010
15 66 5567
15 38 2304
15 43 5848
15 8 164
15 25 6272
15 23 4536
15 52 436
15 32 707
15 2 5312
15 28 1253
15 41 2757
15 18 522
15 58 1104
16 69 865
16 39 1803
16 23 1050
16 32 4382
16 18 2779
16 34 1758
16 3 4470
16 25 1344
16 20 4541
16 41 875
16 63 5149
16 64 4811
16 44 1065
16 65 294
16 71 2075
16 1 3743
16 7 3735
16 12 3291
16 57 5063
16 59 155
16 14 3881
16 31 1939
16 61 1546
16 48 5864
16 6 1434
16 46 5001
16 43 2965
16 28 3631
16 15 2352
16 51 4446
16 2 3337
16 68 4885
16 19 6009
16 5 1752
16 52 345
16 8 3519
16 24 371
16 21 5411
16 75 5077
16 56 1131
16 47 831
16 62 4103
16 27 850
16 74 4165
16 54 4743
16 55 1248
16 33 2569
16 70 3979
16 17 3437
16 35 6127
16 53 1338
16 13 1757
16 50 1348
16 36 4598
16 29 3623
16 66 2130
16 22 726
16 11 4237
17 65 3550
17 47 5487
17 55 759
17 44 2938
17 36 863
17 50 5143
17 35 493
17 16 3388
17 71 5438
17 13 601
17 41 5813
17 19 3145
17 7 4737
17 2 3684
17 69 363
17 46 1349
17 30 5964
17 27 1305
17 68 1891
17 9 3536
17 66 944
17 5 2442
17 73 5965
17 70 4533
17 59 5641
17 26 85
17 60 4420
17 15 4727
17 58 713
17 62 4193
17 61 1176
17 64 3508
17 1 1644
17 29 5148
17 52 5676
17 32 5220
17 24 6226
17 48 1805
17 23 976
17 22 4146
17 8 4600
17 40 432
17 39 5098
17 53 555
17 18 3359
17 3 5067
17 54 5874
17 6 545
17 4 3654
17 11 3262
17 38 5316
17 14 1759
17 72 5070
17 56 4487
17 12 5626
18 56 1115
18 24 192
18 15 5217
18 63 3637
18 37 3916
18 55 4338
18 69 1264
18 65 3682
18 70 2194
18 28 5404
18 31 2585
18 62 3009
18 50 5359
18 41 4147
18 66 3642
18 14 1538
18 17 4663
18 11 5236
18 3 4726
18 60 4235
18 64 2895
18 26 5895
18 46 608
18 48 5083
18 1 897
18 67 955
18 9 2322
18 40 2135
18 8 1834
18 7 5999
18 36 2222
18 47 822
18 71 5155
18 33 32
18 39 5997
18 54 4138
18 53 1736
18 44 716
18 49 4488
18 16 1143
18 72 3264
18 21 2147
18 58 1205
18 52 3650
18 10 750
18 38 2006
18 45 508
18 51 3784
18 34 2732
18 19 2049
18 30 3274
18 35 3999
18 5 3029
18 57 3297
19 57 4024
19 42 4288
19 13 2583
19 61 5455
19 70 4349
19 58 3482
19 52 1662
19 15 1438
19 14 1280
19 5 4874
19 55 6087
19 37 5542
19 40 5936
19 18 4276
19 8 5312
19 44 1907
19 23 660
19 68 1194
19 43 4719
19 35 3681
19 32 2406
19 59 4545
19 51 2008
19 71 2523
19 66 1721
19 3 5987
19 2 4764
19 39 2800
19 69 1102
19 65 4400
19 7 4029
19 28 177
19 20 1554
19 29 4490
19 74 4804
19 22 5146
19 60 3565
19 11 1584
19 72 4840
19 67 3161
19 49 6151
19 62 5712
19 17 3846
19 46 2237
19 9 1443
19 54 3535
19 30 532
19 25 4517
19 6 5627
19 73 2515
19 27 1645
20 29 2968
20 23 5873
20 28 186
20 17 2930
20 61 2750
20 71 2156
20 72 1121
20 64 1095
20 56 1976
20 26 3076
20 47 2618
20 70 2873
20 33 901
20 19 2292
20 5 2563
20 42 725
20 50 4471
20 54 5673
20 38 730
20 57 2193
20 43 3458
20 22 1472
20 58 719
20 48 2563
20 15 705
20 44 2407
20 59 4709
20 49 2572
20 63 3522
20 8 4418
20 51 3984
20 34 2768
20 52 4224
20 45 2061
20 3 4404
20 35 4157
20 60 5562
20 73 3056
20 31 915
20 69 1845
20 7 3440
20 12 3933
20 4 4910
20 25 1688
20 30 141
20 65 397
20 53 1385
20 18 2791
20 40 4739
20 21 1881
20 16 4793
20 37 5395
20 10 6245
20 9 6056
20 75 1785
20 68 4350
20 6 981
21 70 2420
21 45 2792
21 22 1235
21 44 2197
21 51 2128
21 27 6118
21 75 1113
21 29 597
21 47 6065
21 7 5897
21 63 2091
21 20 3868
21 26 5990
21 71 2920
21 62 549
21 60 1529
21 46 4288
21 39 2363
21 73 3685
21 4 503
21 61 1619
21 36 1938
21 17 6251
21 68 3087
21 19 4679
21 30 4828
21 31 2566
21 41 2589
21 38 4170
21 40 976
21 32 310
21 23 1328
21 66 3171
21 54 3210
21 8 5257
21 9 3419
21 3 194
21 59 2967
21 65 5803
21 14 1741
21 48 5227
21 1 3350
21 13 5234
21 25 4164
21 64 4633
21 53 4382
21 11 5145
21 5 2930
21 69 3412
21 37 5826
21 74 5207
21 15 4035
21 35 2263
21 16 5376
21 2 942
22 8 4628
22 40 4118
22 75 3543
22 39 2081
22 32 3108
22 4 3345
22 21 47
22 68 6103
22 69 3094
22 52 3221
22 12 5163
22 70 1772
22 58 3407
22 23 2318
22 43 3000
22 57 6231
22 37 1159
22 67 1229
22 56 3432
22 1 1381
22 49 3060
22 36 2753
22 55 13
22 30 3792
22 15 1488
22 42 1955
22 11 915
22 62 5333
22 34 5891
22 13 446
22 74 2616
22 71 5012
22 5 4170
22 10 789
22 31 5978
22 38 829
22 33 3881
22 47 1973
22 24 3537
22 35 4515
22 18 4860
22 60 1847
22 50 6294
22 54 1004
22 14 1599
22 46 2912
22 45 548
22 66 3788
22 64 4470
22 53 276
22 63 1640
22 16 5103
22 19 3603
22 59 823
22 28 1336
22 17 2199
22 25 3079
22 44 5769
23 50 5011
23 62 4733
23 74 3818
23 63 5610
23 4 1015
23 70 4584
23 37 95
23 29 2954
23 5 3325
23 60 70
23 56 3494
23 75 6283
23 24 402
23 46 472
23 18 2841
23 40 4079
23 36 5097
23 66 2092
23 12 2939
23 11 565
23 17 4719
23 8 3710
23 26 744
23 3 3625
23 9 5156
23 57 5108
23 33 4903
23 71 919
23 59 1770
23 47 3536
23 15 6139
23 44 1736
23 64 2551
23 35 4843
23 51 6264
23 19 3375
23 43 5743
23 58 4924
23 69 4346
23 45 5749
23 27 5270
23 54 4879
23 34 3523
23 42 1652
23 30 5450
23 1 5042
23 55 1885
23 39 2047
23 61 763
23 41 4123
23 73 2255
23 28 6070
23 72 4567
23 25 3466
24 54 3621
24 12 5430
24 4 916
24 59 723
24 15 6084
24 34 353
24 26 1991
24 30 794
24 65 4741
24 75 2595
24 31 4196
24 61 5144
24 5 4585
24 58 3782
24 66 4061
24 68 5622
24 32 5821
24 50 3598
24 21 5629
24 19 1801
24 64 2669
24 52 4495
24 39 3385
24 1 3451
24 42 3362
24 45 4494
24 44 2952
24 67 2701
24 62 2507
24 7 3763
24 69 883
24 23 4317
24 13 5807
24 25 1649
24 35 90
24 18 1846
24 27 6140
24 11 4486
24 41 4295
24 72 5074
24 70 1913
24 8 2371
24 38 1665
24 60 3960
24 20 6114
24 46 466
24 14 1531
24 55 200
24 33 1828
24 29 5783
24 28 6242
24 49 3905
24 51 1484
24 43 2844
24 36 1315
24 6 3087
24 16 1324
24 17 4036
25 9 3383
25 4 399
25 59 4567
25 23 3149
25 45 3392
25 6 871
25 55 2397
25 34 417
25 28 2748
25 40 3439
25 75 5103
25 63 4720
25 71 1631
25 60 5318
25 54 1435
25 56 5364
25 46 2427
25 72 3845
25 57 5724
25 22 5448
25 73 1838
25 39 4023
25 30 4020
25 11 2162
25 2 3761
25 8 524
25 36 519
25 26 4158
25 68 199
25 7 2988
25 12 5669
25 43 1131
25 50 5637
25 3 4808
25 69 5703
25 33 3469
25 64 637
25 16 2368
25 62 3253
25 29 4565
25 1 3637
25 24 2195
25 42 1704
25 37 2192
25 66 6029
25 18 3722
25 15 2736
25 13 2085
25 38 4274
25 41 3931
25 20 170
25 48 4964
25 49 1903
25 10 1576
25 19 2014
25 44 592
26 57 3848
26 66 5308
26 46 1760
26 1 6049
26 3 1739
26 73 3000
26 38 822
26 58 4342
26 9 1125
26 5 5917
26 36 3450
26 75 362
26 50 112
26 25 558
26 55 1820
26 64 2563
26 69 847
26 72 1957
26 62 2002
26 68 5999
26 2 1578
26 31 483
26 4 3341
26 60 884
26 13 5475
26 21 3479
26 39 4695
26 70 4756
26 34 1112
26 52 2719
26 10 1989
26 65 2334
26 7 5244
26 16 791
26 40 1541
26 54 962
26 42 660
26 18 3474
26 11 3644
26 37 3230
26 71 2549
26 47 2582
26 67 5231
26 15 905
26 27 6219
26 28 847
26 23 5589
26 41 3907
26 30 6019
26 22 2787
26 51 681
26 43 3029
27 48 4812
27 37 1612
27 53 2922
27 71 539
27 74 3585
27 8 4779
27 2 6212
27 33 3238
27 38 1978
27 50 3503
27 44 96
27 42 5855
27 5 6283
27 64 3097
27 10 4814
27 67 1333
27 25 2174
27 29 1127
27 26 2695
27 21 1965
27 19 2520
27 9 1263
27 24 1631
27 56 568
27 55 4118
27 12 5204
27 63 5917
27 18 5322
27 17 4392
27 1 1927
27 47 5830
27 66 3324
27 62 4533
27 13 1660
27 32 5886
27 34 2241
27 59 1117
27 28 3979
27 43 6200
27 40 992
27 72 1180
27 75 3096
27 36 5456
27 60 1746
27 54 4172
27 15 5001
27 58 74
27 73 5953
27 57 3853
27 68 1186
27 20 5378
27 70 5417
27 3 4146
27 35 4197
27 16 6160
27 7 57
27 52 2136
27 45 2370
27 65 4031
28 32 2385
28 45 2368
28 27 2503
28 75 2333
28 60 3418
28 63 6027
28 4 1528
28 41 2015
28 68 2114
28 22 3715
28 74 6105
28 51 5638
28 34 463
28 8 1912
28 36 4094
28 33 1960
28 43 5826
28 10 1081
28 57 799
28 2 234
28 65 6172
28 54 5200
28 48 3309
28 47 4472
28 5 5778
28 35 5543
28 53 3924
28 6 4114
28 38 6141
28 70 2396
28 56 3000
28 23 5782
28 37 3401
28 69 2186
28 59 4220
28 49 676
28 52 383
28 19 1283
28 12 1429
28 40 1071
28 31 5837
28 50 4774
28 11 717
28 26 3492
28 13 260
28 71 1232
28 18 5744
28 72 3258
28 7 889
28 20 5384
28 42 573
28 62 5847
28 9 2347
28 24 6233
28 64 4634
28 58 1627
29 61 4671
29 39 2030
29 74 2181
29 40 6106
29 9 5329
29 28 4396
29 12 6232
29 18 3313
29 52 6086
29 62 1577
29 20 4606
29 36 2245
29 43 3063
29 47 2133
29 38 5812
29 22 4307
29 37 5226
29 13 4785
29 33 3698
29 21 4401
29 10 66
29 48 948
29 15 5
29 42 411
29 70 1094
29 34 3429
29 72 2307
29 4 6238
29 56 64
29 55 3476
29 16 1506
29 5 216
29 64 5034
29 75 1940
29 51 1750
29 27 1786
29 6 3142
29 7 3292
29 30 1209
29 71 3346
29 54 5288
29 11 4206
29 73 4932
29 8 2252
29 23 2117
29 50 3697
29 59 2397
29 68 6044
29 53 1689
29 24 4352
29 65 982
30 27 4059
30 72 4169
30 33 1086
30 59 3524
30 2 504
30 54 5381
30 19 3728
30 36 2990
30 47 4072
30 43 1058
30 21 5107
30 16 4465
30 48 3013
30 24 3624
30 53 771
30 40 4463
30 69 2576
30 51 5510
30 64 1596
30 57 2271
30 63 5355
30 46 226
30 41 5550
30 20 6175
30 61 1815
30 11 5988
30 5 5008
30 58 4702
30 67 5600
30 34 2779
30 45 3075
30 23 773
30 44 6024
30 14 1982
30 35 3747
30 22 4604
30 74 1924
30 13 1459
30 42 2470
30 60 349
30 70 2833
30 28 3112
30 29 5713
30 49 240
30 25 596
30 68 1939
30 62 369
30 56 153
30 66 1575
30 71 6042
30 37 2844
30 17 965
30 6 3438
30 4 6254
31 18 4158
31 47 3605
31 74 4223
31 39 2547
31 71 2572
31 70 928
31 38 213
31 32 2541
31 55 1925
31 48 3107
31 26 5551
31 69 3461
31 35 672
31 45 2691
31 61 1824
31 60 3049
31 22 1627
31 41 1492
31 57 4226
31 37 5439
31 51 1545
31 10 3928
31 8 3317
31 30 5317
31 3 4390
31 17 4382
31 68 5710
31 24 3645
31 53 4898
31 66 336
31 43 5640
31 73 3317
31 2 3668
31 59 415
31 16 268
31 11 5199
31 49 317
31 58 4134
31 23 5200
31 44 2151
31 7 284
31 34 6225
31 62 1679
31 46 143
31 15 1642
31 25 115
31 36 3558
31 75 4008
31 63 2296
31 20 639
31 29 4881
31 4 2925
31 54 278
31 21 3757
32 50 1382
32 2 324
32 69 2709
32 15 3745
32 7 4855
32 24 2221
32 48 2376
32 59 5250
32 43 5451
32 37 728
32 22 4612
32 44 142
32 72 3323
32 36 2211
32 56 44
32 6 4112
32 63 1432
32 45 4378
32 74 2100
32 1 6197
32 3 551
32 25 4592
32 33 804
32 8 93
32 14 1639
32 26 5097
32 62 3360
32 42 3227
32 10 251
32 39 5951
32 73 3249
32 51 3889
32 38 4095
32 65 537
32 17 882
32 13 2592
32 18 692
32 16 2340
32 58 2321
32 21 5873
32 52 3353
32 47 3269
32 35 1443
32 41 1615
32 20 1131
32 12 4453
32 34 5844
32 53 3065
32 9 3668
32 27 481
32 70 4688
32 4 5814
32 49 1441
32 28 1979
32 57 4867
32 23 2893
32 54 1073
32 60 5456
32 5 4773
33 26 3806
33 1 1227
33 71 2675
33 74 3259
33 41 6279
33 35 4107
33 45 1625
33 10 1313
33 28 6255
33 63 3121
33 31 3174
33 44 5592
33 30 3891
33 68 254
33 39 228
33 3 1502
33 11 5204
33 17 5611
33 49 1884
33 7 1962
33 57 3035
33 27 3297
33 15 3057
33 20 5321
33 22 1091
33 29 2027
33 54 2726
33 37 5794
33 43 3832
33 8 776
33 9 3533
33 60 4881
33 19 4071
33 13 3845
33 62 1455
33 73 4995
33 65 848
33 75 4712
33 24 6071
33 59 2258
33 48 1342
33 32 2415
33 36 4892
33 38 873
33 56 319
33 18 2092
33 51 5951
33 52 5248
33 66 1614
33 69 3686
33 16 216
33 55 5551
33 47 713
33 6 2336
33 2 3448
33 61 2319
33 70 4580
33 64 728
33 34 1363
33 42 3387
33 12 2663
34 26 3713
34 75 91
34 74 4432
34 35 5190
34 33 793
34 31 4520
34 73 1803
34 43 3589
34 21 5178
34 3 266
34 4 6115
34 29 3349
34 52 6200
34 58 371
34 19 4809
34 67 1444
34 10 4548
34 17 174
34 2 5910
34 15 3126
34 44 2637
34 20 2338
34 68 2281
34 40 4168
34 27 4552
34 69 304
34 49 4219
34 59 4584
34 60 161
34 36 299
34 71 5052
34 23 4092
34 46 4901
34 16 1412
34 70 3435
34 1 1198
34 55 4036
34 72 2633
34 50 548
34 37 3237
34 30 2743
34 41 4403
34 65 4362
34 48 1486
34 66 612
34 11 5747
34 5 629
34 22 3126
34 54 3554
34 7 1647
34 62 5682
34 63 6090
34 51 900
34 42 434
34 32 3427
34 25 79
34 56 291
34 6 4432
34 8 3637
35 1 2660
35 12 4549
35 64 2153
35 42 1873
35 46 5886
35 72 120
35 39 3916
35 55 1112
35 23 3818
35 75 1275
35 43 1990
35 11 5828
35 47 629
35 9 4269
35 2 2231
35 48 34
35 73 457
35 56 266
35 57 2674
35 4 3358
35 44 2872
35 24 900
35 45 759
35 21 2830
35 26 6028
35 70 3858
35 22 630
35 58 1902
35 20 4048
35 41 1869
35 49 1377
35 10 3239
35 5 2740
35 3 994
35 17 5674
35 52 3121
35 66 5619
35 38 1948
35 27 553
35 19 1600
35 61 4187
35 69 57
35 16 3147
35 67 1710
35 53 5208
35 13 85
35 62 4906
35 40 4992
35 32 2704
35 15 554
35 59 3953
35 30 647
36 41 4352
36 60 5149
36 48 6008
36 57 4698
36 43 5393
36 14 5300
36 3 5466
36 65 208
36 31 406
36 28 410
36 33 5248
36 63 313
36 44 4254
36 2 3127
36 5 3518
36 32 4582
36 69 1869
36 22 1381
36 52 3573
36 29 1571
36 74 5391
36 55 5243
36 27 2607
36 45 5398
36 26 2761
36 66 6199
36 21 131
36 71 4945
36 68 5562
36 34 5116
36 49 5673
36 15 618
36 35 570
36 64 583
36 30 6068
36 73 3421
36 61 5600
36 39 4027
36 58 4449
36 9 5884
36 42 5080
36 53 6250
36 20 1872
36 59 2409
36 11 372
36 38 755
36 46 2756
36 56 985
36 17 1905
36 51 555
36 54 4360
36 24 1239
36 19 1228
36 10 4953
36 7 4512
36 72 5000
36 25 1836
36 70 272
37 24 6288
37 17 3963
37 13 5977
37 64 1120
37 72 1263
37 29 1853
37 68 1367
37 11 4219
37 38 532
37 49 2747
37 43 712
37 42 3437
37 60 2093
37 56 3729
37 48 4387
37 73 4028
37 8 3492
37 20 4475
37 55 5963
37 28 591
37 22 688
37 75 1481
37 14 3001
37 3 4173
37 58 2407
37 16 1238
37 39 5637
37 65 954
37 57 4233
37 18 6031
37 70 1417
37 41 5873
37 9 748
37 12 3572
37 46 4269
37 30 8
37 52 4022
37 7 2257
37 63 611
37 51 3160
37 66 2218
37 74 2674
37 21 1042
37 4 5365
37 47 2608
37 32 6029
37 26 3320
37 40 5977
37 19 4362
37 6 640
37 36 5074
37 69 4306
37 31 2698
37 45 6255
37 50 1520
37 1 4607
37 53 2491
37 71 3587
37 54 1236
37 23 1526
38 54 2053
38 48 946
38 22 1640
38 58 923
38 60 32
38 66 804
38 65 2772
38 7 540
38 31 2879
38 69 2818
38 26 1724
38 13 813
38 27 5175
38 43 4452
38 72 2580
38 46 4712
38 21 1944
38 73 2723
38 12 5901
38 45 4609
38 64 386
38 61 1690
38 56 5607
38 37 4170
38 49 3070
38 25 4275
38 44 2560
38 28 1678
38 74 3638
38 67 661
38 2 4505
38 42 2165
38 57 821
38 8 5132
38 19 2596
38 34 6105
38 15 587
38 39 1631
38 9 1194
38 59 6031
38 51 2679
38 36 5552
38 50 1295
38 33 3094
38 35 5740
38 14 133
38 41 738
38 20 803
38 5 2272
38 1 2769
38 18 3666
38 17 3593
38 53 5351
38 23 1260
38 75 1191
38 29 3266
38 32 6024
39 65 2144
39 33 1610
39 71 1303
39 8 2603
39 30 5097
39 36 3966
39 46 2523
39 63 3737
39 44 3496
39 7 6006
39 13 4479
39 45 5633
39 12 272
39 16 3325
39 40 2777
39 50 4299
39 27 3279
39 37 1473
39 1 64
39 9 2948
39 20 5432
39 5 1417
39 4 2812
39 19 1932
39 24 3518
39 38 357
39 29 4201
39 52 4477
39 51 4499
39 6 5316
39 23 2557
39 72 1877
39 35 1058
39 73 3737
39 70 5841
39 66 4854
39 31 2384
39 15 3396
39 32 6019
39 53 4939
39 28 4796
39 41 1822
39 60 4318
39 47 1847
39 11 5878
39 3 3785
39 22 5610
39 64 382
39 10 5042
40 21 229
40 47 257
40 26 1640
40 33 2084
40 34 1426
40 46 4502
40 27 1168
40 37 5878
40 23 3638
40 8 2178
40 14 5583
40 20 3696
40 19 2941
40 41 3693
40 42 2085
40 35 5895
40 56 2410
40 36 4153
40 32 1153
40 22 1120
40 64 5270
40 62 5650
40 45 2685
40 28 4761
40 57 5018
40 51 5501
40 38 869
40 49 2411
40 2 2622
40 4 1050
40 31 1029
40 65 2731
40 43 1439
40 73 4510
40 25 940
40 39 6046
40 7 4149
40 12 5795
40 9 619
40 58 2765
40 69 595
40 50 3556
40 66 3542
40 15 2619
40 24 5953
40 53 732
40 72 921
40 71 1213
40 11 3901
40 18 5219
40 60 6281
40 54 3397
40 75 1520
40 29 2035
40 10 2003
40 59 269
40 67 1464
41 61 667
41 40 6051
41 20 3673
41 68 3451
41 10 529
41 62 1460
41 57 5975
41 58 340
41 12 1660
41 52 3963
41 55 5733
41 26 2664
41 72 679
41 8 3523
41 28 5733
41 13 4626
41 17 4036
41 16 3176
41 51 4035
41 75 2696
41 45 5455
41 71 3106
41 24 5909
41 66 2477
41 56 2538
41 60 2520
41 37 121
41 74 525
41 34 1119
41 21 1179
41 22 95
41 27 2300
41 25 6057
41 48 948
41 53 4301
41 9 1603
41 4 4838
41 23 5244
41 67 2177
41 35 2408
41 30 2646
41 43 2584
41 31 6069
41 42 2021
41 3 5082
41 36 3311
41 39 3054
42 43 2620
42 52 631
42 19 5879
42 49 5464
42 33 1634
42 41 2310
42 34 3782
42 51 672
42 27 4679
42 54 4547
42 59 4671
42 55 4130
42 57 4896
42 62 3412
42 25 3624
42 20 2305
42 29 4865
42 32 3087
42 3 3083
42 61 5501
42 45 6031
42 10 2634
42 71 2685
42 69 2013
42 22 5306
42 30 3514
42 5 4707
42 72 4370
42 31 350
42 11 5288
42 64 2559
42 63 3520
42 40 1632
42 73 1111
42 6 1988
42 8 4764
42 12 1166
42 56 5183
42 65 3177
42 18 2891
42 74 3298
42 13 5519
42 37 157
42 75 3420
42 26 4182
42 68 118
42 44 353
42 23 1057
42 60 6094
42 38 5056
42 2 5159
42 66 1432
42 39 2956
42 58 5126
43 46 594
43 8 709
43 4 3605
43 42 5632
43 37 1262
43 41 534
43 75 114
43 31 4039
43 49 3673
43 56 2348
43 63 5590
43 74 5943
43 69 5181
43 17 5257
43 23 3240
43 44 3133
43 25 1140
43 19 2431
43 66 5633
43 30 2230
43 39 5016
43 10 2865
43 34 5233
43 54 768
43 53 6130
43 13 1483
43 24 907
43 67 1180
43 11 323
43 58 2948
43 61 909
43 7 5785
43 32 4328
43 5 180
43 65 3387
43 36 6087
43 29 2461
43 68 5736
43 71 3222
43 72 5398
43 52 3000
43 16 5084
43 40 773
43 59 3151
43 64 3106
43 62 1304
43 6 4401
43 3 5584
43 26 931
43 51 1754
43 28 5034
43 33 1022
43 48 234
43 38 629
43 55 2320
43 12 1363
43 45 5340
43 21 1053
44 67 4293
44 53 1591
44 25 4949
44 30 5165
44 28 3671
44 73 3210
44 72 3598
44 13 3666
44 16 873
44 57 2213
44 59 5442
44 15 2295
44 75 4822
44 62 3408
44 8 5285
44 47 4687
44 69 356
44 60 5083
44 4 3439
44 33 4075
44 68 2474
44 50 2659
44 40 1566
44 55 219
44 22 5436
44 56 1196
44 18 5294
44 27 6200
44 36 913
44 32 6120
44 10 4930
44 39 5300
44 9 3237
44 1 4232
44 37 2026
44 23 3821
44 51 586
44 66 4348
44 74 3935
44 21 1757
44 11 4637
44 49 6139
44 3 1970
44 58 1780
44 31 3940
44 29 1975
44 6 5297
44 71 6089
44 34 272
44 12 1935
44 54 5590
44 2 553
44 26 105
44 63 2356
44 35 6231
45 19 3723
45 27 849
45 39 3415
45 43 411
45 26 363
45 30 4608
45 60 3408
45 20 2567
45 31 2837
45 35 369
45 48 1969
45 25 833
45 18 1851
45 38 5573
45 4 2438
45 24 5300
45 52 5277
45 11 1599
45 36 4038
45 33 5768
45 17 4793
45 57 6282
45 59 3807
45 55 3284
45 66 5408
45 21 2566
45 73 5673
45 34 4396
45 44 3719
45 72 5656
45 74 3019
45 22 1369
45 5 5909
45 40 2660
45 9 554
45 68 578
45 16 4263
45 58 3921
45 75 2451
45 64 1080
45 3 4211
45 29 5919
45 61 4961
45 65 4241
45 28 1010
45 8 2693
45 56 1712
45 15 2022
45 14 2771
45 41 4437
45 12 1564
45 47 2116
45 2 5765
45 7 4934
45 23 5091
45 37 4495
45 32 2318
45 49 5598
45 46 966
45 69 5406
45 51 890
46 2 4264
46 72 4784
46 19 1002
46 58 4248
46 36 4339
46 57 208
46 35 888
46 51 1847
46 44 4930
46 39 1264
46 47 5711
46 69 5692
46 70 807
46 17 684
46 31 6041
46 26 5824
46 61 1305
46 12 1601
46 50 3831
46 10 1401
46 4 1410
46 45 530
46 41 4562
46 37 3043
46 9 3417
46 20 569
46 55 2600
46 29 1617
46 56 5725
46 25 6014
46 40 29
46 65 961
46 48 4102
46 13 297
46 49 3230
46 18 1313
46 8 2582
46 3 1390
46 60 5654
46 71 6202
46 6 403
46 23 2925
46 16 130
46 27 2125
46 7 2873
46 22 3094
46 73 4207
46 33 2987
46 75 3107
46 42 2759
46 43 4607
46 64 6186
46 62 5047
47 27 2820
47 21 1912
47 2 5454
47 68 388
47 4 5462
47 34 4155
47 37 2465
47 29 4933
47 60 5828
47 24 4559
47 19 1226
47 1 3060
47 22 229
47 17 2466
47 72 3133
47 28 890
47 57 6169
47 16 3212
47 67 4205
47 45 2936
47 9 4210
47 32 5240
47 3 4837
47 58 3441
47 56 1539
47 33 451
47 74 3768
47 53 2616
47 50 1381
47 11 1220
47 41 4856
47 15 1917
47 31 2878
47 40 4542
47 62 3771
47 73 795
47 52 6237
47 51 2840
47 30 6083
47 20 183
47 14 5217
47 61 1429
47 7 1118
47 36 1806
47 39 2949
47 54 5830
47 49 2268
47 63 2290
47 10 4619
47 69 1959
48 26 6198
48 31 785
48 18 5561
48 20 3480
48 29 1296
48 32 5999
48 8 4564
48 56 5507
48 33 5146
48 47 1896
48 74 1235
48 14 918
48 34 3387
48 69 188
48 45 254
48 39 1940
48 61 1794
48 35 5124
48 9 434
48 53 2206
48 59 4128
48 13 3298
48 37 4343
48 2 1638
48 5 2743
48 19 718
48 27 5439
48 54 3698
48 40 4867
48 63 2885
48 24 4850
48 10 5886
48 70 5098
48 68 5205
48 1 6207
48 60 998
48 4 3146
48 6 5816
48 50 4181
48 28 582
48 43 1560
48 3 5184
48 38 1922
48 7 1069
48 21 4782
48 58 1855
48 17 1737
48 41 5039
48 62 5744
48 44 3900
48 67 3570
48 22 841
48 55 2245
48 15 245
48 46 2455
48 51 2905
49 33 2556
49 66 5526
49 58 4455
49 6 4692
49 46 4648
49 50 514
49 69 624
49 73 1286
49 48 585
49 21 4800
49 71 646
49 45 4514
49 4 3575
49 41 2870
49 14 6180
49 61 1859
49 68 3580
49 42 1424
49 44 2395
49 67 3340
49 54 2054
49 24 820
49 1 896
49 64 364
49 63 837
49 55 4355
49 9 1262
49 65 1389
49 34 4104
49 12 4503
49 10 4542
49 19 1590
49 40 205
49 72 346
49 32 2040
49 17 1817
49 27 5331
49 22 927
49 15 5706
49 52 404
49 13 5653
49 11 5335
49 31 4636
49 25 620
49 60 3795
49 70 3590
49 3 3443
49 37 1411
49 7 4246
49 18 1432
49 36 2065
49 30 5476
49 28 6
49 26 893
49 38 679
49 62 1016
49 51 395
49 39 6007
49 59 1231
49 75 3562
49 16 4345
49 43 5053
50 3 233
50 33 1059
50 15 424
50 13 174
50 7 5183
50 64 5379
50 28 1651
50 9 975
50 56 3804
50 44 2639
50 57 106
50 74 3899
50 2 3676
50 70 4668
50 17 1725
50 34 2349
50 6 4431
50 26 5409
50 51 3151
50 55 4440
50 30 4201
50 53 3160
50 18 5342
50 60 4068
50 27 1611
50 24 2720
50 67 5460
50 46 1989
50 52 4453
50 25 1751
50 36 2003
50 21 1938
50 54 5174
50 61 2129
50 8 5308
50 59 3881
50 31 983
50 12 1521
50 41 484
50 1 3487
50 19 2912
50 58 1351
50 66 5535
50 68 344
50 4 4797
50 16 5976
50 22 3275
50 69 1860
50 49 682
50 63 1200
50 73 3594
50 11 849
50 23 5507
50 42 5217
50 48 1534
50 71 3978
50 10 5138
50 65 4353
50 20 1156
50 35 6228
50 43 5037
50 72 5303
51 6 6240
51 49 5205
51 34 5326
51 12 3163
51 45 5865
51 36 139
51 63 5472
51 23 213
51 71 3482
51 14 3135
51 39 6123
51 7 5039
51 44 1706
51 22 2121
51 58 5799
51 13 2638
51 15 3041
51 29 213
51 62 171
51 25 380
51 61 3295
51 59 416
51 60 131
51 11 5234
51 26 2023
51 8 2412
51 64 4154
51 2 4982
51 1 5330
51 10 3299
51 69 3101
51 35 5868
51 73 1006
51 24 4456
51 48 6154
51 4 1085
51 3 5903
51 17 4402
51 57 1399
51 20 2918
51 54 1816
51 27 3566
51 9 2860
51 65 5425
51 67 2518
51 43 3443
51 5 5158
51 55 1510
51 33 340
51 16 1591
52 26 5737
52 15 2308
52 2 3486
52 58 6141
52 28 382
52 14 5023
52 31 5613
52 53 3710
52 29 5025
52 33 2398
52 73 4025
52 18 2532
52 23 5989
52 55 3627
52 63 2
52 32 897
52 20 65
52 46 6142
52 74 2754
52 21 817
52 49 5293
52 11 1028
52 27 4160
52 34 5984
52 17 3973
52 5 405
52 59 883
52 9 4867
52 51 3014
52 70 3651
52 42 462
52 67 157
52 8 5034
52 19 5187
52 10 5877
52 45 3918
52 47 1207
52 69 4147
52 75 1527
52 38 281
52 65 2390
52 50 6243
52 44 2877
52 1 1155
52 37 534
52 4 5820
52 64 4960
52 71 4134
52 39 3322
52 13 2139
52 7 5682
52 25 4500
52 35 4774
52 56 2338
53 59 5826
53 10 4385
53 20 2001
53 5 297
53 60 4755
53 23 2960
53 4 5897
53 1 5206
53 46 655
53 27 4813
53 37 2966
53 11 2094
53 14 1449
53 35 230
53 73 4174
53 17 1489
53 52 2769
53 33 3107
53 69 2895
53 8 3205
53 72 2484
53 50 5532
53 29 5264
53 13 907
53 16 4703
53 41 3722
53 18 2694
53 25 3610
53 39 2518
53 36 5832
53 24 837
53 75 1561
53 31 2143
53 67 6090
53 28 52
53 70 6136
53 62 3141
53 56 311
53 58 2331
53 6 3480
53 3 2388
53 12 3323
53 57 3543
53 66 2216
53 42 3840
53 68 5664
53 7 5262
53 71 259
53 43 5680
53 32 5853
53 61 5910
53 47 2775
54 61 3427
54 38 185
54 5 745
54 36 2034
54 6 3244
54 56 2930
54 20 5541
54 13 5978
54 17 2461
54 43 4324
54 12 3854
54 75 4411
54 44 5798
54 10 3973
54 63 1013
54 73 580
54 1 4809
54 70 5085
54 15 4629
54 66 3384
54 24 532
54 50 5326
54 51 4171
54 58 4146
54 72 1870
54 11 775
54 4 1959
54 65 2378
54 22 1248
54 35 1812
54 37 3627
54 8 4115
54 34 5865
54 60 2112
54 48 4123
54 30 6044
54 71 2881
54 26 3527
54 28 2633
54 69 398
54 47 5669
54 74 857
54 33 2896
54 21 5451
54 49 4911
54 18 5688
54 27 3596
54 68 1744
54 32 2499
55 44 3440
55 5 7
55 26 3412
55 1 3903
55 24 4541
55 20 393
55 8 2876
55 38 2298
55 47 2580
55 61 4392
55 3 190
55 17 1568
55 28 4586
55 4 3698
55 59 1395
55 33 3016
55 48 5307
55 30 658
55 2 1865
55 62 4056
55 11 2608
55 19 5546
55 68 4164
55 7 4252
55 52 1956
55 49 31
55 12 1394
55 10 1831
55 58 1888
55 14 3389
55 66 117
55 36 4974
55 29 4926
55 69 847
55 18 871
55 71 3268
55 46 5636
55 23 2412
55 51 1210
55 13 2851
55 70 3135
55 75 4170
55 43 3880
55 37 2734
55 22 3242
55 9 5753
55 74 1705
55 21 5838
55 40 2026
55 50 1419
55 6 3314
55 56 1113
55 34 5462
55 16 5004
55 67 4783
56 42 3197
56 5 3507
56 75 296
56 58 2411
56 16 6290
56 35 3077
56 24 6200
56 71 3776
56 67 5804
56 28 2120
56 73 939
56 44 1830
56 17 3578
56 55 30
56 40 2657
56 57 3827
56 53 6175
56 32 5742
56 4 731
56 43 4195
56 6 5376
56 21 636
56 8 4620
56 66 4806
56 3 2564
56 9 4649
56 33 3375
56 49 4818
56 23 6093
56 27 5936
56 48 5588
56 38 1799
56 63 2162
56 15 61
56 1 3466
56 36 1944
56 13 1059
56 41 5213
56 70 3540
56 62 1293
56 45 3999
56 19 4991
56 47 5784
56 52 5236
56 29 333
56 22 4707
56 39 771
56 37 4316
56 7 623
56 72 6271
56 69 4844
56 18 3312
56 46 360
56 20 3285
56 25 4236
56 34 4264
56 60 718
56 10 5326
56 74 3618
56 11 3415
56 12 6097
56 50 4391
56 2 2791
56 31 4792
57 6 3398
57 21 5450
57 33 4933
57 14 5497
57 51 357
57 48 5828
57 13 1003
57 40 1553
57 68 1218
57 50 2093
57 11 633
57 38 5849
57 22 5267
57 58 1304
57 8 208
57 18 1256
57 10 1921
57 75 2813
57 9 6136
57 31 1607
57 54 2544
57 41 1662
57 63 3780
57 39 1855
57 61 508
57 4 4554
57 43 3125
57 36 2379
57 12 6080
57 34 4470
57 5 4034
57 47 968
57 25 6290
57 28 6264
57 3 3046
57 59 779
57 72 2308
57 45 651
57 44 1462
57 42 3837
57 37 1715
57 66 5128
57 29 1359
57 15 1990
57 1 986
57 60 3039
57 23 5920
57 73 2810
57 35 6155
57 70 813
57 67 504
57 17 495
57 55 1314
58 60 5060
58 15 3166
58 32 3170
58 44 4074
58 1 3576
58 57 4562
58 7 286
58 9 5136
58 2 146
58 68 5634
58 51 2151
58 25 2438
58 24 1056
58 13 953
58 11 4235
58 49 3145
58 39 5656
58 43 2658
58 54 2702
58 27 2808
58 20 4184
58 3 3322
58 45 5353
58 37 5899
58 17 2964
58 38 3167
58 46 4163
58 70 6250
58 33 4346
58 28 3652
58 30 3904
58 48 3462
58 69 5749
58 10 5129
58 18 6033
58 16 5213
58 31 1475
58 42 4401
58 21 3869
58 65 2650
58 29 2694
58 50 3732
58 74 4643
58 40 922
58 41 5561
58 75 6105
58 73 5941
58 66 6244
58 55 4477
58 47 891
58 5 5491
58 12 1672
58 72 2938
58 59 2422
58 62 2926
58 34 1053
58 8 69
59 49 5071
59 45 5031
59 75 260
59 66 2135
59 55 4946
59 39 849
59 51 5433
59 38 2380
59 65 4596
59 70 2039
59 2 289
59 29 4996
59 17 4495
59 15 5050
59 41 33
59 4 5937
59 32 2196
59 40 1010
59 34 3141
59 31 4048
59 36 4877
59 48 5272
59 44 5490
59 22 3476
59 35 256
59 18 3514
59 8 743
59 10 5779
59 67 792
59 24 1969
59 25 408
59 50 1029
59 12 3793
59 20 1356
59 60 2595
59 13 5824
59 63 1584
59 14 4884
59 9 3520
59 53 228
59 3 2407
59 27 5699
59 5 549
59 1 4074
59 73 6166
59 69 1250
59 19 2422
59 21 1433
59 26 5790
59 23 1260
59 30 5605
59 7 3373
59 43 2908
59 33 3592
59 64 2062
59 74 1836
59 58 161
59 16 3780
59 42 4624
59 37 3734
60 56 5083
60 63 3688
60 15 3874
60 4 5057
60 26 1857
60 46 474
60 65 3335
60 67 4911
60 54 1283
60 75 1959
60 39 1419
60 36 5843
60 13 2480
60 72 1585
60 43 324
60 31 6295
60 73 1800
60 55 738
60 34 2818
60 5 6028
60 27 3253
60 45 3473
60 23 4373
60 9 5412
60 50 31
60 2 1026
60 58 2066
60 11 3439
60 17 4050
60 74 6038
60 19 721
60 35 1573
60 32 1131
60 18 3446
60 12 6025
60 1 3694
60 33 1117
60 52 4252
60 3 5408
60 21 1311
60 38 1276
60 40 5036
60 64 2229
60 44 328
60 57 268
60 53 1727
60 22 2090
60 42 804
60 25 1515
60 28 2250
60 49 5097
60 68 5065
60 10 5785
60 6 3157
60 47 3506
60 37 4782
60 59 1820
61 27 3542
61 59 5890
61 1 2635
61 73 5864
61 3 1237
61 8 5166
61 11 763
61 24 4042
61 31 3237
61 67 3639
61 48 2583
61 29 5818
61 49 3369
61 2 6010
61 25 2621
61 51 1942
61 43 3520
61 44 3987
61 42 5925
61 71 2201
61 53 5652
61 32 5241
61 30 1459
61 45 4084
61 35 2020
61 12 5442
61 57 5881
61 74 4021
61 69 5856
61 64 1330
61 21 298
61 72 2441
61 23 4547
61 75 4777
61 58 2130
61 6 557
61 13 362
61 10 613
61 41 3262
61 56 2164
61 62 1859
61 17 2205
61 33 6153
61 9 5432
61 40 222
61 68 4756
61 36 284
61 60 5974
61 52 4003
61 63 4262
61 22 2065
61 50 5282
61 55 6287
61 16 1769
61 20 1996
61 26 1274
61 47 2405
61 54 2656
61 65 1574
61 66 3660
61 37 1189
61 70 786
62 26 255
62 32 5808
62 3 5705
62 35 2721
62 1 3203
62 5 6114
62 58 4556
62 9 2426
62 44 674
62 27 1383
62 2 5633
62 14 4881
62 46 4461
62 41 4289
62 37 1716
62 10 6002
62 23 5798
62 50 626
62 6 2976
62 57 4262
62 75 6079
62 20 2025
62 19 4760
62 29 691
62 49 2501
62 69 503
62 39 1182
62 67 3462
62 8 818
62 15 74
62 52 5591
62 71 3394
62 65 4310
62 31 685
62 70 1361
62 11 5636
62 7 1601
62 21 3269
62 16 4705
62 22 4539
62 47 2001
62 38 5087
62 13 1197
62 33 4696
62 63 5047
62 18 2998
62 54 1223
62 74 5090
62 48 2884
62 59 5208
62 55 684
62 51 1509
62 34 2096
62 53 4787
62 72 643
62 61 5998
63 27 2538
63 22 1706
63 12 3599
63 8 2151
63 10 2727
63 43 1561
63 60 541
63 6 5124
63 25 4813
63 33 333
63 48 2909
63 40 2045
63 46 503
63 58 605
63 32 931
63 54 1062
63 51 4219
63 31 4899
63 61 2055
63 50 5275
63 38 699
63 64 5708
63 71 272
63 74 5238
63 9 2015
63 65 4344
63 34 4141
63 2 200
63 49 1317
63 67 4083
63 18 4456
63 3 569
63 24 2341
63 70 2595
63 11 803
63 1 4882
63 72 2530
63 14 4138
63 68 3347
63 5 5424
63 44 2046
63 29 291
63 75 4151
63 30 4233
63 26 3403
63 56 5617
63 28 1741
63 52 2650
63 59 118
63 37 1796
63 13 5171
63 42 3914
63 36 5277
64 30 2250
64 49 205
64 67 3319
64 5 566
64 24 5928
64 75 5057
64 43 2060
64 11 921
64 14 1505
64 27 4483
64 56 1508
64 41 2637
64 31 3045
64 25 4409
64 42 3048
64 50 4231
64 48 5977
64 20 3107
64 12 4277
64 3 5903
64 47 5866
64 44 130
64 60 830
64 61 47
64 36 305
64 45 4106
64 52 6032
64 46 3692
64 33 353
64 26 709
64 29 5717
64 40 5852
64 35 4847
64 58 5986
64 38 3175
64 2 3509
64 32 826
64 23 4904
64 54 4312
64 53 4808
64 69 91
64 70 3874
64 37 749
64 15 2671
64 57 1547
64 74 3355
64 4 2095
64 21 2505
64 16 5274
64 59 2315
64 1 1113
64 65 3857
65 14 2185
65 72 4411
65 9 1154
65 10 2581
65 20 1142
65 2 4019
65 51 5304
65 60 2460
65 71 1083
65 44 2590
65 62 3063
65 1 3757
65 34 987
65 36 5735
65 73 4098
65 4 5973
65 69 3046
65 59 227
65 66 1678
65 64 6232
65 7 5664
65 31 5713
65 23 1903
65 52 827
65 11 572
65 43 677
65 57 5272
65 74 5849
65 12 1583
65 5 3373
65 70 3567
65 6 6019
65 35 1641
65 33 2201
65 54 1314
65 17 2327
65 42 3636
65 58 3006
65 55 5085
65 15 4218
65 27 1079
65 56 5017
65 13 4049
65 45 5223
65 40 1376
65 28 106
65 21 5881
65 29 5723
65 18 5342
65 46 2420
65 8 4731
65 16 6073
65 47 6268
65 41 830
65 3 6266
65 32 2724
65 75 3788
65 22 4168
65 24 3487
65 48 663
65 53 5649
65 30 5091
65 19 3385
65 25 722
66 47 5411
66 21 400
66 38 4067
66 25 133
66 1 5366
66 9 1507
66 57 390
66 15 1346
66 75 1394
66 11 2216
66 28 4898
66 64 1645
66 22 224
66 69 883
66 63 1203
66 26 5992
66 33 653
66 10 2888
66 46 5467
66 73 5099
66 14 3489
66 12 596
66 45 5407
66 19 3091
66 61 6294
66 39 1089
66 16 605
66 71 5457
66 55 2874
66 23 3292
66 41 5948
66 59 1813
66 34 5508
66 51 84
66 74 2400
66 40 210
66 58 2502
66 31 1854
66 62 991
66 68 3747
66 29 3854
66 2 3281
66 44 2024
66 24 4518
66 6 3544
66 53 2845
66 36 5583
66 4 3398
66 60 1102
66 56 821
66 30 6273
66 35 4907
66 13 3872
66 67 3026
66 7 739
66 48 694
67 17 4106
67 1 2305
67 66 3707
67 38 433
67 35 3116
67 15 4802
67 39 6073
67 19 5323
67 13 993
67 5 6146
67 68 3724
67 46 5400
67 69 4873
67 26 407
67 54 1514
67 48 1453
67 49 2713
67 28 3323
67 61 522
67 62 2498
67 55 374
67 40 1507
67 74 594
67 57 274
67 23 1883
67 21 2679
67 25 6237
67 3 3818
67 6 2794
67 11 2210
67 16 3843
67 59 2336
67 52 5490
67 45 5327
67 70 2823
67 4 3333
67 9 218
67 71 4586
67 36 5052
67 31 955
67 47 6189
67 34 5793
67 12 1820
67 75 2344
67 64 1153
67 18 2616
67 65 1612
67 8 2035
67 24 4673
68 8 643
68 14 2163
68 66 3934
68 28 285
68 15 1042
68 26 4727
68 53 1429
68 17 4093
68 72 1080
68 63 5691
68 25 2472
68 20 4274
68 5 3388
68 36 2790
68 60 531
68 61 3119
68 32 681
68 24 245
68 1 1548
68 33 5207
68 52 3224
68 3 5923
68 13 4185
68 6 241
68 45 3756
68 49 1748
68 42 33
68 44 4495
68 56 5361
68 18 1850
68 22 3631
68 46 5662
68 35 763
68 38 1669
68 37 3977
68 64 4896
68 21 6202
68 2 5337
68 16 159
68 41 5171
68 71 349
68 23 4405
68 70 3867
68 54 1408
68 12 4368
68 29 5980
68 47 1401
68 62 1986
68 9 97
68 75 4904
68 58 79
68 55 343
68 59 761
68 51 1879
68 43 3211
68 73 2238
68 4 1841
68 7 2471
68 34 4833
68 57 1400
69 23 4289
69 60 879
69 33 3248
69 17 2610
69 48 1853
69 64 1968
69 21 197
69 38 572
69 59 3726
69 56 4051
69 65 3573
69 37 5776
69 70 3274
69 63 4052
69 7 1580
69 68 3933
69 74 1655
69 50 3497
69 29 5840
69 14 2941
69 19 52
69 6 492
69 51 2874
69 20 749
69 31 1981
69 41 2594
69 2 205
69 15 1497
69 53 2363
69 12 268
69 9 3960
69 28 875
69 43 434
69 27 1060
69 3 5252
69 52 5756
69 11 5268
69 18 5404
69 35 589
69 57 4082
69 49 5011
69 47 1632
69 55 4269
69 61 5090
69 16 437
69 4 2383
69 71 4510
69 10 4549
69 24 5010
69 73 4777
69 39 445
69 5 5103
69 26 873
69 13 156
69 67 1622
69 32 5331
69 25 2886
70 62 2651
70 29 5058
70 1 5364
70 43 3553
70 7 4209
70 66 5095
70 23 2608
70 59 1627
70 34 5396
70 63 5187
70 11 1304
70 4 4379
70 16 5261
70 50 1855
70 32 5690
70 20 4456
70 61 2918
70 18 2827
70 22 327
70 69 2209
70 75 3360
70 64 5264
70 6 296
70 42 942
70 15 131
70 3 103
70 28 4297
70 31 799
70 58 1764
70 72 5355
70 26 5666
70 55 748
70 25 218
70 27 3994
70 44 5640
70 13 42
70 68 3993
70 60 606
70 41 4733
70 71 1731
70 17 797
70 54 3475
70 53 3623
70 10 34
70 14 1971
70 24 3836
70 37 1888
70 8 854
70 5 3571
70 74 5098
70 73 3084
70 57 4288
70 47 5155
70 35 5874
70 56 4952
70 49 781
70 65 5142
70 33 5166
70 52 5006
70 30 4412
70 46 3978
71 22 5768
71 18 4605
71 54 5809
71 17 2298
71 42 5386
71 63 5625
71 33 1898
71 43 2811
71 51 4427
71 3 3191
71 2 2561
71 29 1721
71 38 3653
71 73 4376
71 7 5619
71 46 3969
71 70 4861
71 28 5845
71 67 4845
71 69 1668
71 1 4303
71 9 25
71 23 6196
71 6 4030
71 13 1673
71 49 3809
71 74 4749
71 50 1840
71 14 2838
71 57 5588
71 24 5649
71 68 4671
71 52 4468
71 35 4883
71 32 3726
71 56 5147
71 15 399
71 45 1411
71 59 5004
71 60 6031
71 41 1676
71 12 4016
71 27 1776
71 26 1159
71 64 1695
71 5 1822
71 21 4706
71 4 2427
71 16 1078
71 65 1295
71 66 3596
71 30 2910
71 11 3187
71 40 6121
72 49 1838
72 15 3342
72 16 1284
72 21 2758
72 51 309
72 73 2400
72 42 1695
72 11 1001
72 32 3096
72 67 2383
72 4 4098
72 9 1777
72 45 4476
72 48 6290
72 53 1720
72 30 6214
72 63 850
72 14 131
72 59 2234
72 69 3684
72 70 3393
72 46 5378
72 55 1148
72 56 3859
72 23 6109
72 71 2723
72 52 5374
72 13 1524
72 54 2720
72 22 389
72 40 4481
72 29 2285
72 35 3077
72 75 2724
72 66 6196
72 33 4486
72 34 2864
72 7 6049
72 65 1756
72 17 5956
72 6 939
72 18 2406
72 3 3987
72 61 2915
72 24 1520
72 68 1078
72 20 5784
72 39 4905
72 60 5943
72 28 2794
72 1 5963
72 37 1700
72 10 5714
72 57 588
72 58 2788
72 31 3014
72 25 3519
73 42 5018
73 31 4240
73 17 806
73 64 2572
73 7 1583
73 9 1620
73 26 5296
73 30 4824
73 70 1969
73 29 2291
73 1 2517
73 16 5773
73 69 5995
73 46 1524
73 20 3744
73 33 4542
73 21 615
73 48 2190
73 53 3865
73 51 1211
73 4 1181
73 71 4113
73 3 5761
73 13 6232
73 11 3926
73 38 1290
73 50 5439
73 8 4935
73 34 678
73 36 1855
73 35 2187
73 15 2685
73 40 1953
73 54 4514
73 24 2562
73 61 914
73 52 2261
73 14 6027
73 25 1894
73 57 5527
73 32 2390
73 37 4981
73 43 3222
73 27 4868
73 5 5965
73 12 4526
73 63 2348
73 55 2090
73 39 46
73 67 5449
73 75 1633
73 58 4556
73 2 4183
73 56 3747
73 23 5082
73 47 1363
73 59 3798
73 60 1902
73 65 5315
74 68 82
74 3 2079
74 62 5544
74 46 1188
74 75 1163
74 13 3891
74 72 455
74 10 5224
74 18 4370
74 63 4921
74 16 2885
74 39 4636
74 42 1322
74 64 5292
74 33 3093
74 9 1560
74 41 4404
74 37 1348
74 70 4656
74 14 5824
74 8 2207
74 24 2487
74 48 5722
74 23 2066
74 36 6253
74 4 2727
74 17 704
74 26 1565
74 66 1216
74 6 2258
74 7 4087
74 19 2573
74 38 2370
74 27 1281
74 50 3310
74 71 1392
74 28 3950
74 22 4536
74 47 9
74 40 5920
74 67 2546
74 69 4670
74 60 2929
74 20 1721
74 2 5577
74 52 293
74 57 1562
74 55 2736
74 51 3404
74 32 1609
74 34 4044
74 49 1074
74 31 3937
74 29 5840
74 25 3570
75 1 681
75 56 608
75 33 5725
75 68 3204
75 10 1587
75 24 1581
75 42 4373
75 17 1140
75 59 2180
75 20 1099
75 67 4863
75 57 5561
75 2 2375
75 39 800
75 30 4734
75 51 4180
75 13 5989
75 41 2942
75 63 619
75 31 3306
75 48 3748
75 62 2767
75 60 1818
75 6 6097
75 22 4872
75 9 3576
75 34 1005
75 73 5049
75 37 2683
75 54 291
75 40 3516
75 16 1665
75 52 4143
75 70 696
75 69 1900
75 15 3202
75 3 2727
75 49 1834
75 58 5155
75 8 4869
75 43 3213
75 46 4140
75 61 5731
75 47 2616
75 14 3478
75 12 3858
75 7 4534
75 74 552
75 26 2509
75 36 3462
75 35 858
75 5 4267
75 28 3976
75 66 1846
75 25 2922
75 44 4928
