75 4200
1 51 153
1 2 3212
1 23 1365
1 49 4822
1 31 1461
1 39 5624
1 62 2100
1 66 6236
1 50 1328
1 11 1584
1 24 5805
1 5 3110
1 6 3821
1 22 2947
1 46 4298
1 3 4864
1 35 1717
1 36 2479
1 7 1049
1 64 4095
1 17 3868
1 70 715
1 14 4932
1 45 123
1 44 4158
1 28 3806
1 59 986
1 16 757
1 75 2866
1 63 1607
1 19 5828
1 67 6250
1 40 152
1 52 302
1 58 26
1 69 3930
1 33 3118
1 54 2020
1 71 5550
1 4 4555
1 34 2088
1 10 940
1 55 105
1 41 4695
1 21 3862
1 13 652
1 26 2315
1 20 744
1 30 2104
2 16 3403
2 8 6095
2 42 1742
2 35 1379
2 29 1896
2 14 4326
2 23 4342
2 22 4228
2 15 4071
2 47 3441
2 72 1967
2 61 1935
2 52 4199
2 19 2514
2 57 37
2 24 3488
2 41 5421
2 11 3209
2 10 5796
2 34 3293
2 50 5054
2 58 1398
2 44 1679
2 1 1064
2 74 3887
2 39 5108
2 17 2763
2 18 1976
2 43 4865
2 49 4143
2 62 3203
2 37 1312
2 63 3633
2 6 4300
2 3 3864
2 46 5273
2 30 1174
2 4 3731
2 9 2245
2 70 657
2 60 4998
2 75 839
2 36 3727
2 65 1879
2 73 538
2 33 3513
2 55 360
2 28 4037
2 68 2352
2 27 4881
2 13 1152
2 54 3990
2 38 5286
2 7 1755
2 71 2693
2 25 385
3 56 3481
3 34 351
3 29 5136
3 37 3170
3 49 747
3 16 4138
3 47 1648
3 35 1887
3 52 3907
3 33 2829
3 71 2804
3 61 414
3 70 3091
3 19 2457
3 11 3760
3 72 48
3 57 3965
3 8 2561
3 62 3939
3 74 5296
3 75 2390
3 48 6296
3 39 3811
3 4 1408
3 42 3332
3 28 6012
3 50 5858
3 66 3995
3 40 2757
3 25 4476
3 14 270
3 9 2024
3 5 4751
3 12 5610
3 36 3160
3 20 5458
3 10 1172
3 21 1557
3 7 3081
3 38 1067
3 22 4795
3 67 2942
3 43 1953
3 15 651
3 54 75
3 24 2173
3 58 176
3 69 3839
3 63 1695
3 27 136
3 73 747
3 1 2972
3 46 541
3 59 2345
4 29 3721
4 17 4641
4 35 3098
4 74 3523
4 7 211
4 27 5583
4 49 693
4 15 6056
4 75 5440
4 16 171
4 1 5911
4 47 2720
4 42 285
4 34 292
4 11 5362
4 14 942
4 58 1762
4 31 568
4 55 673
4 6 5402
4 24 5703
4 20 4099
4 62 4615
4 9 5869
4 38 4169
4 54 2146
4 60 3039
4 28 275
4 40 828
4 12 1178
4 39 6172
4 46 2983
4 67 159
4 37 663
4 8 3096
4 18 5424
4 70 170
4 51 4222
4 69 1495
4 3 4929
4 10 5717
4 56 5233
4 26 5355
4 33 4594
4 57 6212
4 44 1979
4 22 817
4 32 1935
4 13 1115
4 30 3863
4 61 1653
4 65 198
4 71 4273
4 45 5313
4 43 5531
4 68 2975
4 72 2532
4 66 1436
4 21 5689
4 52 38
4 41 5141
4 59 98
4 25 5551
5 29 3315
5 39 738
5 50 5514
5 28 2243
5 4 882
5 55 4900
5 71 3394
5 40 154
5 30 1746
5 47 1755
5 35 2293
5 56 2179
5 2 4261
5 52 1508
5 73 1033
5 17 1574
5 65 4652
5 44 2465
5 7 3206
5 33 4921
5 12 3059
5 13 2711
5 54 2818
5 32 194
5 41 5122
5 43 87
5 27 1348
5 6 1205
5 69 3528
5 46 2504
5 9 3150
5 23 3311
5 18 2755
5 14 2772
5 72 3295
5 15 6130
5 24 880
5 68 129
5 26 3460
5 16 3573
5 10 76
5 20 2098
5 8 2561
5 42 2689
5 22 2825
5 36 4704
5 25 452
5 62 401
5 67 358
5 51 4231
5 74 5468
5 64 5650
5 70 3247
6 60 5673
6 43 3434
6 16 1419
6 62 4997
6 38 1395
6 73 42
6 10 4507
6 66 2357
6 28 4644
6 35 1705
6 63 2976
6 23 4370
6 36 1831
6 65 3427
6 57 6189
6 75 642
6 42 4226
6 56 2552
6 37 5475
6 74 1830
6 34 4717
6 69 4942
6 49 145
6 1 2829
6 26 3611
6 31 4566
6 3 1971
6 8 3821
6 52 3551
6 27 1237
6 55 4145
6 68 2459
6 13 348
6 17 1392
6 72 2191
6 59 2079
6 32 1621
6 18 2583
6 44 4618
6 61 1373
6 39 6229
6 5 2458
6 33 3319
6 25 3302
6 47 4060
6 67 747
6 54 1423
6 4 6132
6 7 4352
6 48 652
6 20 2611
6 2 573
6 51 6272
6 50 2978
6 9 3524
6 12 653
6 71 1837
6 46 4641
6 70 3704
6 53 4294
7 18 152
7 17 1812
7 52 4852
7 64 5217
7 47 5067
7 35 631
7 2 4648
7 31 1144
7 25 2079
7 58 3636
7 44 4182
7 32 1828
7 21 869
7 34 99
7 57 1734
7 41 4734
7 46 5442
7 45 3743
7 6 5269
7 4 4646
7 53 4345
7 66 5792
7 10 87
7 15 5191
7 40 4335
7 14 2297
7 5 413
7 75 2785
7 43 3723
7 36 5301
7 71 2044
7 8 2312
7 11 662
7 61 1953
7 29 3333
7 28 4332
7 54 2336
7 62 1078
7 24 1421
7 38 2070
7 55 146
7 42 3078
7 49 5443
7 16 5086
7 39 2033
7 50 1242
7 1 4311
7 68 5739
7 67 6174
7 59 2445
7 3 3971
7 48 5300
7 9 5318
7 20 3608
7 26 677
7 70 841
7 19 4300
7 69 768
7 72 4493
8 68 2219
8 53 3719
8 65 4460
8 62 5595
8 28 2591
8 39 5994
8 43 3492
8 36 1777
8 52 2344
8 74 1680
8 64 5021
8 50 2240
8 56 790
8 70 2358
8 31 1762
8 21 329
8 29 1270
8 61 2104
8 7 3914
8 33 2353
8 40 4159
8 45 1296
8 47 1667
8 16 5390
8 26 2662
8 38 1179
8 48 336
8 51 3795
8 22 3621
8 35 5554
8 72 1560
8 37 2089
8 19 1178
8 75 3410
8 18 5247
8 57 3867
8 12 4928
8 41 217
8 9 368
8 55 4531
8 67 6255
8 49 868
8 5 1774
8 71 328
8 63 4314
8 1 1390
8 25 4257
8 4 36
8 58 26
8 17 748
8 6 1435
8 46 4632
8 23 1710
8 42 3609
8 15 2183
8 3 1298
8 66 5482
8 69 2988
8 10 5021
9 19 4140
9 26 1683
9 62 731
9 55 3089
9 47 4312
9 3 1096
9 49 2260
9 1 1688
9 56 4043
9 23 3830
9 39 1665
9 44 2530
9 16 743
9 48 3861
9 41 5046
9 4 2207
9 38 3786
9 66 4373
9 20 4533
9 7 2892
9 31 2299
9 70 4157
9 57 6009
9 67 2173
9 12 132
9 53 3393
9 40 752
9 74 133
9 5 5886
9 72 2392
9 42 6140
9 63 2636
9 69 2465
9 50 5451
9 28 5137
9 21 4037
9 22 3189
9 11 1816
9 6 1233
9 36 4035
9 58 3138
9 61 2497
9 14 2783
9 59 2776
9 30 228
9 8 1929
9 73 520
9 17 3287
9 29 4423
9 15 4303
9 71 527
9 24 1581
9 68 2583
9 18 1966
9 13 4897
9 75 1533
9 27 1701
10 3 1466
10 72 5656
10 51 2448
10 73 5019
10 20 1575
10 67 3529
10 39 1619
10 62 2992
10 49 79
10 8 4868
10 5 5948
10 36 1846
10 42 5653
10 56 685
10 75 2312
10 32 1133
10 63 5733
10 68 5832
10 74 673
10 55 1277
10 61 1381
10 70 4796
10 43 4644
10 50 6234
10 28 2640
10 21 3054
10 64 1162
10 27 4776
10 69 3973
10 4 2076
10 46 1888
10 16 654
10 19 4631
10 18 4388
10 48 5864
10 1 5836
10 30 5679
10 14 3810
10 15 2019
10 44 1901
10 31 2447
10 57 2662
10 66 1423
10 26 2677
10 29 355
10 11 3231
10 7 4604
10 37 3920
10 13 5841
10 54 4592
10 22 6070
10 47 1689
10 59 3990
10 53 84
10 58 3756
10 41 5099
10 12 1997
10 24 4459
10 45 759
10 33 3038
10 9 5570
11 62 3762
11 32 5448
11 10 3149
11 70 259
11 64 2083
11 13 5196
11 74 3755
11 1 1828
11 60 4199
11 34 5844
11 55 350
11 23 1864
11 42 5177
11 4 4748
11 49 5320
11 18 2592
11 20 1134
11 52 1173
11 33 3750
11 35 3674
11 36 3556
11 44 2336
11 29 3777
11 59 1928
11 6 2786
11 75 4690
11 51 3006
11 67 4307
11 27 1005
11 41 1803
11 58 1824
11 47 3743
11 73 6297
11 17 4011
11 66 6207
11 38 6262
11 26 4537
11 63 2856
11 40 6223
11 39 2363
11 31 3412
11 5 4772
11 22 517
11 65 5337
11 53 4726
11 28 278
11 46 2562
12 4 2330
12 71 1749
12 36 4920
12 2 5426
12 41 1726
12 67 1419
12 31 5979
12 72 6204
12 44 5379
12 47 2266
12 13 5332
12 50 494
12 9 1012
12 38 462
12 22 3343
12 63 3852
12 74 3796
12 42 5987
12 61 2902
12 32 5383
12 69 2477
12 48 3502
12 73 3325
12 66 1352
12 60 6124
12 49 4608
12 34 1884
12 23 290
12 30 786
12 57 2044
12 55 233
12 37 2604
12 18 1747
12 3 1359
12 11 3410
12 46 1674
12 70 5699
12 54 2047
12 24 329
12 16 4228
12 21 1913
12 51 4275
12 28 5622
12 15 4569
12 39 6264
12 1 4486
12 68 3205
12 45 2141
12 59 3337
12 8 3962
12 56 911
12 17 305
12 14 11
13 32 5709
13 60 5748
13 19 1313
13 27 4007
13 59 999
13 62 5351
13 6 2157
13 63 589
13 52 5708
13 73 1551
13 48 2910
13 68 1631
13 57 2267
13 56 1250
13 45 4555
13 3 2922
13 22 2704
13 72 2758
13 30 4345
13 21 4156
13 25 1162
13 39 1489
13 18 537
13 47 3174
13 40 4361
13 43 3018
13 33 891
13 55 3933
13 64 4684
13 7 3980
13 35 5349
13 38 4186
13 46 406
13 28 2733
13 37 544
13 74 4803
13 34 4056
13 5 2316
13 54 1311
13 16 3038
13 44 6150
13 36 4154
13 75 5954
13 41 441
13 42 2282
13 51 3867
13 15 2308
13 49 903
13 17 1098
13 8 3729
13 29 3363
14 20 300
14 60 5736
14 69 1358
14 55 863
14 1 2202
14 6 5184
14 46 5867
14 4 2147
14 75 5807
14 5 2580
14 24 1797
14 7 6147
14 18 5074
14 57 5427
14 58 2060
14 11 5343
14 23 1900
14 27 3285
14 25 4137
14 54 1920
14 40 2012
14 17 3037
14 41 5983
14 65 2022
14 61 3008
14 64 844
14 13 4407
14 74 5613
14 9 3621
14 56 650
14 30 4846
14 68 6007
14 16 4538
14 39 4394
14 53 5328
14 49 3483
14 12 924
14 59 1736
14 51 1275
14 72 4788
14 44 4333
14 66 18
14 67 5077
14 21 2790
14 70 1715
14 62 4532
14 8 1188
14 63 4301
14 32 5587
14 71 6265
14 48 1431
14 35 3303
14 36 2396
14 50 5148
14 2 4672
14 47 1302
14 3 3957
14 22 860
14 34 2768
14 43 6282
14 45 3578
14 15 4961
15 18 3068
15 62 1510
15 69 1241
15 49 1847
15 27 135
15 59 1575
15 26 3843
15 20 869
15 66 399
15 47 3610
15 74 5649
15 22 6273
15 7 1358
15 54 5822
15 37 4098
15 68 6188
15 4 5073
15 56 3843
15 70 5536
15 23 4302
15 38 6118
15 6 3806
15 34 4557
15 60 1354
15 32 1592
15 75 3514
15 50 3067
15 41 3236
15 48 2057
15 55 2580
15 63 1790
15 51 4933
15 71 5300
15 30 4541
15 57 5890
15 19 1749
15 45 372
15 65 1188
15 46 4090
15 43 3389
15 25 5545
15 28 260
15 16 326
15 53 3729
15 61 5466
15 36 5445
15 58 1919
15 13 2078
15 2 2192
15 73 4016
16 54 427
16 4 3973
16 25 6179
16 62 3577
16 75 5930
16 56 2129
16 37 5522
16 57 469
16 61 5712
16 67 1074
16 52 1442
16 17 3277
16 43 1532
16 20 1287
16 13 760
16 46 571
16 44 809
16 36 1153
16 48 3325
16 58 5294
16 24 6277
16 8 4562
16 55 3979
16 73 3144
16 63 1565
16 70 3460
16 15 6084
16 35 5771
16 18 3900
16 68 4069
16 31 2271
16 38 1863
16 69 1295
16 5 3636
16 28 2389
16 10 120
16 40 4162
16 50 1278
16 2 426
16 66 751
16 42 3928
16 22 6190
16 60 5468
16 59 3792
16 21 2289
16 26 1003
17 72 5554
17 44 252
17 15 1990
17 27 5415
17 59 433
17 51 4771
17 14 5306
17 55 4387
17 47 5850
17 63 1712
17 33 1879
17 9 2834
17 38 3407
17 1 3808
17 6 1987
17 61 1337
17 31 670
17 4 287
17 52 2167
17 11 2413
17 36 2509
17 7 3533
17 66 5526
17 8 2570
17 40 3787
17 18 2813
17 35 105
17 21 227
17 10 5380
17 25 3487
17 24 4305
17 20 3082
17 16 5343
17 22 806
17 71 1939
17 32 316
17 49 1254
17 43 4631
17 46 5740
17 30 4886
17 45 4413
17 23 4806
17 2 5372
17 56 401
17 70 1988
17 65 6017
17 53 2029
17 42 444
17 19 3175
18 68 141
18 4 5968
18 36 4954
18 3 266
18 43 2934
18 26 6157
18 31 3760
18 38 2291
18 1 3818
18 13 1017
18 57 5782
18 39 1964
18 65 5785
18 8 434
18 61 4081
18 37 3605
18 12 2337
18 63 3471
18 64 5012
18 28 4069
18 9 5738
18 74 756
18 20 2731
18 44 5143
18 32 546
18 48 5618
18 41 40
18 42 3525
18 25 4879
18 51 906
18 27 1688
18 15 267
18 66 2302
18 33 656
18 17 3363
18 35 5644
18 55 4352
18 2 4075
18 5 3268
18 71 3585
18 56 992
18 67 2231
18 52 5393
18 19 4566
18 30 5878
18 14 852
18 54 1758
18 75 3853
18 69 207
18 10 2858
18 40 1045
18 45 3945
18 11 2118
18 16 2330
18 23 533
18 22 1829
18 29 3678
18 59 5062
18 34 719
18 53 4148
18 21 1710
19 17 3806
19 33 5208
19 24 3178
19 18 4217
19 40 4382
19 8 1953
19 38 4071
19 57 683
19 64 6158
19 31 2088
19 48 4667
19 6 4029
19 50 3220
19 14 5243
19 37 253
19 13 5797
19 39 5132
19 32 1551
19 55 401
19 51 3164
19 41 5814
19 29 3062
19 56 421
19 7 5498
19 5 1769
19 16 6038
19 71 5359
19 52 4385
19 25 6263
19 68 684
19 58 5334
19 59 443
19 30 4737
19 20 3613
19 69 3452
19 28 311
19 63 954
19 61 3705
19 62 2398
19 2 1921
19 9 3844
19 46 1497
19 34 2109
19 66 6174
19 1 3497
19 35 261
19 54 1826
19 26 1592
19 42 3236
19 44 464
19 23 4280
19 72 4608
20 13 363
20 46 3811
20 70 4231
20 26 4127
20 67 4383
20 21 4790
20 37 5068
20 65 1776
20 14 3727
20 35 4827
20 25 1237
20 18 581
20 49 3072
20 47 5963
20 15 6052
20 54 441
20 24 5038
20 57 5562
20 12 6267
20 30 2998
20 42 730
20 10 2708
20 62 4932
20 2 2473
20 6 4860
20 9 2084
20 75 1336
20 60 2464
20 29 3270
20 34 1743
20 72 4183
20 36 2440
20 8 1415
20 52 5069
20 45 724
20 19 6158
20 22 1340
20 5 5600
20 51 2816
20 44 6239
20 40 4897
20 32 636
20 39 5491
20 41 3869
20 3 3631
20 63 1268
20 4 28
20 58 1557
20 23 3961
20 64 1201
20 17 6114
20 69 5425
20 61 4678
20 38 4263
21 42 2776
21 45 3522
21 57 6028
21 55 2114
21 1 4225
21 34 5374
21 22 4132
21 2 6102
21 70 4981
21 66 5484
21 30 4435
21 10 3114
21 18 286
21 49 2283
21 69 5938
21 24 3570
21 33 5667
21 8 3518
21 37 880
21 41 4906
21 5 406
21 65 391
21 44 3445
21 29 2149
21 19 1117
21 6 4307
21 26 3480
21 17 2430
21 50 5419
21 36 212
21 16 2588
21 9 5811
21 35 1745
21 31 3721
21 47 5674
21 68 6178
21 48 844
21 27 685
21 13 6179
21 67 2610
21 56 745
21 52 3548
21 25 1850
21 23 481
21 14 1156
21 59 2427
21 63 3644
21 20 3343
21 15 5874
21 62 6188
21 11 762
21 4 2078
21 74 4508
21 28 2604
21 58 111
21 46 4310
22 53 5288
22 42 2261
22 56 4045
22 69 297
22 12 156
22 50 3797
22 49 2837
22 55 598
22 73 3977
22 66 1509
22 25 5378
22 15 3042
22 3 6194
22 17 5083
22 2 1071
22 36 4661
22 37 3050
22 5 5794
22 10 3227
22 32 6171
22 23 2107
22 39 1551
22 67 4850
22 35 5528
22 13 4355
22 68 1396
22 8 5647
22 59 5119
22 63 4241
22 48 4067
22 20 5802
22 14 2392
22 45 3430
22 33 3955
22 75 4350
22 40 2332
22 44 1056
22 71 1169
22 64 4585
22 54 2723
22 61 4465
22 26 2989
22 52 663
22 30 3898
22 1 487
22 70 2635
22 41 836
22 18 3958
22 43 4572
22 7 4797
22 24 1100
22 65 1228
22 19 5306
22 4 5345
22 21 796
23 64 1026
23 18 5162
23 47 2778
23 54 4703
23 56 1542
23 32 6227
23 25 600
23 63 4514
23 60 887
23 1 2769
23 17 737
23 45 2227
23 70 1123
23 24 6050
23 6 4890
23 15 1226
23 53 2779
23 49 1347
23 5 1281
23 22 2755
23 27 2963
23 50 4125
23 73 5345
23 36 1261
23 59 3418
23 66 1062
23 74 3184
23 30 284
23 52 5411
23 72 1024
23 14 5544
23 35 4913
23 51 5669
23 10 6200
23 44 179
23 16 781
23 69 3395
23 8 812
23 58 5210
23 61 5902
23 4 961
23 38 5326
23 55 72
23 39 2586
23 13 244
23 71 1740
23 41 4433
23 29 221
23 31 3356
23 40 1663
23 67 5761
23 57 3216
23 34 2173
23 2 4697
23 12 2170
23 9 5477
23 68 4040
23 7 1858
23 48 4958
23 37 1860
24 66 2854
24 51 915
24 64 81
24 74 1120
24 9 3772
24 12 3627
24 54 1268
24 25 376
24 3 2957
24 52 1634
24 29 515
24 50 4045
24 67 902
24 5 3655
24 15 1002
24 30 4114
24 65 446
24 39 3063
24 16 1645
24 11 3493
24 40 5477
24 27 4188
24 18 5039
24 32 1555
24 56 2934
24 72 1272
24 21 2046
24 19 365
24 49 4272
24 13 1551
24 62 417
24 37 1561
24 61 5468
24 75 1191
24 17 1914
24 14 3286
24 36 3484
24 73 6142
24 28 1587
24 41 2041
24 22 2763
24 42 6182
24 2 5206
24 59 2462
24 4 1506
24 68 4986
24 45 284
24 71 1108
24 57 4021
24 43 3597
24 53 3759
24 7 6225
24 8 6164
24 26 2800
24 47 1264
24 34 1377
24 70 5677
25 59 1500
25 39 3627
25 71 5761
25 33 924
25 29 1145
25 63 1377
25 36 5989
25 35 1204
25 21 3013
25 46 5860
25 23 3838
25 9 4231
25 69 3039
25 26 3371
25 51 4169
25 58 139
25 73 5574
25 10 3946
25 30 5644
25 3 244
25 45 2595
25 60 2072
25 14 2657
25 47 2491
25 57 4997
25 17 3662
25 42 5815
25 50 132
25 48 4931
25 64 2783
25 27 5235
25 7 2920
25 55 5474
25 41 1226
25 15 4404
25 74 1777
25 13 928
25 28 4028
25 44 780
25 34 2990
25 61 2506
25 4 6179
25 32 773
25 72 719
25 62 3085
25 16 1588
25 53 4
25 70 562
25 68 2543
25 40 238
25 8 5360
25 49 3774
25 19 2005
26 44 3973
26 62 511
26 28 2092
26 11 1403
26 4 4860
26 53 1989
26 34 5825
26 69 375
26 75 2627
26 66 5884
26 9 2684
26 31 1530
26 64 4707
26 13 5746
26 39 3775
26 1 4878
26 40 3014
26 56 4536
26 35 5785
26 12 1220
26 37 4975
26 22 1241
26 5 1403
26 21 5797
26 14 3705
26 18 4397
26 70 5493
26 49 975
26 55 2852
26 3 3792
26 47 1535
26 25 1153
26 74 5502
26 61 3269
26 2 1445
26 68 2178
26 63 5033
26 51 3577
26 29 2318
26 54 2146
26 65 2728
26 19 5949
26 33 1946
26 15 666
26 6 139
26 17 5881
26 43 3726
26 71 3358
26 67 3522
26 45 5610
27 37 556
27 24 3616
27 59 2128
27 61 2481
27 66 4449
27 9 4621
27 74 498
27 53 3342
27 57 4617
27 42 3004
27 12 3774
27 43 2131
27 35 4852
27 11 3403
27 30 3349
27 60 2224
27 54 6144
27 62 4310
27 23 2496
27 69 5382
27 3 3839
27 22 6251
27 52 4491
27 32 5846
27 13 1626
27 17 2148
27 49 2623
27 46 3424
27 67 215
27 34 2323
27 47 2014
27 68 940
27 36 2366
27 55 2073
27 8 254
27 41 5652
27 1 1137
27 7 4719
27 5 5953
27 28 1505
27 20 1642
27 26 2123
27 2 3001
27 63 1309
27 21 322
27 4 2574
27 25 504
27 56 2660
27 39 5004
27 33 5996
27 38 5986
27 72 4404
27 44 2460
27 19 5975
27 48 273
27 10 4298
27 50 1984
28 12 5021
28 34 3190
28 22 5809
28 67 4086
28 32 4313
28 27 2786
28 41 4520
28 37 1352
28 66 2208
28 44 3429
28 7 1113
28 39 1874
28 68 4688
28 65 3672
28 5 1352
28 43 4527
28 61 5993
28 57 5766
28 60 584
28 10 3505
28 74 3523
28 4 1396
28 18 3113
28 15 1083
28 13 5344
28 31 5423
28 48 6195
28 24 3096
28 16 2183
28 35 1566
28 72 5137
28 21 2897
28 1 5927
28 23 4080
28 14 2163
28 71 642
28 63 1924
28 25 155
28 2 4754
28 54 3339
28 69 4723
28 3 2861
28 46 3643
28 19 1234
28 47 704
28 36 6172
28 29 355
28 56 2980
28 26 1269
28 11 456
28 62 3908
28 42 4079
28 50 628
28 20 5918
29 54 5992
29 9 5407
29 46 2351
29 11 1175
29 21 2952
29 38 5715
29 32 3409
29 66 3289
29 15 4169
29 30 1311
29 37 1531
29 25 5812
29 13 2983
29 22 472
29 55 1799
29 26 6077
29 72 3332
29 18 5820
29 71 4657
29 73 6077
29 2 6056
29 10 6014
29 44 3958
29 42 5322
29 39 2015
29 63 1807
29 49 5311
29 50 5973
29 52 5646
29 31 4852
29 35 4470
29 68 1831
29 28 4011
29 64 3624
29 56 6037
29 4 1205
29 69 1153
29 45 3978
29 47 2038
29 8 4975
29 48 6138
29 33 6114
29 3 4948
29 1 891
29 75 1772
29 6 1157
29 65 3629
29 67 1902
29 40 903
29 16 1188
29 59 4240
29 58 5429
29 34 6184
29 12 5588
29 5 93
30 1 1765
30 69 3451
30 37 1019
30 55 5239
30 33 456
30 12 2451
30 14 2092
30 72 4056
30 35 749
30 52 2999
30 11 4956
30 62 4711
30 70 5018
30 7 6096
30 73 4850
30 13 1159
30 66 501
30 15 2043
30 6 1829
30 50 6067
30 8 695
30 22 3322
30 56 140
30 10 297
30 29 2073
30 53 974
30 17 4412
30 19 1896
30 21 3426
30 48 784
30 46 1012
30 63 3272
30 71 3326
30 75 4057
30 9 2512
30 60 67
30 59 3605
30 28 1097
30 47 1424
30 65 4981
30 67 2838
30 39 1637
30 45 5227
30 64 4471
30 26 1012
30 18 4751
30 32 5439
30 38 1429
30 44 4451
30 58 2648
30 40 1634
30 25 457
30 41 3185
30 16 4312
30 74 4940
30 68 6009
30 3 2977
30 49 2843
30 36 6157
30 43 483
30 20 1855
30 23 835
30 61 1536
31 22 500
31 43 4944
31 16 922
31 63 408
31 32 4646
31 39 2819
31 71 216
31 51 2979
31 53 4544
31 33 3846
31 69 269
31 61 3508
31 28 3157
31 54 2172
31 20 4066
31 58 5754
31 57 62
31 42 2388
31 44 3033
31 50 655
31 27 2425
31 36 2162
31 74 238
31 15 5017
31 1 272
31 26 1248
31 8 3906
31 73 2067
31 10 4358
31 49 1949
31 6 778
31 59 1071
31 62 4630
31 60 1194
31 21 4057
31 68 3784
31 35 3686
31 4 5441
31 2 4299
31 48 2195
31 25 1153
31 7 1861
31 55 3680
31 41 1778
31 24 2495
31 14 2550
31 38 3612
31 9 4222
31 30 3239
31 46 1516
32 24 4866
32 47 1804
32 35 6213
32 2 935
32 16 931
32 75 1889
32 73 2611
32 30 5884
32 61 1795
32 39 5855
32 12 4742
32 66 2790
32 58 5046
32 71 3638
32 21 2350
32 63 996
32 15 1288
32 64 6275
32 19 4261
32 31 2463
32 67 2443
32 44 5342
32 42 5854
32 54 2298
32 18 5182
32 38 2585
32 62 4393
32 6 3451
32 65 4764
32 29 2274
32 68 6256
32 11 3239
32 8 5090
32 59 2075
32 37 5285
32 26 2018
32 53 4074
32 48 110
32 7 3876
32 52 2679
32 46 2052
32 69 4292
32 45 4843
32 10 3420
32 51 3267
32 5 6075
32 9 3198
32 33 2325
32 22 904
32 43 5042
32 23 2620
32 72 5023
32 60 723
33 54 4103
33 70 1526
33 56 3239
33 41 811
33 40 928
33 31 59
33 22 3891
33 4 2621
33 32 5390
33 16 4364
33 9 5432
33 13 3632
33 2 3734
33 48 598
33 64 4047
33 25 2440
33 66 5566
33 42 187
33 17 2200
33 74 577
33 11 5852
33 34 1587
33 18 3024
33 37 2053
33 19 4344
33 67 2244
33 65 1176
33 53 759
33 29 337
33 55 1355
33 71 1636
33 45 1711
33 75 5707
33 38 5340
33 57 3387
33 26 1575
33 20 4589
33 7 5548
33 36 6172
33 12 295
33 14 2050
33 58 2873
33 49 1080
33 21 695
33 3 4057
33 6 4230
33 15 2907
33 44 5802
33 68 290
33 50 471
33 1 789
33 8 259
33 72 1839
33 30 930
33 69 1587
33 59 3562
33 24 5519
34 22 1612
34 70 4831
34 29 3833
34 15 4310
34 13 2528
34 55 6128
34 51 5891
34 62 3253
34 6 3642
34 66 6185
34 4 814
34 10 1192
34 65 3908
34 75 1108
34 28 372
34 7 2198
34 42 4232
34 59 5510
34 12 2311
34 69 1675
34 14 2321
34 46 176
34 24 5888
34 58 3125
34 73 1407
34 31 5845
34 11 2776
34 56 2496
34 3 4191
34 52 73
34 61 2606
34 30 1010
34 5 3398
34 43 2917
34 16 1633
34 45 5712
34 18 5347
34 39 1167
34 74 2366
34 38 2536
34 20 379
34 50 131
34 64 2826
34 23 2241
34 25 976
34 60 3441
34 63 4391
34 47 2943
34 19 5079
34 54 366
34 1 1992
34 40 3980
34 37 1796
34 8 5006
34 71 2146
34 2 4697
34 53 5265
34 48 3218
34 41 4005
34 32 5093
34 35 4590
34 21 2132
34 26 5057
35 63 2168
35 54 2861
35 23 1551
35 65 5853
35 58 5683
35 55 5529
35 64 4807
35 71 2676
35 15 1181
35 36 130
35 17 1682
35 60 5847
35 69 1133
35 45 1616
35 21 3051
35 41 3060
35 34 2539
35 30 5526
35 1 1820
35 2 2454
35 3 735
35 74 2341
35 11 3158
35 72 1020
35 67 4900
35 47 865
35 18 2633
35 27 1390
35 6 1667
35 32 5737
35 5 1193
35 44 1171
35 22 2131
35 37 5328
35 70 1219
35 39 2074
35 61 3582
35 28 2020
35 48 2348
35 16 1278
35 52 3594
35 4 5992
35 59 1343
35 40 5798
35 9 5149
35 7 1625
35 53 1728
35 24 4810
35 29 3897
35 14 4257
35 10 6238
35 33 2801
35 12 5969
35 57 1895
35 56 1754
36 5 838
36 31 5665
36 8 5760
36 49 4232
36 13 5543
36 18 3659
36 28 1640
36 15 1180
36 59 865
36 16 6096
36 42 1207
36 52 5499
36 64 3032
36 25 1682
36 65 4804
36 74 6200
36 23 4126
36 4 1697
36 38 5329
36 66 5096
36 22 3689
36 17 3804
36 32 620
36 34 514
36 61 5897
36 37 4935
36 10 391
36 2 4760
36 44 1160
36 9 5955
36 51 3316
36 73 2884
36 14 2517
36 57 1585
36 30 3538
36 60 5444
36 58 478
36 19 439
36 26 4132
36 24 1446
36 69 2346
36 27 5369
36 67 215
36 75 3329
36 11 5420
36 12 2512
36 53 2130
36 48 110
36 6 3717
36 55 54
36 68 3144
36 33 3300
36 35 1130
37 73 3482
37 7 5650
37 3 19
37 55 5170
37 60 4430
37 20 1519
37 62 3223
37 47 4193
37 12 4347
37 61 235
37 56 3846
37 5 3818
37 64 18
37 74 3758
37 68 1186
37 22 946
37 65 2469
37 69 2467
37 41 730
37 63 138
37 17 390
37 8 2253
37 21 2690
37 43 378
37 44 1641
37 29 1244
37 13 1290
37 18 3803
37 57 5237
37 34 2933
37 70 6125
37 27 3956
37 32 6095
37 66 5576
37 46 3972
37 16 69
37 39 3863
37 14 5975
37 50 3503
37 42 4458
37 71 989
37 48 5598
37 24 2074
37 72 6061
37 52 487
37 28 820
37 11 217
37 6 3959
37 54 791
37 30 1462
37 67 6293
37 15 5497
37 59 5531
38 57 2761
38 31 1110
38 3 4098
38 69 594
38 41 3834
38 40 104
38 39 2647
38 65 5292
38 6 2142
38 34 938
38 28 6094
38 26 4714
38 66 313
38 17 4596
38 25 2451
38 37 6219
38 27 6071
38 60 3311
38 8 3900
38 59 4919
38 73 5990
38 4 3902
38 15 1522
38 9 5506
38 46 5937
38 11 376
38 1 2596
38 64 4341
38 32 4010
38 50 837
38 36 1144
38 49 4545
38 75 4096
38 14 3245
38 61 5130
38 20 3329
38 30 5078
38 13 1608
38 29 4618
38 42 5181
38 10 1011
38 16 3414
38 70 3232
38 56 437
38 44 5273
38 23 4987
38 58 4410
38 2 2465
38 7 643
38 21 1479
38 51 3056
38 24 924
38 35 1243
38 48 5302
38 33 5229
39 40 3248
39 10 3345
39 57 5119
39 72 4902
39 24 1414
39 17 4128
39 36 4329
39 12 1768
39 47 1
39 55 2518
39 19 3110
39 13 5650
39 52 1905
39 69 5985
39 16 1286
39 62 5967
39 38 3258
39 15 1727
39 70 3253
39 28 4837
39 35 4072
39 56 4820
39 9 3857
39 45 5393
39 7 3653
39 58 3345
39 25 3611
39 44 4201
39 6 2097
39 21 4364
39 46 6185
39 3 818
39 65 24
39 26 427
39 74 1216
39 20 3817
39 41 122
39 68 4979
39 5 2376
39 61 5646
39 51 735
39 73 3275
39 30 2309
39 37 2482
39 50 149
39 11 988
39 53 3630
39 23 3217
39 8 978
39 4 3312
39 31 1975
39 27 2664
39 66 5034
39 48 5068
39 2 1141
40 36 4052
40 52 2861
40 58 623
40 13 5935
40 43 677
40 4 1295
40 55 2004
40 37 4171
40 42 3817
40 18 3529
40 7 5022
40 45 929
40 25 2759
40 21 148
40 56 4130
40 39 2630
40 1 1388
40 14 4104
40 59 3303
40 19 3409
40 23 1696
40 41 51
40 63 3731
40 17 5317
40 32 2140
40 27 660
40 51 3878
40 68 3195
40 31 6143
40 71 1888
40 16 2273
40 47 5771
40 8 877
40 50 4282
40 10 1748
40 66 827
40 34 1757
40 26 4237
40 2 264
40 53 1572
40 28 1631
40 48 5893
40 22 4157
40 12 6271
40 69 1036
40 44 195
40 29 5621
40 38 2860
40 46 549
40 33 453
40 49 5129
40 64 1472
40 60 1950
40 30 4714
40 67 3151
40 62 492
40 9 1663
41 5 2098
41 2 4928
41 45 362
41 16 1297
41 23 1505
41 31 5514
41 50 1158
41 30 2724
41 66 425
41 72 3802
41 48 654
41 15 5957
41 40 1629
41 17 5828
41 42 5318
41 14 4464
41 22 1798
41 39 4352
41 34 4917
41 55 3428
41 47 1357
41 62 5303
41 70 5441
41 7 409
41 28 1966
41 10 5229
41 73 898
41 74 4997
41 49 4336
41 57 6249
41 63 4994
41 8 641
41 65 1998
41 29 2244
41 18 5020
41 4 5603
41 61 5463
41 21 2937
41 43 675
41 12 6107
41 71 3435
41 52 1935
41 3 2780
41 69 5668
41 33 43
41 11 2227
41 25 1027
41 24 883
41 6 5800
41 32 5259
41 20 3525
41 58 217
41 38 1372
41 68 4254
41 53 4490
41 13 610
41 60 713
41 37 3750
42 74 2245
42 43 2111
42 53 764
42 69 3470
42 51 5310
42 60 1301
42 26 4529
42 13 2068
42 2 4997
42 3 3453
42 7 4158
42 47 5703
42 32 1634
42 75 591
42 10 2539
42 27 475
42 14 1617
42 50 2902
42 8 3246
42 63 1462
42 9 3113
42 21 5526
42 59 3604
42 52 3232
42 70 6134
42 40 5714
42 22 5702
42 1 1493
42 16 2188
42 44 4066
42 37 6178
42 20 1116
42 56 967
42 5 1701
42 41 1746
42 29 4323
42 12 49
42 65 5661
42 57 5742
42 34 3665
42 54 3558
42 46 119
42 38 2548
42 66 5747
42 73 3914
42 72 5174
42 35 129
42 67 4196
42 28 4974
43 61 4115
43 11 827
43 50 3486
43 8 2455
43 28 785
43 17 2970
43 40 5565
43 34 4648
43 67 2692
43 39 1682
43 52 2156
43 68 6260
43 31 2902
43 36 3385
43 70 2365
43 66 6104
43 53 2609
43 18 1164
43 14 854
43 15 4188
43 27 60
43 23 1493
43 62 3134
43 10 5819
43 30 2010
43 44 3035
43 64 2709
43 32 2826
43 37 4691
43 25 6099
43 54 2621
43 1 3285
43 56 1668
43 4 711
43 13 905
43 42 3632
43 2 1850
43 6 3152
43 33 592
43 12 4832
43 19 1287
43 9 4547
43 7 6131
43 21 4772
43 57 4549
43 60 4983
43 3 139
43 72 2996
43 20 4039
43 71 5709
43 59 6227
43 63 1916
43 38 5093
44 33 4917
44 24 5171
44 17 314
44 48 5128
44 51 790
44 42 863
44 13 1390
44 19 4719
44 70 1022
44 35 2093
44 5 745
44 68 3716
44 34 5996
44 21 5576
44 63 95
44 49 3863
44 61 260
44 10 3540
44 26 2840
44 46 2634
44 53 5290
44 2 1480
44 55 4375
44 72 5882
44 11 502
44 41 4497
44 59 1012
44 36 1783
44 20 1945
44 12 1097
44 73 2201
44 4 1113
44 28 2660
44 32 2779
44 18 467
44 23 2073
44 43 1587
44 71 4831
44 58 254
44 47 4869
44 30 1781
44 57 181
44 64 504
44 66 4838
44 6 3411
44 52 1178
44 45 578
44 15 4389
44 67 5058
44 75 3602
44 27 2538
44 3 5195
44 69 5536
44 56 1953
44 25 3115
44 7 4518
44 8 6188
44 22 4656
44 31 801
45 71 4388
45 23 252
45 52 5251
45 44 4007
45 21 5296
45 40 911
45 3 1624
45 68 65
45 8 838
45 12 5662
45 24 2254
45 61 4502
45 42 2710
45 25 846
45 64 6120
45 59 2147
45 17 243
45 72 1654
45 48 4843
45 28 6188
45 57 1883
45 53 4221
45 39 3816
45 5 1508
45 20 1691
45 31 172
45 55 2566
45 73 2172
45 13 4424
45 63 4922
45 49 2496
45 4 1289
45 66 5342
45 27 1063
45 19 5662
45 15 1450
45 69 1392
45 62 405
45 29 1188
45 74 5847
45 50 6164
45 6 2934
45 14 4647
45 60 5139
45 32 5195
45 38 3258
45 33 5890
45 1 230
45 47 4535
45 70 5610
45 16 1118
45 35 6277
46 28 2855
46 35 2471
46 6 5373
46 24 1720
46 53 5229
46 18 4194
46 73 1301
46 5 4304
46 22 3637
46 2 4241
46 31 297
46 60 5920
46 36 1350
46 68 2481
46 33 3362
46 42 4180
46 20 5192
46 39 2406
46 38 3710
46 25 1166
46 54 907
46 16 3407
46 10 3742
46 65 4565
46 30 5805
46 69 2321
46 66 1761
46 23 1629
46 70 2064
46 9 3099
46 21 2765
46 11 1309
46 4 2088
46 27 380
46 41 2350
46 34 163
46 67 3062
46 40 1191
46 71 6246
46 72 4380
46 57 3900
46 48 1353
46 8 4146
46 7 2923
46 49 1872
46 47 5337
46 17 308
46 74 4720
46 3 5003
46 19 2080
46 14 2614
46 59 4154
46 13 2216
47 11 1933
47 66 1247
47 1 3039
47 29 1272
47 46 1160
47 42 1236
47 25 4740
47 24 2724
47 10 3858
47 28 5403
47 9 5470
47 75 3944
47 22 2512
47 57 1998
47 27 103
47 55 5228
47 72 2515
47 41 84
47 45 5275
47 44 660
47 30 6289
47 39 2315
47 60 3308
47 63 5934
47 64 1813
47 74 3293
47 3 119
47 48 1648
47 6 2204
47 73 362
47 70 1059
47 20 883
47 2 4637
47 17 5964
47 49 135
47 19 320
47 12 4494
47 4 4598
47 61 2694
47 43 2215
47 14 5636
47 51 1710
47 40 2480
47 69 4696
47 23 4182
47 8 774
47 50 4229
47 59 1127
47 52 4547
47 7 985
47 67 1422
47 34 6294
47 58 252
47 62 5091
47 16 3518
47 5 5666
47 31 1693
47 37 1750
47 15 3215
47 13 5217
47 38 3019
47 68 841
47 53 2037
48 10 2205
48 11 4179
48 33 5037
48 64 5147
48 47 5825
48 19 3969
48 25 4375
48 30 4259
48 38 4377
48 14 3267
48 66 3523
48 63 2427
48 6 4335
48 74 2414
48 40 1862
48 62 3610
48 59 2965
48 70 5322
48 46 63
48 34 1801
48 24 4992
48 65 3878
48 49 1447
48 50 1568
48 55 5539
48 75 713
48 28 3836
48 42 5298
48 71 567
48 4 4262
48 60 1018
48 58 4790
48 18 2869
48 2 2625
48 39 3787
48 72 1325
48 9 807
48 54 556
48 23 1830
48 21 5875
48 7 1738
48 3 4903
48 20 6088
48 27 2252
48 56 3427
48 26 5813
48 15 5731
48 35 2923
48 44 980
48 32 1892
48 41 2544
48 61 4843
48 8 3957
48 45 5611
48 67 4553
49 43 561
49 33 1551
49 46 780
49 56 5100
49 16 5948
49 59 5032
49 69 2390
49 58 1197
49 3 2366
49 22 1703
49 67 3311
49 35 748
49 10 5672
49 7 1228
49 11 3583
49 20 371
49 37 3567
49 32 1098
49 74 4284
49 27 3988
49 23 6087
49 62 4726
49 28 6190
49 57 4659
49 9 4912
49 17 2072
49 42 5035
49 31 3375
49 18 417
49 36 197
49 54 4633
49 39 1074
49 70 5960
49 21 5956
49 1 2876
49 5 5892
49 51 4810
49 44 67
49 45 1419
49 64 1733
49 15 5000
49 65 3701
49 68 4144
49 34 5571
49 30 2440
49 24 3444
49 40 4837
49 60 4295
49 29 4149
49 47 4683
49 72 2119
49 4 4353
49 2 409
49 6 462
49 53 1568
49 63 445
49 66 3646
49 8 993
49 73 5043
49 55 3062
49 61 6110
49 52 5768
49 50 2168
49 38 5963
49 12 4961
50 40 5868
50 59 5620
50 42 5134
50 53 4657
50 3 5145
50 51 2314
50 56 3988
50 54 1611
50 47 2445
50 16 3699
50 57 5640
50 21 3153
50 52 677
50 49 131
50 55 440
50 24 1238
50 61 1808
50 20 3752
50 46 1123
50 68 1032
50 11 1998
50 74 4732
50 28 5924
50 44 2982
50 34 1428
50 73 283
50 39 3281
50 17 1130
50 7 4263
50 27 1721
50 25 798
50 30 2584
50 29 5853
50 69 1453
50 4 6194
50 58 1631
50 2 533
50 1 6229
50 6 3985
50 66 2763
50 22 3812
50 45 2754
50 14 719
50 10 149
50 71 2707
50 63 606
50 65 778
51 71 778
51 72 5838
51 43 3667
51 8 2124
51 27 1171
51 22 1422
51 42 1485
51 26 5435
51 30 5062
51 36 1918
51 48 2308
51 3 2766
51 23 634
51 9 4622
51 6 1068
51 46 4328
51 67 4295
51 70 265
51 33 5755
51 10 4957
51 20 3594
51 17 4272
51 7 4258
51 11 1189
51 13 835
51 59 2266
51 39 3636
51 47 5857
51 57 5648
51 14 3244
51 62 5228
51 31 123
51 63 6109
51 58 3520
51 21 5357
51 38 688
51 74 1698
51 18 1054
51 5 3282
51 25 1882
51 53 5574
51 40 6212
51 15 1000
51 24 3656
51 75 4542
51 56 5357
51 60 1097
51 54 5205
51 29 2619
51 32 1626
51 4 1192
51 44 1607
51 19 1271
51 2 6161
51 64 2670
51 65 5910
51 34 4481
51 69 314
52 27 4050
52 13 2103
52 58 723
52 11 212
52 35 1877
52 62 1756
52 42 830
52 5 3881
52 51 3288
52 12 2464
52 59 2416
52 54 5423
52 61 1437
52 20 1834
52 68 899
52 26 981
52 22 1732
52 46 3883
52 37 2589
52 36 5947
52 6 3836
52 15 1431
52 34 9
52 63 5035
52 1 5261
52 47 5583
52 43 3040
52 56 3511
52 64 965
52 9 4628
52 16 1314
52 18 1578
52 4 934
52 50 2390
52 41 586
52 55 2523
52 19 152
52 7 2933
52 65 2190
52 73 4946
52 70 4871
52 57 812
52 72 4334
52 44 2837
52 75 2226
52 67 4046
52 71 2588
52 28 5898
52 49 1755
52 74 3259
53 23 5991
53 36 1325
53 55 3296
53 72 5431
53 3 2340
53 66 369
53 42 4465
53 41 5433
53 30 4860
53 51 133
53 43 5260
53 63 1052
53 57 4074
53 26 1680
53 47 4137
53 65 3025
53 60 3575
53 70 2782
53 17 3884
53 24 5303
53 9 4291
53 20 4622
53 45 462
53 11 739
53 50 5565
53 7 4529
53 35 683
53 14 2518
53 28 54
53 68 1191
53 21 5454
53 67 3587
53 39 1696
53 4 3159
53 61 3948
53 75 1601
53 40 63
53 5 6237
53 46 5707
53 31 5359
53 74 872
53 32 2493
53 25 1281
53 18 2873
53 62 4037
53 56 2457
53 1 4367
53 34 4775
53 15 2916
53 10 3506
53 52 5240
53 29 6048
53 73 571
53 49 5725
53 71 5653
53 38 5810
53 8 1657
53 64 1399
54 70 2602
54 44 3792
54 46 1844
54 12 4750
54 15 3253
54 61 355
54 22 5504
54 52 225
54 19 1299
54 69 186
54 50 5275
54 47 1899
54 68 2895
54 4 792
54 55 5938
54 65 4846
54 32 3153
54 27 5794
54 62 3944
54 34 5188
54 24 2154
54 66 3901
54 8 2406
54 41 5295
54 38 5728
54 20 3606
54 48 3123
54 37 6216
54 40 6
54 26 4494
54 45 3836
54 51 535
54 14 3217
54 67 2253
54 74 5501
54 31 5115
54 6 822
54 63 3034
54 16 4933
54 30 484
54 11 5612
54 36 623
54 7 2637
54 56 5443
54 25 5726
54 23 3174
54 28 3129
54 3 1200
54 2 2101
54 1 5563
54 17 1805
54 53 2099
54 9 5775
54 33 6091
54 71 2933
54 49 2057
54 5 5330
54 39 2196
54 29 4047
54 64 4765
55 60 1023
55 31 1526
55 43 4893
55 16 3387
55 48 1527
55 23 574
55 36 1153
55 73 3028
55 37 6270
55 75 5354
55 11 2977
55 15 3523
55 57 3239
55 54 4888
55 66 2568
55 26 2718
55 32 1145
55 47 574
55 51 3460
55 29 2391
55 46 2882
55 67 5479
55 53 3532
55 40 4206
55 74 522
55 61 5664
55 59 3089
55 18 2355
55 22 2426
55 49 2821
55 27 5309
55 8 1635
55 63 3011
55 2 2176
55 70 4570
55 52 4183
55 28 3540
55 25 5324
55 35 4093
55 45 1013
55 64 1639
55 65 914
55 44 1695
55 13 3686
55 4 800
55 17 3909
55 33 1613
55 58 40
55 6 5886
55 19 4900
55 14 5959
55 71 2569
55 12 3495
55 7 2355
55 5 2488
55 24 5867
55 50 5987
55 41 4677
56 55 3472
56 54 4250
56 48 4873
56 66 2671
56 14 1793
56 67 1639
56 72 5586
56 25 3245
56 36 3105
56 39 6260
56 70 1235
56 44 4909
56 32 646
56 2 4786
56 69 3809
56 47 4928
56 75 5103
56 23 1520
56 28 3897
56 15 5687
56 30 2429
56 24 5128
56 26 4954
56 6 3081
56 60 2096
56 51 4711
56 63 4329
56 27 2085
56 33 765
56 19 2098
56 13 293
56 31 4806
56 10 4068
56 37 1842
56 40 2217
56 64 3427
56 35 1432
56 59 2886
56 41 4
56 65 691
56 5 5913
56 4 2290
56 12 3536
56 49 20
56 18 5840
56 43 1330
56 16 5652
56 3 115
56 52 4430
56 62 6126
56 61 2986
56 17 1885
56 38 4795
56 34 3313
56 68 3336
56 11 4482
56 53 5010
56 8 6167
56 71 5914
56 42 5563
56 74 1525
56 57 4038
56 58 567
57 45 3423
57 14 5461
57 61 6210
57 27 437
57 41 83
57 54 3301
57 53 4163
57 32 5539
57 8 280
57 13 3200
57 55 5609
57 67 846
57 20 1617
57 30 4333
57 71 5287
57 44 324
57 62 1340
57 7 2888
57 50 64
57 10 1756
57 9 5864
57 46 5972
57 4 690
57 37 2031
57 72 2358
57 56 1754
57 19 3997
57 21 2266
57 5 820
57 52 5427
57 36 1211
57 17 2540
57 1 4363
57 70 3962
57 47 4540
57 66 2329
57 18 5131
57 64 837
57 74 2445
57 43 733
57 11 5553
57 73 5550
57 69 5716
57 3 2572
57 68 2500
57 35 4345
57 29 2470
57 31 3524
57 26 2428
57 48 2151
57 28 3464
57 42 1800
57 24 592
57 60 3807
57 23 498
57 6 889
58 20 3857
58 41 3131
58 28 200
58 49 439
58 60 688
58 70 3290
58 37 5770
58 62 1828
58 18 3887
58 48 5393
58 64 5547
58 27 2639
58 72 3561
58 12 1733
58 25 482
58 36 2778
58 30 4679
58 53 3353
58 8 4454
58 63 2892
58 2 4836
58 29 2088
58 32 5027
58 52 5817
58 39 5674
58 33 3724
58 45 196
58 67 2971
58 57 5634
58 46 306
58 75 5462
58 16 1966
58 61 3040
58 10 2193
58 38 2565
58 23 4800
58 66 5580
58 56 1834
58 24 431
58 22 4496
58 65 4259
58 42 3750
58 3 1581
58 51 471
58 47 2715
58 17 1954
58 5 1311
58 50 3518
58 55 2982
58 26 5599
58 68 5296
58 73 3719
58 54 768
58 15 4053
58 14 1729
58 19 307
59 30 867
59 52 4667
59 25 515
59 2 6183
59 41 1170
59 50 2142
59 37 5585
59 13 824
59 65 4898
59 44 4206
59 1 2239
59 9 2662
59 51 4912
59 19 570
59 32 10
59 58 4267
59 10 1544
59 48 1660
59 61 3904
59 54 6296
59 49 340
59 14 4921
59 26 382
59 27 1113
59 55 4591
59 3 3036
59 66 1890
59 46 4346
59 18 3827
59 73 1582
59 33 2743
59 29 837
59 75 5414
59 42 4918
59 16 3379
59 64 2311
59 38 2970
59 70 6261
59 5 267
59 17 6162
59 31 705
59 47 1443
59 36 5554
59 71 114
59 4 4688
59 62 2142
59 40 6178
59 7 4654
59 72 5775
59 53 185
59 23 5098
59 56 1685
59 68 951
59 24 70
59 34 5705
59 35 3174
59 63 2516
59 69 248
59 67 823
59 43 1779
60 1 1230
60 33 2160
60 39 1518
60 2 2231
60 6 1972
60 32 5350
60 56 5037
60 45 27
60 15 1170
60 43 5391
60 70 2503
60 57 4318
60 24 4906
60 41 1746
60 55 1948
60 19 2938
60 3 3924
60 31 1051
60 10 2646
60 5 200
60 62 532
60 40 897
60 54 616
60 21 3015
60 16 130
60 72 5156
60 30 692
60 36 6112
60 7 1416
60 13 1011
60 42 2826
60 9 4173
60 14 5683
60 64 6235
60 51 263
60 4 284
60 47 3947
60 69 4690
60 22 946
60 8 5
60 73 1570
60 28 2520
60 50 3572
60 58 3201
60 17 5997
60 65 746
60 63 5749
60 26 5969
60 12 4241
60 46 5426
60 37 2862
60 48 2831
60 59 4741
60 68 3347
60 38 3429
60 34 400
60 61 5075
61 15 1845
61 4 1125
61 75 1974
61 23 2460
61 24 5602
61 42 3582
61 16 5918
61 30 4580
61 49 3802
61 40 746
61 74 4128
61 6 6227
61 45 4608
61 8 3403
61 26 1822
61 68 2222
61 66 5198
61 3 4093
61 69 5202
61 57 4820
61 25 2639
61 39 5686
61 2 4447
61 59 3551
61 7 848
61 43 5774
61 64 4049
61 12 5480
61 62 1866
61 37 3888
61 54 1389
61 70 6046
61 44 1373
61 27 4041
61 20 5081
61 56 3642
61 19 1162
61 18 3913
61 10 4029
61 32 2216
61 47 1721
61 58 1610
61 71 2268
61 63 184
61 48 5950
61 67 3842
61 51 986
61 28 1907
61 34 3350
61 73 5953
61 13 3946
61 46 5950
61 1 519
61 5 312
61 65 2558
62 2 1607
62 17 68
62 50 3466
62 8 3218
62 29 2016
62 39 3586
62 43 668
62 61 1268
62 66 2383
62 32 5340
62 57 327
62 44 1944
62 69 2939
62 49 5671
62 5 2939
62 15 2422
62 11 3246
62 58 3532
62 42 1289
62 16 4489
62 24 2232
62 47 5831
62 18 2263
62 75 5192
62 73 556
62 30 2497
62 54 2302
62 48 51
62 12 28
62 72 4186
62 55 6220
62 4 1698
62 25 5344
62 70 1277
62 60 3235
62 1 3127
62 36 5599
62 68 6135
62 59 2465
62 22 261
62 9 1398
62 7 5165
62 65 1710
62 21 3372
62 35 3237
62 38 5776
62 37 3737
62 74 4602
62 14 5818
62 6 5139
62 27 2967
62 71 3365
62 53 2735
62 10 3668
62 56 4419
62 3 253
63 37 3500
63 50 3010
63 18 3084
63 9 3675
63 44 3026
63 67 4347
63 23 5780
63 43 1858
63 19 5705
63 29 1090
63 12 217
63 54 3459
63 68 2738
63 75 3183
63 61 5693
63 1 686
63 35 1721
63 71 640
63 20 708
63 5 6151
63 15 2914
63 3 188
63 17 699
63 34 2135
63 62 2422
63 66 1202
63 39 5869
63 74 702
63 14 3620
63 69 3759
63 65 4535
63 2 1407
63 8 3630
63 30 2538
63 21 4648
63 4 5114
63 70 5438
63 42 2344
63 40 1645
63 25 3739
63 52 114
63 45 6074
63 46 4372
63 36 5020
63 32 3880
63 22 5398
63 72 1425
63 28 3233
63 41 1305
63 31 1472
63 26 5028
63 73 5649
63 59 1056
63 27 2077
63 7 2411
63 58 3239
63 48 67
63 38 1024
63 56 4594
63 13 2793
64 23 3503
64 62 4671
64 21 1448
64 44 2370
64 1 2245
64 30 5028
64 69 2361
64 57 744
64 28 3182
64 73 3945
64 24 1974
64 9 4338
64 41 3884
64 72 4188
64 47 6277
64 17 5789
64 7 5997
64 35 2644
64 14 390
64 46 3788
64 74 3763
64 29 3051
64 43 2247
64 65 3939
64 20 5385
64 2 4058
64 16 5317
64 26 5525
64 52 1604
64 32 6169
64 3 1243
64 59 3300
64 48 1102
64 49 3576
64 42 4166
64 4 3954
64 13 5919
64 12 1337
64 15 113
64 50 2523
64 71 1481
64 60 3693
64 51 1462
64 63 3256
64 10 2460
64 39 335
64 36 1537
64 58 3504
64 38 6177
64 40 3559
64 27 958
64 55 2474
64 18 4298
64 75 4482
64 6 3480
64 8 909
64 37 5925
64 19 637
64 33 416
65 69 5496
65 45 4912
65 7 2643
65 12 2844
65 38 4343
65 8 5443
65 54 3283
65 73 783
65 35 5080
65 17 1925
65 14 3979
65 19 896
65 15 1800
65 71 2237
65 24 3351
65 1 1129
65 29 3237
65 57 2697
65 3 538
65 16 3940
65 70 3779
65 64 818
65 28 1678
65 43 3363
65 56 1984
65 4 1063
65 23 5747
65 60 6183
65 36 5598
65 13 1296
65 25 4591
65 62 4099
65 68 2848
65 55 615
65 18 4956
65 33 346
65 74 3746
65 6 2055
65 11 4025
65 21 207
65 51 5381
65 9 5940
65 5 2086
65 44 4939
65 31 5883
65 72 3286
65 49 4496
65 52 3249
65 30 2191
65 26 2492
65 27 4747
65 48 5513
65 32 1141
65 63 3078
65 2 1652
65 42 3077
65 53 617
65 59 1393
65 41 4142
65 50 25
66 72 4282
66 67 146
66 33 2602
66 21 1685
66 32 2500
66 37 1510
66 38 499
66 62 1122
66 29 4984
66 71 99
66 36 5266
66 65 1796
66 26 1975
66 23 189
66 27 3846
66 28 2721
66 57 3067
66 61 933
66 52 4808
66 43 2454
66 8 122
66 54 2971
66 4 3078
66 56 2540
66 18 1088
66 31 6235
66 17 4438
66 41 2823
66 58 2781
66 16 5857
66 44 1311
66 1 5443
66 42 4774
66 11 1640
66 30 2679
66 7 4466
66 25 1833
66 60 4411
66 48 5146
66 63 1198
66 49 3275
66 45 3508
66 75 6006
66 55 1694
66 3 5469
66 5 2584
66 6 824
66 74 5731
66 50 4876
66 12 5556
66 47 2221
66 24 5015
66 51 1358
66 35 4376
66 69 4521
66 46 4968
66 10 5756
66 9 4464
66 40 984
67 5 289
67 50 1057
67 19 1450
67 12 4316
67 48 702
67 39 3318
67 10 5082
67 51 3916
67 2 345
67 9 3007
67 17 6097
67 7 2024
67 25 5580
67 37 3886
67 34 1905
67 69 3331
67 53 4576
67 32 5746
67 47 2398
67 4 1748
67 15 2351
67 28 2267
67 75 4561
67 44 4946
67 36 6040
67 24 4620
67 38 4077
67 54 2823
67 62 533
67 59 5658
67 52 1987
67 40 1912
67 71 4765
67 3 5334
67 55 1733
67 68 453
67 27 3205
67 64 2363
67 33 867
67 8 5059
67 22 4748
67 41 5376
67 46 215
67 73 5936
67 23 3544
67 13 3740
67 20 1033
67 63 5462
67 58 1066
67 49 5966
67 61 5249
67 74 6064
67 45 2364
67 31 3502
67 6 5155
67 60 3771
68 3 1506
68 11 4603
68 22 4105
68 9 5682
68 71 5620
68 25 4892
68 8 3558
68 2 6029
68 42 13
68 60 5056
68 31 3172
68 70 3061
68 36 3514
68 73 1992
68 43 3869
68 32 1804
68 27 4053
68 15 4480
68 65 3369
68 69 3012
68 38 5490
68 17 898
68 1 3868
68 59 2082
68 37 754
68 47 5747
68 67 4937
68 72 5915
68 21 2944
68 29 5591
68 19 175
68 24 3000
68 50 3316
68 41 3265
68 44 3448
68 33 6200
68 64 3476
68 18 3143
68 35 4708
68 46 3286
68 6 2810
68 45 5745
68 51 1639
68 52 6038
68 5 4763
68 34 5083
68 7 2124
68 57 6178
68 56 1320
68 4 2612
68 55 1637
68 28 1735
68 66 1471
68 20 1742
68 16 6272
68 49 4002
68 54 5887
69 67 327
69 8 512
69 22 5206
69 57 2524
69 16 1569
69 35 1399
69 30 4670
69 20 5668
69 4 5860
69 40 4932
69 24 1308
69 74 3789
69 66 1688
69 33 2663
69 17 4890
69 31 3088
69 23 1618
69 73 284
69 18 2677
69 59 2245
69 68 2780
69 44 6251
69 38 878
69 45 3036
69 42 5299
69 58 1928
69 29 494
69 27 5443
69 5 1274
69 39 6078
69 25 2198
69 75 2351
69 72 1220
69 43 5077
69 56 5975
69 12 2367
69 49 3288
69 37 1930
69 6 930
69 71 1401
69 54 2299
69 19 4660
69 52 1898
69 32 5835
69 21 5447
69 47 3477
69 63 6279
69 70 3550
69 10 475
69 61 2754
69 9 764
69 26 2206
69 14 1844
69 1 1392
69 64 3873
69 50 4750
69 51 6252
69 34 372
69 48 4825
70 51 1328
70 34 4937
70 40 2968
70 13 3879
70 7 165
70 57 2030
70 32 2880
70 67 3975
70 21 5225
70 39 179
70 66 2346
70 55 2983
70 3 4044
70 30 1786
70 19 1574
70 6 5182
70 75 2865
70 43 5331
70 69 1371
70 37 142
70 65 362
70 38 1816
70 28 671
70 11 529
70 17 3226
70 16 3626
70 14 4562
70 61 4220
70 5 5546
70 50 2594
70 44 670
70 59 1467
70 24 2854
70 18 6196
70 27 3699
70 42 541
70 68 6071
70 35 1098
70 29 971
70 26 4354
70 47 137
70 60 4663
70 9 426
70 22 3406
70 8 2036
70 46 6143
70 62 2325
70 54 4161
70 36 4005
70 64 2854
70 10 1182
70 2 3681
70 12 834
70 71 115
70 15 1969
71 29 792
71 47 229
71 16 3004
71 52 3511
71 17 2870
71 36 3959
71 3 1155
71 72 2828
71 37 5966
71 56 3622
71 26 249
71 59 412
71 50 4342
71 33 1072
71 69 5171
71 12 1045
71 41 466
71 6 1923
71 44 5537
71 24 1318
71 74 2394
71 19 6186
71 70 2808
71 61 6065
71 18 5816
71 10 6222
71 23 5128
71 73 2946
71 75 2554
71 55 5646
71 27 4429
71 42 1601
71 11 1713
71 51 5966
71 5 3670
71 7 1358
71 32 1236
71 49 335
71 4 3657
71 64 5886
71 22 4106
71 34 5524
71 21 214
71 15 777
71 68 5424
71 60 3284
71 62 5118
71 66 4411
71 46 5043
71 13 5456
71 31 6188
71 40 3460
71 2 2430
71 1 6236
71 8 5600
71 25 4589
72 29 1665
72 10 1892
72 45 1124
72 6 3163
72 37 1056
72 39 2211
72 75 4785
72 54 3867
72 21 5322
72 12 945
72 25 4593
72 8 2221
72 70 2580
72 74 908
72 24 2991
72 64 1915
72 18 4404
72 2 252
72 20 6116
72 43 3280
72 13 283
72 28 5499
72 61 1991
72 38 2726
72 42 3068
72 55 5232
72 68 441
72 19 2033
72 15 4632
72 57 1440
72 48 3149
72 33 41
72 65 4640
72 58 3374
72 50 2377
72 49 5578
72 7 1096
72 40 1440
72 26 1267
72 52 2557
72 47 3357
72 41 1957
72 16 2728
72 11 3790
72 51 1152
72 67 141
72 35 3415
72 59 4042
72 63 513
72 34 2417
72 73 938
72 66 1361
72 60 5419
72 27 5546
73 54 5573
73 3 3690
73 41 4423
73 59 6020
73 43 179
73 8 2518
73 9 6126
73 27 2110
73 13 1013
73 75 4745
73 60 2175
73 7 1966
73 19 3138
73 2 2960
73 23 1670
73 35 2366
73 50 6286
73 63 2233
73 1 1725
73 45 5523
73 52 1967
73 24 6219
73 53 482
73 51 3518
73 14 2231
73 39 3538
73 71 2874
73 42 4747
73 55 2258
73 66 175
73 28 3613
73 34 4283
73 17 4266
73 12 4743
73 15 4224
73 4 1175
73 33 6191
73 32 2957
73 61 2257
73 31 537
73 46 5198
73 58 756
73 16 608
73 72 4322
73 18 365
73 62 4988
73 68 4028
73 56 4389
73 74 40
73 44 1467
73 11 2317
73 64 1186
73 6 453
73 69 1467
73 22 3607
73 38 2028
73 20 2431
73 49 122
73 10 1661
73 5 588
73 25 5095
73 26 5170
74 1 59
74 34 2646
74 40 1241
74 70 4881
74 9 6053
74 10 2185
74 72 5621
74 14 2916
74 35 6280
74 55 4925
74 43 3749
74 31 4389
74 46 4998
74 11 3491
74 47 5377
74 54 486
74 64 4257
74 48 5458
74 7 566
74 12 3188
74 2 5146
74 20 1718
74 68 3789
74 53 3212
74 5 4129
74 19 5651
74 39 6069
74 29 379
74 63 4247
74 21 1782
74 75 5956
74 32 1392
74 3 3236
74 65 83
74 62 5712
74 71 2901
74 24 3902
74 38 5717
74 26 5852
74 27 3973
74 56 3000
74 69 616
74 22 5159
74 23 4557
74 45 1998
74 58 4072
74 67 320
74 17 3251
74 57 1615
74 42 2163
74 6 5836
74 50 5360
74 61 1754
75 42 821
75 4 4839
75 26 2148
75 34 5616
75 33 1303
75 66 4325
75 30 5498
75 70 4816
75 5 621
75 1 1446
75 35 5372
75 46 5243
75 20 552
75 29 769
75 39 5951
75 68 5433
75 8 5411
75 64 5139
75 2 3744
75 55 1615
75 28 2194
75 56 39
75 72 1245
75 52 2080
75 19 4082
75 13 4228
75 53 3724
75 54 96
75 61 322
75 12 4421
75 51 4856
75 43 5815
75 17 125
75 37 4174
75 65 13
75 63 4153
75 49 5135
75 15 3237
75 38 958
75 16 2793
75 9 1474
75 40 5163
75 31 3738
75 32 760
75 60 2417
75 58 5195
75 57 4246
75 73 3312
75 24 2453
75 3 5162
75 50 3619
75 18 3534
75 71 1106
75 10 210
75 22 1606
75 11 3882
75 25 1118
75 69 4673
75 45 2288
75 36 535
75 27 1622
75 59 4456
