75 4200
1 62 3422
1 7 4692
1 2 2656
1 47 5513
1 49 4999
1 5 4434
1 24 2098
1 53 2596
1 54 5573
1 32 6251
1 21 2202
1 15 1291
1 26 3711
1 40 6062
1 20 5619
1 30 1692
1 11 3765
1 25 883
1 16 399
1 75 4702
1 31 5258
1 69 3871
1 43 640
1 66 4544
1 61 3490
1 38 188
1 23 5981
1 18 463
1 22 2996
1 8 4130
1 48 4049
1 6 4827
1 46 1739
1 70 1943
1 36 2458
1 10 16
1 64 247
1 45 775
1 28 6196
1 33 2386
1 41 350
1 63 3056
1 74 1901
1 56 5550
1 14 5295
1 51 2909
1 29 2884
1 67 3563
1 37 1102
1 34 1129
1 3 1626
1 4 4877
1 27 569
2 65 3126
2 45 571
2 52 4969
2 74 3551
2 57 5460
2 9 2481
2 36 846
2 28 3459
2 73 2878
2 8 5767
2 14 5246
2 31 32
2 62 346
2 49 4156
2 34 3983
2 41 2825
2 16 4821
2 37 1288
2 55 5865
2 20 3379
2 63 4517
2 24 3328
2 71 789
2 4 3289
2 70 2820
2 25 1680
2 54 967
2 23 4845
2 26 1054
2 7 4721
2 27 1203
2 40 2205
2 48 6288
2 50 5614
2 51 5287
2 43 474
2 46 4276
2 3 693
2 35 2665
2 64 3899
2 15 1625
2 53 6292
2 10 1390
2 69 2826
2 5 5627
2 21 2819
2 19 853
2 66 1842
2 58 69
2 30 3598
2 11 3928
2 44 5874
2 6 5987
2 22 4114
2 39 2856
2 1 3747
3 45 5613
3 12 4080
3 74 2560
3 22 5514
3 20 2608
3 2 4052
3 67 4601
3 11 2630
3 7 3603
3 50 889
3 24 6253
3 15 5680
3 56 5395
3 44 4087
3 14 4608
3 48 3508
3 25 2397
3 6 4327
3 66 4440
3 10 4366
3 49 1745
3 42 3890
3 9 5819
3 1 1348
3 23 3398
3 27 4670
3 73 5660
3 46 5584
3 55 425
3 47 317
3 64 4346
3 71 592
3 32 2516
3 18 2455
3 59 6182
3 19 1286
3 41 5895
3 33 5430
3 72 3749
3 61 5561
3 52 3647
3 51 4182
3 40 3607
3 31 4797
3 30 2922
3 26 2285
3 65 2516
3 70 4817
3 28 2623
3 58 3729
3 8 1097
3 43 1954
3 60 5437
3 63 2366
3 17 4660
4 57 3186
4 8 4399
4 59 676
4 39 4777
4 55 5097
4 37 1255
4 67 920
4 49 83
4 74 3692
4 13 2807
4 75 5130
4 2 5494
4 15 4277
4 21 5308
4 7 2891
4 56 5159
4 17 1177
4 3 4488
4 52 1056
4 44 231
4 47 2940
4 14 739
4 30 1577
4 20 4551
4 70 3954
4 36 2488
4 12 6023
4 45 1306
4 69 5969
4 68 4156
4 10 4025
4 22 2115
4 65 4216
4 9 3535
4 40 1385
4 19 5882
4 63 3716
4 33 3431
4 51 5303
4 54 4655
4 46 662
4 11 1680
4 32 1642
4 16 3674
4 41 5410
4 61 2093
4 50 1555
4 24 2447
4 26 5289
4 35 5024
4 28 5225
4 48 6281
4 27 5340
5 30 4755
5 45 3346
5 61 4683
5 50 3509
5 13 1331
5 8 4236
5 31 1924
5 62 6003
5 29 3967
5 15 1092
5 69 2606
5 55 268
5 38 1130
5 54 788
5 42 5652
5 67 4009
5 24 3709
5 3 6183
5 18 5432
5 7 5851
5 9 1668
5 27 977
5 74 5039
5 71 3050
5 49 6253
5 40 2158
5 48 2096
5 19 4886
5 32 4119
5 33 61
5 28 5001
5 17 1028
5 12 4190
5 16 3911
5 36 5947
5 52 6087
5 58 1391
5 4 742
5 41 3522
5 2 2830
5 65 3769
5 64 3632
5 21 3582
5 73 4652
5 51 3904
5 14 416
5 59 4175
5 1 4207
5 25 1003
5 10 3308
5 47 5761
5 75 300
5 34 698
6 26 5377
6 14 2341
6 74 3198
6 2 6287
6 7 4535
6 40 286
6 25 5227
6 21 4796
6 35 2023
6 49 4608
6 9 3132
6 57 3525
6 18 2948
6 23 1663
6 59 2322
6 52 5284
6 43 4397
6 16 4215
6 69 2335
6 29 595
6 66 4719
6 63 4659
6 17 372
6 61 71
6 72 2500
6 11 4253
6 58 2211
6 68 5298
6 4 2136
6 22 3566
6 45 269
6 12 3003
6 13 4002
6 20 442
6 70 5217
6 47 3258
6 64 4755
6 50 4648
6 32 1719
6 33 4429
6 30 265
6 53 5549
6 19 712
6 27 4044
6 39 2629
6 10 3149
6 48 2820
6 51 6148
6 67 3704
6 28 6284
6 31 630
6 75 1266
6 38 5595
6 60 197
6 34 233
6 44 1260
7 24 3664
7 8 3196
7 41 4136
7 65 4033
7 3 2747
7 33 2278
7 12 1175
7 73 1280
7 54 162
7 16 5804
7 32 749
7 63 1011
7 26 2223
7 50 2355
7 9 5747
7 45 135
7 70 3039
7 57 873
7 55 2143
7 14 4852
7 25 2956
7 52 1456
7 4 278
7 60 1129
7 37 45
7 29 5591
7 53 5901
7 34 4495
7 46 31
7 59 869
7 21 5804
7 62 1261
7 1 3234
7 30 5815
7 11 6069
7 31 3391
7 22 4593
7 56 1178
7 40 711
7 2 58
7 72 6116
7 67 1424
7 51 3546
7 48 4014
7 43 486
7 35 6172
7 6 1473
7 61 2094
7 17 1420
7 75 4032
7 18 2158
7 23 5657
7 36 5782
7 10 2500
7 13 1299
7 19 1171
7 20 5297
8 46 5749
8 60 5359
8 30 671
8 17 2338
8 14 4418
8 29 37
8 64 5062
8 24 3098
8 41 1045
8 21 700
8 59 5040
8 50 1320
8 73 5440
8 47 3557
8 11 2571
8 44 2008
8 48 2174
8 12 2814
8 25 536
8 20 3190
8 13 3854
8 5 4142
8 19 3568
8 57 4322
8 62 4193
8 28 2909
8 45 2785
8 9 1685
8 26 226
8 6 6052
8 31 3306
8 36 5960
8 10 1520
8 56 4148
8 65 5195
8 54 2644
8 61 240
8 2 5945
8 23 971
8 72 3797
8 15 4675
8 71 1417
8 37 1044
8 67 2579
8 43 3338
8 1 1071
8 16 3571
8 58 5917
8 74 5670
8 51 1657
8 52 3003
8 32 2302
8 22 3677
8 66 5719
9 43 547
9 5 6239
9 8 501
9 63 6142
9 18 2481
9 3 69
9 28 846
9 15 1840
9 14 3623
9 74 5036
9 62 2462
9 24 2294
9 40 5273
9 46 6048
9 37 5217
9 54 911
9 4 181
9 55 1712
9 12 5447
9 67 601
9 57 1068
9 7 2972
9 33 2373
9 23 3536
9 6 3749
9 31 6104
9 22 248
9 32 2867
9 34 5554
9 25 1164
9 39 948
9 59 2882
9 75 3979
9 52 4106
9 19 4880
9 41 2850
9 72 5895
9 38 1322
9 42 1734
9 29 5454
9 27 3247
9 10 5566
9 61 3238
9 70 429
9 64 4933
9 11 1056
9 73 3589
9 21 4128
9 16 49
9 53 3640
9 20 5815
9 49 2890
9 36 38
9 56 2386
10 21 2195
10 60 3953
10 70 3894
10 47 235
10 33 5736
10 45 1107
10 71 4909
10 37 1741
10 24 1946
10 5 4486
10 17 284
10 52 1698
10 38 1916
10 75 1657
10 4 6148
10 54 14
10 57 1578
10 11 356
10 63 4425
10 19 3766
10 74 4540
10 48 2047
10 35 4565
10 18 5130
10 49 582
10 46 5653
10 7 1721
10 16 1999
10 61 1183
10 25 4512
10 69 2720
10 72 6121
10 22 5166
10 6 6218
10 66 3520
10 23 167
10 36 5701
10 51 4132
10 14 2478
10 40 2436
10 26 4487
10 12 3089
10 62 3771
10 29 4809
10 3 2632
10 2 4343
10 41 5263
10 59 6110
10 64 3524
10 53 5848
10 42 5989
10 31 1630
10 28 1714
10 68 2689
10 65 5192
11 34 2070
11 24 5831
11 48 4555
11 27 4248
11 20 4622
11 25 4272
11 5 648
11 65 1491
11 30 111
11 43 531
11 17 5798
11 18 1469
11 13 3964
11 6 5547
11 55 5159
11 47 695
11 1 5393
11 62 1476
11 32 5318
11 70 929
11 41 2111
11 58 1067
11 68 3152
11 46 4870
11 59 2153
11 50 2489
11 8 3411
11 26 236
11 21 3179
11 75 2821
11 37 5587
11 54 3187
11 52 4275
11 19 4333
11 42 5942
11 33 3193
11 67 885
11 10 4051
11 69 1586
11 40 1811
11 36 5674
11 22 137
11 60 1616
11 9 1881
11 73 2577
11 3 1694
11 72 1205
11 49 5242
11 35 3191
11 45 986
11 2 5619
11 57 3138
11 63 1820
11 15 604
11 14 4734
11 16 5484
11 28 2087
11 29 1671
11 66 3674
12 6 1811
12 14 3000
12 11 213
12 61 6097
12 25 8
12 16 676
12 20 1630
12 37 5282
12 33 5706
12 17 5165
12 32 3567
12 22 4774
12 19 1778
12 3 20
12 39 9
12 40 1132
12 44 2034
12 45 966
12 57 6100
12 72 5773
12 54 1577
12 60 2828
12 56 2955
12 68 474
12 34 3982
12 41 2321
12 27 2570
12 35 1532
12 2 4168
12 26 3735
12 38 652
12 71 4539
12 46 4813
12 66 2770
12 64 1081
12 9 201
12 4 4578
12 7 985
12 59 1073
12 70 2089
12 21 4704
12 62 519
12 53 1974
12 67 1377
12 15 4577
12 52 808
12 23 106
12 36 4859
12 24 4539
12 50 5833
12 74 5205
12 28 1409
12 1 4019
12 8 5804
12 65 1596
12 29 1594
13 46 3109
13 63 2130
13 73 5094
13 24 2142
13 4 2175
13 15 1070
13 39 981
13 8 3152
13 17 2868
13 43 3427
13 36 3902
13 2 6152
13 33 3108
13 3 1015
13 45 4695
13 62 2570
13 27 1977
13 53 1045
13 25 1241
13 21 5088
13 28 4358
13 14 2067
13 30 386
13 51 6032
13 54 2328
13 19 3288
13 48 527
13 38 3713
13 5 6076
13 55 3928
13 42 2904
13 23 698
13 68 2382
13 1 3960
13 66 1614
13 40 3587
13 69 4323
13 6 4645
13 72 6283
13 26 958
13 10 2333
13 49 2313
13 41 3286
13 50 1476
13 32 3991
13 35 6176
13 70 3819
13 16 5935
13 56 3007
13 64 2024
13 31 854
13 12 1814
14 9 4179
14 69 1280
14 4 3005
14 62 10
14 58 3740
14 13 5919
14 19 4475
14 64 796
14 20 3001
14 38 5620
14 7 95
14 17 488
14 59 1633
14 53 4736
14 52 5813
14 26 1547
14 56 11
14 71 1494
14 11 2030
14 67 742
14 73 3954
14 65 5393
14 70 199
14 18 2413
14 60 1809
14 39 4465
14 63 2360
14 36 3374
14 2 246
14 72 2849
14 46 733
14 37 2595
14 35 4758
14 66 4325
14 25 5628
14 75 1869
14 28 5559
14 43 1825
14 42 1885
14 22 3616
14 6 4264
14 68 3536
14 33 1205
14 27 3677
14 15 4045
14 3 5774
14 44 2901
14 47 3495
14 5 1825
14 16 1589
14 40 1212
14 57 1944
14 49 2422
14 48 5851
14 21 2765
14 54 5064
14 1 3134
14 32 1027
14 12 2074
14 74 1341
14 51 1487
14 30 5370
14 23 2086
14 45 1258
15 61 5562
15 37 2675
15 32 2946
15 52 234
15 28 3656
15 63 3656
15 21 496
15 66 2583
15 8 1502
15 24 3029
15 13 2217
15 70 5021
15 23 1728
15 67 5136
15 11 3523
15 57 5617
15 10 5015
15 41 3285
15 26 1404
15 73 2463
15 49 1139
15 60 5630
15 47 1586
15 74 6075
15 39 1063
15 1 3209
15 2 3539
15 35 4724
15 55 466
15 58 4326
15 56 245
15 22 2428
15 17 3683
15 71 5282
15 51 1925
15 27 1144
15 40 4924
15 42 2826
15 64 2039
15 68 2654
15 3 3630
15 20 3687
15 53 3908
15 18 2583
15 4 1746
15 48 3912
15 31 5551
15 36 291
15 6 5303
15 43 1916
15 72 3451
15 12 6012
15 9 924
16 47 4962
16 12 1812
16 46 5950
16 40 5835
16 48 2777
16 67 3326
16 72 943
16 30 2439
16 31 4039
16 24 2252
16 65 534
16 71 5012
16 26 5350
16 43 3289
16 38 385
16 60 4526
16 66 2473
16 39 5612
16 63 2373
16 25 2464
16 17 2835
16 11 1593
16 44 1631
16 10 1036
16 33 3670
16 27 29
16 74 6086
16 23 4726
16 34 3614
16 50 1697
16 35 4039
16 52 5261
16 59 2367
16 53 491
16 1 1203
16 3 3729
16 6 3751
16 13 1874
16 36 4671
16 42 5993
16 73 3951
16 14 4912
16 51 6117
16 22 938
16 7 776
16 45 610
16 62 1606
16 68 5307
16 32 4927
16 49 2824
16 2 3569
16 55 2707
16 21 1619
16 61 2763
16 20 6130
17 53 2745
17 29 3070
17 56 1062
17 55 724
17 13 589
17 49 1202
17 38 2729
17 66 3277
17 23 4106
17 67 5176
17 19 5533
17 2 4764
17 16 2791
17 20 4411
17 75 5472
17 51 5679
17 37 3185
17 60 2111
17 26 3224
17 10 1657
17 33 2834
17 9 166
17 62 2115
17 71 5928
17 40 1708
17 43 1463
17 6 4121
17 31 3475
17 35 5329
17 5 4964
17 1 3501
17 57 4530
17 74 3508
17 30 5081
17 54 6027
17 28 1195
17 63 3483
17 72 1413
17 70 1395
17 42 635
17 8 485
17 52 3531
17 4 1243
17 50 33
17 69 1132
17 14 5911
17 39 3063
17 32 553
17 47 886
17 24 3209
18 54 4966
18 15 5105
18 35 5183
18 30 1399
18 56 215
18 37 5351
18 17 34
18 8 526
18 10 705
18 36 5955
18 27 2515
18 59 3583
18 31 4930
18 74 5626
18 62 4681
18 42 486
18 22 4034
18 19 4274
18 66 2000
18 29 2174
18 12 5076
18 11 575
18 32 223
18 44 5617
18 40 927
18 67 1723
18 28 4189
18 71 3096
18 63 208
18 69 6153
18 4 5735
18 1 2703
18 13 1818
18 39 1562
18 49 732
18 34 2445
18 50 2328
18 24 5932
18 51 5683
18 68 4381
18 9 3787
18 2 4985
18 20 4547
18 16 2389
18 46 239
18 26 477
18 47 1897
18 6 660
18 21 6287
18 38 5644
18 65 5135
18 43 1436
18 14 2134
18 55 1416
18 73 2602
18 33 2674
18 57 2464
18 52 1425
18 25 4679
18 75 522
18 60 1004
18 72 3292
19 65 699
19 31 1314
19 41 4575
19 22 5849
19 14 2371
19 72 263
19 4 4760
19 68 988
19 59 5832
19 23 291
19 48 6260
19 46 5319
19 69 4781
19 1 1134
19 5 3339
19 7 1721
19 44 5573
19 25 1055
19 2 4444
19 35 80
19 43 1748
19 11 129
19 37 2203
19 53 1914
19 24 2321
19 40 5132
19 9 2099
19 13 167
19 30 5172
19 71 1144
19 63 4778
19 60 148
19 15 2201
19 18 418
19 74 2831
19 62 1658
19 21 1054
19 36 3302
19 3 1648
19 32 6300
19 55 4154
19 51 1238
19 34 1918
19 8 6002
19 28 2719
19 75 1021
19 47 671
19 16 2287
19 56 4540
19 45 4220
19 39 6099
19 58 659
19 6 2328
19 66 1543
19 57 4882
19 20 101
19 73 2121
20 30 5403
20 2 1519
20 54 3691
20 16 4463
20 12 4799
20 70 1432
20 61 1364
20 10 6029
20 71 4901
20 6 1755
20 38 1598
20 21 2500
20 43 1213
20 42 202
20 32 2539
20 44 3961
20 8 5965
20 62 3627
20 73 6237
20 45 3126
20 37 4526
20 3 5070
20 41 4808
20 40 41
20 35 2736
20 72 1543
20 74 1338
20 23 2594
20 66 4297
20 17 2168
20 59 5039
20 68 2530
20 22 3617
20 39 1589
20 28 3436
20 56 1002
20 60 5397
20 24 3199
20 1 2562
20 11 4894
20 67 2196
20 47 1859
20 75 4549
20 18 3198
20 64 3662
20 31 3772
20 33 2051
20 27 564
20 63 3336
20 53 1902
20 50 1860
20 19 5871
20 7 3105
20 25 5341
20 26 1942
20 55 4024
20 4 505
21 56 1070
21 59 2615
21 9 4080
21 17 1902
21 48 1139
21 68 739
21 30 4434
21 24 4509
21 32 2362
21 36 1654
21 19 3928
21 75 3492
21 65 2854
21 28 2950
21 37 5448
21 51 943
21 73 3845
21 3 5858
21 6 1913
21 4 3484
21 38 2771
21 33 559
21 31 4914
21 44 3728
21 71 6034
21 46 3325
21 41 3259
21 16 4895
21 20 1701
21 72 4360
21 47 5102
21 42 3604
21 14 6171
21 1 1570
21 49 3153
21 7 1656
21 45 5877
21 34 1047
21 60 2180
21 23 4398
21 11 639
21 50 4274
21 62 670
21 29 2213
21 18 3521
21 2 5943
21 53 650
21 13 5512
21 15 3304
21 58 317
21 52 458
21 55 4023
21 61 5912
21 5 5180
21 67 5584
21 25 3625
21 66 1411
21 26 2630
21 35 917
21 10 2917
21 74 1547
22 70 244
22 69 3540
22 57 3648
22 44 789
22 25 2420
22 21 5113
22 56 2734
22 11 4466
22 31 2316
22 75 4099
22 7 4768
22 38 6125
22 48 5256
22 33 2098
22 46 4080
22 71 4311
22 52 3884
22 39 1537
22 30 2808
22 16 4020
22 58 999
22 5 1332
22 26 405
22 4 4223
22 19 1882
22 40 1295
22 49 1800
22 66 2990
22 13 4600
22 45 1114
22 29 2848
22 17 2022
22 20 4760
22 6 1294
22 64 3968
22 34 5949
22 28 4983
22 43 5738
22 68 398
22 23 5172
22 12 5813
22 62 1425
22 53 4410
22 60 383
22 59 1003
22 32 2496
22 27 1401
22 10 175
22 73 3760
22 41 1027
22 65 1970
22 14 1503
22 51 1898
22 63 2117
22 50 3035
22 54 4765
23 61 2932
23 30 1666
23 44 4003
23 48 6058
23 73 1361
23 65 5663
23 63 2994
23 66 4021
23 37 1660
23 59 4318
23 67 3113
23 69 6211
23 53 6214
23 28 4215
23 74 5035
23 51 5740
23 58 3590
23 20 4667
23 31 2074
23 1 174
23 52 5539
23 8 2165
23 56 4366
23 38 6130
23 17 671
23 26 143
23 34 2646
23 24 2169
23 45 4939
23 25 4997
23 16 485
23 60 5161
23 19 4499
23 6 4093
23 71 27
23 62 1916
23 12 5405
23 42 4219
23 14 2896
23 46 1367
23 64 4830
23 32 5353
23 50 4169
23 68 167
23 70 1036
23 22 2804
23 54 5215
23 35 2663
23 57 4417
23 15 4827
23 33 3447
23 41 2599
23 2 4124
23 4 5221
23 27 3164
23 13 795
23 21 3086
23 5 5687
23 72 6067
23 9 5746
23 75 1145
23 7 2637
23 11 5585
23 43 4727
23 47 1470
24 69 4702
24 50 661
24 54 2717
24 49 4639
24 41 1407
24 20 5129
24 57 5845
24 44 1568
24 63 2699
24 60 3653
24 13 5414
24 19 5152
24 29 6114
24 72 1222
24 48 4137
24 74 5255
24 56 4374
24 36 2359
24 47 4685
24 27 168
24 25 5897
24 71 2572
24 34 4946
24 21 2934
24 32 1849
24 62 1527
24 28 6140
24 23 2600
24 52 4765
24 17 3604
24 37 103
24 5 5513
24 45 5376
24 65 1711
24 10 578
24 58 2965
24 18 4372
24 35 3964
24 46 2800
24 66 5972
24 64 3440
24 15 1070
24 42 58
24 31 1802
24 59 1255
24 4 3369
24 8 4070
24 40 6210
24 16 4727
24 2 5308
24 3 1152
24 12 4820
24 73 6020
24 11 638
24 6 3841
24 30 6211
25 29 3145
25 40 3150
25 34 4138
25 45 6229
25 16 6198
25 59 934
25 42 2914
25 23 3914
25 51 5832
25 2 3950
25 37 958
25 22 80
25 7 479
25 6 2104
25 56 1970
25 38 2762
25 9 4440
25 67 4974
25 52 5265
25 3 2012
25 54 608
25 19 3792
25 53 1055
25 46 3998
25 18 2527
25 12 4569
25 58 5768
25 65 3612
25 28 2743
25 69 5098
25 63 3161
25 74 4731
25 4 2700
25 17 4396
25 55 1718
25 24 2432
25 11 2084
25 62 916
25 31 2566
25 14 3171
25 13 5067
25 61 5190
25 70 3805
25 35 4127
25 15 115
25 39 2606
25 5 1373
25 48 4519
25 73 5267
25 1 696
25 33 4196
25 49 4433
25 75 1338
25 20 4739
25 36 551
25 57 1292
25 43 3579
25 8 52
25 50 3278
25 66 1282
25 30 5764
26 11 6189
26 50 947
26 2 4359
26 29 4218
26 31 2057
26 1 3881
26 28 1881
26 40 5441
26 60 4221
26 37 1281
26 24 4254
26 4 2680
26 34 5631
26 41 4484
26 57 3
26 35 5822
26 45 2202
26 52 2339
26 69 5976
26 32 554
26 23 2522
26 44 306
26 68 1240
26 30 2291
26 51 305
26 59 2349
26 53 945
26 13 6004
26 61 1053
26 20 3088
26 27 2024
26 33 3734
26 39 1956
26 16 474
26 22 881
26 25 3328
26 63 1773
26 47 2999
26 49 4528
26 54 962
26 17 3625
26 67 2009
26 6 4152
26 14 3119
26 38 5001
26 74 5846
26 12 3523
26 73 5415
26 70 6069
26 18 3183
26 36 1207
26 3 90
26 48 611
26 56 1998
26 58 4695
26 66 2196
26 9 3823
26 64 2299
27 57 2898
27 45 3943
27 58 5166
27 36 6130
27 52 2154
27 55 3850
27 7 5547
27 66 4619
27 12 3738
27 35 2201
27 60 4774
27 67 1626
27 1 3365
27 31 5626
27 18 925
27 54 1966
27 65 4741
27 26 5
27 51 1035
27 9 4347
27 8 67
27 13 4682
27 41 1230
27 49 2023
27 39 9
27 15 1078
27 37 601
27 47 4679
27 16 3831
27 32 1772
27 69 19
27 2 2511
27 48 4926
27 63 2478
27 29 2904
27 44 4529
27 25 2925
27 53 2761
27 30 5176
27 34 4063
27 72 5838
27 75 2083
27 24 257
27 38 4119
27 28 3184
27 23 4849
27 3 215
27 11 3224
27 59 2961
27 50 1121
27 73 2522
27 46 682
27 10 1262
27 17 4607
27 68 2079
27 62 5124
27 64 2393
28 54 5708
28 39 2926
28 13 1572
28 48 5115
28 16 4050
28 36 2647
28 32 4374
28 14 3004
28 70 6285
28 51 1848
28 23 5386
28 6 1094
28 44 496
28 5 2782
28 33 3362
28 74 3411
28 53 1994
28 68 3620
28 27 1746
28 49 2383
28 66 5285
28 8 6146
28 73 2100
28 22 482
28 47 4488
28 11 2777
28 2 5954
28 41 1540
28 63 4596
28 19 1543
28 10 4642
28 43 1112
28 72 1400
28 46 1238
28 12 1601
28 25 1527
28 59 453
28 18 5384
28 56 3675
28 20 3873
28 7 4725
28 21 2788
28 45 3857
28 15 2214
28 42 3590
28 61 4895
28 69 4477
28 60 6081
28 52 2307
28 30 3889
28 24 5345
28 1 880
28 71 1412
28 9 1743
28 31 2944
29 20 2204
29 53 151
29 32 5790
29 24 4310
29 42 3071
29 46 2220
29 25 2315
29 7 1596
29 28 3533
29 8 2301
29 43 1364
29 12 4742
29 4 786
29 64 4782
29 2 6270
29 44 4056
29 11 3594
29 39 3318
29 34 1599
29 18 5691
29 5 5400
29 9 2774
29 65 3744
29 47 2695
29 6 177
29 66 2659
29 45 3559
29 31 5220
29 72 1765
29 62 875
29 3 2804
29 16 5641
29 74 1048
29 40 2641
29 69 5801
29 70 4143
29 63 5324
29 23 1966
29 27 507
29 21 2997
29 68 3127
29 22 3346
29 55 5583
29 60 4031
29 51 2581
29 57 3483
29 38 512
29 61 6256
29 41 6041
29 26 4722
29 59 4659
29 15 6193
29 13 1021
29 71 2743
29 67 1298
29 75 4431
29 36 3085
30 49 4967
30 52 3033
30 3 4875
30 36 4257
30 20 6103
30 11 763
30 25 6153
30 46 3298
30 4 1857
30 65 722
30 50 2340
30 40 4900
30 8 2733
30 74 1086
30 38 4100
30 6 5098
30 57 6062
30 43 4671
30 51 4448
30 42 4051
30 66 1041
30 35 5636
30 45 5109
30 37 788
30 33 3602
30 18 5179
30 13 1747
30 75 1444
30 44 2635
30 55 2681
30 58 1599
30 14 2038
30 15 4825
30 68 1967
30 29 3098
30 10 5836
30 26 2667
30 48 2749
30 12 779
30 21 4601
30 32 5601
30 9 6201
30 23 4984
30 54 3524
30 69 2476
30 63 3283
30 62 4261
30 5 1776
30 64 5977
30 60 3006
30 34 1925
30 47 618
30 67 2060
30 16 789
30 41 964
30 17 2754
30 28 4147
30 70 2798
30 2 2477
31 11 2351
31 44 1357
31 69 6147
31 27 5578
31 58 6097
31 61 4935
31 12 6115
31 42 4890
31 23 783
31 43 71
31 34 1832
31 5 2533
31 55 2567
31 13 5643
31 1 2417
31 19 2499
31 62 2009
31 51 1012
31 47 3073
31 41 4058
31 73 2796
31 2 5845
31 46 4668
31 64 5128
31 33 4067
31 8 4127
31 18 1653
31 16 3050
31 26 6124
31 25 2837
31 75 4309
31 39 3880
31 52 4346
31 56 1056
31 50 2701
31 71 1781
31 53 200
31 10 154
31 9 2053
31 7 1056
31 67 3100
31 48 1079
31 6 2919
31 40 2534
31 68 4410
31 21 506
31 60 5633
31 32 5082
31 54 2415
31 63 2773
31 65 5924
31 20 605
31 4 773
31 57 4272
31 3 5528
31 35 615
32 15 2142
32 47 2888
32 23 3859
32 35 5651
32 28 3180
32 71 2485
32 41 433
32 42 3371
32 30 1801
32 70 2935
32 25 5416
32 69 3995
32 10 5387
32 2 5015
32 18 4949
32 27 2621
32 12 3604
32 5 2989
32 24 4785
32 57 4203
32 65 2899
32 54 2124
32 51 2945
32 1 5117
32 4 1765
32 36 1875
32 63 3115
32 59 5788
32 52 2525
32 39 5023
32 56 3406
32 43 60
32 11 5519
32 16 3305
32 8 4571
32 6 1853
32 20 1311
32 38 2679
32 3 3909
32 55 1567
32 74 4087
32 13 2873
32 61 1026
32 21 3438
32 14 3723
32 9 6257
32 58 6128
32 45 2312
32 62 882
32 44 3067
32 73 2995
32 68 1331
32 22 3860
32 49 4694
32 40 951
32 33 3236
32 7 6167
32 37 3220
32 50 3055
32 72 2370
32 29 4179
32 67 450
33 6 3921
33 28 1905
33 56 3504
33 61 5772
33 16 5521
33 29 4343
33 58 5052
33 15 1330
33 51 741
33 62 5283
33 57 5512
33 22 83
33 43 6040
33 71 3997
33 39 3588
33 23 3368
33 35 3971
33 34 4170
33 64 1318
33 12 968
33 53 846
33 9 2385
33 70 2610
33 36 1920
33 68 308
33 17 2811
33 13 3703
33 48 4493
33 11 168
33 19 5047
33 14 676
33 52 641
33 40 5451
33 65 1482
33 8 5501
33 50 868
33 3 2264
33 5 2645
33 30 5574
33 55 5915
33 72 5081
33 21 510
33 20 5200
33 26 4819
33 18 2167
33 10 4293
33 41 1435
33 73 2811
33 46 3338
33 60 3248
33 74 5742
33 25 4099
33 1 5431
33 7 6059
33 27 4922
33 4 5434
33 24 4729
33 59 5975
34 16 966
34 3 1601
34 4 2028
34 70 3552
34 21 1528
34 7 851
34 61 470
34 45 3274
34 57 968
34 72 6066
34 44 3041
34 32 2469
34 60 1759
34 19 2317
34 35 2218
34 39 3531
34 1 512
34 41 3623
34 20 963
34 73 2460
34 24 5259
34 36 2804
34 2 435
34 64 2530
34 58 3643
34 55 5200
34 38 565
34 50 4041
34 23 5384
34 14 4086
34 26 3679
34 46 3822
34 9 4940
34 27 1688
34 11 2874
34 71 4955
34 49 1787
34 18 2393
34 15 2597
34 31 638
34 8 5285
34 5 5643
34 6 3480
34 67 5540
34 66 4092
34 75 3685
34 63 4594
34 40 402
34 48 1743
35 70 5916
35 61 5774
35 2 4995
35 16 4553
35 21 5913
35 42 8
35 71 353
35 54 3640
35 13 1710
35 55 225
35 48 4576
35 43 2138
35 72 5162
35 6 3678
35 47 1799
35 53 1353
35 10 2077
35 27 2597
35 9 5853
35 68 5516
35 65 5517
35 34 3438
35 37 1463
35 33 957
35 7 2017
35 28 2968
35 45 1913
35 41 493
35 3 4509
35 5 3283
35 59 4972
35 56 5194
35 11 4973
35 26 4261
35 36 1377
35 23 6095
35 73 2838
35 20 4601
35 66 1261
35 74 376
35 64 6037
35 32 1488
35 24 4976
35 39 1622
35 58 3643
35 14 2831
35 49 2023
35 52 5307
35 29 296
35 67 5328
35 57 553
35 12 2528
35 60 2801
35 25 5094
36 7 1428
36 47 2776
36 20 3343
36 55 3907
36 35 2958
36 4 6173
36 10 5060
36 14 5278
36 45 3937
36 30 2173
36 68 5620
36 64 680
36 27 4658
36 53 2622
36 11 4425
36 16 2909
36 6 2096
36 70 704
36 72 4689
36 34 1909
36 65 3263
36 1 5261
36 12 1516
36 67 2779
36 48 3502
36 62 5819
36 33 3773
36 54 3593
36 73 610
36 3 5212
36 42 1813
36 50 4974
36 28 2350
36 41 2867
36 61 3876
36 52 3786
36 56 3048
36 74 2978
36 23 5490
36 22 878
36 40 1167
36 60 6244
36 57 5004
36 39 1631
36 2 2154
36 24 3441
36 37 5650
36 43 4116
36 9 3580
36 18 6196
36 58 978
36 25 59
36 66 1116
37 1 4418
37 17 2637
37 60 427
37 51 3031
37 56 3020
37 68 1016
37 9 5930
37 63 5039
37 53 3438
37 61 6138
37 57 2401
37 33 1417
37 13 4969
37 34 4638
37 4 2439
37 44 181
37 45 4485
37 12 2331
37 52 831
37 36 975
37 70 5638
37 21 2163
37 74 3703
37 41 818
37 65 1968
37 67 3065
37 24 3715
37 35 2163
37 46 961
37 26 5931
37 19 5753
37 7 3745
37 23 4160
37 25 109
37 58 1089
37 72 2012
37 15 2568
37 22 5292
37 50 2958
37 31 4547
37 29 3945
37 62 3093
37 32 4020
37 27 4905
37 71 2065
37 5 2557
37 10 5006
37 64 2866
37 11 5551
37 28 172
37 47 4975
37 49 2349
37 69 3529
37 59 3664
37 48 4800
38 26 5832
38 73 5943
38 39 5915
38 21 1468
38 60 2095
38 68 6018
38 11 4440
38 18 1422
38 35 5049
38 28 2586
38 17 3334
38 71 2334
38 25 2031
38 29 4941
38 33 2724
38 24 2489
38 16 1986
38 75 4020
38 37 3732
38 4 849
38 30 1005
38 45 3750
38 7 3989
38 14 1625
38 3 6041
38 22 870
38 53 1769
38 5 1183
38 20 3861
38 15 1933
38 13 4899
38 27 3175
38 19 3717
38 66 278
38 63 765
38 52 5443
38 2 5806
38 51 2016
38 50 3289
38 59 5154
38 9 350
38 6 3161
38 8 6275
38 1 242
38 74 3204
38 40 3082
38 49 5008
38 42 5502
38 58 5127
38 46 2631
38 65 4999
38 36 869
38 70 4955
38 34 3443
38 23 2202
38 12 2788
39 11 3938
39 27 3054
39 40 4168
39 59 5347
39 35 4068
39 69 3383
39 74 5580
39 37 2702
39 4 6190
39 17 1696
39 53 5754
39 67 2463
39 7 4980
39 56 1777
39 18 2687
39 15 5912
39 29 4773
39 41 5567
39 5 6170
39 72 4336
39 34 2887
39 75 1445
39 33 4163
39 66 5046
39 68 5836
39 58 496
39 70 1070
39 71 3857
39 64 4129
39 3 5830
39 1 4792
39 65 117
39 14 2044
39 46 1535
39 49 4814
39 10 1033
39 50 901
39 47 1622
39 62 2394
39 36 3424
39 2 5928
39 57 4246
39 8 3792
39 73 531
39 44 4685
39 12 5127
39 45 3475
39 60 4777
39 25 6001
39 19 3514
39 42 5001
39 51 1184
39 43 3709
39 55 2714
39 28 2178
39 63 5624
39 38 5728
39 9 1992
39 20 5783
39 6 693
39 22 234
39 16 5248
40 9 2732
40 61 483
40 34 1630
40 44 291
40 30 2721
40 10 3612
40 51 4153
40 20 4098
40 26 4298
40 50 4877
40 13 5798
40 8 3256
40 37 4892
40 18 5426
40 74 1808
40 4 5634
40 32 6193
40 64 5074
40 72 34
40 47 4926
40 69 4409
40 59 5698
40 24 2462
40 3 4175
40 48 5474
40 31 2147
40 70 3063
40 67 762
40 58 5714
40 5 1140
40 29 1169
40 46 5607
40 17 2474
40 25 4027
40 73 2653
40 19 6034
40 7 1197
40 60 3777
40 1 5937
40 42 1819
40 54 380
40 62 4939
40 21 3146
40 45 1271
40 56 3400
40 22 1817
40 6 3595
40 35 5332
40 75 2322
40 68 411
40 43 603
41 22 892
41 29 5119
41 74 5451
41 32 935
41 39 1444
41 19 5316
41 24 5907
41 23 1664
41 31 151
41 51 6028
41 30 1420
41 44 2138
41 58 2916
41 54 4734
41 71 1979
41 34 1217
41 62 5158
41 27 5729
41 13 968
41 18 3884
41 2 3649
41 12 4143
41 52 1683
41 73 907
41 67 4830
41 75 1103
41 37 5128
41 43 1881
41 42 2999
41 5 4483
41 7 5326
41 72 3245
41 53 1101
41 65 2440
41 38 4363
41 64 4824
41 47 1783
41 9 5563
41 3 5077
41 45 442
41 66 4178
41 48 1802
41 4 1641
41 59 2009
41 14 5030
41 26 1058
41 25 1632
41 11 4022
41 10 4343
41 60 2142
41 70 195
41 55 1241
41 56 923
41 28 5545
41 16 773
41 36 2319
42 34 338
42 27 318
42 50 2574
42 58 5200
42 39 327
42 64 5952
42 67 3736
42 63 6128
42 2 437
42 38 5455
42 16 555
42 3 1424
42 59 3422
42 21 2427
42 37 4119
42 43 1544
42 46 909
42 55 3089
42 54 5982
42 18 1114
42 33 3465
42 25 4318
42 40 1537
42 32 5088
42 65 2746
42 19 1549
42 66 1625
42 52 6233
42 74 4081
42 68 274
42 47 3815
42 48 2809
42 41 1986
42 9 5056
42 24 1799
42 17 2178
42 5 2700
42 29 386
42 49 5627
42 44 6075
42 30 5279
42 53 2309
42 1 1427
42 70 5339
42 35 5327
42 10 5065
42 6 5426
43 22 1661
43 28 1018
43 17 407
43 65 2403
43 39 322
43 29 737
43 47 2193
43 62 1089
43 42 2365
43 54 4944
43 6 5848
43 9 2038
43 33 2094
43 3 498
43 35 3150
43 11 1213
43 53 4630
43 58 4206
43 57 5053
43 34 2125
43 52 5039
43 56 2478
43 30 2642
43 46 2945
43 67 4933
43 73 1608
43 4 3117
43 40 2804
43 20 801
43 21 1529
43 2 3182
43 49 2205
43 23 4461
43 27 3231
43 36 3194
43 19 962
43 1 3703
43 12 4710
43 18 4224
43 50 614
43 31 426
43 7 4912
43 72 6237
43 16 2055
43 61 689
43 74 5278
43 51 3433
43 8 3707
43 10 5949
43 38 3744
43 59 5313
43 48 1979
44 49 2153
44 13 1188
44 16 5937
44 46 2972
44 65 2028
44 3 3713
44 71 123
44 51 4179
44 58 5394
44 12 1185
44 72 885
44 38 4933
44 68 4926
44 14 1997
44 37 309
44 18 488
44 60 5350
44 56 2720
44 75 5507
44 5 5811
44 26 4959
44 8 2108
44 69 5368
44 6 2436
44 25 5882
44 73 5152
44 11 2146
44 64 2098
44 63 1826
44 55 6134
44 54 1094
44 41 2897
44 62 3789
44 39 3573
44 59 330
44 50 2985
44 30 5419
44 31 5010
44 19 1021
44 23 3946
44 10 1378
44 27 1562
44 52 324
44 47 4514
44 53 339
44 21 2913
44 66 6180
44 24 4135
44 22 4962
44 33 3325
44 74 3326
44 45 1781
44 7 4563
44 35 4544
44 28 2347
44 17 4823
44 32 5470
44 70 3529
44 34 3937
45 28 5291
45 40 3628
45 15 4669
45 38 4731
45 53 5945
45 52 5196
45 43 5350
45 14 4738
45 17 1177
45 41 2408
45 71 4822
45 10 2925
45 26 5195
45 21 166
45 19 211
45 1 5305
45 70 5202
45 67 1050
45 12 2236
45 69 4004
45 50 2777
45 37 4014
45 8 2783
45 2 3366
45 13 2058
45 3 2837
45 32 1157
45 16 4302
45 31 5777
45 35 4881
45 36 6282
45 34 3799
45 27 4830
45 65 3511
45 29 951
45 23 6113
45 6 1201
45 75 510
45 11 1463
45 24 2488
45 59 3017
45 18 1773
45 5 3266
45 48 101
45 61 2997
45 58 1938
45 30 6058
45 7 2221
45 73 4579
45 4 1006
45 46 4833
46 29 235
46 8 1177
46 2 2275
46 4 3274
46 17 5680
46 24 1722
46 41 5971
46 75 5581
46 9 5728
46 30 2214
46 33 5058
46 36 4398
46 51 4350
46 35 558
46 72 2934
46 34 5547
46 52 32
46 19 5492
46 18 615
46 61 5367
46 45 35
46 10 4801
46 44 5537
46 1 1793
46 42 5823
46 3 3918
46 5 4878
46 7 5489
46 63 2357
46 16 1114
46 13 4202
46 38 3995
46 11 5099
46 48 4065
46 59 1329
46 50 3782
46 67 5845
46 23 2468
46 60 550
46 43 5783
46 27 931
46 64 2553
46 14 2453
46 69 5564
46 56 1307
46 73 2455
46 37 5342
46 15 3102
46 32 4525
46 68 3801
46 47 5911
46 22 729
46 70 670
46 28 2146
46 31 2871
46 71 2897
46 62 3243
46 66 3010
46 65 5590
46 49 5617
47 60 4255
47 61 4858
47 54 1790
47 63 1394
47 14 1059
47 59 3709
47 11 2669
47 66 4137
47 34 2236
47 33 3748
47 19 5959
47 12 5904
47 20 4769
47 73 5431
47 44 4128
47 75 3980
47 5 2923
47 15 3157
47 57 2017
47 27 2724
47 70 2946
47 21 4557
47 32 2887
47 23 1060
47 52 3409
47 25 411
47 18 3264
47 72 1566
47 50 339
47 65 3241
47 6 1629
47 40 4511
47 41 1806
47 53 902
47 24 3957
47 2 941
47 37 5183
47 9 1227
47 62 1545
47 69 1106
47 31 2081
47 1 3119
47 30 2548
47 64 2281
47 7 588
47 56 4842
47 29 789
47 51 5029
47 36 5197
47 35 2790
47 45 5397
47 26 2962
47 74 4335
47 55 4207
48 43 3531
48 9 1616
48 26 617
48 31 1606
48 27 1400
48 70 6230
48 18 3536
48 34 5157
48 53 5507
48 19 1673
48 69 5606
48 14 3627
48 10 1500
48 23 4354
48 8 1451
48 37 5915
48 29 4539
48 44 2723
48 30 3877
48 25 2859
48 61 5021
48 55 2710
48 58 183
48 56 2541
48 65 5114
48 4 1317
48 1 275
48 40 508
48 13 2395
48 62 5612
48 11 3097
48 12 695
48 72 1759
48 75 792
48 49 706
48 16 4868
48 22 2223
48 21 1596
48 47 1685
48 51 2336
48 59 5309
48 60 5202
48 28 2768
48 41 2645
48 5 620
48 32 3235
48 66 628
48 64 5719
48 50 5501
49 45 4625
49 2 314
49 3 651
49 69 1954
49 10 1334
49 27 598
49 22 2359
49 63 462
49 11 763
49 55 871
49 46 5589
49 1 4869
49 21 4815
49 20 6078
49 65 5730
49 4 4312
49 35 1391
49 71 3335
49 28 2023
49 74 3366
49 23 3745
49 60 1633
49 29 1707
49 19 1480
49 31 4432
49 64 2751
49 24 5219
49 6 2632
49 48 4554
49 56 4257
49 66 2198
49 38 1100
49 25 4716
49 36 197
49 9 6268
49 51 5036
49 14 2359
49 5 134
49 72 765
49 59 5991
49 33 3175
49 26 6082
49 44 670
49 34 3447
49 12 3601
49 18 2418
49 30 4359
49 41 1529
49 73 2468
49 37 106
49 7 5404
49 67 4278
49 42 2773
49 70 5714
49 75 2407
49 32 598
49 52 2541
49 47 4259
50 15 5653
50 33 5800
50 58 33
50 23 1652
50 7 2378
50 38 1283
50 35 1942
50 17 2308
50 24 4388
50 4 4773
50 53 5951
50 18 4949
50 45 3460
50 57 878
50 29 3255
50 16 1465
50 25 2730
50 2 864
50 26 5054
50 13 1107
50 47 2905
50 31 1034
50 72 2553
50 66 1754
50 11 4970
50 43 3118
50 75 5140
50 44 2988
50 40 681
50 12 3274
50 61 5787
50 39 4085
50 62 3964
50 63 904
50 60 6058
50 41 468
50 21 5963
50 55 4525
50 73 1202
50 74 2190
50 51 5399
50 3 4936
50 34 369
50 54 4982
50 30 3273
50 52 3558
50 37 3359
50 64 3419
50 59 1850
51 73 2231
51 36 1853
51 9 5194
51 49 3581
51 15 3279
51 23 2899
51 33 2200
51 13 5758
51 31 3709
51 64 819
51 37 2822
51 60 1795
51 8 3177
51 22 5126
51 27 1545
51 56 5129
51 38 1460
51 53 5056
51 11 3741
51 32 5482
51 66 5503
51 39 4469
51 54 855
51 48 2559
51 1 2139
51 59 5077
51 65 63
51 62 5430
51 40 786
51 43 4773
51 69 220
51 29 2206
51 6 2729
51 2 5091
51 18 5147
51 20 5475
51 61 3078
51 16 6144
51 10 2591
51 70 5750
51 24 73
51 46 5538
51 71 5011
51 63 3283
51 7 3573
51 35 2397
51 44 4735
51 19 5712
51 21 1862
51 3 638
51 45 2356
51 58 2268
51 55 2184
51 14 2517
51 25 2963
51 68 3475
51 34 4498
51 17 3704
51 28 1320
51 72 2513
52 5 6086
52 42 4893
52 10 4217
52 47 4128
52 23 1945
52 13 5754
52 25 5872
52 46 4108
52 61 563
52 73 278
52 24 195
52 74 5277
52 15 2371
52 41 479
52 17 2014
52 56 6028
52 29 6270
52 55 1095
52 63 5570
52 7 1158
52 39 5823
52 44 2189
52 43 3544
52 34 3298
52 16 5183
52 66 5919
52 4 1102
52 28 821
52 36 4803
52 68 3799
52 62 5834
52 38 5749
52 48 895
52 51 3000
52 45 765
52 67 2255
52 65 5489
52 60 4326
52 2 2008
52 9 6082
52 49 1087
52 26 811
52 21 4749
52 58 5604
52 31 1097
52 1 2877
52 27 3679
52 53 1266
52 3 5778
52 59 833
52 20 5425
52 69 1324
52 37 4003
52 64 3781
52 50 5597
53 32 6152
53 19 4977
53 29 4748
53 51 5576
53 40 3121
53 35 3290
53 38 1690
53 23 860
53 21 4964
53 28 4138
53 68 4759
53 42 6125
53 72 2934
53 14 3097
53 8 4056
53 4 3788
53 6 1980
53 45 1017
53 33 4400
53 55 1194
53 73 1853
53 5 6218
53 2 4399
53 60 4269
53 15 3902
53 61 5255
53 41 2847
53 30 2719
53 3 1699
53 7 5406
53 37 3978
53 20 4248
53 65 5552
53 11 3682
53 16 2773
53 25 3385
53 43 1949
53 13 4617
53 70 3008
53 10 3447
53 48 5812
53 31 2073
53 63 2861
53 50 4979
53 54 4634
53 57 2602
53 44 2776
53 49 4108
53 12 6175
53 46 5286
53 59 6221
53 56 1712
53 75 282
53 74 1526
53 62 4349
53 22 742
54 15 4170
54 36 470
54 35 637
54 1 3653
54 42 1688
54 19 4273
54 60 3819
54 56 4872
54 67 3636
54 74 2082
54 51 4293
54 12 2804
54 75 2883
54 53 4120
54 27 725
54 3 5431
54 33 513
54 38 5357
54 62 2077
54 7 3128
54 40 3833
54 23 301
54 41 236
54 18 5561
54 9 655
54 2 594
54 37 2307
54 50 3584
54 10 644
54 59 2037
54 44 817
54 48 4771
54 52 5157
54 11 4278
54 14 1967
54 34 374
54 64 4102
54 21 715
54 61 2697
54 72 561
54 22 2176
54 29 3868
54 45 1243
54 49 2862
54 25 94
54 13 908
54 26 5491
54 39 2275
54 66 1365
54 57 603
54 65 1593
54 4 1599
54 58 736
54 30 4635
54 20 3960
55 21 3720
55 47 1980
55 39 1883
55 54 1318
55 4 2071
55 17 884
55 25 4359
55 29 5356
55 68 3063
55 66 3745
55 44 1629
55 56 2254
55 6 3774
55 36 4496
55 19 1014
55 45 4025
55 35 3221
55 30 3911
55 71 2149
55 73 1477
55 70 3804
55 24 3822
55 31 2488
55 22 3212
55 11 4204
55 12 3277
55 5 858
55 69 3651
55 58 1585
55 60 5202
55 15 1872
55 27 2564
55 43 2085
55 26 2098
55 1 4097
55 34 1337
55 48 2341
55 63 4803
55 46 441
55 3 5794
55 42 6024
55 16 5434
55 62 2852
55 49 6030
55 2 1342
55 7 673
55 8 1251
55 37 3240
55 50 626
55 74 4316
55 14 5261
55 9 5055
55 28 3307
55 20 2416
55 59 2505
56 62 2034
56 39 293
56 2 1599
56 26 3967
56 35 4297
56 11 5874
56 67 1128
56 63 2489
56 52 917
56 60 4091
56 3 173
56 45 1913
56 29 340
56 42 54
56 33 597
56 58 3300
56 74 448
56 9 4514
56 13 5316
56 17 5632
56 68 1173
56 19 2471
56 32 170
56 25 231
56 70 5609
56 21 4634
56 18 3737
56 37 2843
56 49 4186
56 30 2667
56 55 6187
56 8 298
56 16 460
56 27 2910
56 75 5489
56 57 512
56 46 3304
56 22 2742
56 65 1407
56 73 2057
56 12 5855
56 41 1395
56 64 6277
56 48 4428
56 53 4272
56 47 2191
56 23 1307
56 50 2845
56 6 2025
56 40 5819
56 59 3225
56 15 810
56 7 2765
57 66 4236
57 22 704
57 5 5631
57 24 4130
57 2 6217
57 13 4615
57 37 4094
57 25 1538
57 62 240
57 71 4851
57 11 2528
57 45 2600
57 10 2917
57 6 3482
57 30 1686
57 23 437
57 64 1809
57 1 2408
57 42 3282
57 53 108
57 75 2358
57 12 4653
57 68 3860
57 36 5298
57 34 2024
57 21 1551
57 31 3452
57 49 4652
57 18 1448
57 17 6002
57 59 6122
57 69 3879
57 35 962
57 8 3213
57 72 2534
57 14 5735
57 32 1155
57 58 4756
57 50 1893
57 51 2003
57 41 3857
57 70 5353
57 26 2268
57 33 5252
57 47 5086
57 28 652
57 38 3315
57 52 4368
57 20 22
57 60 2233
57 9 5264
57 39 4799
57 3 5433
57 73 3785
57 48 4017
57 55 229
57 46 6020
58 18 2917
58 8 3600
58 75 5472
58 44 5883
58 10 2537
58 28 6082
58 41 1608
58 25 4015
58 20 6195
58 38 751
58 5 412
58 67 6060
58 47 3405
58 13 1280
58 57 3182
58 49 2414
58 46 2446
58 53 2402
58 22 1816
58 15 312
58 21 3514
58 33 5497
58 73 1634
58 69 1408
58 12 2821
58 4 5349
58 56 1890
58 2 4055
58 30 2562
58 26 5939
58 37 4276
58 51 4418
58 11 144
58 63 957
58 32 3592
58 61 1281
58 31 6144
58 65 5647
58 7 1493
58 72 2715
58 60 5473
58 9 2930
58 6 2744
58 27 1454
58 59 680
58 14 4362
58 36 3421
58 55 4284
58 43 4872
58 74 3992
58 48 206
58 54 6280
58 66 484
58 39 2331
58 50 3758
58 62 5442
58 19 5574
58 23 5883
59 75 6296
59 46 2938
59 53 4370
59 39 4561
59 63 6146
59 73 1225
59 61 1759
59 26 2516
59 66 2133
59 2 6279
59 58 269
59 62 4136
59 19 3402
59 67 2598
59 25 2254
59 6 3032
59 34 2005
59 29 648
59 21 471
59 49 4229
59 48 4516
59 16 4922
59 7 3198
59 22 2856
59 60 1098
59 13 5440
59 5 2506
59 18 5865
59 57 4895
59 10 2630
59 11 263
59 50 5238
59 45 6121
59 37 2056
59 65 3417
59 12 129
59 30 4575
59 52 2268
59 56 4100
59 14 4974
59 36 3783
59 23 3544
59 68 3504
59 47 689
59 69 1817
59 9 603
59 27 5735
59 44 1005
59 35 737
59 71 4531
59 70 3743
59 32 2488
59 1 2812
59 42 2749
59 64 5426
59 4 5286
59 8 3036
59 15 4256
60 2 4542
60 33 6226
60 72 6065
60 11 4418
60 44 4337
60 73 3340
60 31 6280
60 58 344
60 27 503
60 9 3131
60 65 5698
60 51 3752
60 6 4352
60 47 2605
60 15 386
60 13 2699
60 43 3153
60 5 58
60 49 3962
60 64 1721
60 46 2486
60 8 997
60 52 6108
60 37 1657
60 30 1780
60 50 2732
60 68 1295
60 7 1491
60 32 5011
60 71 2354
60 1 4941
60 36 4525
60 26 1859
60 19 4956
60 4 1644
60 56 1303
60 54 4922
60 74 1052
60 41 5273
60 29 1479
60 57 2251
60 40 759
60 67 3805
60 28 2721
60 45 1774
60 39 675
60 20 3853
60 22 2135
60 55 4037
60 75 6166
60 25 4731
60 66 4578
60 23 2925
60 70 3196
60 59 1537
60 34 998
60 21 4795
60 17 4611
60 18 4782
60 69 4180
60 35 712
61 69 4009
61 18 4823
61 21 1054
61 8 4369
61 17 3447
61 42 1322
61 53 4272
61 32 3731
61 33 4345
61 65 808
61 62 4522
61 27 2087
61 26 1101
61 68 3782
61 50 2867
61 7 3529
61 35 4637
61 14 6091
61 19 4708
61 57 4973
61 60 1484
61 70 4647
61 1 5400
61 59 2854
61 30 877
61 38 6254
61 29 5387
61 24 755
61 37 1601
61 54 3394
61 49 2895
61 6 4987
61 15 443
61 23 4210
61 34 1339
61 46 628
61 55 1440
61 72 1697
61 56 747
61 16 2888
61 63 2218
61 51 4819
61 40 273
61 43 3610
61 73 2635
61 28 2910
61 20 5084
61 11 2423
61 45 421
61 36 1996
61 64 2222
61 2 4729
61 52 2039
61 22 1128
61 67 1951
61 41 4122
61 58 928
61 47 4245
62 6 5114
62 7 2758
62 22 4440
62 55 4429
62 72 6097
62 23 5769
62 46 4586
62 8 2199
62 58 4891
62 26 4996
62 60 3764
62 66 5260
62 71 2906
62 31 344
62 61 4838
62 56 144
62 28 1542
62 65 4359
62 54 4662
62 43 2535
62 17 38
62 47 2872
62 15 5510
62 45 5152
62 21 1962
62 4 4775
62 10 747
62 40 6267
62 74 651
62 73 1315
62 20 670
62 3 382
62 33 3661
62 1 2278
62 50 4680
62 69 4483
62 44 2086
62 11 3112
62 48 103
62 51 2097
62 32 3703
62 24 501
62 13 1737
62 75 5713
62 34 767
62 36 504
62 37 1205
62 52 2703
62 5 2312
62 25 2000
62 27 4423
62 41 4618
62 16 237
62 14 3110
62 12 3155
62 30 1294
62 64 4523
62 29 718
62 42 4574
62 63 1516
63 67 5750
63 7 3040
63 5 2530
63 44 6200
63 45 1831
63 49 4051
63 33 1316
63 39 1643
63 64 528
63 58 4996
63 69 5262
63 14 4568
63 23 5805
63 72 2456
63 26 4579
63 8 2077
63 57 4938
63 38 4700
63 71 1143
63 35 4879
63 16 5789
63 61 429
63 11 4988
63 48 1495
63 41 2565
63 52 4616
63 21 2505
63 15 1213
63 18 650
63 46 5382
63 73 3112
63 25 2536
63 12 4678
63 40 4247
63 62 1219
63 20 4039
63 75 977
63 47 4607
63 1 4794
63 24 1020
63 9 5073
63 36 3781
63 60 1831
63 50 1935
63 55 2524
63 43 3421
63 65 3533
63 2 6269
63 30 4583
63 28 1047
63 10 2280
64 2 2053
64 50 3483
64 48 1512
64 40 1432
64 44 1905
64 70 987
64 38 1383
64 57 3242
64 11 2038
64 17 1588
64 74 2894
64 67 1687
64 37 5982
64 25 5876
64 60 838
64 3 4890
64 58 1700
64 7 3977
64 27 5407
64 29 1599
64 36 4942
64 10 865
64 59 2367
64 26 243
64 28 6297
64 39 4198
64 4 2279
64 9 1707
64 62 2522
64 65 2276
64 5 4889
64 66 3147
64 30 2874
64 42 4696
64 12 2475
64 14 559
64 41 3844
64 75 866
64 47 5077
64 22 5091
64 43 509
64 71 4300
64 69 4655
64 52 5537
64 15 1478
64 35 4916
64 8 4226
64 54 4309
64 51 6043
64 33 5279
64 61 1286
64 72 4149
65 48 4330
65 16 3705
65 35 5507
65 34 4354
65 43 4413
65 49 955
65 1 3086
65 7 5836
65 63 4036
65 72 5595
65 5 2896
65 47 1093
65 21 944
65 38 5803
65 33 918
65 27 2694
65 36 718
65 70 4881
65 2 3339
65 19 3069
65 8 150
65 13 44
65 32 2389
65 6 2720
65 12 2942
65 57 762
65 51 1221
65 56 4891
65 29 2526
65 23 2041
65 15 948
65 73 5825
65 71 1421
65 30 5381
65 59 936
65 24 1010
65 69 4955
65 75 1810
65 53 141
65 18 5301
65 9 329
65 17 2878
65 39 3309
65 58 4510
65 26 2334
65 20 5128
65 64 2929
65 25 5337
65 28 5556
65 4 4081
65 62 3003
65 44 6218
65 46 6028
65 54 4414
65 3 2790
65 14 266
66 49 2482
66 10 5652
66 7 5444
66 13 5268
66 16 5378
66 41 627
66 22 4981
66 30 1913
66 68 2175
66 64 947
66 38 4968
66 72 946
66 29 3209
66 34 3962
66 65 3242
66 56 634
66 3 3967
66 5 1011
66 9 4701
66 8 862
66 69 4973
66 1 5991
66 51 3109
66 47 1298
66 48 1165
66 42 4325
66 54 3461
66 11 52
66 33 3459
66 2 3892
66 75 1913
66 26 3400
66 20 3172
66 60 3252
66 45 4196
66 37 4118
66 32 4864
66 44 5134
66 59 4672
66 18 6154
66 55 4932
66 25 5544
66 23 4297
66 57 1154
66 58 738
66 70 732
66 19 3365
66 24 3358
66 39 3148
66 53 833
66 21 251
66 35 3338
66 14 3404
66 73 3710
66 28 2016
66 50 4056
66 31 5111
66 6 2174
66 15 6085
66 67 6291
66 46 5685
67 31 1079
67 34 226
67 74 5841
67 62 4373
67 52 5976
67 11 569
67 46 1103
67 32 4173
67 4 3712
67 72 4078
67 10 1309
67 48 1697
67 69 555
67 55 583
67 71 1952
67 60 1078
67 61 416
67 75 4585
67 68 176
67 21 3644
67 41 1829
67 25 5834
67 9 2
67 64 3705
67 54 5615
67 36 572
67 37 3566
67 5 6057
67 45 394
67 3 139
67 49 657
67 7 4244
67 40 2689
67 16 4526
67 59 5552
67 43 2671
67 6 6251
67 22 3262
67 73 2202
67 1 4026
67 35 4081
67 57 2611
67 23 349
67 13 3806
67 38 1519
67 18 4800
67 12 586
67 50 3190
67 44 3587
67 15 5912
67 56 2235
67 70 2461
67 19 649
67 33 3066
67 20 3620
67 47 4799
67 28 9
68 11 509
68 7 2538
68 19 2050
68 2 4000
68 9 640
68 32 3857
68 10 3882
68 36 613
68 54 2866
68 41 5970
68 72 3390
68 42 1717
68 39 4260
68 43 4360
68 35 5004
68 64 4864
68 61 2843
68 65 1321
68 12 4583
68 3 1074
68 30 823
68 48 957
68 5 6099
68 6 3610
68 17 5575
68 15 4978
68 58 2750
68 29 6090
68 52 1250
68 45 224
68 55 86
68 14 5039
68 37 2845
68 8 5079
68 60 3291
68 23 2848
68 59 2192
68 44 3204
68 49 5444
68 70 1261
68 22 3407
68 75 2946
68 31 5287
68 66 3612
68 40 139
68 53 378
68 18 5336
68 47 1521
68 34 1700
68 63 1677
68 21 3413
68 1 5826
68 62 1126
68 28 1463
68 56 1765
69 29 4759
69 75 2259
69 38 6241
69 63 5190
69 52 877
69 67 3006
69 68 2107
69 36 3794
69 50 1469
69 19 6255
69 51 1227
69 15 902
69 32 4089
69 35 4826
69 55 2027
69 5 4097
69 3 6141
69 66 4407
69 7 2596
69 21 3324
69 61 1604
69 4 5084
69 14 4242
69 16 248
69 31 3341
69 27 2662
69 74 4990
69 71 952
69 17 111
69 6 552
69 72 1949
69 53 4014
69 26 3740
69 13 4522
69 42 1149
69 20 6221
69 39 3322
69 33 5493
69 49 5550
69 25 656
69 28 2039
69 22 3599
69 60 5701
69 70 5860
69 47 5901
69 40 5468
69 2 3743
69 58 1155
69 18 5604
69 1 3869
69 11 434
69 24 4475
69 46 5685
69 23 1055
69 57 6143
69 37 3465
69 56 1841
69 8 1565
70 15 3933
70 45 2306
70 13 5803
70 28 358
70 21 3106
70 9 4368
70 31 2123
70 10 454
70 24 2536
70 47 1904
70 23 4650
70 19 5009
70 49 4668
70 12 4883
70 46 3245
70 5 779
70 18 2047
70 60 1419
70 75 1257
70 65 125
70 53 1924
70 38 4609
70 25 5345
70 66 392
70 69 249
70 20 339
70 6 5405
70 29 2964
70 16 3161
70 58 5750
70 73 5192
70 74 4842
70 4 2161
70 33 347
70 14 2065
70 11 1332
70 42 4526
70 26 5320
70 63 3518
70 54 5019
70 52 3099
70 64 2020
70 35 424
70 61 4837
70 3 4640
70 1 1665
70 27 3927
70 32 1865
70 8 3146
70 44 892
70 48 2672
70 68 2618
70 71 774
70 17 5412
70 40 5904
70 2 1270
70 34 2677
70 72 2579
70 37 3824
71 54 3674
71 49 2687
71 35 4605
71 11 5907
71 7 2591
71 3 5688
71 65 4130
71 68 2583
71 46 1643
71 26 3082
71 58 65
71 67 3965
71 66 1923
71 32 457
71 72 1361
71 6 1487
71 45 5448
71 36 5710
71 12 4437
71 1 2491
71 34 4810
71 63 5500
71 64 2024
71 74 5661
71 61 5727
71 24 1387
71 62 2744
71 25 1722
71 40 4645
71 22 947
71 59 4477
71 9 1492
71 18 910
71 38 3248
71 44 3466
71 42 5134
71 52 1290
71 4 2080
71 28 4931
71 8 5427
71 51 1164
71 30 271
71 33 4268
71 48 5622
71 13 302
71 60 2996
71 53 3264
71 57 14
71 14 416
71 20 4763
71 47 5116
71 16 1116
71 41 1440
71 69 673
71 37 5488
72 28 4428
72 65 5390
72 54 2136
72 57 13
72 6 6086
72 4 5631
72 40 4485
72 41 89
72 43 2131
72 2 1359
72 73 5673
72 29 4440
72 22 1683
72 16 406
72 53 1104
72 50 3931
72 46 5042
72 39 2118
72 8 2576
72 13 4074
72 58 2911
72 38 5146
72 63 2763
72 51 1764
72 71 2850
72 3 5977
72 31 2128
72 64 662
72 15 620
72 35 5692
72 55 2828
72 23 4375
72 59 4616
72 33 3620
72 30 4011
72 24 4628
72 7 5885
72 11 691
72 62 841
72 42 5330
72 68 4763
72 12 5999
72 10 1594
72 52 6119
72 20 5756
72 14 3989
72 25 3531
72 74 3150
73 7 5399
73 12 1441
73 15 4492
73 29 308
73 5 5295
73 13 3680
73 17 2191
73 50 1790
73 40 2601
73 51 5639
73 71 3229
73 58 5717
73 2 3792
73 36 5158
73 69 2840
73 74 3097
73 4 3317
73 8 2720
73 59 5914
73 37 1062
73 60 4474
73 9 928
73 48 969
73 64 261
73 67 798
73 24 3428
73 1 1876
73 26 2899
73 21 810
73 46 4976
73 42 5676
73 43 3119
73 19 2904
73 35 3096
73 22 1624
73 61 5970
73 47 6109
73 3 1067
73 41 445
73 45 3076
73 16 5381
73 32 5181
73 49 2668
73 33 3445
73 55 1730
73 18 5382
73 38 3329
73 54 5132
73 14 266
73 66 4823
73 27 5313
73 10 653
73 53 4132
73 70 3043
73 52 1356
73 62 5901
73 20 4485
73 28 4479
73 63 3195
73 39 4708
73 44 1189
73 6 1077
73 30 3177
73 75 2282
73 72 4770
73 68 4010
74 31 4391
74 30 3896
74 1 4350
74 21 434
74 20 3664
74 60 3125
74 32 5392
74 73 1687
74 57 1515
74 51 622
74 16 3395
74 12 2837
74 72 6000
74 3 420
74 8 561
74 35 5496
74 50 2516
74 27 3291
74 64 422
74 44 5568
74 15 3729
74 10 1516
74 23 410
74 65 5450
74 7 4074
74 68 5642
74 56 3852
74 25 3482
74 22 3403
74 26 761
74 4 4991
74 47 789
74 48 1704
74 17 1699
74 36 3784
74 28 6100
74 75 2023
74 40 222
74 42 969
74 71 5887
74 34 4865
74 14 1651
74 5 1908
74 58 1302
74 24 2304
74 33 3780
74 2 1697
74 9 133
74 63 4296
74 62 3999
75 30 4274
75 54 5996
75 55 4308
75 43 3970
75 74 5694
75 11 5328
75 64 4610
75 14 5790
75 19 3735
75 58 5986
75 15 6132
75 63 3530
75 28 4293
75 71 2436
75 31 1519
75 23 1857
75 61 428
75 41 3149
75 62 2558
75 66 2671
75 3 5497
75 65 2053
75 60 4929
75 47 372
75 5 454
75 42 2032
75 67 4240
75 24 3454
75 51 2923
75 20 5067
75 72 1657
75 38 4930
75 45 4430
75 56 3341
75 13 870
75 52 6247
75 2 634
75 10 2805
75 69 162
75 18 6163
75 59 2851
75 6 3920
75 39 1681
75 25 5945
75 46 141
75 17 5802
75 7 436
75 27 594
75 32 927
75 37 3118
75 48 5541
75 68 3800
75 40 4492
75 53 2721
75 22 2687
75 8 6300
75 4 6194
75 9 1923
75 36 5576
