75 4200
1 18 3104
1 2 3456
1 66 5874
1 45 4077
1 13 958
1 51 1104
1 36 2120
1 32 1312
1 15 3727
1 49 3024
1 14 83
1 27 6263
1 75 2526
1 28 738
1 24 3450
1 57 3659
1 59 1545
1 29 3636
1 34 6156
1 31 2894
1 3 6153
1 65 63
1 12 3181
1 23 5139
1 71 2819
1 20 4194
1 60 1891
1 64 5225
1 8 1685
1 56 5415
1 17 2077
1 73 3838
1 30 4800
1 41 3786
1 70 6027
1 63 5927
1 54 1556
1 10 3375
1 62 5767
1 42 823
1 22 1387
1 44 3449
1 52 3319
1 46 313
1 72 2385
1 6 1422
1 35 5875
1 19 5285
1 33 3660
1 67 5433
1 58 3121
1 53 2490
1 50 5000
1 40 1333
1 11 3832
1 55 5577
1 61 6091
1 48 2536
1 7 1259
1 5 3908
2 72 577
2 40 1890
2 60 1916
2 3 4542
2 45 3827
2 20 3442
2 54 373
2 32 2902
2 69 2219
2 19 4291
2 63 2033
2 14 5452
2 51 5715
2 13 4591
2 68 3775
2 73 6205
2 29 515
2 48 5201
2 12 2515
2 33 1037
2 74 5945
2 5 4667
2 43 1830
2 64 922
2 28 2981
2 42 3074
2 56 3267
2 38 4284
2 16 5519
2 66 463
2 18 1966
2 1 1340
2 35 842
2 36 733
2 8 1509
2 58 3952
2 61 3516
2 50 5826
2 67 2489
2 21 2630
2 22 2421
2 15 4465
2 10 518
2 70 5022
2 65 3236
2 59 3262
2 47 1482
2 26 4081
2 34 3759
2 57 668
2 75 4185
2 62 4662
2 25 4710
2 39 5779
2 71 709
3 12 5585
3 56 2954
3 53 4091
3 64 4116
3 7 5894
3 71 1893
3 65 3825
3 54 5635
3 13 5248
3 22 5502
3 43 2336
3 68 3835
3 73 6121
3 55 20
3 14 2060
3 49 4250
3 23 1796
3 50 2041
3 32 410
3 21 695
3 6 3777
3 4 2996
3 29 3289
3 61 375
3 66 883
3 1 4823
3 42 484
3 5 1971
3 2 997
3 34 3324
3 69 790
3 15 2328
3 45 3112
3 9 5572
3 47 5465
3 46 3662
3 37 5868
3 19 2223
3 17 6177
3 18 68
3 11 6187
3 57 3735
3 27 3547
3 20 5003
3 16 5695
3 62 3801
3 25 5400
3 74 3758
3 41 2418
3 8 5369
3 58 1257
3 10 154
3 31 1516
3 36 6048
3 72 2412
4 18 1993
4 25 5480
4 67 5490
4 72 2039
4 53 2320
4 46 5072
4 37 1636
4 33 3900
4 66 2022
4 21 5461
4 60 5179
4 40 5608
4 22 3656
4 17 1812
4 23 2365
4 7 4137
4 64 2787
4 26 3097
4 59 2605
4 61 6120
4 74 5613
4 49 6073
4 45 826
4 11 5202
4 62 2109
4 50 2532
4 3 615
4 58 2545
4 5 4535
4 2 2765
4 9 1381
4 57 1669
4 68 519
4 38 1289
4 29 5804
4 31 4571
4 14 1645
4 10 3656
4 70 4206
4 44 5846
4 35 1184
4 63 197
4 54 1262
4 12 602
4 56 1891
4 6 5132
4 51 5015
4 19 1357
4 52 614
4 16 4295
4 34 2449
4 42 2781
4 39 2555
4 15 2333
5 11 4064
5 23 5870
5 17 2423
5 72 2670
5 34 4366
5 1 6122
5 38 4038
5 26 4628
5 28 1440
5 36 335
5 73 4260
5 47 3538
5 16 3686
5 42 4078
5 24 748
5 39 2700
5 54 5993
5 8 5756
5 41 2077
5 50 5188
5 49 2858
5 51 387
5 48 3638
5 31 2612
5 56 1497
5 15 1570
5 19 1133
5 33 4788
5 60 6193
5 3 4532
5 67 3380
5 2 2734
5 69 1965
5 32 4050
5 62 3213
5 57 5413
5 25 1613
5 22 3943
5 7 6204
5 43 4086
5 45 1575
5 68 5057
5 6 4232
5 74 1010
5 21 5577
5 12 2662
5 53 3375
5 40 4972
5 9 4684
5 13 4601
5 44 3775
5 4 4345
5 61 251
5 55 1299
5 52 3586
5 20 6164
5 59 4906
6 64 760
6 42 369
6 20 6186
6 15 592
6 60 3612
6 54 4161
6 75 4215
6 8 106
6 1 1761
6 51 1933
6 63 3774
6 35 153
6 39 3847
6 62 4240
6 13 5600
6 70 4249
6 73 1958
6 27 2759
6 19 1465
6 5 2897
6 41 4540
6 56 2988
6 26 5194
6 12 2599
6 57 6134
6 38 5021
6 22 1063
6 16 4290
6 28 756
6 47 635
6 65 2954
6 37 2167
6 7 2937
6 44 2559
6 50 2862
6 66 1977
6 61 5486
6 9 1218
6 11 3760
6 32 3954
6 40 5522
6 55 5473
6 45 1807
6 17 2733
6 71 397
6 48 562
6 2 3028
6 43 375
6 52 2235
6 29 3608
6 72 2079
6 4 5322
6 68 4381
6 30 1520
6 58 5763
6 46 909
6 3 6239
6 67 2083
6 69 2830
6 25 4105
7 37 6231
7 16 1353
7 17 1002
7 48 1030
7 23 1588
7 4 4955
7 39 5197
7 8 238
7 19 6298
7 11 514
7 30 4069
7 33 2563
7 46 5595
7 29 4366
7 41 243
7 34 5038
7 32 5502
7 72 1379
7 36 4015
7 70 4106
7 44 5071
7 6 3871
7 15 3263
7 31 2688
7 28 1216
7 27 3304
7 2 2659
7 75 1875
7 9 2308
7 1 222
7 22 6201
7 65 2004
7 67 339
7 14 1989
7 71 87
7 59 3275
7 20 3536
7 12 3240
7 43 688
7 54 3871
7 61 1848
7 42 3793
7 51 3719
7 53 3083
7 47 1409
7 60 2230
7 63 2630
7 57 2575
7 40 2315
7 21 3568
7 52 4050
7 10 4679
7 38 2122
7 24 315
7 58 2231
7 25 3754
7 13 613
8 57 3905
8 29 188
8 40 4151
8 33 5221
8 3 2518
8 18 902
8 71 975
8 55 3916
8 24 562
8 75 4702
8 17 5027
8 5 4585
8 37 1244
8 20 323
8 50 4281
8 30 5266
8 10 3991
8 46 6137
8 53 5531
8 49 4073
8 34 2502
8 42 4284
8 28 251
8 63 4486
8 4 2470
8 54 998
8 31 1062
8 21 892
8 14 5852
8 68 4762
8 32 2248
8 72 707
8 11 2755
8 58 5275
8 39 3979
8 15 984
8 61 2978
8 56 271
8 13 2618
8 2 4133
8 74 5235
8 12 6133
8 23 3194
8 9 194
8 19 2069
8 41 363
8 16 2128
8 66 2790
8 67 3511
8 52 1651
8 51 6080
8 60 436
8 7 480
8 38 5733
8 1 270
8 22 5828
8 70 5949
8 65 4276
8 64 3774
9 41 5646
9 2 2518
9 71 5833
9 58 5371
9 5 15
9 43 3445
9 21 1911
9 54 449
9 56 5094
9 68 5295
9 19 927
9 61 21
9 64 4960
9 32 331
9 29 4061
9 46 4768
9 35 3662
9 16 337
9 47 47
9 6 3263
9 31 66
9 74 732
9 24 6241
9 23 2870
9 3 2385
9 67 2372
9 7 3961
9 53 303
9 13 1090
9 1 4546
9 51 5824
9 69 3240
9 70 4255
9 42 2244
9 28 3886
9 49 2330
9 15 4361
9 66 5639
9 55 3525
9 52 3556
9 50 1422
9 65 4713
9 36 4265
9 60 1100
9 11 2163
9 63 1499
9 73 5924
9 18 4021
9 25 4972
9 12 3321
9 33 5174
9 22 4426
9 39 3373
9 38 3874
9 45 5290
9 37 4388
9 14 1429
10 4 1366
10 43 4314
10 66 3666
10 26 4758
10 41 1312
10 23 1257
10 57 5159
10 55 803
10 74 187
10 59 2163
10 63 4265
10 20 3912
10 19 5688
10 16 3275
10 31 3170
10 39 2508
10 69 2526
10 6 5626
10 35 841
10 11 2697
10 5 3554
10 73 4448
10 18 5391
10 54 2979
10 27 4109
10 75 111
10 21 982
10 67 4268
10 15 2416
10 33 4062
10 58 3823
10 64 4369
10 32 5951
10 14 3900
10 48 980
10 40 13
10 2 4435
10 7 683
10 1 3373
10 3 1267
10 53 3210
10 24 969
10 37 3839
10 12 3349
10 61 1151
10 34 1436
10 44 5246
10 17 1546
10 42 3836
10 49 2874
10 56 2166
10 62 647
10 8 3709
10 29 2622
10 50 296
10 52 1645
11 71 5070
11 62 30
11 43 3117
11 10 4957
11 73 184
11 44 5985
11 48 5502
11 56 2951
11 66 3739
11 55 164
11 20 4845
11 12 1866
11 2 5816
11 65 2543
11 64 3069
11 5 6255
11 7 5380
11 27 1385
11 57 766
11 8 5989
11 70 588
11 15 3158
11 51 3349
11 72 4761
11 30 52
11 9 503
11 67 1733
11 18 3068
11 31 1477
11 21 4387
11 33 5120
11 24 3326
11 26 1014
11 47 2274
11 58 2317
11 63 1817
11 75 5127
11 32 538
11 19 2820
11 17 4734
11 28 422
11 35 4548
11 13 6276
11 4 4541
11 74 2154
11 69 959
11 60 4054
11 23 5620
11 61 651
11 1 1113
11 29 6276
11 25 340
11 38 4502
11 50 5128
11 59 2911
11 34 2781
11 3 3353
11 41 2317
12 33 3211
12 61 5559
12 17 3761
12 40 2033
12 8 4024
12 7 4936
12 27 3298
12 3 5439
12 57 5897
12 67 1150
12 41 1729
12 72 3952
12 20 889
12 63 977
12 48 1510
12 32 4428
12 43 4053
12 23 5042
12 64 4458
12 31 4695
12 9 15
12 55 3090
12 19 4000
12 1 213
12 11 5142
12 10 2713
12 25 2058
12 36 3613
12 52 5942
12 37 5986
12 34 5970
12 39 957
12 42 1510
12 71 5159
12 70 884
12 62 4969
12 60 5004
12 22 1020
12 73 43
12 38 4160
12 50 5377
12 51 4681
12 13 3692
12 69 4048
12 28 5597
12 24 4428
12 56 918
12 15 1131
12 4 6275
12 21 2099
12 58 875
12 49 1843
12 45 1627
12 53 2382
13 29 4697
13 52 2040
13 30 2398
13 9 2601
13 38 3129
13 24 5294
13 69 4553
13 48 3077
13 5 3149
13 6 4769
13 17 3619
13 62 5910
13 46 4318
13 3 2681
13 57 5134
13 61 863
13 64 4793
13 33 1009
13 51 2470
13 12 122
13 25 1525
13 32 148
13 31 1744
13 49 1393
13 73 4730
13 19 2660
13 27 2758
13 56 3315
13 1 2924
13 34 5905
13 60 4265
13 71 5973
13 21 2325
13 18 1632
13 59 651
13 16 2126
13 20 3372
13 10 1262
13 8 3700
13 43 862
13 14 808
13 35 4267
13 42 5137
13 41 4760
13 23 4908
13 11 4427
13 50 2852
13 75 5031
13 45 5466
13 54 1263
13 37 2101
13 22 5952
13 36 5784
13 15 366
13 67 4411
13 55 3118
13 4 1634
13 72 4917
14 19 2925
14 67 5411
14 8 2752
14 26 3159
14 2 3836
14 52 4312
14 58 4876
14 34 1808
14 41 6163
14 30 5448
14 10 4260
14 6 1033
14 61 5693
14 21 3609
14 11 5805
14 32 802
14 60 3956
14 7 1635
14 18 3534
14 5 4714
14 56 5925
14 35 5294
14 9 4426
14 20 5274
14 37 4822
14 53 1327
14 73 4027
14 42 5022
14 40 2691
14 68 1700
14 75 4327
14 65 2013
14 48 4807
14 12 5037
14 70 4325
14 64 1553
14 71 5358
14 15 1973
14 54 2252
14 43 829
14 17 3239
14 63 390
14 51 4281
14 45 1795
14 59 3302
14 24 544
14 46 786
14 66 4270
14 13 5430
14 1 4628
14 25 310
14 39 1849
14 44 2691
14 23 648
14 4 4106
14 36 5356
14 16 5377
14 49 84
15 55 5040
15 69 59
15 18 799
15 20 2516
15 32 2072
15 57 5634
15 38 2699
15 24 6103
15 26 4580
15 22 3793
15 49 6249
15 64 5448
15 75 4432
15 37 5518
15 13 2168
15 42 3001
15 2 4101
15 63 4078
15 25 4006
15 33 348
15 19 197
15 71 1685
15 54 448
15 7 1468
15 66 5423
15 35 3374
15 74 3280
15 9 1129
15 4 1391
15 70 3025
15 21 6213
15 72 5475
15 23 4239
15 67 4042
15 12 1893
15 14 2222
15 29 3282
15 48 4246
15 52 3832
15 68 1866
15 16 2314
15 41 5484
15 60 3259
15 53 81
15 58 5739
15 11 2971
15 46 3225
15 27 6140
15 34 139
15 73 3213
15 62 203
15 8 2425
15 65 908
15 28 356
15 50 4457
15 61 2654
15 3 5305
15 31 4313
15 39 3204
15 51 382
15 10 1035
15 44 73
16 53 5882
16 17 2366
16 46 4492
16 20 1344
16 43 510
16 54 2384
16 44 6202
16 59 2218
16 34 6224
16 52 2490
16 62 3368
16 33 3297
16 51 1036
16 49 2889
16 13 3290
16 55 2488
16 22 2369
16 25 816
16 47 1171
16 63 2629
16 60 1934
16 4 2802
16 40 1799
16 50 1681
16 29 2241
16 75 1721
16 57 4824
16 41 4855
16 23 3027
16 42 3547
16 64 6108
16 39 3601
16 6 1611
16 71 1258
16 69 5566
16 35 2840
16 9 5511
16 15 6174
16 12 5028
16 8 5057
16 30 3763
16 5 5926
16 68 6273
16 32 2354
16 27 2570
16 73 3440
16 3 5209
16 18 6196
16 24 4188
16 1 5181
16 2 3322
16 36 2253
16 70 4939
16 48 3323
16 61 6022
16 7 1133
16 74 4440
16 10 2182
17 48 2182
17 64 1217
17 22 4636
17 24 5821
17 73 4203
17 62 4672
17 39 2030
17 15 780
17 25 4301
17 4 6129
17 52 3752
17 6 819
17 8 5186
17 16 2984
17 29 5724
17 14 5984
17 11 1930
17 43 1675
17 5 4289
17 26 714
17 40 808
17 70 3648
17 71 3255
17 3 579
17 19 1370
17 74 652
17 34 3320
17 2 3057
17 54 2511
17 44 622
17 72 5134
17 56 5511
17 1 2991
17 68 3169
17 59 1245
17 7 21
17 66 5073
17 23 6134
17 10 5971
17 33 1077
17 50 1626
17 46 3450
17 38 2367
17 69 427
17 20 1338
17 75 4755
17 60 5582
17 65 6137
17 67 2690
17 27 4194
17 42 1878
17 37 5472
17 55 3331
17 45 5487
17 28 33
17 53 3312
17 30 2591
17 18 49
17 21 4965
17 35 5537
18 13 5719
18 10 3677
18 29 1401
18 34 1569
18 16 2596
18 47 3884
18 70 5314
18 31 940
18 48 5419
18 66 5562
18 44 1783
18 72 913
18 8 3768
18 73 5577
18 58 2550
18 21 3069
18 3 1102
18 63 5819
18 52 3773
18 46 3121
18 32 987
18 2 1758
18 45 5838
18 28 864
18 17 2152
18 30 1076
18 33 1110
18 41 5058
18 20 1924
18 7 1721
18 14 787
18 25 1472
18 19 191
18 64 1654
18 38 1480
18 15 3366
18 56 473
18 42 2578
18 68 2486
18 22 4079
18 75 4266
18 43 920
18 67 4783
18 40 5702
18 27 3337
18 62 28
18 61 3580
18 35 2190
18 65 4859
18 6 1806
18 57 2084
18 50 5528
18 11 5605
18 49 4448
18 5 3687
18 71 1184
18 59 5888
18 60 1707
18 54 2367
18 12 5075
19 71 6280
19 22 616
19 3 3362
19 49 1876
19 36 3442
19 14 1383
19 56 116
19 73 3344
19 69 3036
19 23 1418
19 31 2248
19 52 5341
19 70 2597
19 64 2383
19 38 563
19 33 4338
19 4 5238
19 50 444
19 18 4847
19 75 4500
19 24 6274
19 26 360
19 60 4241
19 62 4997
19 65 5287
19 45 333
19 39 3794
19 68 5309
19 74 3645
19 59 2691
19 48 4366
19 21 2152
19 41 3305
19 42 4126
19 2 5609
19 43 4815
19 58 629
19 30 767
19 5 3243
19 29 3356
19 25 1101
19 9 5182
19 7 83
19 63 6100
19 20 1309
19 17 2705
19 8 4476
19 72 1560
19 40 394
20 41 1274
20 61 3301
20 18 5537
20 14 5641
20 73 1990
20 49 4138
20 60 5984
20 57 5782
20 34 4414
20 11 3097
20 40 1369
20 55 5672
20 31 5101
20 9 5084
20 38 3002
20 4 349
20 24 2691
20 17 6072
20 19 4565
20 67 2377
20 52 1721
20 51 718
20 72 2193
20 58 6204
20 7 3551
20 45 6194
20 62 4310
20 44 3501
20 3 4890
20 63 3007
20 56 883
20 46 3102
20 10 2887
20 21 1355
20 70 1949
20 23 4303
20 59 5169
20 74 3165
20 12 2016
20 33 2846
20 53 1946
20 15 5270
20 48 4602
20 5 5279
20 32 3223
20 25 4169
21 41 1452
21 40 2860
21 32 89
21 44 1221
21 57 1402
21 1 5420
21 51 5758
21 60 5352
21 66 6031
21 42 3184
21 29 485
21 6 6245
21 36 691
21 54 4574
21 15 1861
21 25 4535
21 55 1176
21 39 4446
21 65 758
21 45 2489
21 58 6204
21 9 1299
21 33 6149
21 49 5908
21 24 1643
21 73 4542
21 59 2780
21 53 741
21 38 1912
21 71 5601
21 12 5159
21 46 5870
21 37 868
21 75 2661
21 19 1552
21 52 2674
21 47 4614
21 20 3510
21 72 4702
21 63 4525
21 13 4041
21 3 80
21 10 1719
21 8 5372
21 68 3712
21 17 3049
21 23 4073
21 62 3292
21 48 2328
21 28 4823
21 31 5415
21 27 2319
21 50 3686
21 16 3427
22 6 4634
22 13 985
22 55 845
22 7 5594
22 41 6053
22 33 67
22 63 4211
22 31 3208
22 62 994
22 51 1442
22 54 2190
22 30 3924
22 56 4217
22 15 1394
22 10 3852
22 47 3351
22 68 6247
22 60 3957
22 12 151
22 57 1748
22 67 1219
22 3 4743
22 14 5389
22 36 2653
22 73 4809
22 16 4652
22 66 1099
22 37 761
22 29 1626
22 48 1289
22 21 4736
22 9 3268
22 71 5500
22 17 3690
22 38 4899
22 27 4650
22 39 5117
22 45 5194
22 28 2539
22 53 5986
22 11 5746
22 52 2756
22 75 6250
22 46 704
22 26 3829
22 1 2589
22 70 4721
22 19 4258
22 50 2882
22 43 549
22 5 4615
22 18 4920
22 34 5573
22 23 2074
22 4 3560
22 58 436
22 24 2012
22 44 6207
22 49 5783
22 35 2820
22 8 1909
22 72 3364
23 53 2492
23 66 968
23 15 3596
23 13 4755
23 36 5975
23 50 2150
23 63 1037
23 14 3165
23 75 1282
23 34 3672
23 3 6022
23 32 5209
23 70 2612
23 26 4791
23 18 2438
23 38 1232
23 27 4637
23 19 5934
23 72 4836
23 65 1919
23 55 6190
23 64 6155
23 24 3924
23 54 4814
23 10 4480
23 58 84
23 52 765
23 59 1848
23 73 1374
23 2 2964
23 49 2371
23 20 341
23 57 2833
23 7 5272
23 16 2679
23 12 2685
23 40 1436
23 47 4515
23 44 6002
23 8 2928
23 6 680
23 68 4992
23 30 3838
23 31 5795
23 61 1644
23 41 2701
23 5 5511
23 56 316
23 11 5064
23 4 3601
23 28 5418
23 46 3798
23 71 5286
23 25 5205
23 74 2745
23 39 4176
24 73 5545
24 28 3054
24 48 6180
24 49 2359
24 56 2097
24 68 6190
24 52 5937
24 14 5465
24 5 3706
24 12 1792
24 46 2233
24 45 2596
24 67 5178
24 58 4104
24 10 3954
24 33 1701
24 69 4760
24 55 2854
24 61 4320
24 19 3345
24 16 4505
24 64 745
24 65 4009
24 75 5087
24 11 5666
24 57 3478
24 63 239
24 50 1601
24 34 608
24 66 103
24 70 2376
24 21 889
24 23 1001
24 29 4003
24 41 1554
24 30 2169
24 15 3820
24 60 6217
24 13 1557
24 38 3637
24 59 5433
24 32 5633
24 43 5040
24 39 2693
24 27 3266
24 31 5089
24 54 631
24 44 2844
24 47 3621
24 37 2999
24 72 295
24 42 2126
24 40 5196
24 62 1733
24 8 2605
24 2 392
24 6 1778
25 49 2566
25 56 2312
25 11 4353
25 71 3572
25 22 4530
25 14 970
25 45 4572
25 60 3358
25 50 4778
25 8 4213
25 31 33
25 63 1718
25 54 6212
25 18 4921
25 42 983
25 64 739
25 53 2142
25 65 1384
25 72 3488
25 27 2695
25 26 1882
25 28 4303
25 24 1140
25 16 778
25 58 2722
25 7 3983
25 37 3348
25 34 3269
25 52 14
25 35 37
25 57 4568
25 1 1851
25 73 3279
25 36 1764
25 55 6149
25 38 1006
25 33 5526
25 29 5941
25 10 621
25 15 5172
25 62 612
25 5 391
25 66 2721
25 21 1672
25 59 3043
25 67 2467
25 51 2163
25 2 6218
25 70 902
25 41 6101
25 17 1992
25 40 5530
26 22 1383
26 30 4252
26 3 3255
26 10 4001
26 48 5652
26 54 547
26 2 3666
26 72 907
26 20 4613
26 6 2579
26 51 3896
26 9 2012
26 14 2434
26 21 5568
26 62 5869
26 27 2834
26 57 503
26 40 3504
26 44 4367
26 24 1391
26 67 3750
26 52 5409
26 63 3342
26 66 706
26 17 3769
26 19 4958
26 60 6144
26 59 1315
26 38 2760
26 43 2138
26 4 2651
26 7 1221
26 37 330
26 25 980
26 53 2416
26 75 1986
26 58 5295
26 18 2442
26 15 4738
26 33 5520
26 13 543
26 50 4969
26 55 6035
26 71 470
26 16 1380
26 5 5253
26 56 40
26 34 1866
26 61 4775
26 45 8
26 64 3774
26 74 5549
26 8 5486
26 68 4333
26 70 2076
27 38 4985
27 73 2161
27 18 2018
27 14 4871
27 60 4569
27 53 4517
27 7 3502
27 63 3959
27 11 2066
27 42 2281
27 13 4319
27 37 5314
27 1 5721
27 15 4687
27 10 1611
27 48 987
27 21 475
27 6 5438
27 26 5071
27 28 6131
27 64 3107
27 9 683
27 66 3724
27 59 2671
27 12 1196
27 56 3707
27 74 1747
27 23 2328
27 58 4497
27 34 4537
27 4 3325
27 31 5717
27 61 163
27 20 5647
27 40 1079
27 71 2816
27 3 372
27 70 1910
27 32 938
27 5 5062
27 22 442
27 57 1405
27 2 1436
27 65 4097
27 47 3540
27 35 1263
27 68 4259
27 41 5423
27 8 5566
27 72 2439
27 69 6156
27 55 788
27 51 3161
27 33 3518
27 62 655
27 44 4057
27 75 5441
27 67 2469
28 37 6090
28 38 2107
28 40 3351
28 13 1116
28 53 1007
28 66 2483
28 2 193
28 19 576
28 27 4163
28 48 5238
28 51 430
28 14 1193
28 44 5049
28 63 4176
28 45 5848
28 56 3884
28 15 3347
28 68 3409
28 62 5352
28 29 5192
28 26 1734
28 9 4094
28 4 6036
28 16 3283
28 35 3776
28 70 848
28 41 1661
28 18 4038
28 69 4659
28 10 2950
28 23 2016
28 11 1869
28 46 4020
28 8 2067
28 33 2041
28 30 3687
28 32 563
28 34 3571
28 57 5976
28 22 4093
28 31 1600
28 52 2205
28 61 2339
28 12 4296
28 64 1064
28 75 3526
28 43 5395
28 71 3220
28 49 6248
28 73 318
28 17 4882
28 1 4514
28 20 6300
28 42 4299
28 47 1499
28 3 2294
28 65 4780
28 50 5104
28 59 6249
28 74 1987
29 57 5887
29 10 1619
29 28 2354
29 17 1367
29 70 5184
29 64 5821
29 6 4204
29 67 4028
29 30 5510
29 53 3172
29 8 6152
29 43 5185
29 7 6076
29 49 5441
29 22 110
29 9 3899
29 11 5998
29 46 1378
29 3 4455
29 38 2960
29 50 3171
29 69 5315
29 37 4542
29 15 597
29 5 166
29 74 1032
29 25 4646
29 13 1698
29 26 723
29 36 1542
29 32 3563
29 59 5538
29 20 669
29 71 2463
29 42 4237
29 65 4713
29 41 6263
29 23 5237
29 12 2806
29 34 1974
29 35 3859
29 18 696
29 2 2233
29 24 1268
29 73 2182
29 14 4857
29 62 6138
29 58 3750
29 60 2406
29 45 4352
29 33 1940
29 75 4347
29 72 3766
29 21 3473
29 51 4493
29 31 1735
29 61 5460
29 16 1306
29 47 5358
29 54 4880
29 4 4972
29 27 2101
30 37 3940
30 46 5679
30 6 5213
30 11 3981
30 48 4581
30 54 5587
30 7 1789
30 67 3015
30 69 1731
30 63 1429
30 35 4595
30 64 2726
30 1 2662
30 44 1773
30 65 4149
30 58 4423
30 22 4824
30 75 1952
30 41 4083
30 29 1020
30 62 2309
30 40 4547
30 74 1934
30 38 6133
30 33 5458
30 18 5913
30 57 79
30 2 219
30 47 1839
30 3 552
30 45 1984
30 59 5397
30 26 1034
30 9 3219
30 53 116
30 21 5291
30 50 1970
30 24 4450
30 13 1570
30 20 920
30 52 1513
30 43 1343
30 15 418
30 73 1899
30 42 2258
30 68 5527
30 23 330
30 32 6185
30 71 330
30 17 4174
30 14 4220
30 61 1318
30 66 536
30 60 4829
30 19 1
30 34 3746
30 8 167
30 55 444
30 28 6138
30 27 3470
31 69 1032
31 53 5200
31 54 163
31 34 5925
31 23 1973
31 29 4663
31 56 3487
31 25 1093
31 12 5568
31 18 6271
31 32 2295
31 2 5197
31 64 1149
31 61 3555
31 24 4358
31 26 3086
31 4 5225
31 7 3788
31 40 191
31 14 4480
31 50 342
31 57 4020
31 21 4684
31 22 2191
31 16 459
31 30 3769
31 11 4652
31 37 2714
31 36 3908
31 5 417
31 39 1468
31 55 3578
31 10 2713
31 15 2446
31 38 4228
31 42 4111
31 8 5909
31 47 3627
31 19 1534
31 63 3677
31 73 4035
31 52 5677
31 49 1393
31 48 1286
31 45 6055
31 46 4828
31 33 5518
31 58 1697
31 68 5366
31 17 2619
31 67 263
31 75 352
32 57 4035
32 14 4297
32 71 5375
32 13 2793
32 38 3538
32 54 4577
32 61 524
32 72 3822
32 39 207
32 66 5224
32 53 34
32 15 1479
32 67 1954
32 2 4112
32 41 363
32 34 356
32 30 111
32 68 2742
32 20 6016
32 18 41
32 37 3154
32 56 4963
32 19 4153
32 29 1480
32 74 589
32 9 6283
32 23 1303
32 60 1161
32 3 3512
32 26 5247
32 25 6089
32 58 4230
32 8 2446
32 21 1065
32 43 5010
32 22 4091
32 17 2416
32 4 5909
32 65 2813
32 47 1766
32 31 4301
32 24 121
32 64 1163
32 12 6124
32 27 5545
32 44 115
32 16 6028
32 51 2397
32 1 3814
32 10 1018
32 59 2405
32 35 3167
32 5 1600
32 42 4499
32 52 784
32 70 3104
32 36 2444
32 6 1145
32 33 1733
32 69 382
32 48 1723
33 67 2099
33 74 5749
33 53 39
33 15 5924
33 45 1079
33 25 1587
33 13 2478
33 35 4780
33 56 5298
33 42 3785
33 57 3438
33 8 5147
33 61 4873
33 2 4474
33 38 3315
33 48 5360
33 14 3360
33 71 699
33 28 2605
33 11 4853
33 20 56
33 39 1137
33 1 6105
33 6 3648
33 55 2851
33 59 2180
33 46 2816
33 18 2666
33 26 3935
33 4 5690
33 44 1714
33 52 1095
33 21 907
33 24 6291
33 7 5311
33 65 4625
33 60 2132
33 47 4576
33 32 6124
33 70 6274
33 23 1340
33 29 42
33 16 5534
33 72 4707
33 10 3233
33 75 5789
33 58 2235
33 63 5796
33 17 1747
33 41 5286
33 31 2907
33 69 3572
33 40 2434
33 37 1159
33 12 189
33 66 2755
33 73 3431
33 64 3303
33 27 4978
33 22 649
34 4 909
34 7 4645
34 53 656
34 28 219
34 41 3989
34 6 4515
34 49 3242
34 20 4333
34 59 3098
34 16 3837
34 30 4890
34 13 634
34 32 4800
34 42 5437
34 63 2650
34 40 727
34 11 4224
34 37 3950
34 71 5201
34 12 990
34 14 3116
34 47 3159
34 22 4438
34 39 1018
34 29 2541
34 50 6099
34 2 5305
34 21 5031
34 52 3419
34 25 3250
34 57 5119
34 9 932
34 69 922
34 43 1818
34 15 1253
34 45 4730
34 24 5281
34 68 942
34 60 2794
34 27 1568
34 61 2610
34 23 5678
34 55 3084
34 51 290
34 72 1782
34 56 2766
34 18 1575
34 33 959
34 64 5936
34 54 731
34 48 1682
34 31 2380
34 67 665
34 8 1460
35 41 5544
35 1 2036
35 55 5900
35 72 4223
35 24 5791
35 27 1705
35 43 5925
35 15 1380
35 73 3830
35 69 5230
35 36 3662
35 33 395
35 25 3385
35 9 893
35 38 5310
35 65 4841
35 3 3433
35 28 3650
35 63 2479
35 47 5137
35 5 1516
35 64 5798
35 46 2200
35 16 5890
35 53 2014
35 58 1404
35 60 4502
35 19 4397
35 6 1099
35 18 5744
35 2 337
35 31 2361
35 23 1933
35 20 1968
35 61 1895
35 30 3084
35 7 1103
35 42 5635
35 45 1153
35 67 6053
35 57 4480
35 12 4624
35 66 4026
35 39 3576
35 11 4751
35 71 760
35 50 3894
35 10 525
35 51 2729
36 43 227
36 66 3695
36 24 2633
36 5 4977
36 47 106
36 74 3387
36 53 906
36 35 1765
36 18 619
36 11 3104
36 41 3478
36 71 4608
36 4 2134
36 75 3494
36 34 1509
36 49 5717
36 15 1642
36 69 6056
36 30 1047
36 40 1402
36 65 1750
36 22 1734
36 28 5644
36 8 1242
36 42 4641
36 68 4829
36 57 1982
36 64 3545
36 55 1559
36 14 3648
36 60 3294
36 50 4820
36 44 5696
36 10 2783
36 51 3150
36 32 5080
36 16 2973
36 13 2197
36 17 4525
36 3 4543
36 52 872
36 37 1401
36 70 4806
36 2 29
36 33 47
36 61 3869
36 73 4400
36 19 1285
36 39 605
36 29 5374
36 9 4235
36 63 2093
36 67 1639
36 45 6195
36 56 4481
36 62 1937
36 59 245
36 25 486
36 21 2471
36 38 2559
36 27 2007
37 52 1080
37 45 3030
37 48 1899
37 18 2383
37 26 776
37 44 813
37 38 2363
37 60 1795
37 24 5268
37 49 4074
37 39 5180
37 21 1435
37 51 405
37 68 2468
37 2 968
37 25 3222
37 42 2260
37 66 528
37 10 3440
37 47 2827
37 41 2900
37 28 5271
37 57 1955
37 72 5072
37 54 384
37 36 5506
37 64 5889
37 12 3631
37 34 104
37 74 3905
37 20 5534
37 3 6218
37 53 4334
37 27 1316
37 14 5017
37 63 3284
37 75 2542
37 33 3221
37 46 2974
37 7 2485
37 11 3332
37 65 3149
37 58 2700
37 71 2892
37 40 3919
37 15 3943
37 8 6286
37 32 3148
37 19 3020
37 59 5792
37 31 5249
37 70 5777
37 5 4368
38 72 3511
38 13 3381
38 1 2665
38 68 2513
38 25 1041
38 16 5470
38 18 5393
38 59 1060
38 12 3170
38 74 2510
38 2 1468
38 3 3084
38 55 1394
38 62 2814
38 30 4652
38 11 6256
38 69 242
38 57 4036
38 41 5358
38 39 2111
38 29 1639
38 32 2525
38 64 3149
38 7 1115
38 52 1420
38 47 754
38 60 512
38 14 142
38 65 2797
38 48 3560
38 46 4076
38 22 4347
38 54 3997
38 43 1650
38 51 5376
38 21 4926
38 27 3094
38 17 3518
38 23 3518
38 35 3905
38 66 1495
38 15 5956
38 31 3380
38 36 875
38 42 3495
38 24 3593
38 34 6142
38 53 5234
38 19 3886
38 61 3571
38 50 2612
38 26 56
38 71 3710
38 6 2046
38 5 1607
38 33 1558
38 75 784
38 67 1515
38 56 4247
39 9 6140
39 70 6001
39 3 5530
39 59 2654
39 67 3513
39 13 5051
39 54 5971
39 45 3335
39 6 3424
39 47 649
39 11 3725
39 46 1341
39 62 468
39 17 240
39 51 4578
39 56 1739
39 18 3023
39 65 2310
39 53 4656
39 25 2312
39 61 2168
39 27 1778
39 44 6189
39 2 5698
39 52 1171
39 8 3207
39 72 2521
39 55 2050
39 26 3763
39 69 2823
39 68 790
39 35 1125
39 41 1932
39 33 4385
39 37 4571
39 15 3416
39 20 635
39 49 1125
39 50 5975
39 16 3996
39 63 2467
39 75 249
39 74 6025
39 23 3039
39 19 3397
39 58 3548
39 21 3069
39 30 4186
39 4 4185
39 32 5926
39 31 931
39 12 3955
39 40 5326
39 36 4516
40 68 3931
40 44 6043
40 47 3249
40 4 3502
40 53 6199
40 67 4849
40 69 1138
40 14 1868
40 18 6107
40 33 3826
40 55 6062
40 38 3919
40 35 1551
40 22 3067
40 23 1484
40 61 5248
40 74 4904
40 24 4934
40 34 6120
40 29 2669
40 62 1719
40 16 3295
40 11 1387
40 39 907
40 65 3434
40 8 4804
40 10 5523
40 42 1532
40 31 5820
40 7 3284
40 13 4144
40 45 3625
40 6 248
40 56 1041
40 26 881
40 54 5358
40 46 526
40 75 5251
40 5 5757
40 49 5736
40 63 6289
40 21 2683
40 43 3785
40 25 3136
40 51 300
40 15 6008
40 48 3587
40 37 291
40 36 1057
40 52 666
40 3 5096
40 73 4954
40 20 1381
40 58 2599
40 50 1060
40 17 4176
40 19 2868
41 58 4421
41 66 5725
41 69 2951
41 62 16
41 54 2769
41 11 5439
41 39 487
41 25 3613
41 19 2716
41 37 2963
41 59 4263
41 72 2269
41 35 4197
41 29 6174
41 74 2999
41 31 4474
41 20 2296
41 18 5756
41 5 1049
41 26 5039
41 3 3542
41 15 5771
41 63 2039
41 16 4768
41 51 3904
41 46 5160
41 52 1279
41 68 4232
41 73 5343
41 61 1413
41 22 477
41 57 628
41 53 6291
41 44 2150
41 60 2303
41 17 5663
41 70 1991
41 2 178
41 14 1539
41 64 4384
41 43 5929
41 67 3180
41 50 2711
41 55 224
41 75 3402
41 9 5154
41 49 606
41 38 2875
41 30 2922
41 24 3549
41 48 5797
41 42 1631
41 36 5192
41 4 2060
41 8 5290
41 33 700
41 21 4984
41 71 6227
41 45 2937
42 13 2980
42 8 6169
42 53 2831
42 21 4803
42 4 968
42 34 1688
42 1 3649
42 14 5849
42 45 2506
42 57 3677
42 56 5974
42 15 4895
42 7 3803
42 25 6218
42 9 3013
42 54 4870
42 29 1278
42 39 3883
42 62 5733
42 49 5405
42 3 1236
42 26 288
42 65 5596
42 19 1053
42 52 2653
42 37 3018
42 40 5330
42 48 3918
42 35 3077
42 33 728
42 28 3829
42 32 6044
42 12 65
42 58 2812
42 38 1650
42 67 2374
42 36 2978
42 66 2236
42 60 2718
42 59 6281
42 18 3427
42 41 794
42 55 4156
42 44 1170
42 6 5384
42 47 3131
42 74 106
42 75 1053
42 68 2368
42 70 2756
42 17 5499
42 43 5937
42 20 1073
42 63 3178
42 5 3128
43 55 2755
43 68 5348
43 58 5853
43 4 986
43 54 3887
43 65 4878
43 75 603
43 3 4614
43 31 3727
43 10 648
43 35 1249
43 20 1402
43 42 5569
43 14 5207
43 57 3605
43 53 2505
43 46 2535
43 73 1405
43 13 5191
43 61 1983
43 30 6126
43 28 1694
43 60 5492
43 18 3475
43 69 2772
43 32 4323
43 21 4493
43 8 5911
43 7 794
43 25 1814
43 33 4198
43 62 6008
43 2 4564
43 63 1450
43 56 934
43 39 2320
43 1 3663
43 40 2360
43 27 1682
43 50 129
43 72 3636
43 12 3757
43 45 5171
43 24 5384
43 66 2459
43 51 1925
43 59 5424
43 52 2844
43 26 5255
43 23 1163
43 37 3304
43 36 1894
43 64 2978
43 38 3683
43 47 2545
43 44 4500
43 6 6221
43 70 2426
44 45 4289
44 56 5621
44 59 2167
44 30 3094
44 47 2297
44 9 1238
44 74 2545
44 65 2136
44 72 16
44 14 1527
44 61 52
44 42 5394
44 50 4327
44 51 2851
44 11 3641
44 46 4594
44 3 4834
44 31 4378
44 34 2325
44 25 3362
44 39 3963
44 29 4664
44 12 897
44 54 3655
44 58 1790
44 55 1475
44 35 830
44 13 4097
44 52 5414
44 66 3486
44 18 4455
44 27 3271
44 70 1999
44 40 1652
44 2 435
44 67 2226
44 36 2195
44 71 6077
44 10 3097
44 15 4347
44 32 4124
44 60 4907
44 17 2361
44 4 6138
44 19 755
44 28 5748
44 43 957
44 5 376
44 75 1160
44 7 5127
44 6 2019
44 57 4366
44 69 2673
44 64 6240
44 37 2767
44 26 251
44 20 764
44 73 738
44 16 6134
44 21 1862
44 63 230
45 71 3615
45 33 2237
45 52 61
45 70 2903
45 32 255
45 56 1952
45 47 2389
45 30 288
45 61 790
45 18 1194
45 38 4737
45 39 3556
45 43 4754
45 36 5612
45 22 1492
45 9 4163
45 14 4769
45 19 287
45 66 5488
45 27 3982
45 46 851
45 35 5431
45 34 2347
45 6 33
45 24 6173
45 16 6078
45 26 4774
45 37 3698
45 15 483
45 42 2169
45 68 904
45 51 4786
45 63 5706
45 67 4727
45 72 1133
45 10 5353
45 49 1241
45 62 912
45 57 2940
45 28 5236
45 69 3572
45 17 12
45 55 4609
45 12 5060
45 7 789
45 21 2553
45 5 5543
45 44 2732
45 60 1886
45 4 873
45 8 4312
45 3 2701
45 58 1284
45 25 5627
45 40 5738
45 1 3986
45 31 2633
45 2 77
45 23 4515
45 41 1149
45 29 4960
46 6 1685
46 7 2079
46 15 4534
46 69 4286
46 19 4548
46 40 643
46 42 3633
46 16 6048
46 32 1617
46 45 4889
46 53 4499
46 2 2686
46 24 1746
46 52 5006
46 22 5952
46 67 1832
46 9 2615
46 64 6213
46 50 3404
46 4 782
46 43 52
46 20 5935
46 57 688
46 47 856
46 70 4122
46 33 6101
46 60 4440
46 37 3480
46 8 2545
46 71 4645
46 35 4587
46 73 5050
46 62 1628
46 65 3303
46 39 234
46 36 3114
46 56 788
46 63 689
46 68 3659
46 54 6048
46 66 2279
46 48 4144
46 14 3679
46 61 5256
46 29 4654
46 58 4681
46 23 629
46 55 3214
46 75 4258
46 21 2443
46 10 2495
46 34 4214
46 26 2770
46 12 3007
46 3 2211
46 17 683
46 18 2061
47 13 310
47 53 4649
47 2 4981
47 22 5505
47 30 2943
47 60 5117
47 8 1370
47 58 3913
47 68 1432
47 28 807
47 72 4149
47 6 5736
47 41 1436
47 65 3399
47 7 6090
47 38 5798
47 33 2622
47 3 1897
47 39 3359
47 69 5704
47 18 1234
47 71 30
47 42 5628
47 20 2399
47 56 4263
47 36 5430
47 34 2738
47 1 3896
47 31 57
47 27 1359
47 21 2097
47 62 2462
47 23 4103
47 75 5009
47 74 158
47 35 3322
47 59 3357
47 11 3670
47 73 5837
47 46 5118
47 49 5609
47 70 2136
47 40 498
47 57 4075
47 25 642
47 16 4907
47 24 1208
47 61 2124
47 66 2969
47 17 956
47 54 6157
47 50 2492
47 15 5395
47 51 266
48 31 627
48 69 109
48 44 1642
48 55 1734
48 17 1981
48 34 95
48 35 358
48 73 202
48 64 3738
48 51 5646
48 26 3584
48 33 1919
48 9 323
48 16 5868
48 7 2172
48 66 5311
48 3 4116
48 18 1146
48 27 3016
48 23 5416
48 4 333
48 53 2961
48 14 3123
48 68 763
48 36 4329
48 50 3209
48 6 2320
48 72 2533
48 60 4503
48 5 2801
48 41 2331
48 63 5290
48 43 1803
48 39 2235
48 57 4698
48 11 90
48 10 5939
48 71 3945
48 1 3228
48 58 2745
48 24 3943
48 54 1457
48 67 5408
48 22 5697
48 75 749
48 8 1399
48 28 1233
48 25 5285
48 47 3253
48 37 2107
48 2 305
48 13 2010
48 56 4647
48 42 5011
49 25 3313
49 17 2362
49 6 3048
49 5 4401
49 60 3975
49 16 5270
49 1 3178
49 15 4440
49 47 6292
49 43 5113
49 10 1775
49 52 803
49 23 1923
49 24 3726
49 9 3263
49 26 345
49 62 6222
49 58 788
49 12 6071
49 19 4682
49 59 529
49 14 2687
49 13 3645
49 34 2578
49 27 2289
49 20 4478
49 67 5140
49 22 5074
49 31 783
49 72 6277
49 55 2071
49 41 3079
49 39 551
49 69 3958
49 51 3140
49 42 1941
49 68 4251
49 63 4064
49 11 1308
49 50 4759
49 70 5205
49 56 4027
49 74 26
49 48 3058
49 38 1995
49 32 2986
49 37 5615
49 21 1306
49 53 5680
49 3 6243
49 18 3350
49 28 5629
49 64 4412
50 56 5062
50 46 5112
50 39 1906
50 42 593
50 75 1739
50 58 784
50 71 5071
50 68 2467
50 17 5338
50 28 1305
50 13 1329
50 63 1924
50 36 3569
50 51 188
50 41 3521
50 25 4282
50 61 1681
50 70 1834
50 7 1912
50 57 2785
50 37 3032
50 45 2255
50 14 3125
50 11 2090
50 32 2377
50 6 6046
50 65 5873
50 72 4691
50 23 5828
50 8 350
50 5 3080
50 27 477
50 19 753
50 18 5779
50 55 4941
50 54 2608
50 69 2369
50 59 4968
50 9 5601
50 35 6119
50 43 5362
50 52 4551
50 67 1067
50 20 2336
50 30 1854
50 22 973
50 38 3968
50 34 4835
50 62 4567
50 15 572
50 2 4472
50 10 4487
50 60 1723
50 53 3513
50 31 4735
51 43 3175
51 2 4952
51 65 3189
51 71 1247
51 59 635
51 74 3558
51 46 1288
51 38 1749
51 64 924
51 19 2637
51 60 2079
51 75 5124
51 48 263
51 57 5697
51 25 93
51 12 2002
51 37 4615
51 70 2371
51 73 5923
51 20 1580
51 42 3671
51 23 4169
51 68 6075
51 72 1323
51 1 3808
51 45 2233
51 36 1409
51 35 4635
51 34 4551
51 58 378
51 10 1009
51 41 2479
51 22 5780
51 62 4929
51 69 6279
51 28 3085
51 9 2587
51 14 2455
51 21 498
51 49 5158
51 3 5135
51 16 4042
51 15 1253
51 54 5411
51 66 3522
51 24 2533
51 67 414
51 39 1223
51 44 767
51 33 1041
51 26 5155
51 32 4048
51 29 3557
51 13 5311
51 56 5434
52 33 3935
52 59 4025
52 75 5051
52 47 1807
52 21 5896
52 23 2919
52 7 192
52 74 1239
52 38 3529
52 37 3763
52 29 3170
52 70 2325
52 26 2752
52 51 5529
52 9 667
52 60 1379
52 19 1571
52 57 3012
52 39 2990
52 28 4808
52 11 2209
52 3 1020
52 1 450
52 34 1760
52 53 2462
52 10 2948
52 30 210
52 4 4136
52 71 4140
52 68 4165
52 36 4897
52 42 8
52 13 2047
52 2 5101
52 8 4502
52 46 436
52 49 5868
52 65 3232
52 44 5627
52 64 2349
52 72 3285
52 17 798
52 22 4297
52 63 2582
52 6 2376
52 20 4882
52 43 2916
52 50 5377
52 73 5178
52 15 731
52 41 4335
52 45 511
52 69 4616
52 56 3304
53 32 5283
53 72 1088
53 21 433
53 31 2319
53 10 3907
53 15 5192
53 16 1014
53 3 1816
53 33 422
53 50 3154
53 63 5189
53 35 4164
53 19 4474
53 58 583
53 39 3721
53 12 3356
53 49 3385
53 37 2858
53 46 5007
53 4 6040
53 59 3597
53 7 5503
53 52 722
53 5 5909
53 36 3879
53 54 2448
53 74 5802
53 17 153
53 73 1775
53 30 2636
53 2 206
53 20 5834
53 27 5604
53 8 2698
53 40 2214
53 22 977
53 42 295
53 69 5321
53 1 3192
53 62 2500
53 43 3042
53 67 3295
53 60 5474
53 6 2431
53 29 3999
53 34 513
53 71 1644
53 14 3994
53 23 3305
53 66 5357
53 44 6035
54 68 4614
54 46 4975
54 21 1162
54 57 5940
54 6 2834
54 73 6121
54 60 4343
54 10 2543
54 37 4181
54 30 3749
54 33 117
54 28 1768
54 17 1191
54 14 5048
54 15 2757
54 36 758
54 75 5728
54 29 3743
54 72 3289
54 7 1518
54 67 4299
54 50 3780
54 23 5101
54 49 5186
54 65 273
54 63 2077
54 25 4494
54 48 6207
54 31 1180
54 24 1352
54 19 4098
54 64 5402
54 4 5544
54 20 6072
54 26 1412
54 5 4804
54 38 3250
54 51 3468
54 61 1193
54 3 2311
54 55 4176
54 42 4423
54 74 5054
54 9 3560
54 69 4308
55 70 591
55 4 677
55 25 2787
55 67 6204
55 43 4666
55 8 3025
55 54 2247
55 6 4151
55 44 1984
55 35 3039
55 71 3638
55 49 254
55 34 366
55 32 5425
55 47 2744
55 24 4600
55 10 5889
55 14 3184
55 63 850
55 28 799
55 11 1481
55 48 482
55 65 4901
55 66 79
55 27 4037
55 23 5943
55 20 4296
55 74 3147
55 57 1039
55 31 4159
55 56 2767
55 53 1822
55 36 669
55 16 1504
55 52 2840
55 37 5728
55 50 3921
55 26 1835
55 1 4340
55 45 862
55 21 6015
55 68 2740
55 39 5656
55 40 1620
55 61 3328
55 33 1339
55 58 3213
55 75 4233
55 73 2681
55 3 2835
55 46 3110
55 69 3269
55 51 2611
55 22 4354
55 60 5767
55 15 4414
55 62 343
55 29 1733
55 42 5672
56 16 5481
56 18 4074
56 26 45
56 23 3148
56 27 1929
56 4 4390
56 15 1893
56 11 638
56 2 3297
56 13 2799
56 19 6244
56 38 3751
56 52 3234
56 68 5800
56 57 1050
56 49 5336
56 72 1007
56 59 5815
56 61 2258
56 39 3329
56 73 1001
56 67 572
56 33 1958
56 44 1337
56 47 249
56 24 5568
56 51 3989
56 35 3243
56 30 5120
56 12 5747
56 58 4066
56 50 1273
56 66 607
56 69 33
56 17 338
56 20 4873
56 54 193
56 31 4084
56 46 1144
56 65 3514
56 25 1206
56 3 1908
56 53 3610
56 7 5268
56 63 900
56 74 3756
56 71 6101
57 23 1761
57 22 543
57 50 729
57 42 5466
57 5 2057
57 18 470
57 47 2535
57 12 702
57 41 2666
57 3 4023
57 69 2399
57 13 4451
57 59 2014
57 36 5548
57 43 2778
57 19 5057
57 54 2289
57 29 2691
57 45 3869
57 44 5489
57 73 4586
57 7 3176
57 32 524
57 16 1508
57 17 6226
57 55 3351
57 14 4871
57 46 5776
57 65 895
57 26 4546
57 21 2851
57 2 1256
57 20 5401
57 15 3470
57 31 678
57 62 3091
57 24 3635
57 1 2075
57 68 1033
57 53 5142
57 28 254
57 10 2010
57 35 1615
57 49 5680
57 52 1957
57 64 47
57 39 2946
57 60 340
57 63 5913
57 56 3054
57 40 658
57 11 529
57 27 4243
57 51 2363
57 74 1133
57 34 725
57 61 6027
57 38 6054
57 72 1958
58 21 2596
58 60 2844
58 55 4085
58 40 775
58 28 5464
58 44 4278
58 69 3162
58 8 213
58 3 4392
58 66 5984
58 73 3881
58 41 4282
58 49 1118
58 26 5360
58 11 3966
58 32 3398
58 75 3778
58 72 449
58 30 1245
58 37 3019
58 67 5087
58 12 1868
58 48 4666
58 42 5762
58 34 4345
58 4 5677
58 2 4749
58 63 4162
58 52 5809
58 57 2540
58 71 4476
58 53 166
58 19 1819
58 5 749
58 1 3073
58 10 595
58 45 579
58 17 991
58 18 580
58 39 273
58 59 1677
58 22 1988
58 31 5226
58 20 3746
58 74 3924
58 70 5863
58 46 4033
58 13 3340
58 7 4939
58 6 2547
59 54 4558
59 68 4182
59 71 1504
59 75 1530
59 67 5461
59 46 3463
59 27 194
59 18 1709
59 17 1611
59 14 1537
59 41 4684
59 63 4539
59 44 4909
59 58 1044
59 38 5716
59 30 3246
59 34 5989
59 26 5597
59 62 5196
59 15 2425
59 9 5609
59 47 685
59 40 5097
59 2 4837
59 45 5448
59 48 6259
59 72 4132
59 10 5896
59 31 2514
59 22 6117
59 8 899
59 65 5848
59 20 2681
59 69 1307
59 16 3437
59 50 3903
59 28 977
59 64 2400
59 6 4740
59 70 1479
59 36 4064
59 21 333
59 19 5487
59 39 3817
59 60 5717
59 37 1827
59 33 1249
59 4 916
59 13 4239
59 24 4165
59 61 1697
59 51 5379
59 3 2959
59 53 3146
59 56 2873
59 11 830
60 55 1754
60 68 6269
60 47 164
60 18 4698
60 16 3291
60 3 1936
60 41 723
60 15 384
60 71 2981
60 13 3326
60 28 1311
60 67 4741
60 5 2250
60 30 4147
60 74 1960
60 23 4421
60 17 2710
60 66 1083
60 57 24
60 53 5263
60 1 4187
60 45 3736
60 14 3021
60 8 2622
60 22 3202
60 25 1216
60 27 2770
60 24 5804
60 12 2446
60 6 1413
60 33 5761
60 58 1650
60 31 2666
60 21 842
60 42 5296
60 26 244
60 56 374
60 62 3597
60 51 5557
60 44 3890
60 49 3121
60 72 6117
60 52 571
60 43 594
60 50 4598
60 59 5000
60 75 5542
60 11 1954
60 36 5174
60 70 4308
60 39 5525
60 64 5169
60 2 4655
60 4 1539
60 32 3422
61 19 6035
61 63 2866
61 26 5509
61 13 5440
61 14 3318
61 47 2571
61 2 4916
61 30 5441
61 59 3279
61 28 3773
61 52 1973
61 70 577
61 1 4885
61 43 200
61 62 3499
61 50 5236
61 53 540
61 40 2812
61 34 2675
61 31 5980
61 32 768
61 41 964
61 23 6217
61 3 1470
61 29 3220
61 39 5460
61 24 6172
61 48 4066
61 68 4900
61 66 3244
61 20 3816
61 44 5667
61 74 2140
61 38 1164
61 54 2235
61 5 4408
61 67 413
61 21 4005
61 56 3606
61 12 5359
61 42 4094
61 17 3400
61 27 2804
61 36 3700
61 10 5011
61 55 1670
61 72 5897
61 49 5431
61 16 948
61 9 2405
61 65 2594
61 69 61
61 35 5260
61 46 4163
61 6 5420
61 22 802
61 33 4332
61 15 3746
62 25 5400
62 65 2084
62 71 4394
62 56 3230
62 20 2471
62 45 5211
62 5 5072
62 63 1803
62 6 2936
62 73 1016
62 11 2522
62 50 2813
62 14 2996
62 70 5793
62 49 5540
62 66 4210
62 18 337
62 75 574
62 30 603
62 10 3361
62 36 5070
62 54 822
62 24 3509
62 4 3354
62 41 3351
62 74 2664
62 53 873
62 19 564
62 44 1385
62 8 3281
62 72 4446
62 67 4297
62 23 1648
62 47 5811
62 7 4577
62 37 3758
62 26 1462
62 42 2892
62 59 1482
62 68 509
62 60 491
62 58 5064
62 52 4320
62 55 3608
62 15 2171
62 31 4968
62 22 6243
62 3 566
62 32 923
62 35 4154
62 33 5612
62 29 1940
62 43 310
62 17 2955
62 48 5761
63 5 3003
63 32 2965
63 24 5210
63 64 3323
63 75 5773
63 44 5624
63 54 2393
63 58 2031
63 8 2160
63 46 4933
63 27 286
63 73 5643
63 38 3148
63 1 1091
63 15 4587
63 74 1185
63 52 4402
63 60 5945
63 37 2323
63 21 2704
63 18 3685
63 39 2157
63 26 6254
63 69 3449
63 48 4837
63 9 6064
63 20 4836
63 59 1087
63 41 2433
63 2 5406
63 35 1901
63 62 3227
63 45 697
63 4 2665
63 36 673
63 31 1743
63 11 3343
63 49 5377
63 55 4018
63 67 2535
63 56 5141
63 72 2075
63 3 2624
63 42 1982
63 65 3866
63 57 2329
63 71 3429
63 68 2760
63 16 3226
63 19 3000
63 29 5145
63 10 4508
63 12 1157
63 53 3147
63 6 197
63 47 3066
63 14 2997
63 33 1718
64 2 2071
64 66 3328
64 19 2767
64 60 2846
64 58 3141
64 48 5027
64 38 2037
64 72 427
64 52 4771
64 36 3307
64 68 1760
64 47 901
64 69 1216
64 13 1176
64 37 4834
64 55 6023
64 57 3260
64 9 3174
64 42 5395
64 1 3852
64 8 2506
64 14 246
64 27 4548
64 35 3343
64 5 3871
64 11 1653
64 4 4619
64 22 5410
64 71 5422
64 24 3651
64 67 4593
64 31 1825
64 74 5632
64 17 188
64 21 5070
64 29 3533
64 65 1738
64 26 5943
64 34 5212
64 32 280
64 50 6253
64 51 4535
64 18 2515
64 12 2530
64 16 6002
64 61 1973
64 6 3023
64 75 746
64 20 1295
64 41 145
64 63 2889
64 7 4361
64 39 6141
64 28 5292
64 62 3184
64 3 2233
64 30 4474
65 38 2557
65 2 2315
65 54 5421
65 27 4912
65 69 2240
65 7 5193
65 42 755
65 8 5189
65 45 5210
65 14 1734
65 49 293
65 25 5755
65 55 5481
65 35 1569
65 56 5953
65 60 3500
65 43 1208
65 51 2553
65 74 5678
65 34 1258
65 62 2056
65 4 3410
65 72 14
65 58 5040
65 40 4199
65 57 5801
65 48 2694
65 1 6142
65 68 155
65 17 1355
65 19 90
65 50 1169
65 23 3800
65 67 4992
65 6 3225
65 21 3232
65 10 6279
65 13 4211
65 71 3940
65 63 6277
65 46 4621
65 41 5095
65 39 1585
65 29 712
65 61 5109
65 30 4411
65 26 3891
65 22 2474
65 3 1679
65 59 4958
65 20 2438
66 64 3493
66 9 5017
66 14 2609
66 17 4026
66 6 2069
66 34 5958
66 11 3785
66 40 3572
66 36 4271
66 55 2022
66 48 1089
66 41 1426
66 74 5033
66 75 673
66 26 2374
66 70 1638
66 42 5135
66 65 1055
66 44 5012
66 45 5142
66 63 3933
66 15 2360
66 28 5865
66 73 3822
66 39 5498
66 58 366
66 30 4795
66 68 4206
66 69 3027
66 56 1751
66 20 122
66 21 1978
66 60 3364
66 24 207
66 37 1680
66 5 2890
66 57 864
66 22 2541
66 49 906
66 1 125
66 7 819
66 47 4102
66 2 3671
66 3 5939
66 12 759
66 23 2438
66 13 3902
66 32 5077
66 35 998
66 10 4701
66 16 4398
66 52 5370
66 53 2925
66 25 2148
66 61 3454
66 19 1565
66 51 460
66 33 2294
67 35 4572
67 59 6226
67 51 3167
67 1 441
67 36 2090
67 68 4139
67 24 3221
67 69 4385
67 18 5445
67 20 4900
67 8 2927
67 39 5708
67 48 4570
67 23 1561
67 26 2838
67 12 4204
67 21 157
67 65 2565
67 32 2590
67 10 1358
67 62 2115
67 14 4487
67 75 713
67 11 4565
67 37 365
67 22 4812
67 30 3105
67 49 374
67 50 5797
67 17 2969
67 45 4846
67 42 5116
67 57 4769
67 5 2847
67 72 4721
67 52 874
67 41 4194
67 6 6192
67 19 1439
67 54 6265
67 74 580
67 9 4567
67 28 4337
67 61 2062
67 55 1745
67 58 3707
67 4 5828
67 44 4390
67 46 5188
67 63 3357
67 66 4646
67 70 5346
67 47 5597
67 53 4209
67 16 3932
68 9 6044
68 37 4627
68 74 4161
68 60 2428
68 63 1520
68 1 5155
68 29 3716
68 50 4202
68 39 4594
68 6 1360
68 3 5827
68 55 2036
68 58 6219
68 30 2127
68 18 1185
68 62 3017
68 67 3476
68 69 3405
68 51 4302
68 43 4153
68 5 4674
68 23 3295
68 2 2199
68 72 2274
68 52 5069
68 40 2674
68 11 3433
68 10 5656
68 57 5470
68 42 4273
68 46 5502
68 16 3673
68 71 5880
68 31 4718
68 24 467
68 7 2762
68 73 4254
68 25 1390
68 65 4660
68 41 4682
68 4 932
68 26 215
68 49 1184
68 56 2952
68 47 3311
68 53 5070
68 48 3279
68 36 504
68 13 5304
68 20 727
68 66 3734
68 28 2065
68 35 642
68 45 355
68 59 87
68 34 4978
68 27 5449
68 64 123
69 70 3414
69 37 1851
69 9 5978
69 64 4593
69 32 1885
69 53 4486
69 39 6299
69 48 1490
69 3 6150
69 31 5247
69 45 2433
69 71 144
69 10 1378
69 55 2944
69 62 1129
69 14 3589
69 8 3921
69 63 2963
69 65 5901
69 68 5663
69 73 4710
69 26 538
69 51 6218
69 43 1407
69 4 4274
69 60 2819
69 33 1557
69 57 2679
69 30 2396
69 22 4006
69 27 6294
69 28 4412
69 59 5788
69 12 5636
69 40 494
69 24 6189
69 11 2016
69 74 522
69 61 5566
69 67 3268
69 13 4630
69 34 2602
69 21 1196
69 58 5
69 25 1795
69 47 2932
69 17 6284
69 52 4984
69 1 247
69 72 5421
69 20 1141
69 7 6120
69 18 24
69 41 1286
69 15 1144
69 56 454
69 36 1826
70 30 5090
70 34 2112
70 54 5303
70 19 6101
70 63 3940
70 45 1350
70 58 3076
70 2 4206
70 5 4610
70 65 1450
70 50 6046
70 25 4501
70 49 843
70 26 231
70 44 3489
70 48 5627
70 27 1299
70 47 1778
70 29 298
70 11 3021
70 57 4678
70 52 4296
70 43 5798
70 53 1463
70 10 5175
70 67 834
70 37 5109
70 22 2557
70 59 2386
70 15 4948
70 13 1027
70 32 3145
70 39 2303
70 51 2614
70 38 1467
70 42 3116
70 31 5464
70 23 1807
70 12 4487
70 28 1284
70 64 2656
70 8 3655
70 60 2822
70 1 3287
70 56 2964
70 16 525
70 61 2955
70 55 3616
70 6 5286
70 66 1177
70 35 4343
70 21 4053
70 71 6070
70 72 4342
70 36 5688
70 9 2778
70 74 3710
70 24 5515
71 23 2921
71 50 1481
71 35 2618
71 68 2254
71 69 296
71 18 4835
71 63 580
71 58 6143
71 62 4504
71 8 1987
71 56 2577
71 20 1111
71 45 1708
71 7 5330
71 61 4737
71 1 3262
71 11 2839
71 31 4910
71 27 6154
71 40 6029
71 49 3898
71 43 4904
71 3 865
71 19 2922
71 37 5977
71 25 2801
71 24 5669
71 17 1872
71 29 6021
71 6 5707
71 67 3549
71 13 5819
71 33 1997
71 46 5135
71 48 3032
71 10 259
71 26 2024
71 9 2581
71 21 1058
71 73 3765
71 44 1470
71 12 3346
71 47 269
71 64 5032
71 57 3449
71 14 108
71 52 1122
71 60 2255
71 22 638
71 34 4135
71 30 6046
72 55 1217
72 21 845
72 29 309
72 15 551
72 35 1660
72 64 3523
72 68 3752
72 54 1558
72 58 6236
72 74 4457
72 1 4854
72 38 2615
72 23 5322
72 3 1353
72 70 5567
72 62 2116
72 61 426
72 37 5230
72 63 3250
72 4 3914
72 16 6101
72 52 2609
72 65 2436
72 47 1721
72 40 89
72 41 343
72 12 2272
72 17 1332
72 19 2035
72 50 3841
72 7 1464
72 56 3701
72 66 2408
72 18 5988
72 20 6008
72 24 4678
72 9 3360
72 8 1386
72 60 3684
72 42 6086
72 49 3584
72 39 5904
72 67 4177
72 59 1322
72 30 2254
72 69 610
72 57 2437
72 10 4980
72 51 3499
72 45 1920
73 3 3437
73 22 836
73 55 1677
73 57 1318
73 19 1527
73 18 6021
73 41 5392
73 21 2580
73 50 92
73 56 3032
73 54 1290
73 17 2978
73 43 1711
73 1 1925
73 45 1742
73 16 4937
73 58 2303
73 59 1139
73 38 5101
73 61 4725
73 31 2799
73 64 978
73 8 1268
73 25 3754
73 63 3466
73 2 530
73 69 916
73 66 1178
73 29 2338
73 67 2619
73 24 5905
73 36 690
73 4 2623
73 34 3190
73 9 267
73 51 6093
73 7 3980
73 40 847
73 47 5211
73 30 5322
73 13 3218
73 12 1749
73 6 5924
73 23 6062
73 35 5814
73 14 5488
73 62 5580
73 74 5007
73 70 1239
73 15 1217
73 26 1986
73 71 5068
73 33 5120
73 49 3432
73 11 343
73 32 4339
73 20 454
73 39 5176
73 5 4823
73 75 3118
73 42 1118
74 27 2214
74 18 4937
74 5 5658
74 62 3487
74 47 5527
74 75 875
74 15 3368
74 12 3674
74 64 2161
74 11 1776
74 10 2865
74 6 3713
74 25 4386
74 2 204
74 21 3701
74 70 1086
74 17 6293
74 53 422
74 37 450
74 56 3500
74 72 2448
74 20 5559
74 66 2616
74 3 4693
74 30 3747
74 13 4610
74 48 1048
74 31 652
74 4 2007
74 52 3484
74 33 798
74 36 5337
74 49 3379
74 38 2447
74 71 198
74 35 1935
74 50 3433
74 67 1635
74 63 2711
74 69 4066
74 29 5751
74 23 5976
74 42 1233
74 46 4991
74 58 1674
74 61 3981
74 40 2366
74 34 5700
74 68 44
74 60 1688
74 8 1824
74 26 2957
74 54 2752
75 50 2150
75 25 6105
75 49 3177
75 18 2836
75 20 2945
75 42 5137
75 8 6121
75 4 158
75 70 65
75 39 2683
75 31 3806
75 68 778
75 46 3330
75 57 5735
75 3 4289
75 21 2550
75 72 2942
75 38 3283
75 48 5607
75 15 4693
75 43 1928
75 16 856
75 11 4923
75 22 913
75 35 4659
75 69 5054
75 64 3803
75 2 936
75 36 5871
75 6 1864
75 55 2668
75 29 92
75 61 4234
75 66 270
75 53 5889
75 73 3647
75 14 1165
75 10 5562
75 30 5420
75 28 1077
75 41 1260
75 13 1884
75 71 2744
75 17 778
75 1 4468
75 59 1161
75 54 1490
75 12 4853
75 58 1673
75 40 3313
75 56 4631
75 47 5599
75 62 2857
