75 4200
1 52 270
1 26 1849
1 71 4045
1 35 1061
1 8 87
1 69 2921
1 60 1458
1 63 3082
1 59 3203
1 65 3056
1 6 669
1 62 4872
1 45 6000
1 38 2778
1 12 4792
1 42 4991
1 50 6232
1 24 2150
1 13 4205
1 9 4469
1 74 264
1 58 506
1 68 6119
1 75 5816
1 16 2743
1 18 1319
1 27 5057
1 7 2371
1 55 3467
1 31 4509
1 73 3043
1 64 1692
1 17 6040
1 61 5685
1 23 2646
1 66 6222
1 21 3272
1 54 109
1 15 3675
1 57 4262
1 33 495
1 19 4945
1 56 5350
1 44 5269
1 4 2292
1 5 2731
1 32 865
1 53 3973
1 46 2014
1 47 4740
1 30 1180
1 22 2854
1 40 198
1 3 3230
1 34 5125
1 20 4876
1 14 3241
1 43 3566
1 36 3310
1 29 4769
1 41 1297
1 28 2063
1 49 3867
2 29 393
2 75 279
2 58 3293
2 53 5644
2 59 4435
2 37 4380
2 7 4303
2 3 2163
2 66 4708
2 26 5117
2 21 5247
2 74 3982
2 28 4208
2 39 3775
2 47 5330
2 50 2027
2 41 558
2 51 5234
2 10 4415
2 23 1613
2 25 4833
2 57 1385
2 40 439
2 31 4605
2 46 3634
2 56 1737
2 13 1576
2 9 2676
2 24 1490
2 30 4450
2 49 4334
2 36 1979
2 43 857
2 44 1667
2 15 4547
2 8 3226
2 42 5684
2 52 4173
2 34 3526
2 64 1562
2 35 6165
2 63 4914
2 73 5322
2 6 5595
2 72 4545
2 16 5315
2 68 4128
2 27 6065
2 14 3896
2 62 3212
2 38 1717
2 20 343
2 12 2153
2 60 1684
2 70 1485
2 69 2810
2 55 2387
2 33 588
2 32 3734
3 17 2881
3 63 820
3 34 1501
3 32 857
3 12 4745
3 69 5800
3 71 3748
3 9 1897
3 16 1263
3 73 4155
3 61 4811
3 21 3980
3 57 5842
3 46 5271
3 20 3997
3 65 5964
3 23 2119
3 33 6262
3 31 3807
3 72 1430
3 37 818
3 8 3546
3 19 3183
3 4 6131
3 66 4144
3 56 5920
3 25 1252
3 22 2976
3 53 6074
3 40 4875
3 1 4017
3 14 2836
3 11 4101
3 18 3433
3 26 3891
3 44 3387
3 70 32
3 5 2936
3 28 5505
3 13 1211
3 35 1226
3 29 3654
3 38 200
3 42 1979
3 43 4991
3 15 6041
3 10 4947
3 64 525
3 41 571
3 52 3206
3 54 2664
3 6 1595
3 60 1573
3 47 83
3 55 5213
4 24 358
4 75 2635
4 20 2525
4 6 3520
4 45 6207
4 67 1882
4 63 1475
4 35 3077
4 71 3462
4 14 2809
4 47 4664
4 7 4258
4 23 5740
4 58 3913
4 50 2163
4 65 3143
4 15 2684
4 33 2087
4 51 3539
4 9 3714
4 8 1180
4 54 5643
4 56 3602
4 22 5874
4 26 3649
4 13 1354
4 25 39
4 42 6020
4 64 4231
4 48 1533
4 18 1643
4 74 759
4 1 3924
4 70 1882
4 21 5787
4 16 1822
4 2 1589
4 57 5627
4 69 5016
4 27 2382
4 10 2869
4 30 4830
4 44 118
4 59 6013
4 55 3916
4 17 2309
4 38 5
4 31 2741
4 62 3553
4 53 470
4 36 1579
4 28 5922
4 73 6131
4 32 6112
4 3 848
4 29 902
4 72 1992
4 60 1373
4 61 1535
5 8 2138
5 53 1306
5 67 4057
5 36 2957
5 9 3430
5 69 1404
5 18 1789
5 66 2525
5 73 1200
5 50 4368
5 42 5002
5 13 1420
5 19 2924
5 43 4435
5 37 2509
5 34 2880
5 40 2153
5 26 437
5 60 848
5 7 309
5 20 3948
5 52 3416
5 16 5931
5 10 5016
5 74 786
5 33 5864
5 38 5017
5 59 1515
5 63 5497
5 68 1740
5 28 3583
5 21 2466
5 45 2191
5 4 1448
5 75 789
5 54 1930
5 29 171
5 17 323
5 57 5539
5 61 1812
5 47 6098
5 35 2454
5 23 3018
5 6 3624
5 12 1527
5 1 2445
5 2 5627
5 72 4789
5 25 1785
5 22 3440
5 65 2679
5 24 2842
5 70 3555
5 15 478
5 71 1912
6 50 4283
6 72 556
6 25 4262
6 71 5621
6 33 4176
6 59 2209
6 31 1984
6 69 201
6 5 591
6 28 4411
6 40 4673
6 13 832
6 22 2006
6 18 3717
6 9 1074
6 68 4138
6 49 810
6 56 4570
6 64 2027
6 42 702
6 7 4821
6 62 4153
6 52 2077
6 67 1243
6 44 1791
6 39 693
6 66 604
6 4 655
6 73 4017
6 19 1827
6 54 6057
6 70 1426
6 23 203
6 74 5240
6 20 5826
6 47 3203
6 55 1730
6 2 313
6 14 4230
6 35 3952
6 48 4925
6 58 3917
6 37 448
6 75 1665
6 51 3718
6 30 3558
6 32 2527
6 63 3520
6 60 3355
6 34 3435
6 27 5744
6 53 1317
6 17 3514
6 65 1363
6 57 811
6 43 5577
6 24 939
6 46 2257
6 11 3147
7 10 1100
7 21 799
7 32 1454
7 41 6051
7 12 4437
7 16 4979
7 39 4647
7 11 5100
7 2 2288
7 43 851
7 15 3166
7 30 1647
7 71 3893
7 67 4327
7 64 6048
7 52 6017
7 36 5579
7 22 5466
7 25 3678
7 69 738
7 28 2079
7 29 4613
7 13 4452
7 62 4328
7 6 4183
7 31 5789
7 23 2672
7 3 426
7 47 3403
7 34 5172
7 38 1608
7 48 4192
7 40 949
7 63 3303
7 53 3249
7 33 435
7 4 5715
7 1 2225
7 50 628
7 24 2666
7 54 4503
7 45 4585
7 9 2505
7 37 4260
7 20 2040
7 61 5859
7 14 183
7 70 4637
7 18 2478
7 44 63
7 5 5367
7 73 176
7 57 2087
7 8 3542
7 60 5348
7 72 2656
7 42 441
7 66 4873
7 56 2414
7 26 3667
7 35 4219
8 36 3966
8 32 5516
8 56 5410
8 18 2102
8 9 4016
8 72 5511
8 26 4743
8 74 3548
8 3 74
8 61 1459
8 65 6177
8 31 2969
8 66 3030
8 47 4032
8 12 462
8 63 3775
8 33 308
8 50 173
8 43 4483
8 38 5192
8 16 5429
8 2 682
8 19 1879
8 57 4480
8 39 5058
8 24 1616
8 46 3629
8 10 1382
8 42 4367
8 23 1502
8 44 95
8 67 4353
8 21 5567
8 45 379
8 64 3424
8 68 1139
8 73 2702
8 20 4703
8 11 1303
8 55 3703
8 54 1007
8 71 2328
8 27 2648
8 48 4049
8 17 699
8 25 1272
8 6 2256
8 59 66
8 1 1803
8 13 5172
8 30 1949
8 62 4926
8 5 704
8 49 940
8 52 554
8 70 4587
9 40 4924
9 7 2423
9 57 3771
9 10 5958
9 1 66
9 49 795
9 69 5843
9 37 4389
9 50 5476
9 38 5716
9 55 2696
9 22 5532
9 27 2627
9 29 1816
9 16 3784
9 75 2148
9 48 4136
9 70 718
9 44 476
9 30 5465
9 41 2927
9 46 1095
9 14 6247
9 15 4748
9 24 1850
9 71 4670
9 54 1579
9 58 4368
9 67 4900
9 32 3787
9 68 4755
9 19 5884
9 20 1044
9 17 1046
9 65 6244
9 73 3805
9 74 610
9 21 5308
9 61 4248
9 42 5169
9 60 1177
9 45 5991
9 26 5170
9 25 157
9 35 5052
9 52 6040
9 5 2597
9 63 2141
9 31 2412
9 6 2692
9 23 928
9 47 2995
9 3 1968
9 2 4701
9 72 4008
10 15 624
10 55 4759
10 52 48
10 1 3589
10 72 3584
10 11 1799
10 20 4779
10 21 2898
10 33 3703
10 70 4637
10 71 1012
10 32 1470
10 48 4700
10 18 3443
10 69 454
10 36 5072
10 46 5256
10 13 3327
10 35 1834
10 62 2007
10 16 1630
10 40 6174
10 39 4516
10 58 1867
10 24 1183
10 61 4347
10 59 6224
10 73 5156
10 53 4377
10 38 2560
10 67 1590
10 28 5172
10 54 3060
10 31 4290
10 3 2923
10 44 46
10 5 3649
10 43 16
10 12 5007
10 45 4047
10 14 5087
10 22 2294
10 8 5899
10 56 966
10 4 1675
10 50 1267
10 25 2613
10 34 930
10 29 6186
10 75 3583
10 65 2231
10 74 4708
10 37 5599
10 9 202
10 47 2927
10 27 2386
11 20 3704
11 2 303
11 23 3452
11 45 6258
11 70 980
11 63 1184
11 64 42
11 35 2797
11 16 889
11 4 1944
11 72 1592
11 15 3754
11 58 5402
11 50 5414
11 17 2039
11 10 16
11 69 3573
11 34 3938
11 61 1598
11 3 484
11 29 4812
11 40 6150
11 39 3355
11 13 4127
11 65 2281
11 25 5872
11 27 6202
11 49 2268
11 73 6
11 68 2101
11 7 2812
11 66 3926
11 32 2825
11 26 4998
11 53 3409
11 60 764
11 6 54
11 46 4527
11 44 4999
11 51 2927
11 9 1091
11 5 2077
11 12 3000
11 57 1965
11 22 3881
11 37 6083
11 21 1862
11 28 3997
11 71 5506
11 18 3669
11 43 4680
11 33 5383
11 59 1257
12 48 4118
12 64 454
12 6 3593
12 63 663
12 50 353
12 47 4129
12 44 3882
12 1 3243
12 71 3986
12 40 6228
12 13 1440
12 27 574
12 49 3122
12 70 302
12 75 6251
12 52 1498
12 68 761
12 33 1813
12 74 1726
12 55 6236
12 5 2019
12 3 3072
12 37 742
12 45 5998
12 17 1609
12 43 2390
12 15 1819
12 31 3727
12 20 5777
12 28 5982
12 36 5115
12 30 5463
12 23 3193
12 65 5762
12 57 2384
12 72 3073
12 61 100
12 35 736
12 18 1159
12 16 1783
12 46 1114
12 7 4788
12 41 4388
12 53 3272
12 34 5884
12 9 2355
12 69 4468
12 4 4575
12 24 3329
12 58 358
12 42 2248
12 21 5079
12 51 3505
12 38 3655
12 19 898
12 39 3029
12 32 3869
12 56 5978
13 3 4833
13 45 2222
13 33 1665
13 54 3372
13 41 3911
13 71 5540
13 37 4735
13 56 5865
13 23 5905
13 19 447
13 24 2798
13 70 1608
13 53 75
13 36 6053
13 1 2533
13 29 1205
13 68 1152
13 66 2825
13 17 5933
13 8 1574
13 26 2030
13 35 5619
13 42 5761
13 43 2922
13 55 3328
13 22 3182
13 49 505
13 72 3944
13 34 4957
13 59 6044
13 9 5771
13 50 4362
13 30 1228
13 40 3832
13 4 3617
13 32 2091
13 74 4923
13 38 1917
13 57 2474
13 15 2750
13 14 3377
13 20 2269
13 67 5184
13 5 2475
13 44 4937
13 73 5680
13 27 5934
13 16 3310
13 46 1581
13 51 619
13 18 702
13 65 1118
13 48 244
13 25 855
13 69 3055
13 2 3124
13 62 5553
13 61 363
14 13 5729
14 26 2343
14 19 1657
14 1 256
14 53 5546
14 58 1921
14 46 4619
14 60 2957
14 9 3405
14 6 235
14 66 4503
14 45 967
14 62 2255
14 47 4857
14 75 1370
14 73 1058
14 56 4943
14 4 219
14 35 4758
14 68 5837
14 52 207
14 23 5042
14 71 5854
14 54 4400
14 32 2003
14 2 924
14 17 4021
14 24 6290
14 64 3073
14 57 3422
14 65 2970
14 22 2198
14 55 2008
14 29 1634
14 8 4142
14 16 1234
14 30 2677
14 3 2229
14 37 432
14 31 2982
14 36 5949
14 48 5624
14 72 843
14 38 1478
14 43 3728
14 7 3451
14 15 4628
14 59 827
14 51 132
14 39 4145
14 12 2233
14 69 5100
14 18 5828
14 40 2615
15 70 5430
15 20 6205
15 48 4211
15 39 3319
15 16 4552
15 33 3755
15 67 3064
15 17 5592
15 27 832
15 75 1730
15 59 384
15 62 709
15 7 5619
15 31 2756
15 54 1241
15 68 4820
15 73 1704
15 35 1234
15 74 3936
15 56 5333
15 57 2324
15 23 2464
15 52 1977
15 24 4290
15 47 533
15 32 3979
15 50 30
15 3 419
15 8 5101
15 6 313
15 45 5040
15 37 4592
15 18 2593
15 21 2564
15 40 2131
15 29 146
15 72 4186
15 51 630
15 49 3492
15 11 3325
15 12 2189
15 28 3083
15 44 5948
15 4 2086
15 63 2738
15 53 5161
15 38 48
15 42 264
15 46 5116
15 10 3108
15 22 6139
15 43 4916
15 19 5899
15 9 2169
15 60 5402
15 36 3292
16 52 3732
16 46 5709
16 12 5609
16 11 3422
16 37 5208
16 44 2745
16 19 4554
16 61 3097
16 57 3253
16 41 3500
16 59 6266
16 18 1185
16 32 1348
16 2 1290
16 23 1035
16 6 4581
16 74 5791
16 26 1263
16 62 4555
16 24 5890
16 29 3692
16 43 1882
16 34 6266
16 53 5805
16 36 4533
16 33 4756
16 9 3858
16 67 5615
16 15 1981
16 27 5636
16 7 1030
16 39 227
16 4 3085
16 49 5703
16 72 2593
16 22 4262
16 48 5336
16 31 921
16 66 5139
16 69 5997
16 50 3356
16 40 708
16 38 3390
16 75 6265
16 64 2767
16 30 2503
16 63 5452
16 73 5137
16 1 357
16 8 5968
16 13 2053
16 56 3727
16 70 4070
16 25 3016
17 60 5723
17 49 19
17 58 4499
17 35 2448
17 29 4989
17 52 1987
17 38 2818
17 61 4957
17 46 5777
17 57 3327
17 2 2468
17 41 381
17 65 5366
17 71 200
17 75 5919
17 30 6226
17 59 4655
17 27 1669
17 26 6045
17 7 730
17 28 5031
17 51 1077
17 67 1708
17 13 6283
17 9 2689
17 4 3464
17 36 5965
17 63 3468
17 48 3736
17 23 2492
17 33 1532
17 47 1803
17 21 1596
17 16 4263
17 8 5197
17 56 6025
17 12 5010
17 25 2549
17 69 5301
17 10 4771
17 15 5364
17 34 2589
17 22 3046
17 42 4096
17 70 3792
17 39 4071
17 68 5556
17 54 1643
17 74 3894
17 62 1228
17 24 2817
17 18 1449
17 1 4216
17 6 5327
17 3 4878
17 73 5405
17 14 5753
18 28 1540
18 42 4510
18 5 606
18 57 3161
18 14 963
18 30 4330
18 48 5492
18 44 3991
18 41 1596
18 10 1815
18 4 4805
18 39 3284
18 67 386
18 19 642
18 51 3947
18 58 2904
18 3 4351
18 2 5005
18 17 5084
18 12 2395
18 68 3634
18 29 2128
18 75 2919
18 71 1879
18 15 5719
18 55 1201
18 52 5242
18 49 3660
18 16 3725
18 6 4562
18 74 1910
18 72 3978
18 60 701
18 24 840
18 32 377
18 53 1930
18 1 4744
18 22 6277
18 62 4662
18 34 3395
18 9 4777
18 59 3320
18 56 4189
18 43 2816
18 70 4658
18 69 6276
18 65 5247
18 26 3036
18 46 4794
18 61 5799
18 36 3347
18 23 1491
18 11 444
18 45 2600
18 63 2463
18 31 1197
19 60 530
19 47 4690
19 28 1753
19 37 701
19 46 4135
19 62 5994
19 63 1668
19 29 3929
19 14 2961
19 38 5913
19 20 324
19 31 5945
19 71 6110
19 56 5367
19 35 1396
19 1 536
19 73 4565
19 13 122
19 75 2718
19 36 901
19 10 1979
19 17 3296
19 69 949
19 64 1984
19 27 4790
19 9 410
19 32 4609
19 8 3031
19 55 5336
19 72 5795
19 12 5102
19 45 4566
19 52 4166
19 30 4628
19 48 3043
19 26 5721
19 18 3898
19 43 5396
19 39 5932
19 58 1438
19 67 258
19 22 176
19 5 4514
19 11 4800
19 57 622
19 54 5303
19 65 5800
19 7 5198
19 61 4387
19 21 1892
19 68 3191
19 40 1037
19 3 1019
19 74 1838
19 34 784
19 15 644
19 49 4911
20 50 3528
20 65 1115
20 23 4383
20 55 3899
20 25 5714
20 53 4834
20 41 4431
20 70 2471
20 28 1286
20 63 1628
20 60 5225
20 58 737
20 72 471
20 73 4948
20 1 4955
20 34 5119
20 12 4330
20 33 2577
20 46 6087
20 36 3961
20 59 1039
20 61 4321
20 17 854
20 38 4532
20 29 4843
20 3 3705
20 5 2871
20 22 5438
20 18 3338
20 71 485
20 15 1258
20 16 3357
20 67 4608
20 27 1560
20 69 6053
20 13 3084
20 40 4574
20 24 1224
20 51 1262
20 66 1009
20 19 1203
20 39 3877
20 9 3655
20 7 151
20 57 4432
20 26 3556
20 74 361
20 6 5636
20 56 2911
20 54 1499
20 37 2771
20 52 5486
20 31 3128
20 8 1470
21 50 2339
21 24 2765
21 11 965
21 71 1880
21 43 526
21 46 1972
21 16 316
21 20 6111
21 60 4742
21 38 3608
21 40 2381
21 53 4641
21 10 2280
21 4 6147
21 42 1088
21 41 1645
21 29 4612
21 49 4092
21 23 6208
21 67 2644
21 55 5199
21 70 5567
21 59 4819
21 68 979
21 58 358
21 22 4876
21 19 598
21 57 1105
21 7 1978
21 63 3767
21 25 2780
21 61 3867
21 15 5045
21 34 262
21 35 3478
21 12 1055
21 54 3123
21 1 6160
21 65 5149
21 69 6071
21 27 1155
21 75 2151
21 28 1459
21 18 5160
21 44 1560
21 48 39
21 36 1425
21 2 2474
21 39 1383
21 31 4156
21 30 4900
21 47 186
21 51 6043
21 52 1526
21 62 1524
21 56 248
21 26 2867
21 45 3328
21 5 274
22 38 3095
22 26 4976
22 8 1162
22 50 2252
22 48 4121
22 75 414
22 23 749
22 2 619
22 24 1710
22 54 5755
22 9 6264
22 37 5948
22 69 2647
22 59 4788
22 64 1598
22 62 5648
22 20 543
22 63 3074
22 25 3391
22 53 1627
22 14 766
22 5 4640
22 3 5041
22 10 1907
22 57 3454
22 29 4194
22 15 3209
22 74 5858
22 70 5185
22 61 1803
22 19 5354
22 58 3786
22 16 4499
22 51 3559
22 65 109
22 40 5998
22 1 3693
22 11 5465
22 55 248
22 68 1582
22 18 4626
22 6 4619
22 71 5398
22 27 2452
22 28 6146
22 12 2983
22 30 1406
22 67 1005
22 56 6112
22 7 4817
22 43 1338
23 5 1210
23 70 2543
23 48 6101
23 73 6164
23 58 2562
23 51 5330
23 29 11
23 68 5450
23 65 4923
23 14 6129
23 41 2433
23 15 5169
23 2 73
23 18 898
23 54 999
23 12 4461
23 57 1511
23 30 1194
23 1 4250
23 32 712
23 67 2991
23 34 1628
23 27 833
23 16 1128
23 35 3974
23 47 5816
23 45 678
23 17 4405
23 31 1976
23 4 728
23 22 122
23 60 3686
23 43 6000
23 62 528
23 26 903
23 9 3269
23 64 5189
23 33 4181
23 66 420
23 52 5854
23 56 4850
23 39 5898
23 3 898
23 71 4324
23 21 5294
23 61 1505
23 75 3918
23 28 5167
23 37 2402
23 42 646
23 38 305
23 46 6294
23 40 3680
24 27 2339
24 32 1205
24 5 115
24 23 4109
24 26 3505
24 45 3309
24 42 506
24 9 5283
24 54 5188
24 1 3417
24 19 4983
24 65 6038
24 10 6175
24 40 2559
24 18 1039
24 14 5952
24 11 1978
24 69 6266
24 28 3883
24 46 3263
24 64 4475
24 3 1421
24 52 4223
24 16 2190
24 58 3133
24 50 3630
24 67 599
24 15 4228
24 8 3168
24 60 3317
24 38 657
24 75 403
24 71 2060
24 53 1096
24 74 1806
24 51 1814
24 36 4473
24 70 965
24 12 5072
24 39 5959
24 59 5211
24 72 4496
24 4 3133
24 49 4921
24 55 5659
24 57 5157
24 34 3960
24 13 1485
24 33 1013
24 63 6018
24 17 3590
24 7 4974
24 35 295
24 47 1994
24 48 1428
24 43 5253
24 41 831
24 66 3275
24 22 5413
25 60 1112
25 46 1783
25 70 1996
25 51 4203
25 63 5300
25 13 2805
25 26 313
25 18 2785
25 12 3874
25 33 1455
25 66 1326
25 74 6272
25 21 4220
25 67 142
25 4 1468
25 9 5130
25 30 5264
25 36 1578
25 49 6148
25 14 3380
25 35 4480
25 31 1235
25 10 5275
25 45 5634
25 47 124
25 29 4637
25 71 4887
25 65 3786
25 59 1129
25 55 2372
25 64 3099
25 50 2178
25 58 5099
25 75 895
25 32 5178
25 68 2433
25 2 2723
25 69 3495
25 42 4892
25 73 3044
25 1 3152
25 72 2781
25 44 3574
25 34 2845
25 19 2962
25 38 5101
25 37 2962
25 5 4369
25 62 860
25 22 5753
25 6 2397
25 43 5524
25 11 2781
25 16 322
25 54 3039
25 40 2316
25 3 6035
25 23 3853
26 47 646
26 62 2917
26 53 2515
26 31 815
26 17 1225
26 41 1604
26 42 4876
26 50 3839
26 36 3836
26 30 1716
26 48 826
26 22 470
26 10 4047
26 35 2878
26 6 975
26 61 1100
26 57 2377
26 23 1380
26 19 735
26 67 2508
26 74 4143
26 70 5913
26 46 1852
26 34 4366
26 44 4307
26 15 2308
26 40 2244
26 58 2417
26 49 3967
26 71 2666
26 60 4430
26 28 4428
26 37 1991
26 51 6008
26 45 1809
26 32 3079
26 24 2290
26 9 839
26 75 3291
26 5 1353
26 65 251
26 2 1321
26 4 324
26 7 4995
26 11 2080
26 56 1682
26 59 82
26 8 2191
26 12 2826
26 33 5851
26 13 5016
26 29 4342
26 64 13
26 14 4182
26 43 536
26 66 298
27 23 5363
27 38 4001
27 43 578
27 70 2212
27 66 2090
27 5 4511
27 63 215
27 14 324
27 49 2199
27 3 3649
27 26 4706
27 50 2856
27 34 1046
27 13 1115
27 2 883
27 54 5605
27 36 4797
27 17 3253
27 39 4191
27 55 376
27 22 5193
27 53 1908
27 48 5559
27 12 4894
27 67 3024
27 7 1767
27 32 4710
27 64 4976
27 11 2048
27 30 1017
27 35 6274
27 62 1157
27 15 2968
27 28 3632
27 16 1173
27 57 430
27 59 3193
27 9 4963
27 6 1693
27 51 4052
27 33 1919
27 45 4308
27 73 5057
27 56 3674
27 60 5257
27 37 5389
27 41 4597
27 71 5089
27 4 772
27 65 2486
27 68 4227
27 72 2348
27 8 1544
28 47 503
28 74 4012
28 64 236
28 44 4683
28 31 1
28 37 3592
28 70 764
28 41 6065
28 38 400
28 24 5526
28 2 2868
28 9 2323
28 15 4706
28 29 4110
28 59 4455
28 54 938
28 72 5752
28 46 4345
28 48 1624
28 35 420
28 42 4804
28 27 1466
28 51 5492
28 12 5342
28 16 2539
28 43 6056
28 58 884
28 32 4425
28 50 1539
28 55 1670
28 11 5537
28 65 6285
28 49 1772
28 34 5018
28 7 6125
28 10 4036
28 22 2363
28 33 3320
28 60 4913
28 30 2452
28 20 3736
28 5 5686
28 25 1506
28 75 4777
28 26 4700
28 19 3992
28 53 4150
28 63 1943
29 31 3947
29 5 692
29 19 1465
29 65 6154
29 17 1108
29 9 2454
29 39 1857
29 46 4326
29 12 4111
29 42 3819
29 14 264
29 33 3715
29 66 771
29 32 801
29 43 3017
29 60 5907
29 69 4059
29 51 3456
29 4 5227
29 48 3838
29 73 2497
29 54 6243
29 59 4339
29 23 6123
29 56 2264
29 13 946
29 40 2946
29 38 4012
29 20 2729
29 72 186
29 28 1473
29 57 1363
29 67 4297
29 45 6133
29 53 2905
29 25 5076
29 61 664
29 52 5410
29 30 782
29 6 1453
29 41 1982
29 11 463
29 22 2755
29 8 510
29 50 3192
29 55 1196
29 70 2838
29 36 2278
29 2 1870
29 18 4712
29 44 5248
29 34 1066
29 49 1983
29 68 3044
30 65 3402
30 37 2752
30 68 6218
30 67 6277
30 58 6243
30 57 1508
30 44 2650
30 14 5507
30 8 5682
30 3 4699
30 64 4156
30 20 5251
30 35 5930
30 16 5466
30 10 2487
30 7 3939
30 71 4415
30 13 4912
30 2 3259
30 33 4147
30 73 3902
30 60 5890
30 42 5874
30 51 3106
30 69 2419
30 72 5116
30 15 4586
30 22 2774
30 36 6295
30 70 147
30 48 3259
30 23 139
30 50 5559
30 47 2975
30 66 6020
30 49 1368
30 1 5566
30 28 3717
30 75 4721
30 39 5907
30 25 5638
30 62 947
30 19 3871
30 40 697
30 29 4298
30 43 4790
30 21 2777
30 53 3370
30 11 2513
30 56 3338
30 41 2213
30 45 3840
31 9 3036
31 6 2205
31 55 2742
31 75 2352
31 12 6291
31 41 5647
31 13 1108
31 7 262
31 59 1727
31 50 3521
31 5 1283
31 40 1146
31 68 1465
31 38 4006
31 67 2614
31 62 5791
31 4 3047
31 22 5442
31 14 1121
31 64 2422
31 39 3054
31 18 3666
31 10 5240
31 49 3406
31 53 3721
31 8 2491
31 1 5378
31 56 284
31 24 2328
31 35 4227
31 42 2402
31 73 4860
31 74 711
31 11 3218
31 69 3364
31 20 4397
31 57 2647
31 44 3563
31 32 4624
31 63 1746
31 3 5282
31 65 4554
31 70 473
31 58 4897
31 43 5489
31 51 3823
31 17 4540
31 71 1919
31 66 3476
31 47 5499
31 28 5407
31 46 3627
31 54 4494
31 30 6274
31 2 2917
31 19 5240
31 25 6101
32 72 5339
32 21 5627
32 67 2430
32 4 3764
32 44 4988
32 66 2708
32 24 2241
32 15 5696
32 14 6284
32 50 5304
32 63 2618
32 39 5459
32 19 2857
32 3 2185
32 1 504
32 74 5915
32 60 3476
32 33 826
32 9 1224
32 31 4743
32 51 876
32 6 1812
32 69 3796
32 75 5834
32 10 1309
32 71 3854
32 65 4051
32 16 4242
32 56 3420
32 37 2384
32 68 2753
32 38 5872
32 26 4453
32 40 484
32 5 1261
32 29 5209
32 20 1835
32 64 2586
32 36 1520
32 57 4425
32 55 3748
32 30 5860
32 12 6172
32 27 6094
32 73 5649
32 11 163
32 47 6138
32 48 6007
32 7 4869
32 41 5147
33 22 1395
33 57 2340
33 64 3219
33 55 2120
33 21 5818
33 74 1001
33 20 2941
33 75 5534
33 14 4699
33 4 970
33 62 2549
33 71 99
33 5 6084
33 50 6117
33 67 2132
33 25 4048
33 56 1823
33 61 5740
33 1 3975
33 58 392
33 48 4623
33 37 4349
33 73 2813
33 12 270
33 16 4984
33 9 3647
33 35 3217
33 44 1386
33 53 2585
33 26 584
33 15 5429
33 41 5062
33 47 5211
33 59 5434
33 23 410
33 8 5929
33 11 2915
33 13 2888
33 18 2910
33 43 65
33 49 103
33 60 1163
33 29 4236
33 30 3990
33 10 5906
33 2 803
33 54 1093
33 70 1167
34 71 783
34 28 2636
34 56 5545
34 38 4751
34 69 1375
34 29 5896
34 25 2661
34 63 1239
34 41 3903
34 8 5484
34 27 177
34 20 2056
34 49 6145
34 4 2486
34 74 4049
34 22 557
34 37 5323
34 15 294
34 11 153
34 24 583
34 30 3040
34 50 5108
34 57 4090
34 44 5799
34 73 5596
34 35 2999
34 68 2188
34 31 3352
34 23 2560
34 39 6182
34 66 597
34 47 3585
34 48 4450
34 72 2721
34 12 1561
34 19 665
34 40 1704
34 43 4002
34 64 5974
34 45 2105
34 51 2999
34 54 4226
34 16 1172
34 58 2781
34 33 5493
34 55 3354
34 46 3005
34 67 3166
34 13 4725
34 3 4409
34 61 4086
34 5 5292
35 31 4423
35 23 4035
35 21 4644
35 70 3005
35 45 5395
35 27 1896
35 12 6298
35 26 505
35 47 5543
35 2 3962
35 59 4930
35 17 1768
35 51 678
35 20 2640
35 16 4728
35 4 4616
35 67 1772
35 49 5636
35 56 1273
35 69 1269
35 66 2597
35 18 859
35 44 826
35 24 4576
35 50 6296
35 19 3242
35 53 1175
35 39 2610
35 33 6093
35 48 4917
35 72 1569
35 42 4306
35 40 4121
35 11 1555
35 63 1534
35 5 6065
35 34 3467
35 52 5989
35 61 2876
35 6 3871
35 30 417
35 14 5211
35 7 4604
35 22 5477
35 28 1884
35 10 5091
35 8 3904
35 9 2612
35 55 621
35 13 1536
35 43 5414
35 3 3484
35 68 4112
35 57 1257
35 25 5805
35 58 2031
35 29 5685
35 60 1171
35 37 5170
36 59 4715
36 34 146
36 53 1050
36 37 1203
36 69 3130
36 38 1945
36 63 1279
36 65 3337
36 23 3976
36 3 2066
36 24 3733
36 5 2214
36 1 3768
36 29 601
36 51 2402
36 9 787
36 20 1458
36 67 4305
36 48 6215
36 25 329
36 4 4720
36 72 1890
36 14 2628
36 33 1594
36 49 3707
36 21 4720
36 13 5274
36 39 1123
36 40 2981
36 47 2035
36 15 2776
36 62 4039
36 66 4004
36 44 4642
36 6 1289
36 22 2850
36 73 1041
36 7 2238
36 41 3184
36 56 2417
36 26 5805
36 54 1550
36 46 4986
36 55 3184
36 50 4975
36 58 2241
36 64 2172
36 75 2489
36 32 2734
36 27 458
36 61 3114
36 42 3437
36 17 4359
36 57 2853
36 16 4860
36 71 4380
36 45 3475
36 31 2734
36 11 302
36 30 4403
36 10 175
37 5 876
37 35 541
37 41 2559
37 21 3759
37 18 3127
37 74 4303
37 23 4853
37 44 3680
37 14 5115
37 20 213
37 52 2014
37 32 6273
37 7 3444
37 53 5996
37 51 5475
37 6 78
37 69 2772
37 3 770
37 26 4625
37 28 4696
37 13 5249
37 61 440
37 33 306
37 25 5784
37 4 4267
37 36 4460
37 10 2294
37 29 4395
37 64 4447
37 62 6300
37 2 3997
37 47 2204
37 71 5705
37 8 5072
37 12 3203
37 31 3738
37 67 1451
37 43 613
37 63 3316
37 16 707
37 57 3914
37 27 1326
37 65 1202
37 75 5775
37 46 4597
37 56 1436
37 11 269
37 17 2734
37 38 4650
37 66 5027
37 48 735
37 54 5117
37 34 3679
37 49 5282
37 42 4915
37 55 964
37 40 6006
38 34 2708
38 8 2847
38 39 1284
38 71 1809
38 9 5857
38 3 2826
38 68 3136
38 72 1819
38 30 1315
38 26 5725
38 42 3276
38 45 5086
38 5 162
38 41 6233
38 54 4928
38 49 6191
38 53 4440
38 25 5747
38 64 3146
38 48 1568
38 75 6053
38 63 5968
38 65 3462
38 14 4639
38 31 1387
38 22 3041
38 37 2437
38 32 2294
38 7 3267
38 58 2383
38 50 4564
38 43 990
38 47 425
38 27 2510
38 61 5524
38 67 6061
38 18 4082
38 73 3344
38 52 5010
38 23 4907
38 59 185
38 70 3190
38 21 4966
38 35 5439
38 4 1522
38 62 4339
38 29 1549
38 66 6276
38 56 4030
38 10 149
39 64 3191
39 56 5133
39 67 2688
39 66 2437
39 30 1809
39 4 5313
39 72 5882
39 11 122
39 52 1348
39 50 2492
39 63 5612
39 6 472
39 2 5782
39 42 2546
39 15 3890
39 23 3473
39 26 158
39 40 5636
39 35 344
39 20 1364
39 55 2802
39 10 620
39 38 4179
39 54 780
39 19 1364
39 22 672
39 60 5891
39 1 321
39 24 4073
39 21 6058
39 32 345
39 47 5167
39 17 2029
39 12 6099
39 48 1475
39 34 5203
39 9 1813
39 53 3922
39 29 2262
39 8 358
39 37 3294
39 31 3070
39 46 2960
39 33 2440
39 43 3884
39 59 3401
39 25 148
39 71 4028
39 51 3866
39 28 5934
39 62 463
39 14 5879
39 44 1914
39 57 1289
39 74 5030
39 61 5892
39 5 2913
40 52 1560
40 44 6049
40 58 3193
40 18 5978
40 45 4037
40 73 4151
40 54 5088
40 29 2421
40 25 4280
40 72 786
40 35 856
40 37 1253
40 43 6159
40 53 3400
40 30 5051
40 66 650
40 20 1095
40 9 3299
40 41 4072
40 36 2694
40 39 1924
40 57 1138
40 24 1328
40 60 347
40 13 1313
40 61 1702
40 32 1073
40 1 1672
40 69 1847
40 70 1845
40 62 4520
40 51 4821
40 10 1210
40 33 4249
40 49 3281
40 7 97
40 65 454
40 71 2194
40 50 3645
40 8 4573
40 5 3138
40 17 2233
40 67 5695
40 21 2391
40 34 622
40 47 2220
40 11 2932
40 31 158
40 23 6021
40 3 5428
40 14 2323
40 38 5569
40 46 1834
40 56 2411
40 28 3539
40 12 4027
40 19 29
40 75 3664
41 71 3712
41 1 4702
41 70 6179
41 56 4012
41 18 1303
41 34 1142
41 30 5512
41 42 4176
41 38 4492
41 23 2203
41 47 3544
41 62 5182
41 67 3554
41 19 716
41 58 976
41 54 4024
41 5 3370
41 10 1570
41 28 1640
41 7 2651
41 15 3138
41 4 2510
41 50 846
41 39 1291
41 35 1228
41 73 1930
41 31 679
41 60 4476
41 59 563
41 43 4529
41 72 794
41 36 4365
41 12 4287
41 22 1792
41 13 6264
41 52 670
41 25 1049
41 65 108
41 2 2870
41 53 1022
41 33 1065
41 40 4966
41 44 2641
41 6 5690
41 17 1471
41 29 3641
41 21 1024
41 20 3825
41 32 5259
41 66 2491
41 75 2370
41 26 683
41 68 2428
41 69 4502
41 37 2244
42 70 272
42 48 3444
42 46 385
42 6 3445
42 66 4058
42 9 3801
42 14 4136
42 44 4317
42 12 5878
42 35 5483
42 56 329
42 8 2612
42 15 2621
42 67 5478
42 31 5907
42 24 2631
42 53 5014
42 54 5062
42 5 2601
42 65 3438
42 55 2078
42 25 2598
42 26 4272
42 2 1339
42 36 6102
42 52 3545
42 64 6014
42 20 2908
42 34 3719
42 57 559
42 18 4172
42 7 4944
42 50 5860
42 72 4108
42 27 2692
42 33 2097
42 75 900
42 29 4723
42 43 3053
42 63 5584
42 32 5257
42 73 2469
42 3 2999
42 69 4877
42 68 4522
42 23 1061
42 19 3682
42 58 3537
42 13 4495
42 1 656
42 74 5202
42 39 1273
42 10 1490
42 28 5556
43 70 4061
43 10 1434
43 45 3917
43 16 5900
43 31 121
43 42 2608
43 34 1353
43 49 1739
43 21 195
43 29 3907
43 58 2218
43 8 4579
43 46 3675
43 2 2033
43 73 5065
43 30 1290
43 5 5663
43 55 5334
43 47 3138
43 26 4662
43 23 989
43 53 1377
43 27 3732
43 56 439
43 25 1386
43 33 5402
43 28 1724
43 57 2765
43 59 3831
43 13 5788
43 71 2896
43 22 4481
43 17 5739
43 41 5642
43 6 352
43 4 2278
43 52 5621
43 3 4228
43 32 5071
43 44 20
43 51 3276
43 7 4214
43 15 2217
43 39 3543
43 20 2978
43 68 4470
43 12 624
43 63 4460
43 67 2772
43 61 3294
43 75 6089
43 64 4712
43 38 4170
43 74 3140
43 66 3446
43 62 4356
43 40 1298
43 11 5061
43 54 429
44 43 4516
44 28 6033
44 5 5044
44 8 5299
44 41 4889
44 67 4808
44 38 400
44 21 5251
44 18 2874
44 31 263
44 45 127
44 15 5375
44 53 5899
44 66 3907
44 56 3029
44 10 4650
44 72 824
44 22 1380
44 74 2366
44 62 624
44 54 3736
44 37 3135
44 39 3644
44 58 5849
44 52 2644
44 29 5652
44 1 686
44 75 6230
44 42 4458
44 14 3701
44 34 5532
44 51 1572
44 46 1953
44 47 6160
44 48 5306
44 24 3734
44 71 4071
44 20 6234
44 60 643
44 17 5738
44 30 3704
44 4 1882
44 7 5837
44 33 3099
44 70 3233
44 19 4847
44 35 1009
44 2 1913
44 40 5817
44 69 1190
44 55 5492
44 6 844
44 12 684
44 50 5785
44 49 2905
44 57 1399
44 16 3082
44 26 3469
45 26 218
45 69 1171
45 66 5316
45 4 3970
45 75 2112
45 35 6278
45 27 649
45 23 37
45 49 1939
45 60 1608
45 67 2198
45 64 598
45 18 5606
45 61 4282
45 30 7
45 41 3859
45 37 4749
45 21 1197
45 14 4011
45 34 2935
45 53 5966
45 7 3582
45 44 2719
45 22 6147
45 12 814
45 6 4512
45 39 3363
45 20 5833
45 50 3117
45 54 5977
45 57 4562
45 5 4642
45 28 3231
45 19 1738
45 55 4267
45 15 139
45 42 2915
45 58 1009
45 51 5372
45 32 4294
45 1 2354
45 17 6126
45 8 2372
45 38 4613
45 43 1434
45 25 1457
45 2 5606
45 68 3063
45 56 2761
45 47 367
45 31 4834
45 71 1996
45 24 1864
46 75 6262
46 31 2759
46 23 3491
46 59 1309
46 58 4571
46 74 4479
46 36 5458
46 65 2110
46 56 6166
46 68 1009
46 12 5187
46 57 2401
46 13 4231
46 54 3179
46 73 1901
46 38 332
46 52 4977
46 33 1987
46 67 2213
46 8 5883
46 44 2700
46 69 5328
46 70 147
46 20 3487
46 55 4754
46 3 4991
46 22 5943
46 17 573
46 28 2690
46 49 2174
46 42 2264
46 62 4614
46 19 2290
46 53 5057
46 4 227
46 32 3178
46 11 5964
46 18 5377
46 10 2717
46 7 5007
46 16 2927
46 40 283
46 30 4390
46 24 105
46 60 4302
46 14 4764
46 6 982
46 66 1566
46 15 5476
46 45 105
46 48 1127
46 51 4388
46 29 2925
46 21 4297
46 26 1665
46 37 4699
47 52 5478
47 63 3411
47 60 6075
47 72 5467
47 45 5325
47 43 4356
47 74 4511
47 54 2461
47 67 5828
47 23 336
47 26 2712
47 51 4692
47 42 194
47 53 3227
47 49 862
47 36 2737
47 27 973
47 14 3122
47 70 2073
47 65 1176
47 35 5271
47 44 2225
47 18 3793
47 58 3756
47 68 4085
47 61 4785
47 8 1142
47 46 3470
47 10 4139
47 48 1358
47 69 2294
47 16 790
47 32 5324
47 17 1659
47 5 674
47 22 5082
47 33 4019
47 37 5076
47 71 1751
47 20 3490
47 1 3786
47 73 3872
47 21 1779
47 11 3571
47 13 1601
47 9 455
47 56 4993
47 15 2484
47 31 2900
47 12 3449
47 40 3899
47 62 3153
47 6 3381
47 4 2810
47 28 4331
47 7 603
47 38 2632
48 61 5765
48 5 2426
48 24 4639
48 12 2920
48 55 6202
48 66 2956
48 45 2557
48 21 948
48 15 3894
48 18 5430
48 63 3376
48 1 6070
48 14 5127
48 67 2191
48 33 6246
48 49 3774
48 7 6268
48 27 751
48 74 4020
48 46 5051
48 4 4131
48 64 3860
48 28 4571
48 62 5773
48 34 3199
48 6 2136
48 36 4715
48 10 558
48 70 1315
48 50 1271
48 72 2493
48 40 1205
48 75 3844
48 25 3298
48 13 1006
48 59 1094
48 42 2508
48 17 531
48 54 818
48 31 1016
48 23 3709
48 52 4638
48 47 419
48 68 1159
48 30 2384
48 29 3622
48 11 832
48 41 5369
48 20 3352
48 65 1500
48 53 493
48 39 3212
49 37 5712
49 35 3337
49 30 1483
49 27 3039
49 58 6023
49 32 4808
49 64 3284
49 61 4150
49 36 2161
49 12 4435
49 69 5975
49 25 4537
49 16 1951
49 6 4261
49 39 2762
49 70 3287
49 46 5438
49 48 2954
49 72 5969
49 54 5046
49 22 1895
49 43 4852
49 20 2417
49 71 1046
49 13 5120
49 17 1377
49 51 4348
49 7 790
49 26 4569
49 59 5014
49 65 2356
49 4 5389
49 75 4697
49 14 4834
49 42 3650
49 31 4526
49 18 4379
49 50 5330
49 55 4581
49 68 1128
49 1 4947
49 41 3901
49 38 2711
49 5 4192
49 73 2421
49 40 241
49 56 1634
49 62 4315
49 21 3158
49 45 613
49 9 2702
49 2 5851
49 44 4526
49 52 2290
49 60 5608
50 12 824
50 28 1364
50 33 2429
50 72 1452
50 2 2048
50 49 6246
50 63 4706
50 1 1365
50 5 2388
50 36 5394
50 56 1097
50 52 2387
50 65 227
50 57 4523
50 40 2009
50 10 155
50 74 793
50 30 5942
50 62 5570
50 54 1950
50 23 1467
50 51 351
50 55 4414
50 15 4633
50 27 2280
50 53 4332
50 9 4588
50 44 4801
50 32 3476
50 17 4918
50 59 2635
50 64 348
50 7 2390
50 34 5892
50 29 2998
50 41 4413
50 45 3886
50 60 3156
50 20 3326
50 11 4892
50 22 2286
50 35 73
50 43 1360
50 13 5249
50 69 5825
50 58 14
50 24 494
50 37 2400
50 18 854
50 31 6195
50 47 1527
50 21 2412
50 61 3996
50 6 1334
50 16 3495
50 14 739
50 38 2377
50 70 53
50 67 5318
50 68 1436
50 8 1597
51 62 5011
51 53 2732
51 26 272
51 37 1597
51 39 3453
51 12 1771
51 50 1101
51 43 3187
51 5 4714
51 35 5840
51 31 4232
51 68 2094
51 54 3126
51 22 3797
51 57 2026
51 32 2038
51 16 6198
51 65 2344
51 34 5335
51 63 1675
51 45 924
51 30 6089
51 15 748
51 6 685
51 18 5624
51 25 5143
51 52 3171
51 21 3653
51 67 5280
51 8 1337
51 1 3147
51 33 1463
51 42 1102
51 23 5770
51 28 3899
51 74 2036
51 71 464
51 20 4041
51 38 4281
51 64 6274
51 58 221
51 2 5925
51 56 1515
51 11 4606
51 10 1083
51 41 3630
51 59 6116
51 27 3481
51 69 160
51 19 4467
51 40 656
51 75 4863
51 4 4534
51 61 3014
51 55 4258
52 11 6104
52 5 5723
52 75 11
52 21 382
52 49 4749
52 19 1244
52 10 4466
52 40 5526
52 65 3116
52 55 5704
52 62 1152
52 54 5881
52 73 2370
52 20 2417
52 15 3545
52 60 3766
52 28 375
52 66 3450
52 9 2556
52 3 3127
52 71 4879
52 30 372
52 46 746
52 61 4272
52 2 2935
52 6 3319
52 39 3823
52 18 2927
52 45 1583
52 70 6218
52 29 3898
52 33 6271
52 26 203
52 51 3591
52 13 1084
52 64 4011
52 8 2937
52 72 526
52 35 2786
52 4 5230
52 57 6054
52 24 1896
52 47 5803
52 48 2608
52 36 3768
52 67 5080
52 25 1747
52 50 2201
52 59 5639
52 69 1063
52 16 2286
52 32 3943
52 68 1163
52 53 3371
52 7 4197
52 43 2961
53 58 2044
53 15 1187
53 30 131
53 34 4094
53 73 1255
53 43 5640
53 17 461
53 57 5816
53 37 893
53 52 2689
53 36 4829
53 27 6054
53 2 4118
53 66 407
53 20 5166
53 48 126
53 75 3316
53 6 996
53 21 2039
53 13 3536
53 45 4647
53 39 1898
53 72 4193
53 26 2036
53 8 4164
53 40 6134
53 59 622
53 4 5155
53 54 4063
53 22 4471
53 49 6143
53 25 1935
53 23 357
53 33 5970
53 56 1890
53 74 5626
53 10 3402
53 55 5190
53 32 5410
53 11 1601
53 1 38
53 63 2178
53 35 1707
53 18 5854
53 41 4634
53 19 3811
53 68 3600
53 14 2532
53 7 516
53 67 1489
53 65 243
53 29 2489
53 47 2588
53 16 5166
54 19 1511
54 33 3707
54 53 4756
54 47 5325
54 63 1580
54 71 2593
54 59 5817
54 68 6048
54 51 5985
54 37 5979
54 35 5388
54 39 1429
54 75 810
54 23 310
54 67 1200
54 45 4384
54 16 5032
54 73 1224
54 44 2661
54 58 2238
54 50 5446
54 60 959
54 43 1283
54 30 2748
54 40 2396
54 52 1233
54 18 959
54 34 1770
54 3 6210
54 4 2544
54 27 5553
54 14 5306
54 7 5753
54 64 2859
54 1 1336
54 55 3956
54 26 1588
54 72 1768
54 13 4542
54 25 3172
54 69 1213
54 6 2584
54 17 5893
54 46 379
54 21 3025
54 28 5272
54 24 1262
54 65 1480
54 12 1573
54 42 3034
54 36 3571
54 62 865
54 20 1519
54 56 996
54 66 2634
54 2 1649
54 38 6119
54 74 2613
54 22 3770
54 10 1043
54 32 2523
55 36 1701
55 32 1943
55 62 903
55 60 5809
55 61 2989
55 25 1710
55 53 4804
55 19 857
55 2 1912
55 14 5732
55 37 4113
55 44 5689
55 35 6137
55 39 1027
55 31 4429
55 6 4605
55 51 5523
55 48 5376
55 65 6
55 72 4811
55 26 1668
55 5 269
55 69 5043
55 73 1151
55 3 5589
55 71 3799
55 58 3907
55 67 2145
55 43 721
55 20 3927
55 38 1311
55 45 1665
55 22 3105
55 11 5342
55 66 907
55 15 5104
55 9 3781
55 56 4702
55 1 1198
55 10 5635
55 54 6142
55 40 4860
55 63 3810
55 27 813
55 75 2165
55 47 5594
55 42 5513
55 12 2110
55 13 3838
55 7 616
55 21 204
56 7 3293
56 10 3526
56 55 5648
56 72 3411
56 16 3217
56 69 2059
56 18 4824
56 43 3725
56 34 908
56 29 1634
56 6 2009
56 46 5722
56 52 2014
56 37 5530
56 28 4780
56 54 4394
56 23 4683
56 44 5011
56 63 5498
56 41 2703
56 9 1940
56 70 2588
56 30 2909
56 20 2806
56 25 3287
56 26 2064
56 24 1239
56 14 1668
56 36 4931
56 22 3689
56 59 6053
56 2 4609
56 68 5537
56 64 13
56 15 1438
56 51 3152
56 61 5404
56 40 5489
56 17 2856
56 50 3912
56 11 4126
56 49 5406
56 58 4561
56 8 5504
56 35 1258
56 47 483
56 67 4271
56 3 755
56 66 2450
56 32 3482
56 39 4498
56 60 62
56 62 5098
56 74 140
56 71 2503
56 53 2414
56 1 508
56 65 1604
56 31 6227
57 66 4619
57 41 3661
57 26 426
57 5 567
57 17 3724
57 64 6086
57 7 4074
57 9 3882
57 25 3467
57 1 1423
57 11 2966
57 2 1481
57 50 3155
57 32 6125
57 48 1160
57 71 5448
57 4 4134
57 53 1410
57 10 1509
57 22 5662
57 51 5029
57 37 605
57 30 4160
57 58 2956
57 45 4143
57 40 6271
57 63 1362
57 68 3900
57 15 1673
57 21 1397
57 46 669
57 72 5667
57 18 5508
57 55 3581
57 60 5403
57 65 2198
57 61 2276
57 75 5844
57 70 3841
57 56 5548
57 33 3211
57 3 5373
57 38 3065
57 62 3319
57 69 392
57 49 5744
57 13 5115
57 8 4537
57 14 81
57 6 3298
57 24 1630
57 19 1922
58 18 6039
58 55 3002
58 39 849
58 75 1682
58 14 5015
58 11 2615
58 33 1010
58 3 5792
58 69 4810
58 74 6179
58 54 5082
58 59 4887
58 25 3663
58 40 2299
58 60 5966
58 57 1494
58 45 706
58 5 5293
58 62 3359
58 21 490
58 67 3578
58 7 457
58 16 2471
58 61 1242
58 32 241
58 31 4645
58 42 5952
58 26 725
58 30 1189
58 50 5844
58 63 3414
58 22 5407
58 10 540
58 37 2282
58 27 3402
58 2 3670
58 29 1835
58 34 5129
58 15 36
58 64 5632
58 38 5277
58 48 4104
58 46 4577
58 41 4388
58 47 2021
58 44 4088
58 51 3624
58 70 1099
58 72 422
58 28 5026
58 20 1789
58 43 2512
58 49 615
58 73 1406
58 8 5277
58 35 1384
58 17 6263
58 68 4173
58 65 189
58 6 599
59 44 6059
59 40 4326
59 62 3622
59 75 1502
59 47 5052
59 53 48
59 63 4293
59 70 3835
59 64 1385
59 61 2491
59 17 187
59 27 1907
59 33 5289
59 49 2675
59 5 4167
59 46 2233
59 74 4491
59 10 4843
59 56 5332
59 23 986
59 11 1470
59 7 2507
59 9 1125
59 34 5288
59 43 4268
59 55 5091
59 3 5186
59 32 4430
59 20 870
59 6 4386
59 50 1146
59 65 66
59 57 1784
59 2 5934
59 71 4165
59 4 394
59 18 3694
59 1 6088
59 15 1815
59 60 4010
59 51 4358
59 12 2488
59 35 1015
59 16 2425
59 67 3423
59 28 2780
59 36 6127
59 31 5180
59 26 341
59 41 5882
59 52 3235
59 54 4218
59 72 6235
59 58 5590
59 29 524
59 19 3666
59 25 5443
59 30 2639
59 39 6276
60 62 1539
60 45 5057
60 50 4729
60 26 1110
60 27 4847
60 23 3365
60 14 690
60 57 1201
60 53 1966
60 20 5583
60 24 1559
60 28 3488
60 12 3185
60 55 5711
60 66 5479
60 41 820
60 1 4303
60 68 868
60 39 4077
60 69 1816
60 54 846
60 59 5827
60 29 3104
60 13 3460
60 73 4026
60 51 1789
60 3 4017
60 74 4040
60 56 4974
60 5 2806
60 49 2518
60 9 4895
60 6 4888
60 22 1133
60 47 2676
60 70 5716
60 40 1191
60 43 2531
60 19 5949
60 32 3883
60 38 2618
60 61 3595
60 52 987
60 71 2088
60 16 4418
60 58 3165
60 46 3882
60 8 2878
60 44 4209
60 30 6261
60 18 1163
60 11 3630
60 2 1243
60 7 2608
60 33 213
60 65 859
60 15 6062
60 64 2407
60 72 5564
60 10 599
60 35 4764
60 36 131
61 67 2983
61 14 4773
61 31 5277
61 8 3145
61 28 2972
61 21 2886
61 17 6174
61 49 916
61 52 22
61 56 2328
61 38 4131
61 57 3005
61 48 2636
61 50 1384
61 47 2318
61 66 4364
61 22 2
61 6 280
61 34 4531
61 23 534
61 12 30
61 68 4723
61 13 1382
61 5 957
61 18 722
61 4 2245
61 7 4602
61 43 3360
61 33 740
61 74 381
61 62 6146
61 3 4914
61 63 5860
61 36 4933
61 53 4880
61 26 3282
61 58 3100
61 75 2527
61 19 2006
61 27 4705
61 45 2171
61 64 2894
61 41 5239
61 20 4388
61 69 3121
61 46 2838
61 30 568
61 10 1147
61 59 3946
61 54 508
61 40 5684
61 71 1045
61 1 3522
61 16 5417
61 37 1693
61 73 2892
61 60 2224
62 75 5658
62 63 1755
62 61 2011
62 20 3493
62 32 272
62 22 4137
62 10 219
62 16 2941
62 7 5620
62 69 858
62 56 340
62 2 3910
62 57 2352
62 54 1445
62 1 4540
62 53 5744
62 74 5982
62 41 5975
62 19 4185
62 4 3816
62 23 3757
62 18 2749
62 49 3190
62 21 4129
62 71 3433
62 50 2868
62 42 1455
62 15 822
62 64 2263
62 58 2823
62 14 6165
62 36 2089
62 8 599
62 55 575
62 17 3653
62 24 3538
62 66 2647
62 45 3411
62 35 895
62 51 4174
62 11 2321
62 37 2934
62 33 55
62 3 4792
62 5 832
62 52 3731
62 30 214
62 38 2181
62 43 2661
62 65 5872
62 6 3468
62 9 814
62 46 3797
62 67 396
62 12 1715
62 28 6190
62 31 437
62 29 6240
63 7 4032
63 55 1476
63 17 2901
63 18 3615
63 6 4699
63 53 3648
63 71 63
63 43 986
63 31 5279
63 59 96
63 74 2885
63 1 4736
63 22 6207
63 60 2022
63 38 6123
63 34 4553
63 45 6006
63 19 1082
63 15 5918
63 46 3224
63 37 839
63 48 2491
63 23 2588
63 70 2406
63 36 2854
63 16 810
63 30 3273
63 61 855
63 5 2466
63 3 638
63 11 2463
63 25 4287
63 75 5161
63 52 4674
63 64 1775
63 33 5611
63 62 1078
63 65 5683
63 39 1530
63 51 4501
63 54 693
63 14 2926
63 10 4535
63 2 11
63 50 2762
63 24 749
63 49 4369
63 9 4513
63 72 6005
63 47 5838
63 58 1034
63 40 4783
63 29 4249
64 57 898
64 44 478
64 36 4646
64 65 3280
64 70 3606
64 22 3503
64 11 424
64 71 597
64 73 3591
64 3 4777
64 52 2031
64 54 1221
64 1 3949
64 20 5478
64 38 5150
64 74 5258
64 68 5049
64 58 5067
64 15 2841
64 62 4423
64 4 4664
64 14 2884
64 7 458
64 39 4389
64 42 5308
64 30 3254
64 37 6221
64 19 4976
64 21 916
64 72 5893
64 45 315
64 48 377
64 69 3926
64 8 5336
64 13 122
64 12 5239
64 34 3455
64 40 2814
64 55 2423
64 32 4797
64 24 2715
64 18 142
64 33 541
64 59 2704
64 50 4688
64 29 294
64 28 2630
64 49 2867
64 53 5472
64 51 1753
64 2 4285
64 46 4444
64 5 4553
64 67 993
64 60 3985
64 26 6198
64 63 6196
64 35 577
64 25 576
65 68 5421
65 59 3242
65 70 1525
65 75 2891
65 55 5919
65 2 439
65 24 120
65 31 1132
65 73 240
65 58 2590
65 26 5603
65 36 5620
65 45 1475
65 63 5307
65 13 1376
65 33 3077
65 44 4575
65 17 5302
65 23 3759
65 9 5694
65 3 1628
65 47 2638
65 60 6254
65 42 2866
65 56 1362
65 74 5447
65 66 4541
65 57 874
65 40 3260
65 28 177
65 39 1461
65 69 3390
65 54 2568
65 62 3291
65 29 4271
65 27 2701
65 37 5690
65 15 3766
65 52 2965
65 18 1236
65 12 5857
65 38 2224
65 20 6249
65 35 6017
65 61 755
65 72 3186
65 43 6103
65 64 504
65 14 3774
65 71 2427
65 4 3571
65 50 3883
65 25 3862
66 69 6250
66 25 542
66 20 432
66 3 75
66 29 5497
66 13 4463
66 21 1721
66 2 1909
66 49 4119
66 10 4487
66 51 3535
66 73 6016
66 41 4696
66 75 2206
66 26 6299
66 67 2087
66 14 3845
66 74 1675
66 4 3507
66 65 5700
66 48 2880
66 30 1934
66 39 1786
66 50 3258
66 62 5510
66 42 2376
66 6 5023
66 47 3661
66 7 4711
66 36 1048
66 11 818
66 59 1093
66 8 5406
66 53 3619
66 58 5251
66 19 624
66 17 5494
66 5 1275
66 35 4319
66 12 2835
66 40 3963
66 72 3502
66 28 3959
66 9 936
66 63 4971
66 71 2538
66 56 5156
66 23 4576
66 22 2395
66 46 329
66 37 253
66 31 510
66 70 4367
66 24 2727
66 52 3877
66 54 4480
67 14 4160
67 72 2299
67 13 5111
67 35 3104
67 50 5247
67 40 443
67 46 2308
67 20 2812
67 29 1405
67 63 4900
67 57 313
67 45 4713
67 52 1030
67 66 4926
67 41 2594
67 70 1479
67 37 4826
67 15 2118
67 69 2054
67 16 1013
67 49 3990
67 48 4533
67 34 5283
67 44 5453
67 7 2831
67 32 2186
67 55 2816
67 25 5222
67 6 5546
67 47 3000
67 17 1446
67 12 3935
67 1 1644
67 39 1075
67 27 3008
67 42 728
67 33 3936
67 51 3567
67 11 1593
67 54 5073
67 53 6191
67 60 1327
67 68 6018
67 22 3926
67 61 1485
67 3 2292
67 21 5789
67 64 4965
67 56 1911
67 31 2084
67 74 595
67 36 2776
67 24 3302
67 43 1293
67 23 3571
67 58 564
68 14 2639
68 61 5041
68 48 2680
68 10 5019
68 64 5112
68 6 4122
68 2 1735
68 21 713
68 24 1792
68 16 5103
68 69 4362
68 9 4063
68 12 433
68 40 5608
68 42 764
68 4 1218
68 59 3156
68 58 4353
68 70 2032
68 13 6260
68 46 1144
68 37 1534
68 35 1041
68 30 3307
68 39 489
68 75 3151
68 49 4025
68 51 5650
68 38 1641
68 18 4575
68 3 6122
68 25 4187
68 66 4084
68 26 1144
68 52 385
68 7 5647
68 73 4364
68 1 3133
68 34 4086
68 41 2235
68 32 2754
68 67 312
68 28 3866
68 15 2186
68 20 1418
68 36 4661
68 27 1404
68 8 1341
68 47 5413
68 33 2692
68 53 399
68 19 1894
68 71 2267
68 55 5016
68 57 4934
68 72 1834
68 74 5600
68 43 4086
68 45 4734
69 7 2068
69 66 4750
69 18 2621
69 14 1127
69 64 236
69 68 190
69 44 3146
69 27 1091
69 26 5352
69 65 3452
69 1 4512
69 52 3606
69 12 3036
69 23 2347
69 36 4935
69 74 2806
69 21 4114
69 35 1835
69 40 1566
69 16 983
69 50 4268
69 54 4451
69 39 3163
69 45 4520
69 9 2525
69 6 5396
69 63 5282
69 28 1198
69 72 5390
69 5 4718
69 15 2129
69 48 5483
69 34 5976
69 73 866
69 13 3407
69 67 1588
69 57 1313
69 29 502
69 49 4901
69 11 534
69 20 6265
69 37 3532
69 53 2422
69 62 1939
69 4 1491
69 8 182
69 22 1494
69 43 754
69 2 2363
70 21 6139
70 72 1511
70 10 4731
70 75 2553
70 22 5248
70 52 2660
70 57 1215
70 67 3833
70 18 1261
70 7 5300
70 66 1300
70 17 513
70 15 1092
70 25 3676
70 63 6079
70 55 1648
70 65 4542
70 35 665
70 58 4990
70 1 108
70 62 1917
70 60 894
70 44 3396
70 54 1122
70 12 3386
70 47 2499
70 43 1549
70 41 4329
70 24 5046
70 16 5627
70 13 273
70 61 1103
70 28 6268
70 39 4006
70 33 1585
70 40 4782
70 71 2880
70 6 3064
70 50 3019
70 4 5726
70 56 5673
70 48 4565
70 14 1508
70 30 531
70 19 2246
70 31 3068
70 69 2891
70 5 1866
70 23 4238
70 34 545
70 51 1753
70 68 2370
70 29 2786
70 74 1276
70 45 2629
70 27 4806
70 36 717
70 32 3610
71 43 5994
71 52 6298
71 37 5499
71 22 5479
71 7 1028
71 36 340
71 74 959
71 4 3546
71 40 2726
71 6 4502
71 68 2025
71 12 325
71 65 3527
71 13 3540
71 44 14
71 32 4034
71 57 3911
71 15 2770
71 55 4362
71 16 2256
71 48 1158
71 66 4185
71 1 5218
71 18 1108
71 54 5551
71 31 3177
71 51 3061
71 17 5033
71 75 966
71 53 3703
71 35 2026
71 30 6136
71 21 3493
71 70 5539
71 67 5236
71 39 3085
71 26 4198
71 29 3317
71 38 1594
71 42 5273
71 10 4194
71 69 1475
71 58 548
71 23 2540
71 60 5940
71 62 6226
71 73 2487
71 24 955
71 63 2780
71 41 2921
71 49 3675
71 25 2470
71 50 3698
71 2 3785
71 5 1031
71 33 2295
71 11 2475
71 34 2041
71 46 3283
71 64 5691
71 56 1001
72 12 1308
72 29 3663
72 66 6132
72 25 5906
72 37 4566
72 43 997
72 18 5839
72 30 3778
72 55 4797
72 26 2166
72 21 276
72 67 3931
72 74 292
72 47 3606
72 23 1701
72 56 1153
72 11 3219
72 33 1643
72 4 604
72 59 2126
72 36 3611
72 64 413
72 31 2551
72 41 1350
72 46 3336
72 58 1570
72 5 3563
72 3 5006
72 16 1249
72 40 2379
72 49 6160
72 38 2644
72 10 5697
72 20 4867
72 54 4337
72 65 6005
72 73 4696
72 1 2711
72 50 810
72 24 3905
72 14 2978
72 70 4411
72 51 1024
72 57 5801
72 19 742
72 53 728
72 15 6298
72 27 751
72 45 5751
72 71 2808
72 7 2949
72 2 4305
72 35 2065
72 48 2654
72 42 6075
72 52 2271
73 51 3837
73 47 3865
73 6 2600
73 49 5647
73 17 1160
73 12 5513
73 2 2030
73 43 5309
73 40 1761
73 62 927
73 54 1052
73 70 6194
73 14 2976
73 23 3594
73 67 3441
73 3 4911
73 61 3797
73 13 1042
73 68 489
73 25 5619
73 9 5974
73 42 6297
73 48 1674
73 31 209
73 37 4494
73 71 316
73 29 2076
73 53 4931
73 59 1169
73 33 4750
73 7 417
73 28 136
73 18 598
73 4 3543
73 8 3789
73 20 1208
73 57 3134
73 58 3504
73 27 3306
73 52 2504
73 22 2450
73 35 2667
73 55 2808
73 69 108
73 56 2054
73 64 5665
73 39 2664
73 38 3930
73 11 2302
73 30 492
73 41 4004
73 44 5011
73 45 963
73 66 1244
74 62 5279
74 73 2535
74 44 5210
74 21 446
74 60 3234
74 54 5414
74 52 4490
74 17 1304
74 39 3249
74 12 4026
74 9 2535
74 32 5722
74 3 5842
74 47 4799
74 55 4373
74 61 1704
74 14 879
74 6 3990
74 34 6227
74 5 3144
74 1 4
74 38 2516
74 33 1761
74 59 134
74 46 5420
74 18 204
74 69 1012
74 4 2491
74 10 1191
74 75 3995
74 63 3246
74 23 6025
74 40 499
74 37 1712
74 57 1250
74 45 5230
74 15 5207
74 35 3841
74 70 5869
74 30 4134
74 66 5718
74 8 2256
74 26 4636
74 56 299
74 51 4092
74 2 4357
74 50 1926
74 20 988
74 41 3477
74 19 634
74 67 3194
74 24 5036
74 13 1167
74 71 568
74 16 753
74 7 3622
75 41 4941
75 15 6023
75 36 5225
75 60 5499
75 14 4979
75 71 2577
75 2 4405
75 51 625
75 52 5986
75 7 1109
75 12 5348
75 62 2902
75 49 689
75 4 3266
75 46 3278
75 10 3775
75 11 6023
75 33 3986
75 29 606
75 25 455
75 3 3376
75 28 106
75 31 1886
75 1 3658
75 32 2851
75 54 1828
75 9 3226
75 35 2743
75 43 2626
75 74 5329
75 44 5900
75 61 2945
75 5 3726
75 42 6268
75 64 5931
75 16 5776
75 68 4146
75 70 14
75 40 3850
75 37 5234
75 24 526
75 67 5101
75 47 5440
75 26 1452
75 27 1167
75 73 1984
75 50 65
75 57 5269
75 48 4301
75 18 5494
75 63 3801
75 8 4084
75 38 357
75 72 1902
75 30 934
75 34 2935
75 17 3829
75 20 325
75 66 3517
