75 4200
1 37 478
1 63 2309
1 15 3309
1 39 1399
1 36 4544
1 71 5075
1 32 5016
1 41 3522
1 62 1958
1 3 2234
1 51 1258
1 68 845
1 6 567
1 11 4485
1 13 4249
1 28 605
1 58 3264
1 54 4945
1 30 2273
1 19 5662
1 24 315
1 72 13
1 61 5518
1 42 4870
1 29 3107
1 9 6083
1 16 6040
1 12 3021
1 52 2504
1 27 2989
1 49 4348
1 33 6032
1 25 429
1 8 2749
1 10 3956
1 55 479
1 59 5586
1 46 1214
1 38 2249
1 69 1018
1 14 4371
1 66 485
1 40 3197
1 50 3778
1 45 5815
1 75 2171
1 34 3147
1 17 1064
1 5 2646
1 73 794
1 23 1319
1 65 1822
1 48 4278
1 56 748
1 74 3946
1 53 5429
2 20 4020
2 36 5903
2 70 4920
2 16 1250
2 40 3021
2 61 2016
2 64 2646
2 31 5279
2 58 5172
2 18 4243
2 51 513
2 30 1411
2 32 3068
2 1 5985
2 52 5496
2 39 3803
2 27 797
2 35 3911
2 72 1914
2 22 1530
2 34 2655
2 48 4104
2 53 1383
2 75 4483
2 59 2154
2 50 2301
2 5 4335
2 71 305
2 46 148
2 68 435
2 63 5346
2 47 6124
2 11 5004
2 62 5801
2 10 3265
2 25 6299
2 69 5568
2 54 3865
2 67 1621
2 56 2439
2 24 1473
2 9 3919
2 65 131
2 7 2109
2 19 5200
2 49 5255
2 44 1668
2 55 148
2 41 3460
2 42 930
2 26 5217
2 3 5157
2 33 5155
2 66 5844
2 45 1230
3 54 762
3 55 4730
3 39 6111
3 15 2990
3 67 4409
3 42 1545
3 49 4591
3 1 5752
3 59 607
3 9 2858
3 62 6101
3 19 4878
3 33 2988
3 72 695
3 27 6144
3 69 5347
3 29 574
3 20 6262
3 65 3084
3 56 4957
3 8 643
3 16 3887
3 35 2007
3 75 1860
3 2 923
3 52 554
3 74 1412
3 13 398
3 45 81
3 58 737
3 23 3251
3 11 5765
3 51 954
3 64 375
3 24 2411
3 53 1229
3 63 393
3 12 447
3 46 4558
3 32 4204
3 66 1600
3 14 4246
3 41 5430
3 34 1327
3 70 2158
3 22 601
3 43 3704
3 6 2827
3 30 3771
3 18 1083
3 4 3663
3 40 6258
3 36 4437
3 7 1438
3 26 1904
3 71 5316
3 21 1216
3 57 2127
4 29 5670
4 38 1139
4 55 3293
4 73 347
4 19 528
4 1 269
4 54 5897
4 28 2713
4 7 3263
4 6 1675
4 37 5149
4 72 5460
4 20 566
4 46 3581
4 21 89
4 75 1601
4 34 621
4 30 4306
4 33 5574
4 52 6180
4 64 1104
4 13 3120
4 56 1870
4 74 2285
4 12 5937
4 2 5346
4 27 5333
4 60 3079
4 11 1657
4 24 5730
4 51 3302
4 61 3739
4 35 536
4 42 2427
4 23 4162
4 8 6130
4 50 4255
4 45 4835
4 15 2309
4 18 1618
4 58 6073
4 25 330
4 43 6295
4 59 3497
4 71 3602
4 70 2780
4 39 4319
4 40 3262
4 62 4064
4 17 542
4 67 3802
5 67 1135
5 39 221
5 45 3027
5 14 4803
5 3 5514
5 29 4890
5 22 5896
5 72 3187
5 32 566
5 62 1902
5 49 3938
5 34 3880
5 31 5620
5 38 2361
5 36 3747
5 26 2559
5 13 5868
5 60 3182
5 59 3837
5 50 1655
5 63 6049
5 71 3059
5 66 1604
5 40 3855
5 25 684
5 53 368
5 75 5323
5 1 4359
5 56 402
5 35 2545
5 41 422
5 68 768
5 18 5860
5 70 3635
5 30 2197
5 44 5372
5 54 5044
5 16 3253
5 46 4336
5 33 4818
5 8 2359
5 23 3761
5 6 6210
5 65 2478
5 61 4148
5 7 1977
5 9 4052
5 48 5604
5 43 133
5 4 2967
5 28 90
5 12 4413
5 69 4884
5 21 2876
5 27 448
5 15 3749
5 58 2482
6 8 5533
6 29 746
6 12 1563
6 47 2861
6 13 3192
6 69 4267
6 75 5747
6 3 2410
6 55 6017
6 42 6073
6 27 4671
6 25 3889
6 74 5205
6 46 5661
6 62 5211
6 1 1286
6 17 4111
6 19 5447
6 59 1162
6 35 295
6 32 4228
6 37 5348
6 38 5371
6 49 1320
6 21 3697
6 60 2693
6 15 4768
6 57 523
6 18 3331
6 68 3819
6 41 3310
6 65 4531
6 43 3516
6 52 935
6 33 3342
6 14 1197
6 11 4705
6 51 3846
6 56 4819
6 20 3957
6 39 229
6 66 385
6 24 185
6 36 6083
6 44 2996
6 2 5684
6 4 1733
6 67 6049
6 61 6025
6 30 2924
6 58 3800
6 31 3739
6 16 2976
6 40 1650
6 48 2055
6 7 3594
7 43 2806
7 30 1788
7 59 4921
7 33 4611
7 36 215
7 49 4125
7 23 1786
7 26 998
7 6 1321
7 28 3504
7 24 4692
7 73 141
7 60 4084
7 16 1049
7 65 5959
7 11 2061
7 46 2191
7 21 2104
7 54 1494
7 52 2155
7 47 125
7 17 3364
7 51 4475
7 58 1108
7 25 1840
7 12 5497
7 37 3976
7 74 27
7 72 3004
7 5 3067
7 71 378
7 18 3861
7 20 2742
7 8 1687
7 34 266
7 39 4432
7 15 2992
7 70 1481
7 67 4001
7 29 2893
7 35 6012
7 4 1264
7 42 1339
7 53 1551
7 38 5646
7 57 2665
7 50 899
7 45 4709
7 75 3638
7 63 4304
7 48 1646
7 22 2689
7 27 3554
7 14 5062
7 64 3379
7 13 1873
7 44 3516
7 32 6227
8 5 3065
8 33 712
8 74 3079
8 39 892
8 57 4473
8 50 4127
8 16 5215
8 61 5568
8 10 160
8 35 2014
8 42 5609
8 25 1683
8 63 928
8 41 919
8 56 2103
8 21 1088
8 45 4392
8 64 2171
8 66 610
8 73 3317
8 44 468
8 40 5276
8 29 892
8 46 2624
8 26 3503
8 54 5051
8 72 5176
8 14 1626
8 4 2094
8 24 3975
8 43 5164
8 31 5082
8 62 557
8 18 2813
8 9 2024
8 34 426
8 22 1400
8 69 446
8 32 1879
8 1 4432
8 12 2853
8 36 5576
8 6 5602
8 37 2439
8 71 3836
8 60 3464
8 11 5770
8 28 1286
8 13 691
8 49 1579
8 19 1657
8 65 3103
8 17 3443
8 30 214
8 7 544
8 15 4943
8 75 2312
8 38 1770
8 48 172
8 67 2071
8 3 2393
9 16 6244
9 18 5505
9 60 4795
9 44 5192
9 23 5832
9 71 3880
9 39 4313
9 22 3887
9 54 6215
9 59 1594
9 32 2856
9 29 839
9 4 4314
9 40 5021
9 52 3556
9 51 4272
9 11 4023
9 64 3461
9 17 3276
9 25 1997
9 42 3030
9 12 1916
9 70 1549
9 49 4781
9 68 4923
9 20 5959
9 47 2790
9 15 3011
9 56 3601
9 26 2939
9 58 2678
9 8 2139
9 48 5570
9 74 4819
9 63 3564
9 65 3159
9 43 5012
9 41 5030
9 75 2923
9 33 4738
9 61 128
9 7 3979
9 62 2730
9 69 360
9 3 3944
9 30 548
9 24 879
9 35 3067
9 67 3542
9 10 1401
9 50 4828
9 57 83
9 36 2754
9 5 3938
9 34 3134
9 38 557
9 53 4566
9 45 4609
9 6 2359
10 45 2070
10 29 3265
10 16 651
10 66 2930
10 62 773
10 21 3205
10 71 2842
10 42 1079
10 32 570
10 34 913
10 55 4089
10 64 1837
10 48 4751
10 43 5936
10 6 1804
10 25 5577
10 4 5479
10 17 782
10 44 2239
10 49 233
10 5 4395
10 58 742
10 57 3794
10 46 795
10 69 3291
10 37 2165
10 61 1069
10 60 3554
10 67 1875
10 3 4507
10 41 5315
10 47 3905
10 9 4157
10 19 4383
10 68 4433
10 15 3617
10 26 2860
10 31 719
10 1 496
10 51 1098
10 54 1347
10 75 3438
10 63 3977
10 7 6261
10 50 1453
10 8 4558
10 27 4639
10 20 9
10 11 1546
10 22 4071
10 59 1675
10 40 5717
10 52 6106
10 12 2241
10 24 4076
10 70 5299
11 52 3615
11 31 4746
11 23 2444
11 12 4956
11 65 810
11 22 5605
11 28 4741
11 40 4461
11 6 3148
11 59 4853
11 5 2438
11 36 202
11 15 95
11 54 5480
11 3 4464
11 33 3093
11 64 263
11 34 1059
11 2 636
11 58 4081
11 53 4278
11 19 1266
11 37 2324
11 49 5846
11 16 4757
11 26 3968
11 69 1011
11 75 2151
11 41 6057
11 8 213
11 48 3680
11 9 192
11 20 3531
11 10 4746
11 63 1014
11 66 5272
11 18 2106
11 45 1440
11 74 2933
11 13 1059
11 35 1650
11 32 5617
11 42 3812
11 57 2845
11 38 4162
11 70 3591
11 29 4462
11 43 425
11 67 1227
11 60 2331
11 61 5175
11 46 3801
11 73 2119
12 6 2288
12 8 2867
12 54 4098
12 58 1426
12 56 3711
12 34 5427
12 53 4154
12 32 4775
12 65 1412
12 19 2430
12 29 3622
12 4 1580
12 36 4783
12 28 1009
12 68 1612
12 64 3683
12 45 4887
12 30 5083
12 60 2516
12 35 5062
12 47 1273
12 38 5281
12 67 2178
12 10 2388
12 21 442
12 51 4506
12 50 4134
12 70 3264
12 73 4068
12 22 3132
12 74 3197
12 71 4755
12 37 737
12 69 884
12 20 957
12 33 5347
12 55 306
12 52 4527
12 16 1424
12 1 2870
12 18 1925
12 72 5473
12 5 341
12 57 2496
12 9 2547
12 31 385
12 46 5894
12 49 1298
12 59 5797
12 2 574
12 26 660
12 27 1787
13 16 4014
13 63 5443
13 32 3273
13 31 6057
13 14 965
13 21 2729
13 26 4603
13 41 951
13 28 5828
13 73 852
13 27 472
13 24 765
13 37 2618
13 29 4642
13 43 1877
13 72 1340
13 61 3221
13 23 3113
13 46 5090
13 48 5444
13 34 3221
13 49 3022
13 18 6236
13 10 5021
13 36 4440
13 25 5133
13 56 4827
13 74 536
13 66 3776
13 11 4963
13 47 776
13 51 3469
13 39 3881
13 33 2941
13 67 2942
13 4 2746
13 65 2248
13 54 642
13 62 2319
13 20 4295
13 40 6286
13 1 6273
13 60 4881
13 8 4983
13 44 3786
13 59 4458
13 69 996
13 12 3120
13 2 845
13 9 5885
13 15 309
14 3 133
14 45 4069
14 57 2148
14 74 1763
14 15 5746
14 26 1405
14 75 6041
14 62 2883
14 37 4229
14 67 3855
14 55 2962
14 65 2937
14 54 2802
14 6 1502
14 33 5378
14 40 585
14 63 3872
14 12 3750
14 44 1490
14 39 6038
14 59 1766
14 11 6297
14 16 4476
14 7 5698
14 34 3462
14 17 43
14 48 1878
14 36 3257
14 32 2861
14 28 3739
14 72 1203
14 42 3657
14 9 808
14 64 5128
14 21 5102
14 13 5506
14 43 6219
14 31 1141
14 19 353
14 51 3746
14 22 5500
14 4 2712
14 52 3320
14 49 4327
14 25 4231
14 8 849
14 41 284
14 20 1914
14 58 3912
14 30 516
14 35 1236
14 24 3933
14 71 3520
14 66 5520
14 29 3829
14 47 3556
14 10 2576
14 70 1512
14 23 4920
14 50 3308
15 53 1692
15 27 2175
15 22 4546
15 47 3191
15 69 2911
15 56 1128
15 52 6076
15 42 308
15 64 577
15 70 5236
15 74 4992
15 4 1676
15 48 5378
15 25 2162
15 5 305
15 63 3252
15 37 4709
15 38 5373
15 68 3314
15 7 6086
15 23 5976
15 20 3874
15 17 439
15 32 410
15 21 6283
15 72 2972
15 40 3075
15 55 1025
15 73 5501
15 1 5187
15 41 4139
15 31 5758
15 45 5438
15 29 118
15 66 1826
15 36 4712
15 50 1882
15 30 1525
15 10 1122
15 13 1515
15 11 5467
15 57 6203
15 58 987
15 14 5006
15 75 1379
15 33 5543
15 65 4542
15 60 3402
15 51 3540
15 28 6277
15 35 1038
15 12 5875
15 54 3607
15 49 4825
16 47 894
16 64 1566
16 59 1592
16 14 193
16 23 4938
16 62 921
16 52 1431
16 9 5547
16 37 2271
16 36 756
16 26 5686
16 8 1597
16 49 4374
16 46 1045
16 3 177
16 12 2069
16 31 4811
16 34 4048
16 75 2246
16 70 5474
16 20 4650
16 51 3036
16 24 598
16 63 6022
16 58 1168
16 65 5386
16 35 786
16 4 4458
16 38 5294
16 28 1496
16 48 3854
16 30 3452
16 43 1374
16 1 2717
16 40 5957
16 2 809
16 41 2265
16 56 595
16 11 3208
16 54 6073
16 68 4005
16 10 5685
16 69 4114
16 61 4769
16 22 4995
16 53 3571
16 57 2434
16 66 2069
16 15 2059
16 25 6167
16 29 3548
16 33 4335
17 74 3326
17 59 172
17 11 4860
17 39 4216
17 8 802
17 50 428
17 70 2309
17 46 5618
17 36 3204
17 12 541
17 40 1758
17 31 1376
17 58 3047
17 47 87
17 19 1807
17 69 6096
17 20 3610
17 38 3187
17 34 1318
17 72 644
17 30 1356
17 16 2952
17 62 181
17 1 6144
17 6 6000
17 9 5089
17 45 1073
17 44 1026
17 66 3111
17 35 4597
17 48 5889
17 5 5140
17 28 450
17 22 5712
17 10 3179
17 24 4692
17 27 2932
17 21 6215
17 33 1551
17 13 1817
17 15 95
17 56 1303
17 37 4222
17 32 3183
17 75 3932
17 63 4663
17 67 3157
17 57 55
17 73 3076
17 53 4312
17 41 3527
17 25 2982
17 60 4141
17 55 4889
17 18 1929
17 61 4759
17 64 4806
17 68 2876
18 60 3229
18 36 1457
18 11 4030
18 29 4396
18 51 3753
18 65 2910
18 64 6218
18 10 3434
18 58 2125
18 55 2340
18 66 592
18 52 233
18 14 4796
18 5 4051
18 57 3107
18 72 4286
18 62 1573
18 75 26
18 46 2836
18 70 5166
18 74 3841
18 42 307
18 41 548
18 22 6179
18 33 2750
18 69 3271
18 7 5741
18 37 253
18 28 679
18 53 5912
18 23 89
18 43 4195
18 15 1559
18 47 4491
18 17 4715
18 56 2185
18 63 3884
18 19 2307
18 67 5521
18 2 1166
18 4 5780
18 32 2380
18 59 501
18 49 723
18 48 5685
18 6 5071
18 16 734
18 31 4224
18 39 182
18 35 3629
18 50 4624
18 1 5119
18 34 216
18 27 5842
18 73 3919
18 30 2962
18 61 2799
18 9 5530
18 13 4270
18 20 4220
19 3 4767
19 68 2497
19 36 4653
19 62 627
19 31 3701
19 55 1056
19 58 1625
19 45 3385
19 2 6082
19 6 3293
19 21 6008
19 15 5112
19 34 4716
19 23 3982
19 49 5315
19 57 5441
19 18 2817
19 72 5217
19 44 619
19 4 74
19 16 4120
19 11 1501
19 27 6102
19 70 517
19 66 2725
19 63 2927
19 28 3730
19 48 6107
19 33 2715
19 67 5985
19 24 5840
19 8 3165
19 25 2285
19 69 5460
19 73 4010
19 14 1247
19 43 54
19 75 3976
19 17 2391
19 64 206
19 12 5144
19 30 3965
19 37 4090
19 46 6077
19 10 6001
19 65 235
19 29 2718
19 40 4549
19 74 5284
19 71 5587
19 9 6097
19 61 3508
19 35 2620
20 7 1792
20 11 4927
20 33 6069
20 75 5324
20 69 3171
20 24 5322
20 53 1185
20 54 5616
20 36 32
20 22 6151
20 52 1825
20 73 4999
20 59 5128
20 49 6108
20 60 5517
20 32 5564
20 26 3886
20 64 3940
20 2 4119
20 37 4637
20 70 3146
20 1 658
20 43 4850
20 28 6204
20 50 3889
20 58 3311
20 48 1434
20 38 1884
20 13 4313
20 31 6125
20 29 5099
20 25 3741
20 47 2113
20 66 5775
20 19 5432
20 55 2361
20 15 1735
20 45 5367
20 6 1671
20 30 2382
20 67 1080
20 21 5755
20 72 5985
20 17 1770
20 74 917
20 12 1699
20 40 3702
20 39 1253
20 16 3393
20 4 2277
20 18 3216
20 44 135
21 10 5615
21 47 6109
21 12 957
21 32 2717
21 28 5048
21 53 2170
21 27 3435
21 42 3269
21 50 4026
21 71 4506
21 26 6255
21 55 4088
21 36 101
21 13 1858
21 70 2042
21 1 2519
21 29 1938
21 17 5122
21 22 1963
21 52 940
21 23 1826
21 6 1782
21 68 3473
21 14 2564
21 43 1316
21 33 5147
21 5 1729
21 7 5175
21 18 2663
21 57 506
21 75 1740
21 30 887
21 44 6077
21 3 1314
21 49 925
21 73 1674
21 39 5806
21 67 1063
21 51 3143
21 35 1236
21 69 543
21 46 139
21 19 4184
21 37 5697
21 60 4463
21 45 558
21 54 2155
21 41 2861
21 58 1425
21 34 4526
21 63 3306
21 62 2009
21 2 1213
21 4 4505
21 16 2248
21 20 4743
21 74 4285
22 75 3510
22 41 1005
22 28 5539
22 26 3777
22 30 5967
22 74 3376
22 37 5055
22 6 985
22 40 5980
22 2 797
22 20 484
22 65 1631
22 53 4178
22 8 2945
22 51 3486
22 68 3590
22 44 1346
22 27 2256
22 17 3275
22 36 4084
22 55 6237
22 60 600
22 29 3788
22 50 2402
22 38 2324
22 33 5085
22 47 132
22 4 334
22 13 5265
22 52 2291
22 35 1086
22 25 6292
22 16 2073
22 15 5248
22 59 1947
22 7 4532
22 66 4205
22 19 5650
22 34 4451
22 73 340
22 21 6270
22 72 3994
22 54 6088
22 70 2026
22 10 1605
22 49 247
22 24 3838
22 9 4215
22 31 2328
22 46 2619
22 3 843
22 11 2249
22 56 3386
23 52 2982
23 39 5076
23 37 6264
23 53 2008
23 46 5429
23 19 5613
23 34 3737
23 9 2084
23 36 4814
23 6 4211
23 50 4429
23 56 2612
23 20 6003
23 30 4540
23 35 1844
23 66 4525
23 12 3819
23 69 1563
23 48 3012
23 67 3205
23 58 4531
23 3 4481
23 63 3721
23 4 5505
23 62 3527
23 44 1689
23 26 1781
23 59 4763
23 27 4468
23 24 1266
23 45 3930
23 38 1725
23 41 5598
23 17 4378
23 47 5444
23 5 586
23 33 4932
23 15 1645
23 1 4413
23 29 1736
23 11 1185
23 72 3170
23 16 1107
23 22 919
23 61 5315
23 32 1187
23 8 2273
23 2 61
23 42 4476
23 68 1564
23 31 4716
24 6 2100
24 7 5591
24 59 509
24 14 2321
24 70 6191
24 72 5087
24 73 2529
24 12 2738
24 48 1913
24 43 828
24 36 3109
24 65 942
24 8 4911
24 51 1739
24 2 1979
24 69 4068
24 18 4094
24 64 573
24 16 3919
24 10 2298
24 46 6108
24 5 1118
24 53 4137
24 4 4756
24 61 4661
24 71 4421
24 3 2749
24 35 5157
24 50 4981
24 13 4988
24 28 4389
24 20 4353
24 67 2983
24 38 630
24 40 2342
24 17 338
24 49 430
24 56 3755
24 23 5595
24 30 6172
24 58 271
24 52 5177
24 44 4362
24 19 4957
24 47 1344
24 45 4592
24 63 2152
24 55 4855
24 66 1288
24 26 4237
24 37 3978
24 75 4917
24 15 3153
24 32 98
24 1 1146
24 68 1891
25 17 6111
25 16 725
25 21 3401
25 26 2473
25 41 438
25 8 2867
25 36 2621
25 15 1042
25 1 1864
25 56 5397
25 38 1490
25 35 1773
25 3 3009
25 62 1180
25 5 3611
25 72 5428
25 20 3236
25 60 451
25 31 5508
25 28 5222
25 74 4652
25 4 6254
25 47 4169
25 54 355
25 39 1504
25 18 5046
25 73 2541
25 9 1683
25 29 2989
25 30 3660
25 53 4248
25 19 3061
25 68 4298
25 34 2638
25 44 4583
25 58 3184
25 63 31
25 6 262
25 7 189
25 22 768
25 67 3981
25 49 5371
25 10 268
25 71 2968
25 48 761
25 13 5107
25 61 1640
25 11 1073
25 2 3337
25 45 91
25 40 4155
26 29 4897
26 36 4757
26 39 4480
26 25 3283
26 8 4645
26 21 4000
26 12 3196
26 41 2274
26 13 5773
26 68 855
26 19 879
26 14 4132
26 69 1310
26 6 164
26 51 4542
26 50 270
26 33 1053
26 9 2652
26 66 2352
26 65 2519
26 24 4868
26 42 3851
26 63 4559
26 37 4056
26 20 2057
26 59 5311
26 54 4041
26 23 4074
26 44 1226
26 40 3235
26 61 464
26 15 801
26 74 5371
26 7 5592
26 30 1217
26 18 373
26 71 4444
26 70 479
26 46 1862
26 64 3825
26 56 1967
26 31 2099
26 75 2865
26 34 3647
26 17 1318
26 43 6199
26 73 4358
26 53 5667
26 55 47
26 67 1876
26 4 2434
26 58 1366
26 27 3550
26 1 3091
26 5 4499
26 22 5628
26 72 2826
26 47 2038
27 17 1394
27 63 1201
27 20 5782
27 19 1918
27 68 5523
27 5 1047
27 47 3863
27 59 313
27 16 123
27 6 5800
27 35 2747
27 37 2972
27 45 4027
27 26 5610
27 2 5251
27 13 5894
27 34 2122
27 28 2637
27 41 653
27 48 619
27 61 1024
27 31 5186
27 64 6074
27 65 2098
27 62 588
27 29 3523
27 18 2040
27 69 4263
27 49 2787
27 15 2917
27 21 896
27 42 5810
27 40 2850
27 23 3750
27 3 367
27 54 4958
27 55 2713
27 32 914
27 46 5157
27 72 5506
27 75 4795
27 9 3855
27 33 1173
27 73 2775
27 4 4267
27 12 788
27 57 1431
27 25 51
27 43 2225
27 44 412
27 36 250
27 66 101
27 52 4344
27 71 1869
27 7 3035
28 55 5145
28 57 4022
28 25 4494
28 24 4626
28 11 332
28 40 672
28 14 3079
28 72 6038
28 29 923
28 7 1067
28 4 2186
28 37 2416
28 58 4135
28 52 2908
28 8 4907
28 10 1085
28 61 6053
28 23 59
28 9 1735
28 2 1620
28 75 3300
28 17 1405
28 59 3668
28 39 3306
28 31 5604
28 26 3685
28 34 4722
28 42 5933
28 15 5296
28 3 6228
28 69 100
28 41 2383
28 71 39
28 47 3777
28 36 5080
28 62 4274
28 45 3654
28 18 4251
28 13 4772
28 68 3980
28 70 3063
28 53 5686
28 38 383
28 22 1961
28 50 4401
28 43 1126
28 35 5334
28 48 5719
28 21 1618
28 5 5866
28 16 5344
28 51 1416
28 32 3153
28 56 3630
29 38 72
29 16 5828
29 31 4570
29 56 5245
29 18 652
29 49 4337
29 48 938
29 2 3338
29 17 3867
29 67 2215
29 19 2322
29 71 1313
29 20 3144
29 1 3092
29 39 4717
29 6 2408
29 9 1883
29 4 2658
29 35 5363
29 50 1916
29 15 1905
29 11 1904
29 30 381
29 53 4429
29 12 1702
29 41 3251
29 22 3797
29 54 3276
29 64 1625
29 14 2007
29 42 2290
29 10 1960
29 3 4100
29 68 1263
29 70 2349
29 45 791
29 72 2840
29 26 2956
29 36 405
29 33 1815
29 7 6115
29 60 2772
29 51 4776
29 66 1179
29 55 919
29 27 1449
29 62 1991
29 32 4390
29 13 5914
29 23 1030
29 25 2939
29 58 3180
29 28 6181
29 21 2792
29 44 1063
29 75 4787
29 43 2953
30 65 2612
30 34 2738
30 25 4262
30 56 4638
30 11 2579
30 26 3068
30 45 2406
30 29 4535
30 18 646
30 39 4214
30 59 5293
30 70 583
30 23 4538
30 6 2338
30 52 629
30 7 2891
30 4 3299
30 22 1642
30 62 2292
30 3 3879
30 19 5025
30 63 5865
30 8 73
30 2 5062
30 67 3267
30 47 3574
30 35 246
30 66 6278
30 53 4499
30 33 99
30 49 5697
30 44 275
30 12 5360
30 46 4176
30 54 6257
30 58 120
30 27 1042
30 17 2790
30 72 6116
30 69 6271
30 51 4725
30 14 4585
30 73 4517
30 50 1467
30 9 3876
30 74 883
30 21 2515
30 15 696
30 38 3862
30 13 1023
30 64 3654
30 43 5739
31 3 203
31 45 246
31 41 5976
31 62 1621
31 55 2523
31 39 4866
31 32 3473
31 52 4196
31 69 1068
31 17 2132
31 65 172
31 33 4994
31 27 4358
31 71 5704
31 61 4283
31 46 2623
31 4 1867
31 11 3303
31 8 2128
31 10 2772
31 9 993
31 16 1835
31 63 6120
31 2 1637
31 18 4544
31 57 4854
31 54 5950
31 12 408
31 75 4144
31 22 5106
31 14 97
31 72 1300
31 42 2650
31 47 5017
31 43 18
31 73 2223
31 34 4903
31 25 5021
31 20 4556
31 35 811
31 48 2531
31 19 3826
31 64 684
31 6 2077
31 21 4787
31 26 5129
31 59 5201
31 30 3063
31 70 1055
31 40 3326
31 28 2800
31 51 984
31 15 4208
31 53 87
31 5 2822
31 58 6050
32 8 320
32 71 3729
32 5 4572
32 34 2089
32 41 2269
32 20 4566
32 57 6142
32 30 5377
32 64 5374
32 67 47
32 25 2230
32 39 6084
32 10 2797
32 16 348
32 56 731
32 2 3662
32 65 1421
32 74 572
32 37 1148
32 33 1482
32 49 2616
32 29 420
32 62 3072
32 12 3917
32 23 3328
32 53 734
32 40 3033
32 44 2714
32 35 1478
32 3 3605
32 26 3857
32 47 3226
32 4 2059
32 27 1236
32 1 5390
32 52 3764
32 60 1508
32 58 4172
32 21 6104
32 72 3325
32 38 2920
32 55 5850
32 9 5326
32 22 3988
32 50 3551
32 42 1764
32 63 2268
32 66 3988
32 36 6173
32 68 2125
32 54 829
32 43 2621
32 7 4390
32 45 1647
32 48 2993
32 73 4917
32 18 209
32 17 1010
32 6 6273
33 63 5766
33 11 4158
33 17 3038
33 18 5120
33 57 5877
33 35 437
33 68 1661
33 40 4122
33 54 2905
33 58 4090
33 52 5563
33 3 5952
33 23 255
33 22 4121
33 1 6248
33 72 1425
33 34 2535
33 39 3022
33 37 4980
33 26 5936
33 32 770
33 10 2445
33 5 5173
33 61 5447
33 38 5439
33 7 533
33 20 2445
33 31 1917
33 42 629
33 73 1430
33 64 845
33 46 3798
33 43 5428
33 53 888
33 13 3646
33 25 1654
33 55 4124
33 9 5608
33 16 4691
33 44 3991
33 4 2722
33 50 5119
33 29 2536
33 59 382
33 67 5325
33 27 2260
33 19 6273
33 74 5982
33 2 4418
33 70 2664
33 41 3967
33 62 2832
33 8 7
33 36 320
33 49 272
33 28 1287
34 27 296
34 52 49
34 42 2552
34 24 1839
34 53 5242
34 66 1192
34 3 4880
34 23 997
34 67 1150
34 17 6001
34 73 43
34 31 675
34 7 4861
34 47 2410
34 58 6236
34 13 565
34 54 1913
34 25 1810
34 43 2974
34 63 1545
34 22 1722
34 33 4932
34 10 1429
34 61 951
34 18 1276
34 20 5864
34 36 5082
34 56 4520
34 11 5570
34 70 2940
34 39 4205
34 2 6039
34 49 530
34 30 1778
34 69 5606
34 51 3078
34 16 2914
34 45 3743
34 72 3003
34 55 5743
34 60 2108
34 57 5408
34 40 5719
34 75 1447
34 32 1453
34 68 1308
34 4 2051
34 12 1799
34 65 5241
34 64 5867
34 46 1992
34 28 637
34 21 1425
34 15 5584
34 9 3004
34 48 1141
34 74 5799
35 1 4061
35 7 888
35 43 4915
35 31 5863
35 27 574
35 33 4521
35 64 7
35 55 2829
35 11 4053
35 58 3555
35 68 5749
35 32 4846
35 47 2277
35 6 3657
35 42 5450
35 4 2747
35 40 297
35 44 5619
35 28 2807
35 62 5656
35 65 1774
35 14 672
35 21 2833
35 73 4617
35 59 4013
35 52 6172
35 66 708
35 54 984
35 39 807
35 29 5330
35 13 3099
35 15 3646
35 9 5434
35 38 397
35 63 1033
35 46 5602
35 22 5925
35 17 682
35 61 6086
35 16 1958
35 74 4181
35 25 1748
35 2 4550
35 69 4398
35 53 2226
35 18 1037
35 41 4844
35 5 4195
35 37 1473
35 45 2190
35 8 585
35 10 3088
35 67 57
35 72 562
35 56 2701
35 49 20
35 19 3886
35 26 5713
35 51 3548
35 48 263
36 54 2247
36 42 4598
36 2 979
36 23 4588
36 38 352
36 29 429
36 69 200
36 57 4855
36 67 3328
36 66 2326
36 47 5628
36 37 2933
36 39 342
36 33 1949
36 71 3929
36 26 505
36 27 235
36 31 4226
36 22 3433
36 5 198
36 64 1226
36 56 5820
36 11 3781
36 18 5717
36 7 1160
36 30 2809
36 73 42
36 4 5534
36 3 6058
36 41 228
36 9 5341
36 75 5451
36 74 683
36 45 563
36 10 2397
36 16 4811
36 8 3508
36 72 4683
36 20 4305
36 21 3057
36 61 2668
36 14 4455
36 55 4854
36 40 1098
36 12 4832
36 59 958
36 58 4629
36 24 921
36 68 3603
36 65 3874
36 52 1313
36 60 445
36 53 250
36 6 1746
37 50 231
37 52 1196
37 13 2157
37 54 4287
37 14 1447
37 39 4492
37 10 627
37 60 4443
37 8 4381
37 59 1265
37 25 4618
37 11 4068
37 62 6165
37 16 445
37 48 1090
37 34 947
37 40 5588
37 61 4246
37 26 386
37 7 2579
37 64 1378
37 69 4556
37 75 2677
37 33 6120
37 6 4902
37 74 5586
37 22 306
37 71 1695
37 56 5026
37 24 3460
37 73 3333
37 41 418
37 42 5486
37 23 354
37 35 3792
37 1 3195
37 51 161
37 20 783
37 70 4580
37 67 1212
37 58 6078
37 5 4059
37 47 2815
37 57 4675
37 15 3632
37 38 6046
37 66 4535
37 72 927
37 2 3090
37 32 4197
37 44 578
37 4 3146
37 45 3729
37 65 1456
37 17 555
37 53 3616
37 29 195
37 30 4548
37 31 6192
38 14 4527
38 3 6061
38 43 2450
38 48 4689
38 30 1390
38 8 499
38 68 2902
38 65 70
38 17 941
38 36 2271
38 64 2701
38 66 1453
38 20 1284
38 47 2641
38 4 1788
38 44 1319
38 1 558
38 52 5098
38 24 1064
38 28 4952
38 59 315
38 35 381
38 67 4550
38 46 2716
38 74 1011
38 19 4127
38 54 1384
38 40 2893
38 23 2809
38 41 4833
38 71 3601
38 39 2370
38 18 1404
38 31 4165
38 37 4448
38 25 1800
38 55 3615
38 69 5362
38 13 4632
38 22 859
38 32 3398
38 27 1747
38 56 4471
38 21 5718
38 58 6152
38 57 3443
38 45 1113
38 70 186
38 15 2623
38 62 5615
38 60 1744
38 75 5788
38 16 1178
39 3 5619
39 5 1117
39 52 2470
39 70 3596
39 32 5575
39 26 3275
39 28 5843
39 16 1592
39 62 4297
39 22 1063
39 75 4107
39 24 6278
39 66 4760
39 54 2515
39 1 764
39 65 1561
39 51 3183
39 41 662
39 58 1648
39 29 3778
39 36 3588
39 9 6182
39 20 1516
39 45 3101
39 7 461
39 71 5558
39 57 1718
39 69 3837
39 53 3594
39 60 1888
39 37 4504
39 18 3283
39 38 119
39 6 1455
39 49 6163
39 56 1802
39 31 4423
39 25 6287
39 67 2854
39 30 2040
39 40 4005
39 55 2735
39 33 4419
39 43 5400
39 74 508
39 13 5681
39 19 1456
39 63 5521
39 47 1134
39 4 5325
39 42 616
39 11 3047
39 72 2016
39 64 1552
39 73 431
39 17 4954
40 28 2446
40 64 1867
40 21 126
40 62 1207
40 31 2617
40 23 95
40 22 2842
40 65 1724
40 73 1269
40 66 3138
40 9 3603
40 14 4655
40 74 4595
40 54 3844
40 51 4804
40 37 3512
40 58 3296
40 3 1246
40 61 4437
40 25 3886
40 8 614
40 17 5037
40 35 5427
40 5 6205
40 46 5457
40 48 5214
40 70 4724
40 32 2647
40 59 1473
40 44 849
40 2 6253
40 60 2927
40 45 5000
40 6 4402
40 55 3557
40 50 272
40 57 2100
40 15 3284
40 63 5420
40 30 627
40 36 6179
40 68 3197
40 71 5394
40 34 6157
40 72 1157
40 27 4556
40 16 524
40 11 5505
40 49 1600
40 38 1512
40 43 49
40 75 3830
40 19 631
40 7 239
40 41 3519
40 20 2260
40 10 4785
41 21 2955
41 71 3973
41 61 703
41 5 238
41 29 2516
41 25 5145
41 17 2503
41 26 6129
41 72 6185
41 68 6108
41 40 2244
41 54 1237
41 35 4953
41 67 3378
41 12 4831
41 22 306
41 33 4358
41 63 3850
41 18 4170
41 2 3731
41 53 1547
41 69 5969
41 59 4368
41 1 5223
41 46 1910
41 66 1225
41 43 4350
41 11 2799
41 36 4631
41 32 1324
41 60 4437
41 62 5197
41 45 3706
41 6 1248
41 64 6147
41 39 619
41 16 3612
41 9 2924
41 13 4803
41 58 6284
41 55 4244
41 48 2831
41 28 2482
41 10 1170
41 31 3947
41 34 4356
41 52 4860
41 65 6163
41 49 718
41 24 1130
41 15 1742
41 47 3001
41 44 5546
41 19 1972
42 11 343
42 16 2235
42 28 249
42 70 2925
42 19 3387
42 50 5075
42 27 3212
42 30 2319
42 75 6212
42 38 2484
42 36 3851
42 41 3065
42 61 5542
42 3 6171
42 60 4488
42 7 5840
42 54 5092
42 52 438
42 72 5515
42 63 929
42 59 868
42 10 898
42 71 3294
42 18 2278
42 45 3724
42 1 4130
42 17 5132
42 33 4751
42 29 3695
42 4 2084
42 26 3046
42 53 588
42 47 1685
42 22 2886
42 35 3675
42 8 3588
42 44 1048
42 58 2020
42 65 5554
42 49 574
42 25 4716
42 9 2419
42 43 810
42 21 620
42 23 6114
42 5 3384
42 40 2348
42 68 3116
42 24 1603
42 56 3680
42 55 738
42 32 614
42 67 3362
42 39 1719
42 20 1965
43 5 5050
43 12 2213
43 54 103
43 2 6095
43 49 1759
43 70 699
43 35 4826
43 26 2606
43 73 5593
43 13 2828
43 11 4189
43 60 5240
43 47 5280
43 69 535
43 15 4541
43 58 5392
43 37 4589
43 39 5104
43 38 680
43 27 3955
43 30 5726
43 34 5943
43 42 1656
43 61 3084
43 55 355
43 65 5976
43 52 2955
43 64 6029
43 67 4614
43 1 1750
43 24 2009
43 40 5335
43 45 1924
43 7 421
43 66 5955
43 17 5754
43 41 67
43 50 2085
43 63 777
43 74 611
43 9 3326
43 28 2264
43 68 2286
43 14 1269
43 53 3293
43 25 1948
43 10 789
43 48 1167
43 23 2192
43 51 5180
43 3 1016
43 57 772
43 32 6213
43 22 2011
44 53 3484
44 26 5537
44 57 3471
44 22 6091
44 40 4030
44 46 6044
44 10 5764
44 30 2362
44 69 4800
44 59 5790
44 47 4635
44 48 73
44 75 5040
44 5 3250
44 68 950
44 58 3035
44 62 1526
44 28 5663
44 52 576
44 19 5016
44 51 6095
44 55 1126
44 54 3608
44 41 5895
44 11 203
44 73 2956
44 34 409
44 18 2662
44 1 6126
44 36 2056
44 67 327
44 14 4062
44 6 2023
44 72 5010
44 38 5603
44 24 5985
44 8 2056
44 70 285
44 74 1477
44 20 3123
44 23 4196
44 27 2304
44 43 5522
44 71 3393
44 50 4781
44 29 6214
44 49 3990
44 66 812
44 61 671
44 39 4339
44 12 4432
44 56 1760
44 2 260
44 64 4130
44 31 3166
45 5 4383
45 60 4498
45 29 122
45 59 4663
45 61 1086
45 75 323
45 32 4844
45 44 1346
45 47 1212
45 68 3540
45 63 983
45 27 1901
45 42 1116
45 18 2565
45 1 294
45 67 1021
45 37 4674
45 54 4838
45 35 4877
45 28 2694
45 66 4776
45 57 4309
45 65 59
45 51 5360
45 36 6018
45 40 1534
45 11 2107
45 62 1804
45 4 1073
45 19 1849
45 41 5837
45 34 3817
45 43 4808
45 58 4870
45 71 252
45 17 4722
45 7 4298
45 64 4091
45 2 1800
45 69 3830
45 21 845
45 48 921
45 70 2318
45 16 5710
45 53 4524
45 46 2994
45 73 5420
45 13 3944
45 72 874
45 14 5822
45 25 1694
45 39 533
45 50 426
45 52 2973
45 74 1891
45 33 1478
45 23 3921
45 10 1787
45 26 2178
45 31 324
45 9 4221
46 59 1039
46 60 265
46 55 1987
46 66 6089
46 2 5166
46 56 2461
46 3 4411
46 51 5842
46 70 5431
46 48 4087
46 44 4265
46 36 5389
46 33 3904
46 41 6173
46 24 3920
46 71 5817
46 49 3112
46 16 3930
46 5 884
46 28 3910
46 69 314
46 4 626
46 53 6247
46 11 5472
46 67 423
46 15 3272
46 54 4293
46 10 6106
46 42 2031
46 40 3878
46 64 2761
46 19 5885
46 20 248
46 65 4787
46 1 1499
46 9 118
46 17 4347
46 45 2136
46 38 3798
46 26 1168
46 35 5334
46 31 3782
46 74 4855
46 43 3917
46 63 342
46 14 1404
46 29 5768
46 25 3965
46 27 2059
46 39 4462
46 6 245
46 8 6243
46 62 3790
46 7 5291
46 30 6216
46 73 1369
46 47 3485
46 61 1082
46 58 3589
46 75 5558
46 22 3364
47 9 4292
47 8 4033
47 37 5663
47 12 5548
47 70 3158
47 60 5177
47 45 5735
47 39 6029
47 1 4159
47 54 1621
47 43 5747
47 34 5274
47 41 1258
47 33 4281
47 56 1684
47 52 2240
47 18 5419
47 57 4371
47 7 1630
47 59 1311
47 49 5432
47 16 235
47 74 4291
47 2 5576
47 36 1576
47 71 5970
47 23 5911
47 3 3291
47 22 3297
47 27 3733
47 28 869
47 44 2107
47 53 3117
47 67 3079
47 29 1206
47 5 6152
47 69 1880
47 10 1991
47 38 2233
47 31 4084
47 68 5495
47 4 2124
47 21 1694
47 64 1200
47 19 6290
47 61 5625
47 35 5416
47 58 4044
47 73 1961
47 62 4522
47 48 1851
47 24 3975
47 17 1889
47 25 245
48 11 1564
48 60 1825
48 9 3376
48 25 5460
48 21 313
48 70 3119
48 31 1087
48 1 2632
48 12 3640
48 50 6133
48 49 4880
48 29 3445
48 61 35
48 26 4572
48 73 6071
48 3 1693
48 37 1521
48 53 881
48 35 5655
48 52 131
48 68 758
48 42 5059
48 8 4070
48 28 4869
48 6 2930
48 58 1441
48 75 1012
48 23 5324
48 38 1332
48 2 3728
48 19 3483
48 33 2151
48 13 3922
48 67 4373
48 15 1072
48 44 1511
48 71 5641
48 32 6116
48 45 1238
48 56 573
48 16 3982
48 63 1687
48 39 541
48 66 2324
48 22 5889
48 7 709
48 55 6123
48 54 3473
48 36 1079
48 30 1655
48 20 1271
48 47 5849
48 62 5458
48 27 658
48 34 3932
48 14 2073
49 68 135
49 37 2267
49 13 1790
49 55 5491
49 42 1385
49 70 352
49 8 2797
49 34 4933
49 71 2136
49 20 2835
49 39 3958
49 57 6032
49 48 4121
49 31 4142
49 47 5523
49 56 4297
49 51 5209
49 18 5985
49 65 295
49 45 1169
49 22 6275
49 74 3986
49 7 1569
49 59 1682
49 40 4309
49 21 5194
49 6 2637
49 11 5669
49 9 3211
49 73 3626
49 33 5855
49 36 3850
49 69 628
49 16 1576
49 44 1227
49 25 5091
49 52 5849
49 46 852
49 5 4268
49 53 5839
49 35 1600
49 50 4282
49 32 6140
49 26 4160
49 27 1191
49 75 273
49 64 624
49 66 6268
49 14 4084
49 54 2136
49 58 2215
49 43 461
49 30 32
49 3 2112
49 67 6208
49 38 380
49 17 5561
50 65 2126
50 37 1406
50 20 5051
50 66 4743
50 33 4009
50 56 207
50 74 4510
50 48 5284
50 49 2983
50 32 492
50 16 3408
50 23 759
50 1 3346
50 51 626
50 29 1326
50 11 3373
50 71 1585
50 5 5836
50 63 690
50 28 2390
50 53 1167
50 21 4308
50 57 5716
50 36 4237
50 7 873
50 34 1484
50 40 3291
50 55 5546
50 42 4248
50 70 255
50 6 3888
50 62 3637
50 73 4858
50 8 4275
50 69 6078
50 26 1990
50 14 4843
50 9 3300
50 22 5767
50 43 185
50 10 163
50 75 3957
50 31 5940
50 67 1895
50 41 3185
50 60 1447
50 30 4165
50 27 4974
50 58 5108
50 25 1828
50 12 4192
50 52 1176
50 17 3105
50 4 3525
50 3 5623
50 44 3683
50 64 3229
50 2 1468
51 45 4426
51 73 1603
51 13 433
51 11 2394
51 66 5258
51 27 5532
51 59 1259
51 50 5577
51 10 5980
51 28 3052
51 35 500
51 65 4788
51 63 3386
51 69 3630
51 37 264
51 49 2516
51 42 3812
51 44 5660
51 62 3356
51 33 5013
51 15 2241
51 30 1604
51 41 4351
51 12 324
51 58 6221
51 71 5432
51 4 4132
51 18 4924
51 25 4719
51 1 1353
51 40 5624
51 32 5802
51 61 4380
51 70 1776
51 74 320
51 48 2965
51 39 3088
51 7 4005
51 14 35
51 54 548
51 6 6192
51 36 4883
51 31 2415
51 53 3198
51 29 2813
51 3 5139
51 26 3516
51 21 4808
51 67 410
51 9 1049
51 55 2737
51 20 720
51 16 3895
51 34 3818
52 67 5044
52 14 5362
52 32 2022
52 35 2481
52 48 2153
52 29 4292
52 68 3841
52 19 5695
52 71 4934
52 39 447
52 45 4089
52 7 5399
52 46 5225
52 51 4467
52 41 5024
52 69 328
52 22 3399
52 21 1466
52 9 4711
52 15 4697
52 50 532
52 44 3487
52 55 3574
52 25 1222
52 36 2255
52 11 5014
52 65 5050
52 74 2048
52 62 5460
52 73 1623
52 53 586
52 28 5946
52 64 4936
52 34 5866
52 70 51
52 8 339
52 61 3050
52 43 5811
52 1 2337
52 56 2718
52 6 1711
52 63 756
52 59 5243
52 31 4191
52 5 3987
52 27 1615
52 66 3427
52 38 1013
52 12 3385
52 33 2535
52 4 3279
52 57 4408
52 10 5790
53 27 3959
53 72 5013
53 64 5096
53 1 3471
53 57 2616
53 21 2066
53 71 2426
53 56 6075
53 9 2868
53 37 3872
53 51 2188
53 32 1634
53 38 3239
53 40 866
53 43 2467
53 5 2420
53 35 2444
53 46 2129
53 44 1316
53 23 3756
53 55 5858
53 69 114
53 60 1909
53 22 2774
53 7 376
53 47 3739
53 74 3982
53 24 5458
53 62 3260
53 52 6132
53 58 1278
53 39 3205
53 42 2776
53 63 1162
53 45 4405
53 61 990
53 2 2251
53 6 6283
53 50 775
53 59 5634
53 73 2327
53 15 1583
53 30 5819
53 25 6129
53 20 1968
53 75 3518
53 65 5527
53 16 5831
53 11 4647
53 8 5527
53 34 978
53 68 827
53 41 2957
53 14 3305
53 33 3249
53 49 3676
53 17 844
53 18 5781
53 10 226
53 66 2053
54 41 4953
54 49 676
54 9 4889
54 14 5603
54 60 5534
54 21 959
54 67 2303
54 37 3164
54 29 4253
54 28 3736
54 39 2024
54 68 1284
54 25 1447
54 57 1716
54 72 3206
54 63 5901
54 45 4530
54 8 3882
54 58 5961
54 55 3536
54 40 3018
54 71 2596
54 74 5938
54 24 3312
54 35 4774
54 44 1983
54 26 2785
54 66 5837
54 11 1096
54 2 722
54 6 311
54 52 4230
54 65 5819
54 31 4843
54 7 3080
54 48 5107
54 51 4977
54 56 1524
54 3 3161
54 20 2835
54 10 2155
54 73 4350
54 75 1665
54 64 5961
54 59 3568
54 50 4147
54 38 5775
54 15 5016
54 32 5113
54 19 2647
54 33 5415
54 62 3632
54 53 4726
54 47 3599
54 23 1219
54 43 1648
54 18 2161
55 58 5776
55 35 2258
55 24 1929
55 50 4965
55 13 3009
55 9 2539
55 53 2714
55 21 2860
55 10 1092
55 14 4631
55 23 5627
55 75 4909
55 72 4656
55 51 1620
55 31 2735
55 29 6211
55 44 2899
55 43 296
55 70 5655
55 40 5248
55 38 4445
55 36 5344
55 47 4687
55 20 4469
55 66 1892
55 18 4831
55 73 2607
55 3 4098
55 17 5945
55 12 3829
55 63 2431
55 59 3595
55 54 1831
55 37 1760
55 15 3626
55 26 3578
55 6 1365
55 33 3299
55 64 1019
55 71 1941
55 46 3875
55 34 2964
55 65 898
55 49 5527
55 27 4113
55 19 1420
55 69 3931
55 4 4475
55 57 5580
55 11 769
55 32 5986
55 74 4344
55 25 3409
55 48 864
55 42 4387
55 52 2089
55 61 4814
56 62 4577
56 3 445
56 21 2967
56 71 4
56 20 2303
56 67 126
56 33 1712
56 54 187
56 12 3230
56 52 3377
56 41 4961
56 10 2120
56 69 3114
56 7 1956
56 59 3487
56 38 1077
56 47 4607
56 70 35
56 50 3205
56 73 4765
56 22 2987
56 72 4581
56 65 1019
56 45 2195
56 27 5003
56 48 2436
56 9 5602
56 29 4639
56 17 3634
56 53 2463
56 16 1048
56 6 4560
56 1 1075
56 42 1391
56 40 5389
56 57 2946
56 44 3348
56 13 692
56 31 4759
56 8 4730
56 4 388
56 51 5388
56 5 1170
56 28 1434
56 26 6072
56 58 5370
56 75 537
56 63 4817
56 61 2798
56 37 5772
56 60 5091
56 66 3731
56 34 5939
56 2 99
56 49 1507
56 24 3384
56 15 1657
56 46 339
56 18 5789
56 25 5533
57 69 1739
57 3 1382
57 32 2590
57 49 2849
57 65 4301
57 72 1712
57 60 2296
57 46 252
57 25 3005
57 74 5087
57 21 4790
57 26 113
57 33 3897
57 68 2283
57 23 5935
57 63 3127
57 9 5114
57 29 3629
57 35 5611
57 30 2468
57 20 1417
57 70 3965
57 19 4115
57 53 889
57 27 3432
57 50 415
57 15 4005
57 73 2485
57 28 4590
57 52 2637
57 16 1308
57 47 4694
57 34 1675
57 58 1653
57 51 713
57 41 3666
57 64 16
57 71 3268
57 1 439
57 42 4923
57 67 6195
57 44 3831
57 62 2020
57 56 3741
57 18 1563
57 31 4271
57 6 3702
57 39 1363
57 54 792
57 75 3470
57 5 284
57 14 4498
57 43 2148
58 30 2430
58 25 2469
58 28 4640
58 68 5174
58 38 4738
58 60 3966
58 75 4781
58 73 2322
58 62 2538
58 44 590
58 72 3918
58 51 3963
58 57 2749
58 11 5117
58 65 731
58 37 2938
58 71 3933
58 20 3791
58 32 1774
58 52 5039
58 47 5773
58 17 990
58 26 4414
58 42 2849
58 1 1982
58 39 1210
58 46 4256
58 66 3013
58 15 3162
58 9 3638
58 29 4930
58 31 2730
58 33 2630
58 45 1968
58 3 3607
58 21 2858
58 40 5627
58 55 3681
58 7 840
58 63 572
58 59 2809
58 67 2484
58 14 1118
58 12 2820
58 18 2704
58 43 4073
58 16 4520
58 6 900
58 34 3693
58 24 5511
58 64 2864
58 74 2196
58 19 3925
58 23 4691
58 13 4774
58 69 3155
58 10 3557
58 53 5482
59 17 5120
59 58 704
59 28 5064
59 60 1730
59 38 3267
59 54 3399
59 1 3893
59 2 4851
59 66 2951
59 36 4832
59 73 1925
59 51 5534
59 69 641
59 18 3334
59 40 3468
59 49 5057
59 11 3465
59 53 1170
59 71 5678
59 31 729
59 23 595
59 61 617
59 63 41
59 4 2870
59 30 2320
59 22 1813
59 56 4723
59 39 1152
59 15 4738
59 74 4698
59 45 5953
59 43 3064
59 55 664
59 12 2006
59 44 3663
59 37 4763
59 62 4977
59 72 199
59 34 725
59 70 5194
59 7 4354
59 5 148
59 42 4789
59 8 5650
59 10 5108
59 24 3363
59 21 5962
59 35 2579
59 29 2677
59 65 852
59 50 1356
59 46 5325
59 16 487
59 68 4215
59 67 2599
59 41 448
59 19 5434
60 4 333
60 8 1422
60 52 3140
60 22 2115
60 45 4189
60 29 5967
60 70 4270
60 7 2556
60 26 3852
60 49 5200
60 55 768
60 3 235
60 12 1667
60 38 185
60 66 1724
60 39 3040
60 14 3775
60 63 5575
60 61 2688
60 62 4201
60 53 3449
60 50 6213
60 6 3005
60 59 5290
60 17 5362
60 19 888
60 24 3774
60 43 2527
60 27 3907
60 31 1860
60 51 2923
60 68 1507
60 73 2883
60 21 5955
60 23 4236
60 56 2758
60 33 4247
60 9 3415
60 75 3595
60 2 431
60 30 321
60 35 167
60 57 1277
60 37 2504
60 25 5077
60 74 4643
60 67 5842
60 34 5217
60 58 2427
60 65 231
60 10 3999
60 46 1664
60 36 6054
60 11 1490
60 71 5318
60 69 1547
60 15 3538
60 20 618
60 5 3883
61 51 5791
61 74 5107
61 49 5063
61 29 4217
61 33 4215
61 7 5055
61 22 411
61 6 1929
61 73 6045
61 23 4568
61 57 288
61 28 4477
61 15 3271
61 5 4658
61 71 2646
61 1 4754
61 2 1336
61 65 2078
61 53 1492
61 12 5184
61 52 6038
61 18 4808
61 30 1473
61 26 1184
61 67 5344
61 37 1938
61 47 2314
61 39 420
61 31 5580
61 69 5449
61 56 680
61 41 5861
61 54 2625
61 59 2421
61 46 2095
61 70 1268
61 34 4169
61 35 5987
61 25 1800
61 43 2918
61 17 1168
61 38 2854
61 63 1907
61 11 464
61 9 4823
61 14 766
61 24 2717
61 44 5149
61 19 5391
61 40 3763
61 50 4398
62 33 2841
62 56 450
62 13 331
62 32 1989
62 37 5222
62 50 257
62 71 1891
62 72 696
62 75 2415
62 26 5624
62 51 914
62 23 4025
62 69 3313
62 44 5836
62 18 1983
62 22 2150
62 70 3487
62 74 4897
62 1 1500
62 7 6247
62 14 6187
62 3 1893
62 17 851
62 25 1725
62 15 4623
62 5 1854
62 9 1654
62 47 2156
62 68 3850
62 45 564
62 27 3062
62 66 5
62 43 257
62 40 1307
62 21 247
62 36 1336
62 65 1749
62 54 3263
62 24 2577
62 46 4100
62 20 420
62 4 1500
62 64 726
62 39 54
62 11 1665
62 30 1762
62 38 3829
62 31 5178
62 2 499
62 67 2593
62 41 5301
62 10 947
62 61 2850
62 59 5514
62 29 5318
62 42 1218
62 55 3372
62 53 2867
62 58 473
62 48 4213
62 63 432
62 12 1329
63 67 2913
63 12 2292
63 53 1815
63 15 5748
63 30 3449
63 61 4435
63 48 3300
63 46 3467
63 42 3370
63 16 5165
63 8 5893
63 33 1929
63 74 1819
63 37 5950
63 40 601
63 43 2157
63 72 6034
63 11 5956
63 62 4115
63 6 1518
63 68 2156
63 26 2353
63 25 2378
63 14 3209
63 10 1004
63 54 1552
63 24 4280
63 51 5428
63 28 64
63 50 5865
63 29 1517
63 66 5075
63 1 5572
63 59 2423
63 13 3900
63 32 839
63 3 628
63 71 1629
63 56 3569
63 21 5773
63 23 713
63 47 6246
63 45 3440
63 34 790
63 35 6069
63 49 3634
63 73 5243
63 44 2938
63 38 1883
63 60 3034
63 4 4776
63 22 3097
63 65 3159
64 24 4089
64 44 5844
64 31 5585
64 67 3083
64 40 1861
64 38 3850
64 9 1148
64 71 5358
64 56 3739
64 39 2408
64 20 5238
64 69 2330
64 7 944
64 33 228
64 46 609
64 26 4366
64 68 3224
64 70 5872
64 25 3452
64 19 3215
64 57 5584
64 5 6203
64 30 6111
64 42 2803
64 60 3817
64 45 380
64 18 6198
64 8 4801
64 66 2391
64 22 4840
64 11 4146
64 17 66
64 6 312
64 74 1974
64 3 4656
64 58 5392
64 55 3424
64 43 4148
64 52 280
64 50 2047
64 14 1968
64 65 351
64 15 4355
64 1 4870
64 13 2905
64 59 3754
64 35 4820
64 47 5523
64 34 50
64 54 2830
64 75 6179
65 24 3621
65 13 5446
65 34 1094
65 52 3559
65 54 2775
65 49 2490
65 43 1302
65 20 6205
65 28 115
65 71 6089
65 48 1602
65 67 4287
65 17 837
65 41 3469
65 11 3206
65 45 3591
65 62 5012
65 58 5394
65 50 5870
65 47 4401
65 46 5321
65 57 776
65 53 4163
65 31 1678
65 18 4476
65 10 5770
65 68 2150
65 3 4740
65 75 3214
65 23 1917
65 30 6089
65 73 5210
65 14 2102
65 12 527
65 22 4498
65 72 1180
65 42 590
65 5 2069
65 26 383
65 56 3657
65 74 425
65 2 2280
65 66 1839
65 1 1442
65 55 1597
65 38 2165
65 51 1535
65 61 968
65 35 5907
65 60 3687
65 6 3575
66 58 6026
66 2 281
66 14 3112
66 69 2435
66 41 5405
66 36 2725
66 56 2661
66 4 2440
66 55 5188
66 68 1734
66 67 503
66 25 2138
66 44 4269
66 11 5141
66 54 2169
66 45 575
66 24 6158
66 16 2634
66 29 5821
66 75 4928
66 52 3965
66 72 3699
66 19 4619
66 40 2325
66 30 159
66 15 2777
66 32 149
66 10 690
66 21 3632
66 47 2961
66 61 1216
66 27 2947
66 73 3104
66 35 685
66 26 1830
66 7 162
66 63 286
66 3 4428
66 57 5828
66 9 248
66 13 4915
66 48 5471
66 59 1514
66 62 5266
66 20 1296
66 49 976
66 42 1109
66 46 2460
66 23 45
66 71 5025
66 53 2030
66 22 5048
67 28 854
67 43 5563
67 14 2829
67 10 3356
67 59 186
67 21 598
67 5 3104
67 29 4029
67 36 4540
67 74 1423
67 31 5166
67 13 3597
67 8 3846
67 4 623
67 60 3452
67 44 2918
67 73 5207
67 47 1609
67 69 1113
67 46 5321
67 40 1433
67 20 560
67 63 4484
67 64 4908
67 42 773
67 30 242
67 56 5221
67 16 2389
67 48 456
67 61 4819
67 7 5566
67 23 1011
67 65 3702
67 71 3303
67 22 1488
67 12 5058
67 6 2459
67 68 5477
67 45 5702
67 38 207
67 58 4409
67 2 1492
67 9 5065
67 52 3836
67 66 1899
67 49 5899
67 57 6293
67 54 4208
67 62 5822
67 50 6197
67 24 2420
67 41 1900
67 55 4174
67 19 6196
67 70 4872
68 39 4734
68 41 6241
68 37 2301
68 30 702
68 22 1975
68 54 2723
68 25 3761
68 61 2899
68 65 5032
68 55 3442
68 48 1623
68 20 296
68 14 5888
68 42 4983
68 34 1328
68 33 3418
68 18 5139
68 36 3990
68 50 2792
68 43 1790
68 15 3342
68 57 5227
68 21 2821
68 5 3425
68 6 1989
68 52 5917
68 17 3470
68 74 1992
68 2 3878
68 7 107
68 58 4625
68 4 3499
68 59 5776
68 69 3880
68 35 3702
68 10 5662
68 9 466
68 26 2075
68 40 2327
68 12 5090
68 28 1596
68 1 2965
68 60 128
68 13 5877
68 32 671
68 71 1407
68 53 1748
68 56 5051
68 72 1527
68 27 5514
68 23 2571
68 24 1683
68 70 3956
68 11 3361
68 8 1192
68 29 3173
68 46 1462
68 47 1053
68 67 1253
68 16 3243
68 45 3520
68 3 2961
69 18 4375
69 48 3308
69 56 584
69 60 2524
69 51 5185
69 28 5903
69 59 5030
69 7 2043
69 71 5669
69 58 1010
69 47 2504
69 6 2458
69 30 5310
69 38 1784
69 62 4419
69 16 2371
69 32 2975
69 65 3126
69 70 2549
69 3 5486
69 5 5258
69 29 1992
69 31 2006
69 57 1645
69 54 4235
69 68 2492
69 11 1735
69 37 5985
69 40 3048
69 25 3594
69 20 1293
69 23 1711
69 27 3765
69 50 4795
69 72 3021
69 39 2818
69 75 1099
69 21 2687
69 63 2411
69 14 3501
69 34 3885
69 61 4264
69 52 4301
69 67 5927
69 8 6103
69 44 4109
69 4 5190
69 43 2285
69 35 5787
69 9 1079
69 10 3565
69 46 4314
69 49 5243
69 2 3966
69 55 1894
69 66 4180
69 17 3310
69 24 144
69 41 352
69 53 912
69 1 573
69 19 1897
70 51 2390
70 26 2672
70 59 1663
70 23 2385
70 48 442
70 24 5325
70 2 1691
70 50 5681
70 11 2363
70 34 3837
70 61 2592
70 41 1188
70 54 4233
70 15 204
70 72 970
70 5 5788
70 42 6053
70 1 1367
70 4 1324
70 52 5937
70 53 691
70 44 4214
70 21 2788
70 13 4994
70 65 3426
70 3 3220
70 64 5096
70 18 4647
70 55 3523
70 43 6045
70 12 5830
70 60 4909
70 40 5724
70 69 3194
70 19 3356
70 66 2298
70 71 4392
70 17 148
70 58 2311
70 29 271
70 36 5677
70 32 1402
70 37 1150
70 67 4545
70 57 1766
70 6 4746
70 16 360
70 68 4562
70 31 5416
70 9 1530
70 75 117
70 7 3964
70 39 2759
70 47 1476
70 38 815
70 22 6164
70 27 6261
70 28 5389
70 45 5439
71 54 725
71 64 5434
71 33 4863
71 69 2958
71 34 2610
71 1 880
71 32 4921
71 16 421
71 30 755
71 58 705
71 50 5657
71 21 5736
71 74 4559
71 56 5570
71 11 6182
71 5 4568
71 41 1266
71 42 655
71 31 4089
71 28 2300
71 43 2735
71 66 4811
71 36 3721
71 17 4142
71 73 669
71 67 3034
71 47 5324
71 6 6024
71 44 1235
71 38 1187
71 39 1476
71 60 5275
71 52 1366
71 9 577
71 57 1182
71 12 5035
71 55 4528
71 46 2829
71 2 3045
71 29 3441
71 61 4998
71 45 4451
71 37 640
71 40 4632
71 19 173
71 18 1084
71 4 3766
71 7 5083
71 70 586
71 10 6181
71 59 3527
71 23 6128
71 13 1335
71 62 6123
71 22 4000
71 48 481
71 72 453
71 27 104
71 25 1807
71 49 1552
72 12 969
72 43 4617
72 25 5962
72 4 4452
72 74 2804
72 49 1886
72 17 1419
72 59 1419
72 22 3401
72 8 5798
72 54 1095
72 38 2772
72 28 5172
72 73 2129
72 13 1535
72 27 966
72 45 5908
72 20 2054
72 44 6239
72 34 721
72 18 4164
72 19 3209
72 47 2984
72 51 2792
72 35 2628
72 21 5968
72 63 1877
72 32 1356
72 68 4452
72 55 5306
72 11 5939
72 16 5084
72 3 5983
72 70 4558
72 60 1167
72 66 2097
72 31 4852
72 37 3452
72 52 769
72 1 2550
72 6 3337
72 75 5340
72 2 5521
72 65 4965
72 10 5344
72 30 2719
72 46 5626
72 61 3140
72 15 5710
72 23 5161
72 62 4193
72 36 4701
72 53 4862
72 7 2832
72 26 5111
72 57 6053
72 42 4537
72 33 5323
72 41 2244
72 40 1145
73 26 128
73 74 3004
73 66 915
73 58 4352
73 37 5595
73 31 3684
73 69 4642
73 22 2505
73 8 5776
73 56 2226
73 7 4014
73 5 5115
73 19 4741
73 53 4182
73 9 6172
73 47 6008
73 54 5553
73 16 4924
73 62 6124
73 13 2776
73 57 5373
73 32 2708
73 27 1619
73 59 1829
73 2 4392
73 64 5032
73 28 4010
73 63 4444
73 24 5
73 25 4362
73 21 2187
73 1 1723
73 14 2509
73 60 580
73 36 3529
73 51 63
73 75 5784
73 71 5726
73 68 5362
73 52 3956
73 42 4433
73 6 3767
73 61 1692
73 48 1828
73 45 1484
73 44 4138
73 18 2045
73 49 1212
73 43 1570
73 29 3689
73 72 2666
73 15 3486
73 55 3247
74 23 4010
74 5 3134
74 15 2226
74 34 2496
74 43 3371
74 4 1381
74 59 6092
74 9 1659
74 60 313
74 56 5343
74 1 605
74 30 3073
74 46 3789
74 52 2901
74 45 88
74 67 3028
74 68 6192
74 32 3161
74 6 6286
74 29 4263
74 20 430
74 27 2151
74 25 4065
74 58 2767
74 26 3484
74 33 4985
74 36 1964
74 71 5126
74 44 2378
74 22 117
74 18 3558
74 19 1112
74 64 2649
74 72 887
74 61 289
74 7 799
74 13 2698
74 40 1394
74 17 844
74 63 4107
74 73 3147
74 10 4749
74 55 5269
74 75 3160
74 14 3528
74 65 2783
74 48 2712
74 24 3303
74 51 1306
74 39 5628
74 53 5643
74 2 4364
74 21 5403
74 49 5056
74 69 4614
74 37 2917
74 3 6286
74 12 2759
75 48 3407
75 66 4440
75 12 5353
75 44 2290
75 6 238
75 32 558
75 72 623
75 73 2876
75 40 750
75 53 62
75 31 659
75 41 5077
75 61 1770
75 51 3181
75 64 2270
75 20 4333
75 18 3953
75 29 4830
75 67 4219
75 7 5101
75 8 2746
75 2 1635
75 45 3041
75 70 2659
75 3 510
75 43 3976
75 46 4690
75 15 4799
75 17 5335
75 9 5149
75 28 5448
75 74 68
75 55 2772
75 26 1723
75 68 1340
75 42 2181
75 58 1514
75 10 5806
75 49 690
75 14 5506
75 13 2930
75 39 1164
75 34 3090
75 57 523
75 24 5517
75 50 97
75 69 5681
75 11 3952
75 47 918
75 56 436
75 33 4008
75 54 4726
75 23 785
75 5 4808
75 36 422
