75 4200
1 34 385
1 42 1031
1 20 5732
1 35 427
1 65 5825
1 70 1215
1 67 4750
1 32 1141
1 21 2093
1 38 1132
1 4 3164
1 3 4554
1 72 5284
1 75 1288
1 6 5301
1 48 5690
1 57 794
1 66 578
1 56 3282
1 27 829
1 61 1171
1 69 1860
1 26 5190
1 10 3362
1 11 2162
1 2 412
1 40 3883
1 18 135
1 8 4818
1 5 4391
1 37 581
1 54 5837
1 23 3319
1 52 1618
1 19 3938
1 29 4725
1 13 2631
1 44 4986
1 39 3650
1 9 1757
1 30 2315
1 50 235
1 17 4540
1 64 1185
1 49 649
1 31 1172
1 22 665
1 14 4136
1 58 490
1 62 4761
1 51 3947
1 46 5755
1 12 3850
1 73 4253
1 41 1705
1 63 1534
1 25 4428
1 47 1185
1 45 3512
1 68 4625
1 71 1065
2 70 459
2 8 6187
2 14 3579
2 9 2440
2 22 1525
2 46 1035
2 68 880
2 11 4452
2 27 327
2 61 2786
2 45 4560
2 17 5551
2 53 2020
2 44 1214
2 72 1714
2 31 1055
2 67 1181
2 52 5752
2 47 3934
2 50 2440
2 20 4984
2 12 3504
2 54 5925
2 13 716
2 41 3103
2 59 6140
2 29 2931
2 24 5249
2 74 253
2 32 1927
2 60 5073
2 39 1010
2 16 6083
2 40 5794
2 6 2308
2 21 5203
2 25 2205
2 43 218
2 34 3432
2 23 3889
2 26 60
2 38 923
2 66 1328
2 56 4811
2 69 2649
2 73 5098
2 51 84
2 63 2213
2 58 4034
2 49 411
2 28 803
2 42 1708
2 4 755
2 1 3139
2 36 4759
2 64 4251
2 65 2793
2 57 373
2 48 3382
2 55 907
2 18 220
3 2 930
3 71 5841
3 74 5963
3 61 236
3 7 5193
3 28 3340
3 68 3380
3 54 1478
3 24 1421
3 10 2624
3 13 6282
3 56 5323
3 34 1133
3 12 2479
3 50 4557
3 55 5100
3 65 2142
3 70 2547
3 40 1471
3 66 3011
3 20 5342
3 14 4957
3 29 2038
3 53 109
3 27 1887
3 5 5945
3 58 110
3 57 2843
3 35 3162
3 15 3749
3 21 2818
3 11 4694
3 26 2900
3 73 1390
3 32 1330
3 45 4813
3 59 1720
3 17 5612
3 22 3911
3 51 4662
3 62 147
3 8 4932
3 25 5425
3 33 3451
3 60 5757
3 44 5410
3 4 3359
3 31 3285
3 52 5431
3 18 3485
3 23 5102
3 19 2887
3 42 5289
4 12 5832
4 60 300
4 53 1058
4 5 5801
4 65 4454
4 23 6145
4 73 3862
4 54 1078
4 29 1869
4 30 2309
4 7 3898
4 8 232
4 6 4810
4 63 3110
4 24 4472
4 55 3275
4 40 183
4 26 1272
4 44 6145
4 32 5501
4 42 3570
4 58 3209
4 75 5984
4 39 2676
4 72 2549
4 61 4962
4 34 2511
4 62 3497
4 41 3677
4 36 2577
4 21 4528
4 67 5166
4 56 5330
4 10 4418
4 38 4102
4 66 3271
4 16 348
4 71 2869
4 70 2038
4 14 2173
4 3 2686
4 52 5079
4 15 1946
4 57 532
4 28 6057
4 48 3303
4 9 4414
4 2 5343
4 46 6152
4 45 2499
4 19 2189
4 74 3746
4 17 5784
4 22 3679
5 56 3141
5 72 773
5 15 118
5 48 2832
5 35 3282
5 34 4712
5 26 6079
5 58 213
5 70 5323
5 74 1277
5 59 2636
5 2 3865
5 45 1676
5 62 5657
5 21 790
5 10 6187
5 65 2164
5 12 2678
5 51 4864
5 38 4624
5 66 1039
5 22 3700
5 39 6116
5 69 1380
5 37 763
5 61 4583
5 30 5543
5 67 3292
5 44 5722
5 25 1160
5 49 613
5 47 2288
5 54 5935
5 7 3126
5 43 13
5 6 1253
5 9 239
5 20 2680
5 68 1732
5 33 514
5 31 2845
5 18 4378
5 11 4241
5 13 3159
5 19 4884
5 40 241
5 41 567
5 28 722
5 42 3676
5 64 2495
5 50 4856
5 29 568
6 54 4869
6 42 1031
6 68 2682
6 38 141
6 17 2567
6 41 4392
6 28 5394
6 45 2225
6 16 3212
6 21 1764
6 69 1406
6 67 5753
6 15 3719
6 72 2296
6 35 719
6 2 942
6 7 2644
6 12 4709
6 32 672
6 23 6082
6 53 230
6 8 4273
6 34 4594
6 70 688
6 73 5456
6 10 3510
6 43 2408
6 36 724
6 20 662
6 50 610
6 1 6286
6 5 49
6 37 2459
6 24 3433
6 51 3196
6 63 4095
6 66 1119
6 60 4441
6 14 196
6 31 1154
6 48 4111
6 9 6295
6 75 3838
6 49 1266
6 19 522
6 39 768
6 62 2411
6 71 3571
6 22 2796
6 47 5279
6 44 3509
6 57 5042
6 29 5370
6 61 5615
6 26 482
6 18 3274
6 3 243
6 64 5883
6 4 3850
6 58 5720
6 13 2249
7 50 6272
7 70 3446
7 29 5130
7 31 3855
7 35 1647
7 1 5256
7 48 1214
7 25 365
7 20 2277
7 45 1720
7 16 1514
7 41 5387
7 34 3475
7 33 3847
7 65 395
7 69 3213
7 51 4235
7 68 1686
7 60 4856
7 74 6087
7 22 4485
7 43 6057
7 40 3745
7 23 5976
7 36 3956
7 27 3244
7 59 3358
7 73 3972
7 8 3539
7 63 3688
7 75 4837
7 47 854
7 42 1402
7 71 907
7 24 4452
7 62 6029
7 32 4731
7 14 3626
7 13 76
7 5 1423
7 10 4467
7 49 2728
7 11 5062
7 39 2814
7 37 1034
7 54 4473
7 6 1288
7 61 552
7 17 3914
7 30 1705
7 28 4483
7 58 2353
7 72 772
7 12 2888
7 66 674
7 3 5993
7 15 2309
8 21 224
8 61 5050
8 44 1098
8 49 5281
8 1 5088
8 50 2818
8 18 4177
8 14 5210
8 65 6077
8 39 3001
8 33 4394
8 75 1445
8 59 1290
8 40 4984
8 70 3405
8 12 275
8 56 251
8 5 874
8 63 512
8 16 3712
8 48 1960
8 53 1705
8 7 5097
8 23 1276
8 3 4617
8 22 4928
8 34 5210
8 30 5012
8 11 2574
8 24 4215
8 35 5616
8 6 1772
8 31 2750
8 58 515
8 4 884
8 15 129
8 67 284
8 19 2170
8 20 1490
8 43 2906
8 54 3977
8 25 4741
8 10 1973
8 41 1584
8 2 4479
8 66 614
8 37 188
8 38 5875
8 26 2896
8 17 5769
9 2 2059
9 67 3471
9 47 4906
9 24 3886
9 28 2487
9 68 6038
9 45 3146
9 42 341
9 71 3189
9 20 650
9 18 5123
9 37 2508
9 17 5476
9 62 3477
9 35 705
9 15 1053
9 64 6271
9 60 5445
9 27 6125
9 34 1267
9 6 1464
9 52 3040
9 14 5131
9 5 3686
9 54 151
9 12 1982
9 69 4485
9 75 187
9 30 2204
9 25 5456
9 22 5978
9 59 234
9 19 4202
9 50 3397
9 29 4964
9 10 585
9 32 2251
9 41 202
9 7 4174
9 44 842
9 74 1759
9 58 2059
9 13 5798
9 43 1461
9 4 1681
9 38 310
9 8 2863
9 65 5223
9 61 271
9 57 5896
9 23 1833
9 72 5805
9 1 5170
9 11 1832
9 33 5476
9 51 4467
10 22 3643
10 73 738
10 21 4834
10 75 3880
10 67 2703
10 36 4538
10 74 4097
10 43 3321
10 9 5869
10 32 709
10 20 5249
10 50 5310
10 2 1958
10 13 3889
10 55 1856
10 45 103
10 34 2934
10 39 2264
10 12 6037
10 6 4468
10 59 4161
10 3 1456
10 51 422
10 17 2111
10 28 3693
10 42 5056
10 61 1541
10 31 158
10 25 2357
10 57 2838
10 71 1313
10 70 4471
10 69 1520
10 18 6297
10 52 3122
10 8 5574
10 48 59
10 7 2124
10 35 314
10 49 2162
10 38 2241
10 24 4376
10 65 5598
10 54 3342
10 26 4295
10 27 4204
10 14 2569
10 30 5394
10 37 736
10 5 4530
10 1 3885
10 15 2859
10 16 4594
10 46 4846
10 19 4520
10 44 6231
10 64 5589
11 61 4405
11 40 4447
11 62 160
11 26 2771
11 25 436
11 23 380
11 32 2219
11 46 2090
11 63 5628
11 42 5102
11 54 2240
11 48 2486
11 1 3887
11 20 5769
11 58 3743
11 36 5875
11 18 566
11 68 5859
11 24 2245
11 3 4962
11 8 2386
11 47 979
11 51 2547
11 67 5635
11 50 5898
11 41 819
11 14 5599
11 28 859
11 35 2947
11 19 4137
11 52 1421
11 6 140
11 66 5115
11 33 1660
11 57 5067
11 30 4218
11 31 5577
11 49 5618
11 17 2409
11 65 2812
11 27 4462
11 73 2230
11 45 6234
11 29 3485
11 56 5082
11 9 5297
11 22 1141
11 4 2020
11 72 2657
11 70 2765
11 44 5509
11 15 271
11 13 6105
11 39 2338
11 10 1953
11 55 687
11 64 3718
11 37 5074
11 34 3297
11 69 382
11 12 893
12 73 4877
12 27 2426
12 56 4982
12 9 1566
12 20 2798
12 45 400
12 53 5758
12 46 4437
12 2 3150
12 42 5174
12 3 2160
12 68 627
12 51 3023
12 4 2895
12 6 2630
12 58 6222
12 18 3074
12 38 5662
12 72 5707
12 15 5026
12 11 4643
12 29 1277
12 26 2586
12 23 1264
12 14 5265
12 59 65
12 33 632
12 8 3
12 25 1009
12 65 1544
12 37 5043
12 36 4411
12 30 3507
12 55 1389
12 44 4402
12 16 2201
12 13 1906
12 5 5460
12 24 1939
12 66 1695
12 49 4730
12 75 3991
12 74 3303
12 39 4476
12 62 1928
12 64 2950
12 7 4480
13 44 1014
13 50 503
13 14 4414
13 15 340
13 27 994
13 28 4114
13 71 3594
13 42 5354
13 31 5378
13 59 445
13 10 5141
13 54 152
13 66 4921
13 73 5700
13 33 2734
13 56 1485
13 69 4207
13 52 4048
13 36 2627
13 72 6102
13 43 4489
13 17 761
13 67 1244
13 29 1732
13 75 448
13 9 4519
13 60 2765
13 16 4588
13 39 426
13 26 450
13 23 5635
13 21 5991
13 70 3762
13 51 3533
13 37 5506
13 11 1122
13 25 1128
13 12 1026
13 63 6044
13 7 4219
13 45 5466
13 3 705
13 49 5735
13 20 1643
13 24 3405
13 5 5587
13 47 2757
13 62 3071
13 4 1031
13 53 5078
13 2 2081
13 40 4432
13 61 599
13 19 5454
13 18 714
13 64 201
14 47 626
14 69 4426
14 12 3429
14 68 5858
14 19 1025
14 51 2780
14 70 3156
14 67 2782
14 34 4466
14 55 5108
14 28 3823
14 22 863
14 49 1407
14 4 429
14 50 2908
14 30 3774
14 18 5974
14 23 2839
14 71 5801
14 61 6055
14 20 4553
14 75 441
14 3 1556
14 56 636
14 60 4003
14 11 4305
14 65 1950
14 16 5319
14 46 3248
14 1 5975
14 25 5095
14 43 6194
14 53 2158
14 63 3435
14 62 5921
14 45 6044
14 17 1808
14 36 857
14 32 3815
14 64 6286
14 54 451
14 24 2251
14 6 4836
14 38 2336
14 5 153
14 35 6184
14 15 2753
14 73 1192
14 48 1441
14 66 2391
14 37 5201
14 59 972
14 10 3585
14 52 5889
14 9 2731
14 42 3804
14 13 1808
15 51 159
15 5 3967
15 8 6003
15 10 768
15 52 1740
15 27 5109
15 6 1374
15 58 2981
15 25 6293
15 23 5490
15 67 1847
15 69 5827
15 7 272
15 59 3406
15 64 3031
15 9 2684
15 30 1340
15 2 1805
15 1 1928
15 54 5132
15 70 4865
15 12 686
15 28 1734
15 19 4675
15 22 4478
15 47 2267
15 35 2226
15 68 3696
15 74 5540
15 42 6296
15 56 3201
15 32 5967
15 33 4367
15 36 472
15 63 850
15 37 1981
15 73 148
15 65 1738
15 3 2283
15 16 3704
15 44 3138
15 53 743
15 34 3796
15 49 3839
15 31 61
15 40 161
15 29 1383
15 46 2470
15 75 5198
15 41 3696
16 28 4553
16 64 3904
16 75 518
16 46 2498
16 72 5702
16 23 5718
16 13 4099
16 21 4389
16 26 5634
16 60 6290
16 18 4785
16 36 1451
16 30 5565
16 55 4624
16 73 1693
16 12 4935
16 5 1861
16 53 5789
16 10 112
16 44 1269
16 38 4012
16 32 1531
16 45 2998
16 74 2273
16 19 978
16 65 495
16 69 4227
16 51 2962
16 7 3331
16 8 480
16 29 3388
16 22 4995
16 49 960
16 58 588
16 25 6046
16 52 255
16 6 930
16 15 3179
16 54 5565
16 33 476
16 37 4747
16 27 3967
16 20 4193
16 67 857
16 57 861
16 63 3330
16 11 2058
16 40 5315
16 17 5678
16 62 607
16 9 4239
16 70 358
16 71 921
16 56 3603
16 66 5237
16 50 2189
16 43 4184
16 34 2312
16 14 4797
16 47 1424
16 68 3464
16 1 1167
17 16 5298
17 72 4612
17 43 221
17 18 5798
17 8 5145
17 32 150
17 52 4541
17 24 609
17 27 2429
17 45 1890
17 23 3750
17 21 3528
17 3 2833
17 14 3842
17 39 2424
17 69 2812
17 9 3620
17 1 5093
17 55 153
17 59 4770
17 75 5597
17 15 3080
17 11 1879
17 54 2422
17 10 185
17 31 5210
17 35 3686
17 44 4019
17 41 1
17 33 2803
17 19 1442
17 37 420
17 13 1909
17 71 2563
17 51 4122
17 68 5806
17 30 4195
17 28 4692
17 47 1059
17 64 5617
17 36 1484
17 5 2507
17 65 986
17 38 6048
17 34 2758
17 46 2306
17 7 4193
17 50 3364
17 40 3678
17 60 4831
17 67 61
17 12 1014
17 49 4335
17 26 545
17 2 4818
17 62 3714
17 48 3071
18 22 3557
18 36 4309
18 10 3597
18 69 33
18 56 3270
18 25 6170
18 11 3452
18 50 895
18 37 3667
18 27 4235
18 70 35
18 44 5250
18 2 4447
18 33 5568
18 19 4897
18 31 997
18 39 4204
18 55 3416
18 45 1884
18 57 6110
18 21 2376
18 74 6211
18 47 3959
18 49 2683
18 26 902
18 35 4335
18 7 5376
18 51 2659
18 14 1874
18 52 2200
18 75 5339
18 42 1765
18 63 3759
18 60 5158
18 72 280
18 8 1268
18 13 5707
18 43 3741
18 46 1209
18 66 3213
18 15 4841
18 53 3886
18 68 2858
18 67 6033
18 61 640
18 20 1471
18 16 5283
18 59 94
18 62 4238
18 28 1651
18 64 6144
18 23 5170
18 29 1609
18 4 5606
18 38 3697
18 34 149
18 5 1850
19 6 896
19 52 269
19 64 5480
19 10 5065
19 61 994
19 41 214
19 26 5731
19 28 913
19 38 4720
19 20 1858
19 27 5052
19 73 4429
19 70 4965
19 43 5298
19 60 3373
19 29 5493
19 24 6043
19 12 1013
19 33 6131
19 62 6077
19 30 2365
19 25 700
19 63 5586
19 56 2592
19 74 5057
19 18 24
19 40 2384
19 34 2261
19 67 4719
19 1 3629
19 42 353
19 5 2820
19 66 2097
19 31 1884
19 65 4754
19 32 5619
19 8 1293
19 22 4904
19 69 5262
19 48 958
19 17 5679
19 72 3843
19 71 5297
19 7 5886
19 53 4094
19 3 3021
19 36 5859
19 23 4217
19 21 783
19 44 5939
19 75 4479
19 45 3879
19 68 5346
19 2 2388
19 49 6227
19 9 3840
19 50 1254
19 47 250
19 15 740
19 35 5896
19 11 3801
20 14 5117
20 12 1301
20 51 5125
20 73 816
20 41 1505
20 66 4012
20 16 5109
20 48 1172
20 5 1020
20 26 5839
20 53 4168
20 22 4952
20 24 2123
20 31 4434
20 6 3368
20 74 1731
20 65 77
20 58 1330
20 75 1507
20 18 2410
20 23 5294
20 47 4489
20 45 1223
20 10 1445
20 70 1827
20 72 1165
20 7 1314
20 46 3848
20 15 4048
20 35 5781
20 38 3258
20 39 708
20 11 2178
20 44 1456
20 3 6168
20 4 6020
20 56 3955
20 71 938
20 67 4419
20 32 1218
20 54 4005
20 57 3168
20 52 1434
20 13 6279
20 2 147
20 61 4131
20 40 4479
20 36 2494
20 49 4756
20 27 329
20 30 5302
20 21 1849
20 42 5865
20 1 5649
20 69 1062
20 33 721
20 62 2924
21 71 1536
21 40 5800
21 75 870
21 29 4119
21 8 3751
21 70 4381
21 74 5221
21 57 2689
21 27 1083
21 73 6288
21 42 2506
21 16 1877
21 31 2989
21 39 1301
21 35 4237
21 7 1287
21 4 4630
21 2 5723
21 62 4014
21 50 2837
21 24 5144
21 19 6262
21 1 222
21 44 2708
21 28 3525
21 36 1793
21 49 3380
21 56 2325
21 54 5463
21 12 3195
21 9 5788
21 37 3684
21 38 3968
21 30 2368
21 52 3342
21 3 2288
21 5 1748
21 64 99
21 17 1327
21 58 3861
21 67 246
21 59 4948
21 43 283
21 65 2786
21 26 2951
21 15 4735
21 32 5193
21 41 14
21 33 6196
21 66 378
21 14 5887
21 13 2091
21 55 92
21 53 40
21 69 572
22 30 5451
22 17 2840
22 54 245
22 14 1841
22 39 2063
22 35 1679
22 68 3745
22 2 4096
22 36 5554
22 47 5257
22 31 4625
22 48 5507
22 49 250
22 40 80
22 65 4751
22 43 5959
22 1 3750
22 71 2612
22 70 2527
22 74 1704
22 52 1987
22 66 5175
22 13 4428
22 7 1876
22 9 5606
22 34 5380
22 56 1539
22 73 4039
22 58 684
22 18 5646
22 55 2725
22 57 2381
22 11 3092
22 51 2296
22 61 960
22 38 3423
22 29 3086
22 37 4885
22 19 5858
22 6 2335
22 15 4568
22 32 1446
22 16 5304
22 42 1384
22 59 4839
22 20 4402
22 3 5607
22 75 4547
22 60 340
22 28 2335
22 72 6203
22 67 5213
22 25 4867
22 50 3000
22 23 6052
22 21 4268
22 33 5670
22 69 1731
22 63 497
23 43 2017
23 36 3052
23 39 6272
23 12 6176
23 51 4146
23 6 3774
23 9 3797
23 10 4558
23 33 5252
23 52 2344
23 25 6178
23 26 5676
23 72 3357
23 30 2693
23 56 2674
23 68 2232
23 37 1354
23 14 2470
23 21 3683
23 27 3592
23 1 5161
23 18 3837
23 64 4167
23 22 5262
23 7 5266
23 54 7
23 28 1273
23 2 5222
23 61 5177
23 24 3402
23 65 1746
23 40 5882
23 31 2667
23 17 5696
23 42 593
23 71 3159
23 73 1568
23 74 3747
23 8 4059
23 13 5765
23 44 6114
23 11 5410
23 62 1812
23 58 2288
23 67 958
23 57 361
23 20 4148
23 70 1067
23 66 1517
23 69 5793
23 16 5912
23 35 883
23 60 2096
23 38 5123
23 29 3124
23 3 6047
23 75 1956
23 19 2209
24 49 4699
24 74 1513
24 69 490
24 18 2487
24 16 3642
24 3 753
24 27 2278
24 17 5982
24 66 2539
24 56 181
24 34 4011
24 45 5488
24 54 3126
24 33 6141
24 4 253
24 44 3795
24 10 4632
24 6 1000
24 51 3052
24 28 5768
24 2 4306
24 25 3970
24 19 1686
24 15 164
24 5 5034
24 40 1646
24 39 4851
24 13 808
24 60 4516
24 47 5577
24 12 3976
24 20 1968
24 50 3986
24 63 2604
24 30 450
24 65 334
24 68 5909
24 59 2908
24 9 3313
24 53 3566
24 31 1442
24 64 1679
24 21 2285
24 75 1078
24 29 1495
24 67 4825
24 41 3953
24 55 2235
24 37 2249
24 71 1935
24 43 3230
24 22 2668
24 7 5030
24 32 5934
24 8 5173
24 23 881
24 57 3799
24 35 5705
25 34 4999
25 35 824
25 31 971
25 45 1521
25 23 5214
25 22 432
25 20 1103
25 37 3515
25 67 5434
25 74 2794
25 57 5810
25 47 788
25 3 291
25 7 2128
25 33 2489
25 12 5287
25 26 5580
25 69 4190
25 61 3490
25 36 3860
25 43 330
25 68 737
25 39 4231
25 51 3741
25 18 4995
25 5 3807
25 46 4981
25 62 2041
25 21 6044
25 28 4733
25 73 742
25 10 1024
25 1 2603
25 17 5283
25 13 601
25 71 3441
25 54 3262
25 44 5958
25 16 2821
25 65 2064
25 58 2520
25 14 936
25 49 2847
25 66 4794
25 24 3021
25 4 4434
25 53 3384
25 70 3419
25 11 468
25 63 829
25 2 5568
25 9 4934
25 48 2258
25 50 290
25 75 2083
26 34 4200
26 3 5161
26 69 3908
26 53 1127
26 47 3382
26 56 2272
26 63 3455
26 27 6298
26 45 1813
26 66 4948
26 4 1694
26 50 3239
26 25 2735
26 72 1218
26 23 4396
26 37 212
26 33 6207
26 20 2357
26 46 1875
26 32 4666
26 1 1294
26 54 117
26 62 1510
26 64 1212
26 31 261
26 35 5875
26 15 252
26 36 5187
26 74 1882
26 11 954
26 18 3381
26 61 3130
26 30 3148
26 58 27
26 6 4286
26 59 4349
26 43 3575
26 24 3025
26 49 129
26 70 2462
26 41 5015
26 48 2959
26 71 3029
26 29 382
26 73 4254
26 65 667
26 60 2332
26 16 2873
26 19 6168
26 52 3652
26 7 2038
26 21 2579
26 9 4127
26 39 5063
26 67 2294
26 51 171
27 16 3928
27 33 706
27 4 3357
27 40 90
27 63 2777
27 11 4211
27 61 3312
27 19 5798
27 6 475
27 69 3367
27 65 3976
27 55 1403
27 58 513
27 49 1449
27 2 1740
27 29 1848
27 25 3608
27 34 3187
27 46 48
27 60 1204
27 30 4434
27 48 5786
27 38 2535
27 9 5181
27 50 3500
27 67 5973
27 21 2024
27 32 6235
27 37 4606
27 68 727
27 28 2464
27 51 5792
27 36 5235
27 45 448
27 71 5381
27 3 5873
27 13 2110
27 70 3654
27 24 5619
27 10 1590
27 17 5065
27 26 408
27 35 2361
27 53 3433
27 12 3426
27 18 1747
27 56 2469
27 20 357
27 74 4897
27 8 4240
27 43 5222
27 14 4065
27 54 1672
27 23 637
27 31 2167
27 5 2551
27 42 3645
27 62 2248
28 13 3521
28 69 2925
28 61 3310
28 40 1641
28 8 48
28 35 4201
28 48 5099
28 58 1438
28 59 5477
28 73 3667
28 47 459
28 39 3428
28 53 4508
28 22 4548
28 31 90
28 24 201
28 36 5596
28 6 2634
28 55 2688
28 57 4400
28 21 3592
28 60 5857
28 10 2809
28 11 1127
28 27 3121
28 75 6205
28 1 1868
28 63 3120
28 38 2076
28 29 5098
28 66 1060
28 26 2842
28 20 3392
28 52 2091
28 14 2283
28 37 968
28 25 5950
28 44 2446
28 3 970
28 41 332
28 17 5796
28 5 3509
28 30 253
28 51 3019
28 64 1524
28 42 5883
28 19 5179
28 46 526
28 67 925
28 43 5131
28 71 647
28 12 5083
28 4 496
28 62 704
29 46 5084
29 70 5848
29 31 310
29 2 5201
29 7 3528
29 1 1827
29 64 4689
29 30 1022
29 49 6077
29 48 4683
29 40 6142
29 8 2567
29 4 2178
29 69 2399
29 53 1518
29 10 3353
29 21 1214
29 32 5933
29 60 1251
29 33 3192
29 75 4204
29 58 3387
29 6 605
29 63 382
29 56 2670
29 38 3006
29 59 193
29 65 6099
29 16 2508
29 55 5764
29 34 1643
29 52 4850
29 20 5749
29 19 3600
29 11 5141
29 54 4143
29 24 574
29 9 1421
29 17 977
29 47 3962
29 62 5551
29 28 5440
29 12 2558
29 23 2130
29 51 719
29 37 2327
29 13 1578
29 67 2181
29 44 3807
29 35 3964
29 42 539
29 18 5316
29 41 5061
29 66 4918
29 14 5534
29 57 5235
30 39 987
30 10 614
30 49 1511
30 64 150
30 60 1816
30 18 1646
30 14 2747
30 47 1246
30 11 4690
30 63 1536
30 24 1723
30 73 4371
30 37 1676
30 17 232
30 66 5993
30 74 839
30 75 118
30 55 5885
30 6 2496
30 43 1427
30 1 5743
30 50 5557
30 31 912
30 52 4773
30 57 4049
30 41 3301
30 65 5142
30 38 2802
30 42 841
30 58 4800
30 29 3858
30 28 6124
30 32 1840
30 16 1439
30 20 2037
30 7 3063
30 13 3448
30 21 2758
30 22 7
30 33 4681
30 23 3807
30 46 3905
30 71 2673
30 68 4939
30 34 2151
30 67 6083
30 54 2732
30 44 1101
30 62 39
30 26 2697
31 24 5513
31 28 4091
31 59 3277
31 45 676
31 29 1757
31 11 4367
31 70 1143
31 7 72
31 2 6227
31 75 781
31 65 3104
31 49 5628
31 5 4223
31 12 6125
31 48 1205
31 62 4920
31 19 6142
31 50 5429
31 18 448
31 52 1137
31 37 3163
31 51 4737
31 57 4322
31 26 4824
31 66 5260
31 54 3771
31 55 3075
31 10 5380
31 36 82
31 38 724
31 16 2700
31 6 2794
31 30 4512
31 72 2305
31 63 4730
31 58 1511
31 32 4566
31 41 5586
31 25 806
31 22 3295
31 46 4497
31 53 5971
31 15 6232
31 67 1684
31 47 886
31 27 961
31 61 3561
31 1 17
31 64 3946
31 35 2209
31 40 3001
31 42 2781
31 23 18
31 56 172
31 20 3677
31 34 1936
31 13 2728
31 17 5287
32 39 4646
32 63 194
32 9 1302
32 14 1507
32 6 1700
32 56 6008
32 75 5728
32 5 4138
32 8 6295
32 53 5643
32 55 2210
32 60 3898
32 69 1098
32 16 4771
32 23 4995
32 24 2606
32 29 346
32 52 4950
32 27 2949
32 1 3359
32 36 5735
32 26 3467
32 51 149
32 2 5092
32 72 4182
32 30 6295
32 3 5990
32 45 12
32 38 1780
32 22 6084
32 35 5946
32 28 5729
32 49 3623
32 62 5056
32 54 1368
32 19 3536
32 43 993
32 10 4399
32 58 2213
32 42 6115
32 73 5799
32 21 191
32 50 3514
32 31 3808
32 37 4439
32 12 455
32 59 2499
32 71 2044
32 17 4849
32 57 3974
32 4 5849
32 18 4319
32 11 79
32 67 754
32 34 615
32 25 454
33 71 1687
33 3 1944
33 38 1163
33 22 4708
33 52 5644
33 64 1573
33 66 3864
33 68 4106
33 7 907
33 42 2737
33 67 5719
33 4 5077
33 26 4409
33 8 3504
33 45 5249
33 31 911
33 13 6032
33 37 2259
33 14 678
33 12 1210
33 23 2364
33 18 1340
33 58 1435
33 20 4677
33 60 4066
33 54 291
33 40 2330
33 74 4731
33 43 1014
33 72 6010
33 56 5154
33 2 5434
33 57 2220
33 35 4548
33 49 1595
33 69 558
33 48 3389
33 47 6239
33 63 3125
33 21 2066
33 70 4686
33 53 2653
33 9 1197
33 25 3225
33 15 3411
33 59 4070
33 5 5438
33 24 2913
33 30 3215
33 36 1401
33 17 1817
33 73 1431
33 27 1898
33 41 994
33 65 3786
33 34 5938
33 28 320
33 51 3893
33 32 5205
33 62 555
34 23 5946
34 50 1952
34 27 626
34 10 3954
34 9 1329
34 19 940
34 11 2011
34 32 3950
34 49 1672
34 37 376
34 44 5330
34 66 4007
34 14 6
34 22 1888
34 51 2848
34 39 1910
34 21 1760
34 73 4480
34 53 2331
34 12 5937
34 29 2197
34 17 1056
34 40 1972
34 58 3615
34 43 3949
34 75 4776
34 72 2174
34 26 5850
34 57 4453
34 6 826
34 30 3480
34 65 4536
34 41 6182
34 62 1965
34 31 4461
34 61 1376
34 4 256
34 56 4307
34 55 1452
34 24 1899
34 70 5649
34 20 1284
34 47 4059
34 60 3490
34 2 3618
34 18 2973
34 69 4082
34 1 839
34 33 1657
34 42 3717
34 46 1203
35 72 2117
35 15 5422
35 39 6070
35 3 5058
35 22 2059
35 61 1764
35 51 917
35 23 2879
35 26 2664
35 21 3340
35 47 3759
35 30 3520
35 8 3266
35 19 5904
35 7 2649
35 58 5926
35 33 4619
35 10 2244
35 5 3477
35 41 3797
35 32 5781
35 25 3635
35 43 1116
35 60 5815
35 52 5826
35 68 3275
35 20 750
35 27 304
35 9 4852
35 55 1447
35 36 1027
35 62 34
35 40 740
35 2 4434
35 17 4749
35 59 212
35 56 591
35 4 4032
35 54 5101
35 64 4186
35 44 3351
35 38 5704
35 18 291
35 48 5145
35 6 4002
35 50 4986
35 67 2485
35 70 704
35 42 4491
35 46 2639
35 45 4120
35 11 257
35 73 4535
35 1 6246
35 71 1020
35 75 1941
35 12 4329
35 69 4398
35 31 1367
36 10 1945
36 52 5943
36 5 4524
36 38 4680
36 34 4657
36 2 871
36 69 3094
36 67 296
36 51 4578
36 17 6235
36 19 1969
36 25 264
36 48 665
36 26 357
36 49 1626
36 7 998
36 63 430
36 15 1682
36 4 5612
36 41 1667
36 56 4601
36 62 3612
36 9 222
36 30 1918
36 21 908
36 11 5180
36 28 5917
36 12 871
36 53 3977
36 40 782
36 66 6005
36 35 4468
36 72 4070
36 13 877
36 31 3273
36 50 23
36 58 1280
36 46 5947
36 6 1810
36 61 4091
36 57 2639
36 20 966
36 55 3363
36 33 6048
36 64 4226
36 14 2889
36 43 1199
36 39 3316
36 37 1407
36 45 5841
36 8 1166
36 47 4660
36 74 2044
36 27 1657
36 23 5491
37 40 3497
37 36 1628
37 66 3295
37 32 3528
37 48 4209
37 5 5144
37 15 4948
37 53 382
37 60 87
37 49 2380
37 20 1955
37 39 5982
37 12 1974
37 62 2450
37 6 4959
37 65 3297
37 11 70
37 7 5703
37 21 4828
37 69 5679
37 31 2414
37 73 5238
37 54 3144
37 44 5003
37 59 76
37 29 3470
37 61 520
37 50 4099
37 45 5971
37 4 5905
37 10 3017
37 57 5291
37 70 1422
37 13 155
37 19 5833
37 26 1771
37 18 904
37 64 2999
37 23 4971
37 35 2590
37 55 5587
37 25 1999
37 38 3730
37 43 6284
37 34 3117
37 30 1812
37 41 5096
37 17 4093
37 16 61
37 24 5232
37 28 2298
37 9 3968
37 47 2933
37 51 3263
37 63 1994
37 58 1470
37 27 2131
38 72 560
38 57 3286
38 21 2040
38 58 6170
38 42 2750
38 20 4478
38 14 3096
38 39 5319
38 50 4216
38 45 3415
38 31 695
38 10 2719
38 13 2096
38 37 4010
38 73 3995
38 29 2918
38 1 2834
38 11 3711
38 32 2958
38 54 3305
38 23 6084
38 44 2713
38 22 867
38 35 4395
38 6 860
38 15 1807
38 25 1631
38 43 4220
38 47 2773
38 61 6127
38 7 2504
38 71 5457
38 59 4557
38 69 5291
38 68 2222
38 63 3018
38 4 2075
38 30 5689
38 55 4894
38 53 98
38 3 3305
38 8 5381
38 49 4139
38 52 1537
38 5 3978
38 40 1155
38 27 741
38 41 3280
38 24 4657
38 64 4094
38 66 6062
38 17 1411
38 62 5322
38 33 293
38 75 3434
38 18 1223
39 66 1557
39 57 5149
39 70 2716
39 13 1338
39 73 4290
39 67 5967
39 45 697
39 36 3919
39 23 2448
39 44 3216
39 27 5898
39 34 5010
39 71 3983
39 46 3943
39 69 1841
39 72 4167
39 59 1386
39 35 5737
39 20 2943
39 32 1973
39 33 2943
39 29 5375
39 49 2042
39 22 3717
39 9 2893
39 52 544
39 7 5725
39 6 2209
39 47 2552
39 15 5678
39 38 5597
39 1 3986
39 14 3945
39 54 4365
39 63 4149
39 26 1174
39 75 5592
39 2 1978
39 53 432
39 12 4920
39 65 3529
39 17 5513
39 43 196
39 55 3899
39 41 3171
39 37 1491
39 30 5333
39 62 3270
39 42 960
39 68 6133
39 16 3859
39 56 1649
39 40 668
39 60 2814
39 48 1630
39 11 37
39 3 5491
40 24 4394
40 46 5010
40 61 3602
40 10 2469
40 41 1484
40 59 4654
40 68 5541
40 56 3257
40 37 2283
40 50 1865
40 5 3927
40 57 3920
40 23 3157
40 44 2495
40 48 1813
40 9 5245
40 14 1742
40 70 4288
40 36 2738
40 13 2787
40 30 2222
40 45 1478
40 58 6264
40 64 3971
40 29 1834
40 31 740
40 16 3961
40 66 2661
40 38 1236
40 22 2703
40 19 830
40 35 555
40 4 6170
40 65 5986
40 43 4371
40 39 3653
40 2 1755
40 75 3218
40 26 4193
40 8 3969
40 52 3384
40 21 6091
40 34 1260
40 60 3406
40 51 1381
40 12 1808
40 32 3610
40 7 226
40 49 5340
40 3 4274
41 52 3472
41 38 4528
41 33 4009
41 45 3292
41 51 1589
41 20 4300
41 22 4540
41 25 5171
41 67 1432
41 9 1699
41 73 6001
41 17 5516
41 37 3304
41 75 1779
41 11 1794
41 21 903
41 23 3201
41 3 5046
41 8 3273
41 42 3017
41 44 1708
41 19 5087
41 15 5371
41 35 1433
41 58 3423
41 4 246
41 47 1884
41 1 1643
41 31 12
41 7 4289
41 39 1254
41 54 3526
41 66 57
41 28 3850
41 61 4640
41 16 5239
41 13 1051
41 2 4227
41 32 2472
41 59 4923
41 26 1362
41 57 5867
41 5 3975
41 24 168
41 53 3369
41 27 2036
41 43 2199
41 40 4651
41 72 4229
41 49 1331
41 55 1156
41 69 432
41 34 5407
41 62 1244
42 29 1147
42 52 4690
42 36 3704
42 46 5352
42 59 5964
42 19 28
42 28 1477
42 30 4538
42 18 1201
42 17 2306
42 43 4962
42 24 454
42 12 4962
42 60 799
42 15 4657
42 48 1944
42 63 1495
42 10 2876
42 70 3623
42 33 1639
42 55 3424
42 49 2424
42 32 489
42 66 2005
42 40 262
42 47 4652
42 21 2842
42 34 4125
42 11 4927
42 2 2195
42 53 802
42 38 4455
42 27 5653
42 5 4366
42 39 4672
42 20 3293
42 54 5895
42 67 6004
42 41 3671
42 26 4806
42 1 6074
42 69 3704
42 56 2874
42 23 4674
42 64 297
42 57 4685
42 3 4929
42 4 1013
42 22 2832
42 35 3230
42 58 3939
42 72 3230
43 16 3620
43 14 3643
43 74 4884
43 40 4262
43 59 2957
43 22 5670
43 58 4381
43 39 2749
43 33 6288
43 56 3425
43 30 4204
43 49 5976
43 28 3061
43 13 5888
43 70 1968
43 10 5686
43 66 427
43 47 2349
43 50 5095
43 19 3924
43 31 10
43 63 316
43 55 5139
43 6 2260
43 3 793
43 29 3559
43 67 4145
43 17 5557
43 65 4669
43 2 866
43 42 1257
43 20 104
43 35 421
43 18 2363
43 38 2221
43 68 849
43 48 1774
43 34 5920
43 73 470
43 44 5354
43 15 182
43 60 63
43 71 3670
43 61 3744
43 69 4413
43 11 4967
43 64 1597
43 24 2668
43 41 5718
43 26 2807
43 23 1006
43 7 1768
43 52 4590
43 9 436
43 21 4087
43 37 792
44 15 4720
44 52 466
44 67 4811
44 11 986
44 65 1356
44 34 1790
44 69 6027
44 33 2888
44 73 6019
44 50 5770
44 75 2920
44 10 5763
44 29 1398
44 2 4877
44 46 53
44 51 1106
44 27 4367
44 4 6247
44 42 1816
44 49 364
44 62 2286
44 23 4741
44 45 2375
44 28 2803
44 63 6135
44 57 2993
44 60 1646
44 31 4918
44 16 3343
44 17 4532
44 32 1539
44 19 5069
44 53 5342
44 61 482
44 71 4873
44 5 389
44 43 4759
44 56 648
44 48 1603
44 7 4509
44 26 4499
44 39 6126
44 70 2747
44 55 905
44 30 5846
44 68 6137
44 3 1133
44 47 2666
44 22 226
44 54 125
44 21 384
44 20 1383
44 13 1979
44 14 4161
44 6 494
44 8 3971
45 6 329
45 65 4154
45 27 1662
45 29 4981
45 30 3469
45 3 462
45 28 2135
45 44 5391
45 2 302
45 67 3557
45 11 4969
45 39 1969
45 61 1547
45 21 1371
45 22 4506
45 33 1072
45 43 3502
45 73 5404
45 46 365
45 59 4665
45 72 2916
45 17 1259
45 35 4448
45 74 455
45 25 2714
45 23 2120
45 60 6298
45 51 3903
45 41 5280
45 58 3596
45 42 4429
45 57 3597
45 52 4832
45 40 727
45 36 4749
45 7 5540
45 68 2378
45 31 992
45 32 3354
45 16 4864
45 37 1799
45 71 5263
45 13 5059
45 14 5839
45 50 248
45 26 3172
45 54 4371
45 69 6064
45 5 833
45 49 2989
45 8 4934
45 34 1597
45 64 2552
45 66 5366
45 1 4398
45 12 1705
45 15 2462
45 56 3048
45 9 369
46 5 1719
46 17 2797
46 18 1994
46 32 762
46 23 2760
46 64 2166
46 56 98
46 45 5473
46 65 5208
46 39 3964
46 60 2005
46 62 431
46 55 2308
46 68 4189
46 50 2855
46 4 2230
46 12 3506
46 29 1076
46 36 2209
46 3 1286
46 16 5076
46 67 870
46 71 3588
46 19 4537
46 25 4365
46 69 1082
46 70 4475
46 49 5406
46 20 4239
46 57 1856
46 11 6249
46 74 3001
46 9 1176
46 72 5030
46 13 5141
46 27 4798
46 40 3140
46 34 5200
46 52 5403
46 22 3386
46 35 2597
46 21 2594
46 10 3632
46 66 274
46 59 2558
46 41 5231
46 44 4067
46 31 5360
46 58 1373
46 30 2845
46 42 1032
46 2 4434
47 48 61
47 36 6245
47 19 3168
47 64 2495
47 41 3561
47 9 2752
47 45 3275
47 6 468
47 18 6130
47 57 4142
47 17 1440
47 61 3456
47 33 1234
47 30 6285
47 1 1332
47 22 543
47 58 3407
47 55 1547
47 2 63
47 21 4212
47 37 297
47 16 178
47 32 1838
47 56 3468
47 8 2436
47 23 5681
47 62 4377
47 71 2021
47 28 2667
47 40 4264
47 25 5619
47 12 6082
47 72 428
47 24 2184
47 42 5813
47 75 4612
47 39 5173
47 63 4817
47 53 2652
47 34 40
47 11 249
47 44 1648
47 15 6092
47 50 579
47 54 2315
47 68 4760
47 5 3805
47 69 5562
47 13 5804
47 3 496
47 31 6002
47 73 364
47 49 2482
47 7 312
47 14 5231
47 74 2359
47 4 1679
48 35 5461
48 60 3575
48 2 5862
48 51 4022
48 49 5268
48 20 2234
48 56 1890
48 33 5365
48 32 2501
48 3 2081
48 28 4608
48 41 4119
48 68 67
48 66 3547
48 27 63
48 43 3437
48 67 5722
48 10 5151
48 73 1740
48 24 100
48 6 4333
48 50 465
48 71 1973
48 4 4553
48 18 1133
48 44 4358
48 52 3266
48 39 5014
48 19 4658
48 25 3740
48 64 4665
48 58 5835
48 55 4255
48 21 2393
48 62 6283
48 61 129
48 59 5835
48 69 4836
48 17 3207
48 65 3262
48 47 4663
48 54 446
48 40 5424
48 72 1943
48 14 5585
48 29 6138
48 34 2271
48 1 3370
48 26 5453
48 53 3832
48 11 1149
49 71 5259
49 59 6030
49 65 3789
49 60 4251
49 62 450
49 32 2233
49 47 975
49 75 2420
49 73 844
49 10 3184
49 69 3593
49 37 4652
49 58 5250
49 64 4441
49 17 4688
49 25 5507
49 45 4828
49 2 5376
49 11 5487
49 72 403
49 39 2876
49 15 39
49 40 629
49 35 2461
49 52 5568
49 66 685
49 26 5873
49 44 937
49 57 2110
49 55 1385
49 16 2316
49 46 2913
49 12 927
49 67 2578
49 7 4359
49 29 3581
49 1 1514
49 6 1161
49 36 4193
49 54 48
49 5 2492
49 28 993
49 51 5602
49 8 4794
49 53 4965
49 18 5787
49 21 1618
49 43 2491
50 64 3389
50 41 1021
50 11 3955
50 25 6166
50 43 4226
50 57 2250
50 56 2712
50 54 3573
50 1 772
50 70 1720
50 10 4305
50 21 4792
50 47 2994
50 31 4027
50 38 2045
50 7 2169
50 59 3924
50 40 3003
50 44 2597
50 62 2127
50 55 5587
50 23 4926
50 24 5849
50 75 682
50 37 2467
50 15 6169
50 30 203
50 61 1401
50 34 6071
50 58 5356
50 17 2521
50 16 4836
50 67 6061
50 32 2425
50 36 768
50 6 6177
50 9 383
50 73 4004
50 18 758
50 28 2546
50 2 453
50 71 4115
50 20 1976
50 33 3698
50 3 3740
50 29 3773
50 27 3828
50 39 6077
50 74 979
50 5 2477
50 68 5753
50 49 303
50 66 6197
50 63 4787
50 14 3264
50 48 5026
50 60 2706
50 45 4458
50 42 59
51 32 2031
51 68 2828
51 58 481
51 44 598
51 20 895
51 64 5066
51 69 2100
51 50 2176
51 39 620
51 72 4448
51 70 3626
51 75 2933
51 13 4974
51 27 4034
51 23 1723
51 29 1176
51 11 3833
51 41 2361
51 46 4627
51 65 268
51 40 2431
51 54 393
51 22 4626
51 61 1014
51 16 4716
51 66 690
51 33 5561
51 48 4259
51 59 5870
51 19 4990
51 5 2521
51 2 2648
51 35 780
51 28 4464
51 43 6143
51 52 1613
51 3 682
51 47 5334
51 73 3118
51 53 107
51 62 765
51 14 2871
51 12 471
51 63 1597
51 4 5981
51 1 1782
51 25 5554
51 74 2935
51 34 5393
51 45 2896
51 7 2683
51 8 6143
51 55 2974
51 49 4057
51 71 3099
51 42 3144
51 38 1388
51 24 4670
52 19 1848
52 67 5914
52 69 23
52 8 4405
52 59 4205
52 36 5347
52 30 4134
52 3 5266
52 1 4794
52 17 5379
52 43 2719
52 65 4593
52 62 4764
52 16 623
52 72 2327
52 48 2485
52 10 3908
52 47 6082
52 53 5000
52 11 3525
52 75 3426
52 41 2538
52 34 3462
52 37 353
52 28 6241
52 22 5916
52 32 2672
52 13 5031
52 61 6284
52 26 3112
52 63 952
52 12 5765
52 58 770
52 44 5754
52 60 2615
52 74 1969
52 31 5299
52 20 1487
52 27 6292
52 33 841
52 35 2726
52 45 4849
52 55 4881
52 24 577
52 73 4278
52 39 6028
52 54 5708
52 50 3422
52 56 3182
52 4 809
52 66 5599
52 51 3176
52 71 4250
52 25 4907
53 69 5124
53 25 2296
53 46 1480
53 35 624
53 55 705
53 42 3749
53 32 542
53 70 3658
53 17 4773
53 11 4177
53 57 4913
53 13 203
53 16 445
53 37 4262
53 8 5651
53 65 853
53 36 4239
53 54 2519
53 15 3677
53 30 4284
53 66 3801
53 44 4333
53 39 1538
53 38 5814
53 28 4225
53 73 5588
53 7 974
53 52 1637
53 67 4982
53 34 774
53 71 4219
53 33 3309
53 29 5979
53 22 4861
53 64 5767
53 72 2512
53 60 3205
53 20 4248
53 58 2378
53 31 1627
53 47 253
53 49 5069
53 59 3480
53 23 4601
53 51 2414
53 14 2812
53 2 4328
53 3 1231
53 68 1989
53 6 6081
53 1 974
53 63 3444
53 21 1270
54 37 3294
54 42 1660
54 20 2034
54 51 1436
54 3 2448
54 8 1866
54 16 5581
54 9 6188
54 12 2
54 4 892
54 28 649
54 59 5240
54 43 3594
54 52 2921
54 26 5932
54 7 2678
54 64 926
54 29 3235
54 75 1700
54 34 4962
54 53 1046
54 39 3537
54 56 4333
54 65 3526
54 23 5747
54 14 2676
54 24 402
54 47 3956
54 44 1559
54 25 3981
54 19 4362
54 31 5024
54 71 702
54 49 2546
54 36 5198
54 18 4482
54 72 2911
54 35 2421
54 17 2951
54 50 4402
54 46 6114
54 15 1217
54 74 2926
54 69 1444
54 58 205
54 5 4892
54 21 2684
54 66 3441
54 40 3843
54 27 3339
55 65 3377
55 37 1950
55 21 3576
55 60 2886
55 24 2679
55 18 4851
55 52 5853
55 42 5132
55 36 5992
55 2 5392
55 73 4384
55 51 1923
55 64 5685
55 74 2819
55 53 1706
55 61 83
55 29 5414
55 54 4725
55 67 4081
55 5 865
55 16 1928
55 72 5887
55 19 1426
55 4 6145
55 56 1564
55 7 3258
55 63 878
55 47 3207
55 34 5512
55 26 5215
55 11 801
55 66 632
55 22 4356
55 46 2020
55 17 5497
55 59 2375
55 45 4001
55 38 4721
55 1 3936
55 48 3039
55 40 323
55 15 6258
55 50 4251
55 39 4868
55 31 3870
55 8 5192
55 69 6024
55 12 2597
55 70 4471
55 25 4626
55 75 1132
55 68 4252
55 44 2863
55 49 3484
55 14 3126
56 57 3451
56 21 2295
56 17 3481
56 37 6041
56 50 2279
56 25 6291
56 5 2094
56 63 5289
56 29 3886
56 16 1567
56 34 5274
56 6 1947
56 73 3255
56 19 1942
56 68 2900
56 67 3750
56 70 1915
56 62 1166
56 45 1607
56 46 1269
56 51 4833
56 44 798
56 42 2623
56 15 3816
56 36 263
56 65 1381
56 23 1972
56 26 3179
56 66 2605
56 49 4
56 4 4705
56 20 5128
56 31 864
56 75 768
56 38 2696
56 1 2445
56 52 2549
56 33 2951
56 2 5785
56 54 2688
56 3 4617
56 9 5197
56 30 5872
56 32 474
56 35 1984
56 59 5986
56 64 1707
56 53 1078
56 72 2562
56 43 3731
56 41 3484
56 12 308
56 58 1744
56 7 5706
57 51 3583
57 71 5040
57 54 5372
57 32 678
57 4 4406
57 60 3554
57 42 6199
57 19 2993
57 22 3017
57 35 3056
57 50 4451
57 40 4740
57 66 3452
57 39 1440
57 5 1603
57 13 6013
57 16 5453
57 14 3712
57 46 1047
57 21 835
57 33 4951
57 67 264
57 41 4169
57 27 3422
57 36 3725
57 15 5132
57 69 37
57 48 3123
57 11 4972
57 75 5369
57 47 4970
57 63 79
57 3 877
57 6 372
57 34 2612
57 7 4880
57 31 6008
57 30 4200
57 26 5078
57 43 6093
57 53 4759
57 44 134
57 8 2852
57 74 5722
57 55 2351
57 62 4029
57 17 2341
57 59 4318
57 56 4718
57 25 522
57 72 3176
57 2 3573
57 28 2219
57 24 4714
57 23 6001
57 68 1500
57 45 2248
58 27 2212
58 74 895
58 68 3497
58 45 3615
58 4 2837
58 57 4272
58 25 1786
58 20 2462
58 54 1496
58 28 2207
58 70 190
58 43 2477
58 37 590
58 16 1731
58 23 3628
58 62 6091
58 7 1665
58 19 4685
58 33 5039
58 48 5077
58 18 3450
58 8 4319
58 61 5743
58 21 4109
58 40 1727
58 35 1158
58 22 5749
58 32 3278
58 14 3503
58 50 524
58 10 5394
58 13 3930
58 36 4391
58 72 2089
58 67 3375
58 52 3248
58 56 1080
58 59 5651
58 24 3670
58 60 1482
58 69 4037
58 1 881
58 34 6104
58 66 2219
58 55 5173
58 11 4868
58 30 2417
58 31 4248
58 53 4466
58 63 2560
58 46 4482
58 64 231
58 49 2829
58 47 5366
58 44 3655
58 75 821
59 2 6282
59 55 2374
59 11 5765
59 49 311
59 45 4830
59 9 927
59 53 5292
59 17 4134
59 14 494
59 35 1827
59 42 701
59 32 5063
59 50 2993
59 68 2992
59 8 2276
59 18 2764
59 74 2245
59 66 4534
59 56 1424
59 71 2994
59 30 3789
59 62 2656
59 73 5436
59 34 3135
59 40 1804
59 37 3692
59 36 2804
59 1 3561
59 48 3407
59 27 4483
59 69 1835
59 52 3956
59 75 4630
59 47 2770
59 23 5581
59 63 4939
59 6 1180
59 43 1426
59 64 3328
59 7 5904
59 72 5781
59 28 282
59 10 931
59 4 2546
59 39 5609
59 22 2800
59 60 4990
59 51 3706
59 58 5845
59 19 6022
59 67 2582
59 12 1273
59 24 3161
59 3 4043
59 57 459
59 25 3673
60 25 553
60 70 1928
60 67 3003
60 19 4941
60 18 1651
60 12 404
60 65 5680
60 66 4868
60 26 5952
60 3 3046
60 36 3969
60 75 5940
60 40 5338
60 30 1972
60 74 205
60 38 2387
60 42 3325
60 2 3449
60 8 1225
60 68 278
60 55 3607
60 32 4860
60 21 3076
60 1 2048
60 72 4657
60 46 964
60 24 1185
60 23 5525
60 48 5712
60 44 5643
60 39 4120
60 34 5347
60 22 6231
60 64 962
60 62 5467
60 61 5799
60 63 632
60 11 2038
60 37 347
60 10 1415
60 16 4201
60 9 528
60 13 1889
60 56 5848
60 7 2379
60 31 2553
60 52 4388
60 4 495
60 20 2625
60 6 5475
60 33 3862
60 73 1094
60 50 5050
60 41 988
60 15 24
60 14 1941
60 17 846
60 29 1362
60 28 3
60 45 523
60 59 1565
60 49 2932
60 35 4628
61 49 795
61 59 2718
61 24 601
61 75 5227
61 65 3579
61 71 3819
61 74 4421
61 33 668
61 15 4610
61 67 1121
61 51 5089
61 68 371
61 28 5976
61 3 1527
61 34 5044
61 37 5554
61 17 5534
61 30 3553
61 66 1237
61 36 1671
61 47 1694
61 42 1002
61 18 1359
61 10 3444
61 46 4786
61 2 4233
61 40 1913
61 62 101
61 11 338
61 6 4532
61 70 4836
61 43 3187
61 50 166
61 53 4839
61 29 3647
61 45 3131
61 55 3955
61 25 1211
61 21 1921
61 4 2632
61 12 2634
61 54 4756
61 56 5938
61 7 1316
61 1 3935
61 27 3553
61 72 2516
61 20 4885
61 60 4430
61 14 1711
61 26 3113
61 57 4077
61 35 95
61 22 3194
61 41 5548
61 73 3703
61 44 3335
61 52 5097
62 15 2099
62 50 2516
62 19 1317
62 14 1493
62 41 4103
62 3 2396
62 74 93
62 51 4210
62 29 582
62 70 4475
62 7 3028
62 53 1652
62 35 2808
62 24 1364
62 69 2320
62 56 2600
62 5 6004
62 4 3701
62 66 4835
62 25 1934
62 38 5243
62 2 1084
62 73 4266
62 40 3252
62 54 4090
62 36 3140
62 39 3257
62 28 5363
62 22 1226
62 16 3348
62 20 3585
62 12 29
62 23 5283
62 6 3897
62 33 5905
62 18 6062
62 57 5068
62 10 1886
62 31 2311
62 30 755
62 42 4873
62 68 6188
62 11 4940
62 45 4568
62 43 5915
62 64 3764
62 27 488
62 47 2755
62 67 5021
62 60 5520
62 32 4325
62 37 3390
62 13 2558
62 9 5092
62 71 4332
62 58 2696
62 1 5187
62 65 4951
62 48 4254
62 49 4832
62 44 57
62 52 3041
63 33 179
63 61 1325
63 13 1457
63 1 3827
63 4 311
63 3 2382
63 25 5450
63 45 2437
63 19 1919
63 74 3153
63 37 2630
63 2 5065
63 50 2015
63 46 5122
63 48 414
63 57 5850
63 31 1059
63 11 451
63 55 5434
63 35 5455
63 32 5654
63 17 579
63 15 2552
63 26 4160
63 29 686
63 8 4742
63 58 2659
63 75 2968
63 70 2512
63 71 135
63 5 3331
63 27 3605
63 23 5694
63 60 1301
63 36 4095
63 72 903
63 53 4086
63 16 366
63 12 4713
63 40 853
63 28 2192
63 49 915
63 39 3468
63 66 4672
63 68 4740
63 7 1661
63 56 2394
63 62 4484
63 20 1905
63 44 566
63 54 2447
63 14 4107
63 69 4312
63 67 1765
63 10 3483
63 59 442
64 57 5123
64 3 1716
64 67 564
64 7 1106
64 49 4629
64 9 2462
64 13 816
64 28 3812
64 60 483
64 12 5386
64 10 5150
64 1 3829
64 16 5570
64 75 269
64 47 1765
64 27 1844
64 19 4341
64 59 2829
64 71 3103
64 52 1211
64 15 97
64 26 3017
64 39 60
64 69 6177
64 43 521
64 50 5674
64 34 3220
64 73 4723
64 32 3027
64 63 5000
64 29 5877
64 33 3571
64 58 5175
64 42 2001
64 68 91
64 37 1276
64 44 853
64 61 3558
64 48 5693
64 30 575
64 70 1034
64 38 6179
64 22 3781
64 2 4647
64 23 4192
64 74 3212
64 4 410
64 51 602
64 40 93
64 36 2949
64 46 3752
64 14 51
64 72 2876
64 62 4466
65 16 3018
65 53 5667
65 35 667
65 58 3536
65 69 5382
65 8 3023
65 33 671
65 2 287
65 27 224
65 52 6055
65 68 5406
65 6 5023
65 34 6039
65 71 4077
65 32 1567
65 12 108
65 24 6221
65 67 5968
65 40 2650
65 30 2836
65 60 3969
65 66 3626
65 59 6159
65 11 3490
65 25 406
65 14 4639
65 39 6154
65 41 5329
65 56 2493
65 72 6182
65 43 2807
65 21 3827
65 17 2201
65 51 4991
65 1 5805
65 3 3684
65 50 4157
65 29 3168
65 46 1385
65 22 2658
65 64 1747
65 20 2360
65 45 316
65 23 4413
65 10 2596
65 19 680
65 47 1504
65 75 1579
65 13 1797
65 9 1106
65 63 4349
65 37 5098
65 57 216
65 73 2813
65 38 5720
65 70 6067
66 61 4504
66 72 4147
66 45 4958
66 68 4462
66 53 231
66 56 3149
66 17 2926
66 23 5783
66 59 6202
66 13 2726
66 26 1126
66 54 177
66 4 4085
66 37 5603
66 20 4764
66 75 2227
66 3 2331
66 5 456
66 63 5772
66 27 458
66 28 2223
66 65 1751
66 9 6286
66 15 5458
66 71 4385
66 14 722
66 57 3355
66 11 1644
66 55 2927
66 40 3308
66 31 2515
66 10 1075
66 60 1565
66 22 3303
66 25 1464
66 36 3381
66 46 3432
66 50 1913
66 74 2839
66 69 3605
66 18 1000
66 67 4880
66 38 4276
66 8 6151
66 39 5769
66 47 1994
66 30 1218
66 41 5419
66 24 5808
66 34 2622
66 64 5984
66 51 1949
66 32 4132
66 1 2216
66 52 5275
66 42 2580
66 43 5128
66 12 5252
66 62 1235
66 58 1629
66 44 3732
66 73 5462
66 7 4376
66 70 2767
66 16 4080
67 46 2834
67 40 4108
67 55 159
67 74 1673
67 62 3818
67 43 1319
67 19 4388
67 1 4459
67 68 3119
67 41 5745
67 15 3433
67 3 91
67 20 5742
67 63 4625
67 35 4146
67 59 2694
67 57 2647
67 70 753
67 27 6033
67 25 2750
67 10 1317
67 7 4454
67 56 3112
67 37 2026
67 28 1104
67 9 2712
67 31 6287
67 23 3539
67 73 4509
67 45 3767
67 52 2574
67 75 1607
67 17 4575
67 53 2390
67 5 5361
67 58 2635
67 61 3256
67 32 3050
67 44 5959
67 65 5313
67 47 1409
67 50 2021
67 16 1286
67 39 1350
67 36 1397
67 72 2546
67 24 2805
67 54 2562
67 38 2489
67 26 2361
67 49 6040
67 22 3100
67 4 2423
67 14 2795
67 6 4542
67 66 5516
67 8 1036
67 64 3208
68 2 5837
68 25 1113
68 50 4700
68 39 662
68 75 3395
68 37 4806
68 14 49
68 69 3997
68 26 1452
68 70 4214
68 34 5345
68 21 6254
68 72 3990
68 51 3053
68 13 3849
68 23 874
68 33 2583
68 5 4752
68 53 4740
68 20 3055
68 28 1153
68 65 4225
68 38 1209
68 46 3184
68 47 5630
68 57 5250
68 11 3478
68 63 4565
68 58 938
68 41 1350
68 56 1385
68 35 5346
68 22 3998
68 15 3952
68 48 3848
68 19 1429
68 27 184
68 7 3197
68 30 4478
68 31 433
68 12 529
68 60 1936
68 55 5102
68 42 1392
68 1 3967
68 6 1841
68 40 6254
68 45 5381
68 3 6121
68 18 3972
68 52 397
68 16 4244
68 73 5343
69 13 4974
69 23 2475
69 4 3647
69 16 698
69 5 4607
69 8 5472
69 28 2555
69 2 6102
69 35 773
69 7 884
69 72 4628
69 71 2142
69 15 3763
69 33 1475
69 24 1235
69 63 2131
69 34 4491
69 61 5126
69 41 3368
69 1 2393
69 67 413
69 3 583
69 53 5039
69 70 1425
69 60 2084
69 68 1163
69 12 459
69 27 3942
69 65 442
69 74 85
69 40 3899
69 59 1849
69 19 3086
69 58 2631
69 42 4113
69 52 3853
69 25 948
69 48 2323
69 49 5809
69 22 4732
69 38 4371
69 45 742
69 44 3111
69 29 1824
69 73 4642
69 62 1907
69 18 2031
69 55 381
69 54 5679
69 57 1511
69 9 2424
69 26 4541
69 21 2022
69 56 3835
69 51 2564
69 31 118
69 36 221
69 64 302
69 47 4155
70 29 4230
70 12 302
70 28 2617
70 44 1183
70 68 1640
70 24 1959
70 47 2629
70 65 877
70 19 6238
70 16 3916
70 14 2200
70 18 5175
70 7 2723
70 46 4639
70 1 979
70 17 974
70 40 3202
70 45 4285
70 6 5158
70 34 5988
70 50 450
70 48 4903
70 39 3539
70 53 4584
70 33 3115
70 32 1425
70 51 4336
70 2 3448
70 38 49
70 59 5388
70 11 2243
70 62 2101
70 22 6090
70 31 1727
70 30 5908
70 49 2583
70 72 3141
70 60 5367
70 66 4623
70 57 1954
70 71 3140
70 26 5872
70 37 4908
70 15 18
70 3 5786
70 36 3960
70 20 4385
70 61 3838
70 23 3759
70 43 4648
71 9 5199
71 40 970
71 37 1964
71 10 3886
71 61 1255
71 16 1813
71 62 5328
71 39 4723
71 46 3287
71 36 5112
71 74 958
71 4 792
71 33 5257
71 21 3596
71 19 2341
71 64 2798
71 68 1758
71 25 4181
71 5 4263
71 34 2736
71 55 2903
71 1 1239
71 69 4894
71 31 1322
71 57 2297
71 60 6127
71 18 2236
71 67 946
71 12 6113
71 2 1229
71 6 5701
71 45 1360
71 43 4396
71 66 2062
71 27 2706
71 8 842
71 7 1947
71 11 4837
71 50 2383
71 14 502
71 22 6247
71 70 6204
71 58 4988
71 30 3714
71 54 2183
71 42 1045
71 65 4506
71 75 2396
71 47 116
71 24 683
71 26 332
71 20 1617
71 41 2795
71 53 2707
71 44 5429
72 51 1655
72 34 3778
72 5 1839
72 63 3479
72 10 5751
72 58 946
72 2 3208
72 35 5787
72 22 3404
72 7 3603
72 53 125
72 25 3272
72 27 2532
72 31 4257
72 67 3952
72 36 5148
72 37 4308
72 21 4365
72 26 3687
72 68 279
72 70 3971
72 64 3297
72 73 3638
72 13 1163
72 45 2381
72 43 1429
72 65 3119
72 14 6231
72 50 6244
72 57 4466
72 19 1334
72 46 5017
72 20 5479
72 42 5241
72 23 3595
72 56 5882
72 47 4848
72 52 4332
72 48 2647
72 6 2980
72 29 631
72 74 4936
72 69 5236
72 54 5392
72 39 3715
72 30 208
72 12 596
72 32 877
72 44 4875
72 60 4853
72 16 299
72 66 6238
72 18 4895
72 8 377
72 55 5551
72 33 5797
72 15 1393
72 41 5581
72 11 1639
72 38 4084
73 44 1184
73 46 950
73 3 5440
73 60 4244
73 31 1874
73 37 5836
73 41 5673
73 15 1135
73 21 6048
73 48 3683
73 68 2450
73 12 4004
73 23 5354
73 72 3244
73 16 33
73 1 5940
73 59 4188
73 62 356
73 35 870
73 69 2758
73 19 4200
73 49 2699
73 47 4767
73 38 2748
73 24 5469
73 53 3410
73 8 2929
73 52 1397
73 25 120
73 4 5299
73 5 3017
73 22 3906
73 6 3442
73 55 5837
73 70 4706
73 71 1746
73 26 5187
73 57 5403
73 9 5609
73 67 3272
73 33 5526
73 64 855
73 18 3608
73 61 4131
73 30 1202
73 7 2665
73 42 1153
73 2 2100
73 50 4117
73 34 105
73 63 1760
74 21 4068
74 66 5393
74 55 1838
74 69 5726
74 4 4856
74 61 325
74 17 18
74 26 316
74 7 5458
74 75 291
74 33 3914
74 41 1788
74 51 5682
74 71 432
74 25 3702
74 1 3414
74 50 5372
74 15 3569
74 54 6096
74 70 3830
74 42 1960
74 9 4724
74 52 2063
74 44 743
74 64 6093
74 27 404
74 53 92
74 23 3220
74 60 710
74 8 2407
74 62 5214
74 32 4953
74 28 4256
74 63 241
74 31 2389
74 35 5389
74 48 3655
74 37 2169
74 3 1923
74 65 6087
74 58 6298
74 30 5028
74 68 5626
74 67 89
74 36 1400
74 5 3091
74 18 2963
74 45 5318
74 6 3474
74 24 3563
74 14 2773
74 57 2375
74 43 3646
75 19 2768
75 12 6060
75 4 2328
75 74 2772
75 56 3647
75 58 5483
75 71 2258
75 48 2977
75 49 2067
75 21 2055
75 44 3172
75 24 3627
75 42 3354
75 64 5950
75 63 2426
75 29 797
75 28 1169
75 47 5858
75 27 2056
75 25 536
75 37 6149
75 46 666
75 70 963
75 26 4855
75 62 1548
75 17 5185
75 34 4154
75 3 3015
75 14 3886
75 36 755
75 73 2364
75 55 2824
75 16 4388
75 51 5891
75 68 5390
75 43 4388
75 40 6001
75 6 2171
75 66 712
75 10 2093
75 67 2323
75 38 3003
75 8 3577
75 7 1005
75 20 5552
75 22 6149
75 18 5875
75 69 4236
75 32 2726
75 50 2829
75 59 4510
75 15 1114
75 53 210
75 2 5520
75 31 5957
75 39 4775
75 41 1567
75 33 1977
75 1 4102
75 52 1243
75 72 1960
75 54 3759
75 9 2912
75 45 1177
75 5 5716
