75 4200
1 16 4937
1 31 4976
1 57 6280
1 33 4791
1 17 593
1 26 5479
1 66 2574
1 52 1766
1 29 1344
1 71 3900
1 7 3110
1 34 506
1 18 6085
1 61 5807
1 35 722
1 47 2989
1 37 1686
1 15 3898
1 3 769
1 9 2613
1 46 5343
1 65 1314
1 43 1922
1 6 4749
1 25 4632
1 74 1178
1 23 5821
1 28 3892
1 38 5636
1 70 740
1 45 3577
1 27 1192
1 2 578
1 30 2589
1 19 3208
1 75 5964
1 72 50
1 50 1183
1 49 2492
1 58 5266
1 5 1446
1 12 849
1 54 2699
1 64 4677
1 10 2430
1 56 332
1 48 5536
1 4 1594
1 69 1751
1 24 5775
1 68 2700
1 32 2864
1 42 5209
1 21 3611
1 44 2017
1 14 4568
1 11 6224
1 13 2849
1 20 172
1 39 1926
2 46 5483
2 10 230
2 13 4876
2 42 3066
2 39 5777
2 29 57
2 48 3650
2 44 3924
2 28 2368
2 70 5861
2 71 5071
2 65 2480
2 37 5477
2 61 483
2 25 5777
2 62 3507
2 9 4236
2 7 2379
2 35 3379
2 59 957
2 49 557
2 14 64
2 5 5007
2 4 2851
2 67 3047
2 31 3144
2 47 1219
2 43 2334
2 11 3016
2 1 6021
2 34 1489
2 50 4606
2 53 4351
2 63 4772
2 15 4850
2 66 1102
2 51 1794
2 68 1652
2 26 820
2 32 2334
2 22 2187
2 74 2625
2 33 4643
2 40 1240
2 75 1439
2 18 4561
2 12 1196
2 20 1435
2 54 691
2 27 578
2 58 2145
2 36 1265
2 3 1637
2 23 4969
2 56 4543
2 69 1732
2 73 3609
2 60 5073
2 38 1291
3 70 2552
3 13 4106
3 56 178
3 22 2444
3 12 1083
3 44 2
3 52 5953
3 15 3057
3 27 3312
3 51 6281
3 9 3590
3 1 3718
3 31 133
3 48 4517
3 16 1407
3 4 3516
3 37 264
3 21 2448
3 50 5333
3 75 4534
3 59 4705
3 23 613
3 64 1538
3 7 4014
3 24 974
3 8 5128
3 20 1089
3 55 6086
3 30 1703
3 18 6059
3 47 1196
3 40 5130
3 66 1109
3 63 3207
3 10 988
3 57 4464
3 11 6284
3 35 2413
3 6 1560
3 28 6201
3 2 4526
3 68 1518
3 62 4616
3 43 2146
3 60 6109
3 36 3237
3 67 2261
3 45 2253
3 5 266
3 72 5398
3 38 4765
3 39 2193
3 42 1766
3 32 2527
3 14 1130
3 73 196
3 54 298
3 26 2270
4 44 6067
4 30 1252
4 38 1241
4 48 1364
4 55 3160
4 51 2641
4 18 3926
4 74 170
4 32 5043
4 1 5598
4 67 3375
4 53 4159
4 71 2809
4 14 3218
4 26 2990
4 31 1157
4 54 4123
4 7 5218
4 50 2482
4 60 4345
4 56 3582
4 41 1300
4 9 3459
4 27 642
4 5 253
4 10 4008
4 58 4184
4 21 4515
4 25 5850
4 20 5929
4 16 4253
4 66 6141
4 65 3780
4 57 5725
4 22 387
4 19 679
4 61 587
4 23 510
4 37 3011
4 33 2867
4 39 6135
4 29 2402
4 70 1003
4 72 896
4 12 649
4 46 3532
4 59 1947
4 63 5866
4 68 3873
4 45 3729
4 35 852
5 20 3077
5 15 4111
5 63 4465
5 51 2936
5 28 2515
5 39 2047
5 54 5798
5 69 4421
5 23 1271
5 6 3879
5 24 4852
5 34 5938
5 14 972
5 61 5424
5 1 4739
5 32 3109
5 68 4805
5 70 2477
5 46 5634
5 57 4142
5 30 2342
5 43 4404
5 41 5537
5 52 4978
5 65 2043
5 16 915
5 58 1228
5 49 5206
5 3 2080
5 18 222
5 11 167
5 33 4394
5 2 6023
5 7 2361
5 72 1509
5 73 3929
5 71 4563
5 42 875
5 59 2317
5 17 5211
5 74 4466
5 19 3610
5 67 1371
5 62 5912
5 27 545
5 29 1562
5 45 6152
5 48 949
5 64 111
5 35 3754
5 4 2439
5 44 2868
5 8 849
5 60 4745
5 37 922
5 55 6228
5 25 4071
5 13 1559
5 56 1565
5 40 3872
5 38 4070
6 50 3069
6 14 4951
6 41 1831
6 4 1524
6 25 3869
6 44 5684
6 47 1029
6 7 230
6 66 3734
6 67 3154
6 16 1759
6 55 1356
6 17 3749
6 72 2378
6 70 2085
6 36 4511
6 75 3626
6 32 5468
6 28 1590
6 39 2479
6 1 4322
6 73 4440
6 18 462
6 60 3391
6 29 4743
6 51 1645
6 74 283
6 52 2180
6 3 5418
6 61 5490
6 15 4862
6 45 4538
6 58 641
6 23 4895
6 62 502
6 54 2165
6 21 2326
6 57 4841
6 2 551
6 53 6082
6 34 4092
6 8 1532
6 65 710
6 10 1469
6 22 5675
6 20 4726
6 49 349
6 19 1377
6 48 203
6 31 617
6 26 2530
6 9 1370
6 64 4232
6 11 6072
6 42 2976
6 27 6069
6 68 5780
6 35 964
6 30 600
6 5 4687
6 33 4895
7 41 1920
7 31 4197
7 38 4427
7 10 842
7 60 1559
7 34 743
7 2 6071
7 50 5461
7 33 3869
7 71 1302
7 66 4141
7 47 1230
7 6 5866
7 40 1689
7 12 2672
7 69 1924
7 45 5711
7 3 4836
7 55 2205
7 32 1362
7 27 5123
7 22 2282
7 58 1399
7 65 1424
7 61 6142
7 29 4564
7 62 1720
7 67 3908
7 8 4661
7 37 3659
7 19 192
7 18 3141
7 53 4905
7 24 4612
7 36 140
7 9 4488
7 44 4949
7 14 516
7 21 1277
7 25 4623
7 64 2394
7 35 2431
7 72 5190
7 13 3453
7 70 3947
7 43 3821
7 59 748
7 57 450
7 42 4122
7 16 2132
7 11 1635
7 39 5610
7 49 693
7 20 5846
8 5 1519
8 17 2772
8 64 1562
8 15 4018
8 23 5579
8 41 1477
8 51 392
8 12 3931
8 10 1545
8 28 5436
8 33 118
8 20 1100
8 71 1963
8 74 571
8 46 1506
8 75 6059
8 54 3053
8 59 3604
8 48 4626
8 43 6084
8 38 2265
8 56 3235
8 18 4021
8 69 3635
8 19 3864
8 9 3761
8 26 4949
8 25 6296
8 2 3921
8 44 1366
8 53 2932
8 45 616
8 7 1465
8 22 3979
8 34 2135
8 6 411
8 72 6167
8 52 4801
8 13 915
8 4 1666
8 50 2326
8 62 5256
8 32 2964
8 65 3631
8 35 1512
8 68 4769
8 58 607
8 40 3887
8 55 2214
8 42 938
8 60 1450
8 57 3363
8 30 4402
8 61 983
8 36 1663
8 27 2879
8 29 22
9 48 5739
9 3 3608
9 31 3183
9 71 5406
9 58 4478
9 37 2433
9 72 2938
9 17 2551
9 39 5257
9 10 4749
9 7 2958
9 75 3470
9 50 4763
9 59 2163
9 20 3708
9 45 2076
9 62 2683
9 23 6221
9 47 2709
9 6 1386
9 74 1750
9 29 3541
9 66 611
9 15 4409
9 18 4885
9 4 5722
9 26 6017
9 70 4068
9 56 6221
9 42 5793
9 33 3964
9 38 793
9 8 1449
9 22 3638
9 30 5426
9 64 3058
9 34 5669
9 44 5099
9 27 3926
9 16 5651
9 63 1102
9 65 3560
9 21 1641
9 5 5331
9 2 4023
9 32 222
9 25 9
9 1 2809
9 55 3371
9 13 4315
10 69 2370
10 20 429
10 72 5482
10 36 3587
10 27 2522
10 44 4126
10 57 3361
10 32 4907
10 47 632
10 6 2477
10 45 2408
10 52 1779
10 43 3213
10 75 1714
10 16 1808
10 3 5311
10 65 171
10 34 1237
10 60 2498
10 9 5902
10 28 4500
10 67 878
10 55 934
10 23 3447
10 50 1200
10 46 4762
10 61 1648
10 51 2933
10 66 208
10 22 3628
10 59 3878
10 41 6277
10 40 5769
10 64 5878
10 62 4101
10 31 4275
10 73 4241
10 29 4776
10 12 3252
10 13 4217
10 49 4635
10 33 5576
10 53 2973
10 56 2251
10 25 2628
10 7 2677
10 37 1006
10 42 3734
10 39 3211
10 17 6169
10 30 4717
10 21 90
10 38 876
10 74 4191
10 35 4763
11 9 5891
11 20 1789
11 43 3574
11 32 1884
11 73 4080
11 10 6248
11 21 275
11 57 3335
11 13 3248
11 2 3995
11 6 4715
11 15 3137
11 65 778
11 49 2847
11 26 493
11 51 3116
11 50 810
11 24 160
11 14 4932
11 45 3138
11 34 1192
11 42 1889
11 48 5772
11 12 5725
11 44 5461
11 74 1870
11 28 4798
11 47 5351
11 46 4379
11 61 14
11 72 4602
11 5 6096
11 31 2852
11 56 3049
11 40 684
11 18 1501
11 60 3912
11 64 3867
11 25 3495
11 19 563
11 66 5528
11 35 5972
11 16 208
11 30 5332
11 1 3587
11 63 2117
11 71 1711
11 69 1189
11 41 632
11 59 5582
11 36 4595
11 8 1061
11 70 4696
11 67 1413
11 52 5049
11 7 3036
11 75 158
12 65 3039
12 11 5672
12 21 3836
12 48 4436
12 13 5487
12 59 888
12 4 3292
12 2 4219
12 54 4514
12 60 2025
12 39 3920
12 19 1137
12 25 3540
12 49 1886
12 31 3602
12 9 1171
12 14 3139
12 10 1413
12 20 6171
12 33 5195
12 43 1379
12 63 5304
12 67 1858
12 7 124
12 24 2059
12 55 672
12 69 3122
12 61 5746
12 75 3526
12 1 5680
12 46 6171
12 74 4924
12 26 1953
12 53 607
12 42 3757
12 72 3517
12 58 3938
12 64 6210
12 66 5180
12 62 3280
12 17 2259
12 68 2965
12 18 3935
12 32 3326
12 44 3375
12 37 2598
12 47 776
12 73 1521
12 71 1666
12 57 1950
12 3 5070
12 22 2125
12 8 830
12 40 1368
12 34 5378
12 15 1157
12 5 5462
12 51 5442
12 23 2840
12 52 5175
12 30 2002
12 45 4002
12 38 2087
13 46 6081
13 1 782
13 74 4541
13 32 3963
13 73 166
13 40 5024
13 49 1371
13 66 510
13 11 3710
13 38 1768
13 50 5360
13 62 1417
13 52 1088
13 28 1714
13 22 4961
13 30 2258
13 37 3275
13 64 5506
13 20 709
13 31 3529
13 23 1127
13 53 644
13 10 3605
13 3 4558
13 9 3890
13 59 1397
13 2 1505
13 57 4985
13 39 3328
13 72 2679
13 45 5896
13 75 2733
13 17 2966
13 25 5704
13 35 3383
13 5 936
13 65 3708
13 12 60
13 41 196
13 55 533
13 26 871
13 16 3802
13 33 103
13 15 4474
13 67 5124
13 61 3651
13 51 4129
13 36 3381
13 43 736
13 29 2921
13 14 5735
13 7 4538
13 8 539
13 70 939
14 10 981
14 60 766
14 3 959
14 63 2991
14 43 4089
14 17 4186
14 11 5287
14 50 4617
14 20 306
14 37 4666
14 48 2669
14 57 3290
14 70 1686
14 26 62
14 54 5743
14 4 5546
14 9 1668
14 2 927
14 46 783
14 16 1294
14 32 1278
14 21 2176
14 39 5302
14 34 5675
14 44 5088
14 67 3610
14 64 4545
14 66 2703
14 75 2321
14 27 289
14 73 4151
14 8 4969
14 24 3512
14 40 4585
14 31 1550
14 28 4190
14 18 5870
14 55 5518
14 38 2126
14 6 206
14 69 362
14 51 3500
14 23 5241
14 49 4331
14 47 4233
14 5 4253
14 59 471
14 25 4016
14 45 4952
14 33 3701
14 61 4963
14 19 5939
14 71 865
14 30 5325
14 22 5216
14 7 661
14 35 4353
14 65 2471
15 17 697
15 58 5261
15 59 90
15 19 5430
15 35 3875
15 73 2044
15 29 5904
15 8 1331
15 9 3046
15 57 3477
15 38 881
15 7 5426
15 60 2854
15 32 2527
15 67 3244
15 51 1822
15 2 3370
15 22 1581
15 1 1982
15 12 4985
15 43 1800
15 37 1264
15 68 3370
15 61 6210
15 44 3866
15 11 2800
15 49 3270
15 65 4099
15 10 1110
15 18 5733
15 75 1038
15 42 4456
15 3 3805
15 74 2059
15 52 3455
15 66 2837
15 50 2719
15 14 4143
15 69 5295
15 41 1843
15 20 2572
15 21 5969
15 62 6045
15 26 6109
15 33 1764
15 34 3133
15 64 2256
15 48 6021
15 16 4827
15 46 2271
15 4 2291
15 54 810
15 36 4432
15 6 5611
16 1 3488
16 55 3117
16 5 828
16 54 2784
16 64 325
16 67 3424
16 53 2215
16 56 723
16 70 4516
16 65 2585
16 6 1459
16 71 2382
16 59 1091
16 51 5179
16 45 5176
16 27 2714
16 52 3212
16 57 4326
16 24 5769
16 2 2989
16 23 4604
16 18 4072
16 9 1474
16 19 5840
16 15 2532
16 62 1393
16 36 5316
16 42 3355
16 41 98
16 44 1670
16 43 4563
16 22 6098
16 58 2820
16 38 4193
16 66 5396
16 20 2000
16 72 5772
16 32 3359
16 29 725
16 13 5688
16 21 2003
16 73 327
16 74 1595
16 68 4805
16 37 4909
16 34 1450
16 40 3651
16 17 1263
16 28 2905
17 22 814
17 34 5391
17 29 6173
17 55 1877
17 9 3787
17 7 5425
17 35 2637
17 56 5074
17 67 5466
17 6 27
17 43 2465
17 10 804
17 24 2770
17 75 3229
17 57 4690
17 32 2434
17 20 5855
17 39 331
17 53 774
17 60 4570
17 72 1995
17 13 6219
17 26 2723
17 23 3539
17 52 969
17 46 3779
17 18 4762
17 12 4794
17 16 3168
17 3 289
17 25 1400
17 40 4063
17 2 3612
17 47 4171
17 8 1578
17 30 5915
17 54 4165
17 51 4550
17 27 3774
17 28 5041
17 61 3751
17 62 37
17 74 590
17 4 628
17 71 2183
17 21 2053
17 68 1446
17 58 1152
17 66 2321
17 19 2248
17 38 2741
17 15 3202
17 37 4734
17 48 2898
17 50 5946
17 59 1475
17 41 2406
18 53 588
18 22 6234
18 44 475
18 26 5447
18 71 674
18 6 4016
18 1 5024
18 39 5348
18 34 492
18 47 1465
18 33 866
18 9 927
18 66 623
18 38 1743
18 16 5353
18 45 1718
18 23 2178
18 17 3298
18 58 4821
18 21 1911
18 35 4131
18 25 168
18 7 1420
18 19 1742
18 8 4994
18 5 773
18 41 4681
18 28 1821
18 56 3619
18 51 5710
18 11 6162
18 49 4301
18 75 2045
18 12 4296
18 69 4666
18 48 3468
18 3 2952
18 10 1899
18 50 1044
18 64 5743
18 70 5439
18 15 5340
18 29 1126
18 74 4675
18 54 4733
18 30 5429
18 37 1877
18 42 4241
18 63 2864
18 59 2215
18 31 1510
19 31 3288
19 6 3054
19 62 3819
19 67 2974
19 36 2313
19 70 748
19 56 209
19 55 1387
19 48 5990
19 25 1577
19 12 5859
19 43 2720
19 45 6198
19 44 4961
19 51 3191
19 50 6064
19 59 3411
19 72 4937
19 18 5540
19 27 1396
19 52 2352
19 64 5817
19 7 3448
19 10 665
19 57 520
19 16 1664
19 29 1350
19 75 1140
19 22 1285
19 61 2289
19 65 726
19 53 868
19 54 542
19 63 878
19 26 401
19 49 4185
19 14 5295
19 34 3245
19 33 1116
19 8 656
19 69 2758
19 3 1389
19 41 2509
19 9 2372
19 73 4909
19 47 3570
19 32 6133
19 30 6091
19 39 3465
19 74 6055
19 1 1874
19 17 2453
19 21 2656
19 38 4820
20 57 5428
20 46 4263
20 66 6263
20 15 1028
20 40 6100
20 8 5391
20 27 4205
20 6 2387
20 70 5621
20 63 3155
20 42 2345
20 22 3845
20 45 4259
20 52 4947
20 18 5204
20 43 346
20 16 5718
20 23 5587
20 13 2355
20 60 378
20 30 4964
20 44 4575
20 49 4964
20 35 1630
20 48 2913
20 37 3495
20 31 5311
20 61 2304
20 58 5358
20 26 6059
20 41 1164
20 19 5672
20 65 3167
20 2 4108
20 62 457
20 72 3092
20 4 5149
20 28 5037
20 3 1597
20 24 4422
20 54 5383
20 25 5157
20 7 2249
20 10 1609
20 36 1015
20 69 805
20 21 1749
20 67 1644
20 59 2067
21 70 3120
21 24 1209
21 72 5782
21 69 2301
21 4 4783
21 8 2002
21 66 4375
21 75 4772
21 60 930
21 50 2385
21 1 6104
21 62 5968
21 34 960
21 48 1451
21 19 5174
21 30 4789
21 16 1262
21 44 2531
21 56 78
21 51 601
21 15 6123
21 18 3572
21 74 3092
21 7 4783
21 67 1410
21 65 2794
21 13 6150
21 68 3984
21 3 2673
21 25 955
21 36 6217
21 46 1762
21 64 744
21 17 5234
21 27 5428
21 73 1684
21 9 4345
21 33 3506
21 41 6218
21 58 4176
21 26 6054
21 45 5503
21 59 5922
21 38 3055
21 47 5359
21 43 6058
21 71 2384
21 55 4699
21 37 4685
21 6 3681
21 10 230
21 5 2433
21 63 4543
21 53 5325
21 12 4722
21 14 3905
21 29 2754
21 2 5606
21 22 4171
21 54 2369
22 5 5847
22 29 4241
22 44 1914
22 27 1633
22 42 4550
22 30 3649
22 35 631
22 6 758
22 10 685
22 50 2823
22 55 3837
22 68 4152
22 3 4877
22 21 3918
22 48 3350
22 58 5216
22 4 1526
22 1 3890
22 54 1981
22 73 3602
22 23 5397
22 13 1578
22 69 3033
22 9 2189
22 11 4588
22 2 5597
22 60 4977
22 71 1563
22 26 401
22 18 6242
22 15 4980
22 70 3052
22 25 4549
22 7 1035
22 66 2949
22 36 1866
22 52 4454
22 20 3281
22 43 6227
22 65 2373
22 40 2853
22 45 965
22 31 4490
22 24 5939
22 75 5024
22 47 1989
22 74 3396
22 34 4907
22 39 856
22 56 4869
22 51 1012
22 41 5000
22 37 2668
22 38 628
22 61 4386
22 49 5702
22 12 1897
22 14 5668
22 17 1524
23 32 1942
23 25 2454
23 52 4202
23 1 3979
23 64 2001
23 16 4123
23 53 5247
23 61 434
23 29 637
23 17 5110
23 39 5935
23 18 2483
23 43 1716
23 55 6081
23 36 6194
23 54 998
23 49 5195
23 75 1117
23 44 2973
23 7 468
23 48 5095
23 8 2309
23 4 1902
23 57 1864
23 46 2825
23 47 104
23 41 2888
23 24 3810
23 67 3753
23 50 2724
23 72 4112
23 27 2152
23 59 245
23 11 4092
23 69 4914
23 21 2066
23 60 3448
23 15 4352
23 40 4937
23 22 174
23 3 1653
23 37 265
23 70 1928
23 10 5419
23 2 5408
23 38 2964
23 71 830
23 62 3756
23 51 2966
23 33 3154
23 6 2864
23 74 413
23 45 1075
23 66 5810
23 13 3416
23 58 1015
24 44 690
24 10 632
24 53 610
24 36 5936
24 18 5117
24 68 1380
24 3 629
24 11 680
24 64 1293
24 67 2670
24 51 593
24 73 4059
24 55 4727
24 12 1872
24 60 114
24 65 3475
24 45 4888
24 52 1874
24 23 5870
24 34 2234
24 16 5655
24 74 5004
24 32 3461
24 54 1304
24 57 1934
24 5 3099
24 75 923
24 9 6005
24 8 5764
24 43 35
24 20 1256
24 21 5451
24 72 6058
24 31 3330
24 25 4394
24 30 2431
24 27 293
24 13 5891
24 69 326
24 70 4758
24 6 6121
24 2 1310
24 38 1222
24 56 5294
24 42 4623
24 59 3387
24 26 6246
24 15 137
24 7 6103
24 29 2139
24 40 4015
24 28 5702
25 22 1040
25 52 22
25 11 971
25 59 2843
25 44 1554
25 69 2004
25 48 4784
25 41 1584
25 37 601
25 18 477
25 75 2941
25 5 2257
25 50 6243
25 17 452
25 7 1544
25 3 2418
25 45 3901
25 62 5595
25 23 307
25 51 2087
25 63 1964
25 14 556
25 29 366
25 28 5916
25 42 4580
25 43 4953
25 58 4040
25 74 4401
25 13 3283
25 54 2042
25 33 1409
25 70 5356
25 56 5179
25 68 6203
25 6 1916
25 24 397
25 47 4300
25 12 3026
25 40 826
25 21 2437
25 72 5842
25 27 1015
25 20 1863
25 34 2663
25 26 2184
25 71 681
25 49 1866
25 55 1959
25 53 3952
25 9 5681
25 19 3319
25 31 1374
25 8 5693
25 46 783
26 1 6249
26 15 748
26 19 3359
26 25 3220
26 32 2994
26 71 5785
26 5 3750
26 35 5373
26 41 5941
26 22 6176
26 67 4053
26 11 5795
26 16 5629
26 36 4416
26 52 4038
26 30 627
26 62 5093
26 60 3810
26 40 643
26 46 3784
26 68 2098
26 21 5907
26 39 3554
26 75 249
26 59 3092
26 51 4906
26 72 3715
26 69 4000
26 70 4823
26 18 2465
26 64 5867
26 45 3862
26 58 1292
26 27 2116
26 7 5475
26 24 1550
26 33 2565
26 28 2244
26 2 1915
26 55 309
26 8 5556
26 57 927
26 3 2518
26 56 1040
26 9 1446
26 50 5831
26 61 2435
26 49 1395
26 23 3366
26 54 4931
26 47 5604
26 65 4078
26 17 2302
26 37 2904
26 74 616
26 53 333
26 38 3734
26 34 1822
26 12 1341
26 4 4911
27 10 1919
27 17 1356
27 73 6198
27 45 3868
27 40 5369
27 5 1702
27 34 5436
27 13 2592
27 60 1857
27 3 2253
27 20 5969
27 7 377
27 63 1464
27 65 5006
27 64 6071
27 49 1169
27 43 5137
27 4 2762
27 50 3605
27 26 322
27 29 2999
27 55 4948
27 11 2510
27 36 3294
27 14 4002
27 46 5631
27 24 1756
27 51 2917
27 42 2196
27 61 2096
27 66 2781
27 56 1043
27 37 967
27 57 3616
27 47 2886
27 41 74
27 23 5461
27 71 4708
27 68 3774
27 28 2542
27 35 3841
27 32 5013
27 25 1841
27 19 2724
27 67 3824
27 18 1369
27 75 4134
27 72 5153
27 38 6123
27 16 621
27 58 401
27 53 673
27 9 1163
27 33 5845
27 21 4612
28 59 5238
28 58 3912
28 49 3723
28 16 421
28 63 2774
28 24 5121
28 36 6115
28 27 874
28 72 654
28 55 135
28 64 4782
28 23 349
28 65 2637
28 54 2985
28 21 3082
28 41 5559
28 7 6214
28 34 5072
28 44 4548
28 18 4843
28 67 2789
28 14 3600
28 10 2225
28 75 1681
28 68 3516
28 42 2363
28 9 4905
28 5 2228
28 71 2394
28 69 463
28 8 947
28 70 2293
28 51 1734
28 20 3469
28 6 5970
28 74 4792
28 45 4468
28 53 3063
28 40 1725
28 1 2886
28 50 952
28 12 527
28 56 4561
28 62 6261
28 22 2195
28 17 4668
28 52 5256
28 13 99
28 4 5976
28 48 266
28 46 344
28 29 1650
28 37 797
28 60 6295
28 47 261
29 55 1347
29 1 4824
29 35 4483
29 33 305
29 27 716
29 6 5838
29 14 2793
29 39 5206
29 34 4445
29 40 2121
29 23 1141
29 24 1823
29 69 6053
29 50 1592
29 60 1010
29 75 4486
29 71 1730
29 9 2676
29 15 4960
29 17 1446
29 51 415
29 68 1162
29 44 6235
29 67 109
29 56 6297
29 58 3359
29 16 5852
29 38 723
29 61 185
29 22 876
29 41 2483
29 66 2571
29 63 5018
29 8 1438
29 49 2028
29 28 3658
29 47 3882
29 36 765
29 3 1547
29 53 276
29 20 1079
29 31 3191
29 57 5418
29 21 3470
29 73 2806
29 64 2877
29 52 4676
29 45 1580
29 5 2804
29 10 5136
29 72 759
29 11 677
29 25 3682
29 26 3419
29 13 5998
29 65 5071
30 28 692
30 4 4646
30 56 3488
30 51 1
30 69 4430
30 59 4213
30 61 3024
30 53 5986
30 57 2343
30 21 5349
30 20 2734
30 19 1010
30 25 4310
30 45 1306
30 6 294
30 66 3875
30 37 3943
30 64 4924
30 41 5753
30 22 5409
30 58 5009
30 67 3239
30 63 2288
30 72 4945
30 15 5030
30 52 771
30 13 582
30 36 956
30 39 1286
30 29 5286
30 26 5078
30 60 174
30 33 4536
30 54 1841
30 40 1365
30 74 1824
30 62 4999
30 47 4589
30 32 687
30 73 5035
30 12 1863
30 9 2725
30 2 1861
30 49 661
30 75 4899
30 1 1058
30 42 5116
30 31 3411
30 43 4530
30 27 3085
30 5 1289
30 48 5977
30 14 5431
30 7 4209
30 34 5489
30 35 2186
30 24 6158
30 8 3238
30 38 4356
30 46 1136
30 68 2617
31 49 3953
31 54 758
31 42 3366
31 35 5133
31 37 618
31 59 5151
31 71 2502
31 27 6041
31 33 3686
31 13 3622
31 17 20
31 74 650
31 11 1520
31 52 4271
31 5 4833
31 55 1798
31 56 4072
31 1 5175
31 73 4906
31 65 3859
31 39 2994
31 3 5728
31 15 5291
31 19 5053
31 26 2783
31 9 3285
31 44 3871
31 50 4234
31 7 6231
31 75 5104
31 62 2648
31 63 105
31 69 448
31 23 2859
31 40 2639
31 47 3891
31 64 864
31 60 3269
31 66 472
31 8 4056
31 6 35
31 21 825
31 57 2345
31 18 1256
31 4 4440
31 41 2847
31 12 5301
31 46 5824
31 58 1469
31 61 2815
31 29 5406
31 67 4660
31 51 3257
31 45 4119
31 30 6188
31 43 1741
31 70 4414
32 33 937
32 73 5536
32 49 1297
32 26 4432
32 27 820
32 6 1558
32 41 1683
32 13 3790
32 14 1386
32 11 891
32 56 6155
32 35 6165
32 40 3052
32 59 4725
32 30 774
32 69 400
32 71 1313
32 29 750
32 38 5435
32 34 13
32 9 3350
32 42 3775
32 51 1356
32 74 2755
32 22 3512
32 58 5355
32 54 5491
32 44 3887
32 16 3376
32 68 4519
32 24 4413
32 21 5936
32 12 523
32 61 4956
32 18 4802
32 19 2637
32 50 5217
32 7 4597
32 66 1403
32 57 1960
32 17 2128
32 25 1905
32 62 946
32 45 6207
32 67 226
32 31 4129
32 64 4207
32 8 1850
32 52 4913
32 4 4177
32 1 1705
32 10 4246
32 23 5259
32 48 220
32 47 5210
33 63 671
33 40 4879
33 1 207
33 34 5977
33 27 2803
33 74 4467
33 18 6141
33 20 6289
33 68 3834
33 69 146
33 42 1652
33 29 5716
33 53 3781
33 23 3309
33 72 5
33 60 2226
33 8 2770
33 73 6166
33 56 6242
33 59 5412
33 55 3046
33 49 4107
33 51 5182
33 6 6126
33 75 154
33 37 1725
33 47 3114
33 38 3340
33 46 3135
33 28 4441
33 13 1626
33 50 1118
33 2 5636
33 19 4068
33 66 3280
33 57 1785
33 9 570
33 10 959
33 58 3459
33 11 6078
33 22 1643
33 67 1240
33 7 6055
33 25 4891
33 30 4588
33 4 6147
33 21 3878
34 60 3932
34 35 209
34 14 5689
34 20 3840
34 30 835
34 59 4106
34 2 4829
34 32 6158
34 61 2749
34 16 1647
34 11 70
34 74 1858
34 37 2035
34 17 4958
34 43 4430
34 62 3642
34 56 3103
34 67 5920
34 40 2781
34 38 5451
34 68 2845
34 54 92
34 25 1371
34 10 933
34 28 4782
34 18 1528
34 31 2368
34 42 5741
34 27 5603
34 1 4756
34 46 3902
34 24 5018
34 12 2757
34 70 2660
34 50 3915
34 4 1945
34 66 4414
34 57 1429
34 21 943
34 26 2652
34 45 4042
34 51 4009
34 15 643
34 13 1798
34 3 6032
34 64 2242
34 33 3609
34 58 4028
34 48 1749
34 29 6265
34 8 977
34 55 725
34 53 2746
34 73 5300
34 63 2702
34 39 3170
34 19 5656
35 63 4213
35 39 4706
35 31 3871
35 9 3904
35 37 2691
35 15 102
35 73 4535
35 48 3262
35 26 6271
35 34 5280
35 33 4087
35 68 4683
35 70 1820
35 7 4380
35 25 540
35 45 1161
35 44 1101
35 10 3170
35 2 1657
35 54 2
35 14 2295
35 29 2362
35 13 6259
35 38 5529
35 74 5497
35 72 6110
35 6 3059
35 69 1029
35 46 4175
35 3 4955
35 52 5263
35 56 5603
35 17 5899
35 42 1427
35 59 1915
35 66 3355
35 40 4013
35 5 3788
35 4 3159
35 21 1984
35 19 3176
35 60 3919
35 22 5058
35 1 4275
35 65 4421
35 30 5136
35 23 3803
35 24 5520
35 62 1207
35 51 5557
35 57 2038
35 58 4863
35 49 2171
35 64 1545
35 41 4881
35 71 3749
36 50 3483
36 31 3505
36 70 100
36 63 4613
36 74 3024
36 35 4704
36 26 4451
36 20 5623
36 14 2086
36 1 4272
36 57 2743
36 18 2777
36 11 1000
36 68 4935
36 55 149
36 34 3002
36 23 2270
36 15 3462
36 40 6003
36 33 2486
36 39 3224
36 9 6022
36 56 4742
36 28 823
36 16 3145
36 61 1954
36 51 5789
36 49 3239
36 53 2655
36 17 4642
36 69 1
36 7 3607
36 62 2059
36 27 2713
36 46 1788
36 10 2233
36 13 4022
36 3 137
36 19 3318
36 66 3017
36 37 2753
36 38 6035
36 54 1390
36 2 3706
36 5 521
36 29 1935
36 41 5390
36 47 6046
36 64 1405
36 48 3598
36 43 4072
36 25 5588
36 21 2798
36 71 2035
36 42 1049
36 32 4572
37 24 420
37 49 526
37 5 615
37 51 213
37 27 2818
37 69 1295
37 57 5095
37 17 3767
37 36 757
37 2 6024
37 61 4372
37 23 5977
37 60 6025
37 12 1351
37 66 1887
37 16 5601
37 33 2465
37 47 3380
37 68 2237
37 34 2109
37 7 1922
37 38 4634
37 72 2060
37 39 2311
37 71 5992
37 14 3830
37 56 2371
37 44 4697
37 74 3438
37 41 818
37 48 1192
37 13 930
37 52 3326
37 8 1226
37 75 2876
37 19 1399
37 35 5743
37 29 2510
37 28 5548
37 55 3692
37 64 2056
37 20 1418
37 50 6118
37 43 2566
37 62 3498
37 54 2907
37 10 787
37 65 2449
37 45 4151
37 21 294
37 15 4668
37 22 774
37 70 3765
37 58 4130
37 46 1614
37 1 1518
38 3 1728
38 69 3991
38 66 5497
38 32 4438
38 13 4999
38 25 2085
38 73 2341
38 1 4019
38 20 748
38 59 4966
38 54 5664
38 26 6268
38 58 103
38 50 3352
38 52 1754
38 15 844
38 11 4231
38 49 1920
38 27 5052
38 19 2166
38 57 5795
38 29 309
38 31 444
38 60 4262
38 53 4411
38 41 4585
38 36 561
38 23 3969
38 43 3890
38 6 1070
38 7 470
38 10 2519
38 17 2718
38 8 6184
38 67 4590
38 18 600
38 28 2756
38 37 6151
38 22 4558
38 47 1589
38 12 4130
38 74 3552
38 39 959
38 63 28
38 48 3774
38 35 4243
38 5 4386
38 55 2242
38 2 2945
38 21 1979
38 16 3603
38 45 1589
38 56 2549
38 40 4927
38 64 2688
38 71 4786
38 24 2317
38 4 4422
38 65 1358
38 51 3171
38 44 2578
39 1 5847
39 25 4385
39 59 1471
39 26 2330
39 46 711
39 70 4406
39 40 3279
39 28 4077
39 20 173
39 37 4999
39 9 1377
39 54 3561
39 55 228
39 30 2414
39 34 197
39 12 2812
39 29 547
39 2 5060
39 51 941
39 3 3005
39 74 1493
39 64 2066
39 56 110
39 38 1768
39 53 4879
39 44 4813
39 5 3576
39 49 2211
39 57 3226
39 43 4679
39 13 5800
39 52 4587
39 31 2840
39 61 5915
39 72 5588
39 71 512
39 42 3526
39 47 5762
39 32 5220
39 58 1068
39 66 3161
39 48 3353
39 4 961
39 63 4203
39 16 4841
39 33 798
39 69 3959
39 11 3023
39 6 4864
39 45 1237
39 7 3690
39 73 4782
39 62 6075
39 22 5732
39 41 829
40 37 2329
40 39 3452
40 16 4613
40 51 4857
40 4 4672
40 53 4142
40 43 6237
40 73 4080
40 50 5157
40 27 5500
40 45 2430
40 63 1715
40 70 124
40 61 3505
40 34 6193
40 3 3473
40 41 3935
40 46 4578
40 67 2382
40 38 3656
40 21 2312
40 24 5683
40 62 2900
40 6 3537
40 65 2572
40 31 3448
40 12 5750
40 59 53
40 60 2351
40 42 206
40 66 825
40 57 1019
40 55 4109
40 54 3733
40 26 4216
40 75 4015
40 72 3904
40 49 4499
40 71 1505
40 48 1821
40 22 1564
40 35 2218
40 20 5735
40 52 1125
40 1 4954
40 44 4437
40 2 4987
40 68 559
41 75 1220
41 44 1321
41 72 1337
41 26 4726
41 39 3201
41 34 1543
41 28 1003
41 57 1918
41 18 6207
41 60 1378
41 54 3887
41 8 5135
41 49 1958
41 50 5500
41 68 2757
41 36 4997
41 9 2986
41 12 3608
41 5 939
41 45 1462
41 74 4768
41 10 2052
41 27 4034
41 33 4844
41 55 5744
41 42 5917
41 31 4346
41 16 5943
41 11 5474
41 25 3414
41 53 1184
41 65 5172
41 32 2048
41 58 3993
41 35 4254
41 63 4826
41 38 5713
41 1 665
41 48 2979
41 47 5475
41 51 637
41 64 334
41 19 2133
41 62 5126
41 43 4780
41 30 3948
41 40 900
41 2 4058
41 20 5064
41 66 3210
41 24 1106
41 17 5099
41 71 2591
41 73 2617
41 67 1975
41 69 4282
41 15 4549
41 13 5934
41 21 4179
41 37 2969
41 23 1588
42 67 184
42 6 4261
42 18 68
42 74 1985
42 5 927
42 75 1164
42 17 1700
42 27 1007
42 10 3617
42 49 1123
42 71 5892
42 29 5132
42 25 2930
42 23 5616
42 11 3096
42 4 1272
42 52 2565
42 37 4540
42 69 591
42 45 3466
42 47 5050
42 57 6263
42 60 2564
42 30 4833
42 72 2912
42 64 1673
42 28 2129
42 59 4082
42 50 4614
42 1 3042
42 2 3732
42 54 4511
42 39 162
42 53 4707
42 61 1042
42 44 2213
42 38 1789
42 35 4705
42 43 2766
42 19 113
42 7 1778
42 21 4376
42 40 3737
42 65 4114
42 31 3995
42 51 5974
42 22 4358
42 33 3415
42 36 5591
42 32 33
42 15 211
42 16 1940
42 63 253
43 54 5324
43 4 2006
43 72 3020
43 63 4161
43 18 720
43 73 487
43 3 531
43 60 2813
43 55 1051
43 49 4957
43 70 3685
43 26 1932
43 10 3364
43 40 2502
43 48 4722
43 51 3307
43 59 6158
43 23 1604
43 38 1619
43 29 1096
43 41 5053
43 58 4529
43 2 1175
43 45 1067
43 67 1694
43 36 4745
43 20 4914
43 71 1001
43 31 3063
43 33 5518
43 30 1371
43 9 5160
43 17 3467
43 68 4960
43 66 6049
43 46 2346
43 44 5962
43 74 442
43 24 6172
43 56 1300
43 42 412
43 62 964
43 13 1574
43 39 2513
43 7 5779
43 6 3070
43 27 5025
43 37 1559
43 53 2542
43 47 639
43 50 2951
44 52 3296
44 45 3565
44 43 5600
44 23 5673
44 51 2799
44 62 920
44 22 5195
44 31 4790
44 25 4021
44 65 2744
44 55 1492
44 50 1549
44 70 234
44 2 5669
44 28 4537
44 5 18
44 57 159
44 29 2282
44 11 2280
44 30 2628
44 37 2309
44 27 2149
44 63 77
44 61 1952
44 7 2327
44 56 638
44 15 5661
44 66 1411
44 49 419
44 16 1741
44 74 544
44 36 6180
44 73 5513
44 40 6074
44 26 3976
44 54 2628
44 41 904
44 19 1899
44 17 281
44 18 1797
44 72 2269
44 9 2581
44 13 5482
44 42 3635
44 60 483
44 32 5309
44 4 3100
44 47 5641
44 20 2563
44 59 2595
44 48 3217
44 35 5133
44 21 6122
44 24 59
44 6 3702
44 8 1796
44 71 5662
45 19 431
45 73 4369
45 69 3655
45 7 678
45 8 1683
45 9 2051
45 27 6038
45 57 3817
45 25 3904
45 71 21
45 60 2675
45 37 3806
45 68 5439
45 17 5158
45 29 1000
45 15 5523
45 36 3951
45 31 4480
45 54 1533
45 13 390
45 2 1471
45 4 1390
45 40 2237
45 1 5079
45 24 3957
45 16 6008
45 55 2156
45 14 260
45 22 3992
45 61 3134
45 30 612
45 43 3856
45 70 692
45 44 5004
45 51 1553
45 11 2607
45 66 4177
45 42 744
45 34 4587
45 49 510
45 74 4506
45 21 2234
45 18 3472
45 67 1134
45 38 5487
45 5 4532
45 59 2719
45 35 5371
45 56 5243
45 28 3732
45 47 1584
45 33 2082
46 2 2527
46 19 642
46 47 5609
46 75 4311
46 53 2253
46 21 3543
46 22 4967
46 12 6
46 70 6161
46 62 2783
46 51 1266
46 35 600
46 65 2870
46 63 3475
46 37 5180
46 38 3074
46 67 5861
46 66 6048
46 56 4855
46 41 2650
46 5 3987
46 60 6069
46 14 4714
46 49 2082
46 34 3303
46 45 4314
46 9 1569
46 6 3018
46 69 5863
46 15 3386
46 4 641
46 48 1119
46 26 2137
46 18 1052
46 20 1530
46 16 2562
46 7 1665
46 40 5183
46 55 4823
46 17 2122
46 39 5581
46 64 3686
46 61 2379
46 27 4818
46 42 2694
46 28 3487
46 72 92
46 54 3107
46 44 3332
46 36 6133
46 57 4211
46 23 1041
47 48 4275
47 67 414
47 33 216
47 35 1939
47 43 3805
47 3 4575
47 45 5712
47 39 4953
47 1 418
47 58 4677
47 40 4031
47 27 62
47 25 5486
47 59 2407
47 11 21
47 61 2197
47 73 1757
47 66 5390
47 28 3254
47 5 2178
47 62 3378
47 17 4932
47 22 2492
47 68 6278
47 12 1610
47 4 689
47 52 5188
47 13 6118
47 75 2859
47 72 4688
47 2 1889
47 26 6064
47 70 3240
47 65 2600
47 37 113
47 16 953
47 6 4763
47 44 3830
47 10 1834
47 53 1975
47 24 5428
47 71 608
47 46 4128
47 32 733
47 74 980
47 31 1154
47 57 5192
47 54 1508
47 55 527
47 21 2699
47 63 3543
47 29 3846
48 51 5231
48 29 3692
48 34 4288
48 18 6012
48 2 1500
48 63 780
48 23 3983
48 54 6173
48 22 4198
48 12 4280
48 69 5316
48 66 3783
48 6 5116
48 11 3092
48 27 3023
48 14 4223
48 60 4455
48 75 6186
48 38 694
48 16 2122
48 74 136
48 47 480
48 72 380
48 5 3585
48 7 242
48 41 3573
48 73 3181
48 17 901
48 62 2088
48 4 4561
48 37 4016
48 19 3830
48 52 146
48 39 1255
48 3 382
48 68 5180
48 44 6239
48 9 1205
48 13 6193
48 50 1724
48 15 5930
48 61 139
48 35 4618
48 53 634
48 67 4272
48 20 1978
48 49 1292
48 71 3921
48 55 6192
48 32 5042
48 33 2086
48 70 131
48 42 510
48 36 2224
48 31 317
48 8 4763
49 7 1653
49 27 183
49 12 1342
49 34 3226
49 36 3179
49 58 1176
49 17 5725
49 72 3817
49 61 2200
49 40 1184
49 1 5756
49 73 4237
49 18 4028
49 60 2511
49 33 5515
49 21 4673
49 39 4719
49 68 3690
49 23 2552
49 59 3051
49 62 4319
49 75 773
49 71 4009
49 57 772
49 19 4108
49 47 6178
49 30 2189
49 22 4145
49 2 736
49 24 2549
49 65 5904
49 51 1513
49 70 2933
49 56 5683
49 74 4146
49 69 4663
49 45 2017
49 10 5298
49 38 2353
49 29 3707
49 26 1421
49 16 5772
49 11 1938
49 32 577
49 15 434
49 13 2928
49 63 4616
49 46 2595
49 64 3835
49 50 3951
49 67 4588
49 5 3981
49 31 4883
49 25 2712
49 42 811
49 20 5409
50 7 5697
50 37 5394
50 33 2514
50 57 4470
50 44 2831
50 25 4648
50 22 6262
50 24 1539
50 28 3650
50 62 3145
50 9 1563
50 67 4741
50 34 3254
50 64 5446
50 56 5162
50 4 3246
50 32 816
50 42 1076
50 8 4607
50 53 4330
50 30 1531
50 15 2454
50 40 4689
50 38 4168
50 23 395
50 61 2283
50 11 4329
50 65 5488
50 51 2
50 49 942
50 75 1155
50 47 1151
50 10 690
50 70 5555
50 31 1439
50 20 2156
50 39 5240
50 59 1425
50 48 2345
50 14 3955
50 5 5573
50 58 3551
50 45 6270
50 69 2190
50 6 600
50 52 1054
50 27 5142
50 26 2658
50 66 712
50 68 5705
50 12 4162
50 54 4194
50 72 1488
50 35 1953
50 71 1404
50 60 1359
51 23 1097
51 45 3846
51 30 3769
51 40 4632
51 1 1668
51 38 4688
51 28 5629
51 75 523
51 32 3644
51 12 4347
51 20 3067
51 49 5133
51 18 445
51 19 4139
51 10 3955
51 39 422
51 56 6268
51 55 5748
51 42 1255
51 60 1288
51 52 3945
51 41 4768
51 65 2224
51 11 2795
51 63 2558
51 59 3568
51 53 5946
51 33 4031
51 17 277
51 8 475
51 3 6033
51 62 6095
51 74 2396
51 66 3567
51 70 2517
51 46 2456
51 54 4754
51 35 3208
51 5 5412
51 4 3872
51 61 5058
51 22 6168
51 57 3883
51 9 1211
51 6 2560
51 68 2813
51 36 1392
51 43 3171
51 2 3335
51 37 2600
51 31 1790
51 64 4459
51 24 4858
51 15 3375
51 21 2438
51 50 3035
51 71 151
51 73 4139
51 29 1904
52 9 5238
52 21 4905
52 68 1734
52 40 2873
52 10 1476
52 30 6094
52 55 2260
52 4 53
52 72 4650
52 49 939
52 35 112
52 31 4906
52 70 2164
52 45 6045
52 14 3750
52 56 1826
52 47 713
52 12 2560
52 34 5571
52 51 1768
52 48 1629
52 75 5133
52 65 4108
52 39 4638
52 73 5707
52 46 1364
52 26 4128
52 54 4131
52 42 6016
52 27 2274
52 16 1766
52 61 3104
52 57 5742
52 6 4090
52 66 5796
52 29 5280
52 43 759
52 25 872
52 50 3541
52 13 5398
52 38 5645
52 41 4136
52 24 1369
52 64 4814
52 22 382
52 69 1252
52 36 951
52 67 3835
52 11 1574
52 44 1024
52 19 3455
52 23 3756
52 53 5703
52 60 118
52 8 3904
52 63 4604
53 52 635
53 47 5934
53 18 3599
53 75 2093
53 12 2741
53 50 302
53 5 4193
53 55 189
53 65 2757
53 20 295
53 44 5401
53 35 2098
53 40 2557
53 39 1037
53 43 5352
53 56 2372
53 33 6017
53 28 4430
53 3 791
53 73 3405
53 29 6290
53 7 4894
53 66 854
53 61 3558
53 67 323
53 34 830
53 9 337
53 69 1777
53 46 1489
53 48 1959
53 22 1682
53 70 4475
53 31 4343
53 32 6226
53 37 834
53 15 1635
53 17 6046
53 4 4280
53 8 4330
53 27 5036
53 41 3944
53 25 771
53 64 434
53 57 4278
53 71 349
53 45 1262
53 23 2254
53 19 573
53 2 1883
53 21 5340
53 10 4644
53 51 1596
53 13 393
53 26 696
53 11 5364
53 49 4153
53 42 2354
53 74 1471
53 38 3388
53 60 5582
53 36 5121
53 6 1571
53 1 5475
53 62 5335
54 30 2650
54 66 808
54 46 4586
54 75 5139
54 41 1844
54 1 6276
54 72 5670
54 51 2344
54 62 243
54 38 4422
54 61 210
54 55 5498
54 47 4461
54 14 5705
54 29 5156
54 28 3681
54 49 4238
54 2 6173
54 12 5103
54 11 2539
54 6 5205
54 4 1447
54 18 5367
54 32 2695
54 15 5371
54 20 1554
54 24 3495
54 60 4239
54 44 4091
54 35 1268
54 58 2927
54 31 4638
54 37 1329
54 19 3413
54 69 2952
54 57 4858
54 64 1344
54 56 3322
54 7 1826
54 27 1322
54 34 2476
54 36 537
54 65 4588
54 63 4071
54 52 5492
54 45 5728
54 33 2814
54 5 3750
54 3 5717
54 17 108
54 59 737
54 16 1509
54 22 2353
54 68 3297
55 42 5511
55 39 4629
55 25 426
55 24 1069
55 63 1123
55 7 1915
55 41 5289
55 38 3068
55 74 5191
55 67 1582
55 18 2833
55 6 5880
55 16 5512
55 73 1911
55 21 5047
55 3 2453
55 31 1236
55 61 1893
55 72 5017
55 35 4091
55 65 2335
55 68 4801
55 20 2213
55 56 1417
55 30 4380
55 43 680
55 64 964
55 69 5550
55 36 2434
55 51 1501
55 26 4826
55 70 1422
55 10 5224
55 13 3580
55 27 3441
55 14 6238
55 1 4585
55 33 739
55 52 120
55 22 1009
55 29 2018
55 8 1321
55 49 1271
55 58 1245
55 54 6145
55 5 2665
55 71 4642
55 28 5710
55 57 227
55 66 5889
55 34 4877
55 19 2828
55 23 6119
55 17 1209
55 45 1501
55 2 2522
55 48 317
55 12 3509
55 9 2474
55 4 3871
56 71 1057
56 65 3680
56 12 5137
56 19 2313
56 64 5629
56 26 1250
56 10 3725
56 24 703
56 35 3893
56 14 6260
56 30 5161
56 74 4170
56 16 4462
56 13 1587
56 75 2580
56 27 408
56 39 5967
56 9 6293
56 50 1350
56 63 2102
56 20 1050
56 48 241
56 8 3088
56 59 5754
56 33 5938
56 67 6077
56 6 4911
56 62 4339
56 22 392
56 73 1284
56 18 1965
56 21 430
56 72 2689
56 40 4404
56 57 5876
56 66 1
56 36 5041
56 42 394
56 15 5703
56 4 4464
56 58 2144
56 45 3396
56 51 4638
56 34 2484
56 5 3724
56 47 1603
56 54 3896
56 3 2788
56 2 2227
56 60 5815
56 44 1713
57 36 1158
57 17 2455
57 29 3735
57 67 5912
57 72 4895
57 16 5583
57 9 1900
57 56 4410
57 35 5073
57 15 5836
57 32 3078
57 24 595
57 53 659
57 19 2026
57 27 844
57 28 1617
57 43 5230
57 62 5476
57 44 2689
57 1 2701
57 21 3211
57 52 1869
57 59 3790
57 2 18
57 39 86
57 25 1294
57 61 3994
57 48 788
57 65 2337
57 10 4449
57 40 3011
57 34 3874
57 20 5730
57 12 1829
57 46 5543
57 5 5078
57 42 1972
57 33 596
57 58 39
57 13 5069
57 22 2462
57 11 4000
57 41 334
57 64 2469
57 63 1134
57 30 3979
57 3 5255
57 68 6039
57 70 2834
57 74 2976
57 23 5802
57 6 3724
57 54 1128
57 37 3809
57 38 4338
57 66 2281
57 14 2118
57 26 2312
57 51 3147
58 10 1867
58 16 1771
58 71 1156
58 30 2047
58 74 1604
58 47 2345
58 56 2053
58 52 4818
58 49 2549
58 40 5248
58 70 138
58 22 6071
58 3 2375
58 38 668
58 29 2552
58 32 1064
58 34 1254
58 50 4210
58 20 3058
58 9 4443
58 17 125
58 18 4124
58 67 3003
58 12 3371
58 48 1578
58 64 428
58 46 402
58 72 47
58 4 1053
58 28 3565
58 73 5777
58 41 3375
58 31 4638
58 1 239
58 24 1670
58 75 2034
58 35 2626
58 25 865
58 23 927
58 69 1034
58 53 4852
58 33 2441
58 14 530
58 68 2396
58 37 3727
58 11 1989
58 62 3541
58 42 5470
58 66 2432
58 27 1974
58 21 2084
58 26 4933
58 39 819
58 57 5246
58 55 4113
59 52 5364
59 4 3839
59 67 2739
59 39 3129
59 29 3211
59 1 5299
59 26 3059
59 72 805
59 66 1215
59 61 2205
59 50 3913
59 36 6219
59 13 697
59 30 4970
59 7 727
59 60 2642
59 17 3915
59 32 3095
59 8 3169
59 63 807
59 40 645
59 43 3861
59 56 1905
59 46 612
59 24 5548
59 75 1056
59 38 1895
59 55 3325
59 16 6198
59 41 4471
59 74 1646
59 6 771
59 10 4883
59 18 4031
59 28 4567
59 69 3958
59 42 2619
59 33 315
59 65 1125
59 37 1959
59 15 4173
59 64 2887
59 14 1510
59 45 1094
59 23 3147
59 25 5582
59 53 6121
59 5 13
59 31 1115
59 27 4394
59 34 3292
59 58 3973
59 70 191
59 9 1734
59 54 677
59 21 4069
59 44 974
59 19 2340
59 57 2653
59 12 5670
60 51 4808
60 4 5870
60 14 4326
60 12 4010
60 27 3217
60 50 5696
60 66 1899
60 11 1182
60 16 4421
60 37 586
60 15 2800
60 75 3253
60 21 3024
60 63 4828
60 55 2248
60 69 5700
60 32 4418
60 39 4469
60 28 6095
60 19 1908
60 30 5848
60 43 2662
60 56 3746
60 3 3983
60 70 5786
60 29 5167
60 67 4315
60 34 3933
60 73 2182
60 61 761
60 5 3061
60 33 2605
60 20 2603
60 18 3835
60 25 999
60 23 739
60 7 3638
60 26 5725
60 2 3764
60 8 793
60 22 179
60 74 4238
60 10 1891
60 58 4383
60 13 5742
60 46 2269
60 57 1311
60 52 2538
60 64 2987
60 49 3204
60 54 866
60 35 3658
60 45 2046
60 72 4589
60 71 1105
60 68 6223
60 62 4355
60 59 5504
61 49 5545
61 55 5050
61 35 847
61 54 4554
61 43 4402
61 1 752
61 6 3534
61 13 4394
61 53 613
61 70 583
61 31 844
61 48 5889
61 46 6185
61 65 917
61 72 184
61 12 5209
61 50 2919
61 10 4367
61 44 150
61 19 4546
61 69 3144
61 18 4085
61 56 2572
61 51 2520
61 66 5996
61 5 5669
61 75 5183
61 9 4153
61 60 786
61 11 1886
61 68 2239
61 45 2503
61 24 5617
61 41 1798
61 7 5847
61 37 4591
61 29 5980
61 62 5694
61 67 2610
61 28 3617
61 4 5613
61 22 4359
61 23 5230
61 21 373
61 32 4849
61 33 2371
61 42 5848
61 39 2372
61 16 3685
61 74 534
61 34 2448
61 36 1331
61 8 1585
61 59 2896
61 3 5320
61 47 1789
61 20 5748
62 1 3516
62 21 3367
62 17 4143
62 12 6170
62 15 106
62 57 4331
62 73 4973
62 41 4868
62 45 449
62 9 2490
62 34 2811
62 61 550
62 68 1222
62 65 1452
62 38 4122
62 49 2830
62 13 2344
62 74 601
62 10 5811
62 67 1274
62 16 5437
62 37 5048
62 70 2346
62 72 4219
62 36 253
62 5 5310
62 30 1126
62 55 4395
62 11 1392
62 24 3459
62 75 2282
62 42 6155
62 14 5914
62 31 3142
62 54 153
62 69 3771
62 32 5884
62 50 641
62 60 3835
62 59 1346
62 40 2114
62 35 4565
62 29 5903
62 26 5035
62 48 1772
62 22 3722
62 52 58
62 23 6018
62 8 4348
62 27 5618
62 64 6008
62 7 4085
62 53 2972
62 3 1500
62 44 6156
62 71 2289
62 28 354
63 10 2852
63 31 6199
63 43 2791
63 32 1342
63 25 1888
63 52 3637
63 50 1894
63 6 1102
63 44 3111
63 27 5438
63 28 5975
63 54 1896
63 9 952
63 21 39
63 30 3855
63 75 1550
63 42 4688
63 65 4363
63 56 3716
63 37 4943
63 13 409
63 41 1331
63 19 4683
63 61 951
63 29 5795
63 34 3807
63 74 2340
63 16 4009
63 49 11
63 38 1892
63 17 5519
63 69 1460
63 36 4788
63 20 4233
63 70 2336
63 11 5547
63 45 4424
63 71 5334
63 33 2326
63 64 577
63 14 1850
63 62 2835
63 57 5881
63 12 338
63 2 3743
63 72 1994
63 73 3074
63 59 1626
63 8 5334
63 24 2322
63 18 4120
63 15 1242
63 47 730
64 10 595
64 1 1517
64 39 3250
64 57 1374
64 20 1936
64 31 3610
64 54 3318
64 11 5958
64 16 6298
64 5 2758
64 71 1903
64 26 5533
64 45 1972
64 29 3177
64 66 3101
64 35 4364
64 60 5714
64 14 5348
64 12 1954
64 6 2237
64 58 76
64 55 1592
64 4 4766
64 8 3376
64 51 1334
64 43 2462
64 32 557
64 23 4854
64 15 1920
64 19 6188
64 63 1727
64 67 4293
64 13 4767
64 21 5215
64 36 4692
64 25 5644
64 41 3954
64 75 5355
64 73 5568
64 28 5135
64 2 1723
64 38 5366
64 59 3102
64 9 4018
64 47 2907
64 70 5819
64 49 3029
64 61 1314
64 7 6090
64 42 1429
64 46 545
64 48 806
64 24 5281
65 33 2994
65 13 2040
65 17 812
65 49 6006
65 53 2695
65 42 5198
65 62 520
65 43 1069
65 34 1877
65 72 4462
65 35 2376
65 69 5669
65 10 5083
65 58 786
65 15 1085
65 71 6004
65 38 1835
65 31 4274
65 50 2716
65 12 746
65 7 144
65 2 508
65 27 2017
65 21 5597
65 8 2519
65 14 3781
65 64 939
65 59 2691
65 41 6149
65 30 550
65 68 59
65 11 778
65 60 438
65 47 1744
65 55 1865
65 4 6282
65 63 2675
65 16 4544
65 22 4527
65 20 170
65 51 2929
65 36 2902
65 45 1841
65 3 5648
65 74 1325
65 29 2971
65 70 1080
65 24 3904
65 56 5196
65 19 4016
65 6 1164
65 75 2446
65 32 3306
65 37 3018
65 67 3914
65 61 3790
65 1 5788
65 25 3408
65 48 4027
65 44 1200
65 73 781
66 18 5051
66 37 3860
66 14 5519
66 13 5630
66 1 490
66 56 4703
66 67 5167
66 11 3025
66 4 700
66 46 1364
66 29 3748
66 15 4947
66 10 4443
66 59 6196
66 28 788
66 63 4447
66 57 5071
66 32 4192
66 38 256
66 30 4174
66 65 1332
66 8 4887
66 7 5180
66 3 5704
66 43 4964
66 51 1362
66 21 3490
66 61 5763
66 74 3468
66 44 6147
66 36 1052
66 54 3099
66 42 4494
66 53 2262
66 48 623
66 70 1894
66 22 4696
66 6 1175
66 64 5824
66 2 5257
66 23 2623
66 72 346
66 34 506
66 50 27
66 60 4478
66 35 2290
66 62 2649
66 33 806
66 12 6269
66 26 4995
66 55 4437
66 31 555
66 68 4559
66 41 1801
66 71 787
66 19 1972
66 17 3807
67 41 2892
67 70 1867
67 34 3896
67 65 2310
67 59 4793
67 12 4586
67 3 1947
67 15 4185
67 49 2306
67 30 1062
67 33 3910
67 61 218
67 28 3739
67 64 1455
67 36 4246
67 4 1990
67 32 4304
67 68 973
67 56 5989
67 71 2062
67 62 4610
67 54 6059
67 52 3596
67 74 5602
67 22 2259
67 45 6244
67 1 1287
67 73 446
67 6 4427
67 9 1123
67 58 1597
67 18 357
67 53 3229
67 29 883
67 38 2280
67 5 3589
67 24 3310
67 48 3170
67 40 450
67 66 2812
67 21 680
67 46 1237
67 57 1329
67 7 3705
67 25 6074
67 44 818
67 26 3485
67 35 2739
68 37 2899
68 1 3254
68 38 1266
68 50 2776
68 11 1964
68 27 1817
68 23 3697
68 19 5320
68 43 5760
68 53 5284
68 34 3201
68 69 901
68 30 1203
68 2 4165
68 66 4706
68 70 4761
68 56 5011
68 4 3923
68 8 141
68 14 4553
68 73 4506
68 65 571
68 25 4578
68 10 5068
68 18 3195
68 36 5617
68 16 4692
68 64 299
68 45 3435
68 22 273
68 24 968
68 51 5877
68 41 812
68 62 3359
68 46 1773
68 31 4477
68 7 4567
68 52 5972
68 12 3453
68 15 2845
68 75 4445
68 21 3956
68 9 889
68 6 485
68 71 6250
68 39 1003
68 67 5954
68 47 2100
68 72 1965
68 59 1559
68 20 648
68 3 5549
68 44 6167
68 26 5480
68 57 1390
68 33 808
68 74 1410
68 61 1343
69 55 4284
69 44 1350
69 34 690
69 10 1664
69 25 1993
69 6 47
69 9 2189
69 70 6071
69 30 4421
69 28 2042
69 4 235
69 45 5988
69 8 2000
69 36 5675
69 75 128
69 74 3475
69 23 1416
69 31 4002
69 11 1371
69 72 306
69 67 2612
69 37 3788
69 22 1237
69 50 3946
69 21 1300
69 51 2685
69 58 5809
69 38 3557
69 27 984
69 18 4660
69 73 5941
69 49 1239
69 3 4730
69 60 3235
69 48 1230
69 17 5368
69 20 3968
69 65 4169
69 56 26
69 59 4876
69 35 6250
69 46 1603
69 5 5126
69 52 1958
69 57 1636
69 53 2588
69 33 616
69 15 5914
69 39 1517
69 14 5521
69 40 3901
69 26 2068
69 68 1970
69 64 3072
69 71 82
69 61 4156
69 41 1784
69 66 4332
69 19 4203
69 7 46
69 16 3031
69 42 2089
70 36 1814
70 58 3833
70 49 4313
70 28 3495
70 64 3763
70 20 1349
70 18 2360
70 27 3403
70 17 519
70 3 4738
70 32 529
70 47 5799
70 37 1631
70 41 3602
70 14 3948
70 66 221
70 75 5365
70 38 4926
70 45 147
70 22 1978
70 5 1565
70 68 4678
70 11 4776
70 40 4960
70 30 2770
70 13 5415
70 24 4242
70 60 76
70 35 5410
70 16 3228
70 39 4954
70 26 853
70 25 3357
70 6 4217
70 69 5890
70 73 268
70 53 3813
70 10 2289
70 31 4165
70 7 5053
70 59 2805
70 44 5738
70 2 5734
70 33 2345
70 55 4133
70 21 4281
70 48 2209
70 46 2644
70 52 966
70 50 3707
70 63 6199
70 67 3763
70 54 3579
70 56 1525
70 34 5514
70 4 1509
70 15 1536
70 42 5399
70 51 517
70 19 1155
70 65 4635
70 72 5415
71 51 5704
71 57 1011
71 14 6046
71 74 743
71 63 4307
71 7 1084
71 67 464
71 46 6276
71 35 1908
71 52 2684
71 43 3685
71 45 3822
71 60 477
71 9 5274
71 70 4486
71 58 1318
71 26 5648
71 25 2755
71 12 861
71 33 1037
71 50 2015
71 38 1942
71 4 2326
71 59 778
71 73 2153
71 23 3260
71 3 1392
71 18 2648
71 37 2298
71 36 403
71 2 2457
71 64 2486
71 47 1402
71 40 3708
71 1 4179
71 65 1205
71 68 55
71 17 4572
71 24 839
71 32 2811
71 39 3487
71 62 1203
71 31 3830
71 56 3758
71 11 4472
71 22 117
71 61 2643
71 54 6180
71 41 3034
71 44 1671
71 21 4995
71 6 2883
71 30 5478
71 8 798
71 19 2506
71 13 4847
71 28 5707
72 7 5806
72 53 2502
72 69 2873
72 45 1367
72 32 2978
72 60 4951
72 70 1415
72 8 96
72 57 2579
72 75 4704
72 18 3914
72 50 5681
72 51 3700
72 16 4889
72 3 1813
72 55 2714
72 40 5274
72 20 1843
72 43 1181
72 67 1596
72 10 2739
72 1 3745
72 34 3133
72 5 1770
72 31 4807
72 27 3836
72 30 4042
72 74 2618
72 28 2651
72 68 4611
72 48 686
72 62 3327
72 64 3043
72 25 4571
72 22 6275
72 52 6148
72 29 463
72 12 1060
72 61 3756
72 6 4686
72 21 4547
72 38 2156
72 33 4845
72 47 5184
72 37 4684
72 63 5164
72 44 3443
72 59 1923
72 17 2914
72 49 1017
72 46 375
72 4 205
72 42 2275
72 41 2375
72 2 4180
72 71 2170
72 58 3358
72 73 5503
72 9 4186
72 36 3536
72 65 1325
72 26 288
72 14 2928
73 68 899
73 24 4047
73 34 307
73 13 5505
73 14 317
73 31 328
73 43 4241
73 1 4452
73 42 3267
73 75 1746
73 7 5744
73 61 1309
73 41 2774
73 45 5399
73 11 1135
73 4 1022
73 38 1934
73 10 986
73 57 754
73 51 6293
73 16 2668
73 44 5675
73 39 2777
73 63 1015
73 33 3683
73 29 5595
73 26 5895
73 59 3162
73 50 4240
73 53 1543
73 30 5389
73 66 24
73 46 4254
73 15 70
73 35 4105
73 2 2962
73 58 24
73 18 1835
73 28 2327
73 70 5313
73 74 1128
73 52 4595
73 67 839
73 17 3667
73 72 2452
73 6 6026
73 71 4069
73 62 4194
73 12 2135
73 5 303
73 27 1064
73 9 411
73 54 539
73 48 6237
74 58 5033
74 55 2031
74 31 263
74 65 3646
74 4 3995
74 5 3428
74 42 850
74 17 926
74 25 2865
74 35 2574
74 73 5634
74 30 3526
74 6 1750
74 36 775
74 44 3963
74 22 514
74 62 3385
74 56 117
74 38 512
74 18 995
74 28 4131
74 20 3861
74 54 4752
74 52 5509
74 59 3154
74 50 1914
74 8 806
74 72 810
74 7 1129
74 21 2650
74 43 1433
74 11 993
74 19 440
74 13 776
74 9 40
74 3 5051
74 47 241
74 12 1615
74 69 2814
74 34 5384
74 51 6226
74 10 5600
74 60 5783
74 61 5811
74 41 2830
74 45 3797
74 27 943
74 39 2956
74 24 2429
74 32 2596
74 1 5821
74 64 5232
74 26 2020
74 15 5936
74 40 589
75 50 1911
75 39 5482
75 44 1047
75 42 1158
75 5 1050
75 12 3204
75 47 3743
75 27 3636
75 54 6220
75 6 5915
75 56 1014
75 3 2524
75 67 348
75 55 6017
75 28 941
75 52 5221
75 16 2246
75 58 990
75 10 5858
75 20 2572
75 62 1921
75 63 1613
75 18 1041
75 13 496
75 61 2544
75 9 417
75 74 304
75 19 2044
75 32 5213
75 70 4721
75 72 3557
75 25 6169
75 51 3336
75 26 2049
75 64 3647
75 69 4830
75 37 2874
75 36 6216
75 33 538
75 11 5828
75 31 4989
75 29 632
75 59 3824
75 48 1750
75 7 5737
75 1 399
75 53 103
75 73 5742
75 40 2063
75 66 2156
75 22 2238
75 68 4976
75 46 764
