75 4200
1 39 4288
1 28 979
1 15 5236
1 66 3352
1 75 577
1 14 164
1 12 2026
1 5 1966
1 59 569
1 4 3010
1 24 1168
1 19 3728
1 67 5400
1 48 2668
1 25 5723
1 70 5933
1 2 3301
1 20 4929
1 36 4886
1 47 4704
1 23 4372
1 45 5297
1 50 2410
1 60 958
1 71 1417
1 42 5851
1 10 3678
1 65 5156
1 72 281
1 9 1058
1 3 451
1 33 230
1 32 5365
1 26 3187
1 43 1420
1 54 472
1 69 4870
1 17 4246
1 40 503
1 44 4879
1 37 2731
1 38 1550
1 57 2322
1 68 509
1 73 5147
1 58 83
1 7 2572
1 21 5752
1 56 4675
1 46 5280
1 29 4471
1 6 6035
1 8 1726
1 63 3742
1 51 3785
1 55 3946
1 16 4702
2 20 5300
2 8 5886
2 33 6047
2 26 1600
2 21 1054
2 74 2302
2 17 6149
2 59 2817
2 67 5770
2 22 2496
2 25 3999
2 19 2298
2 42 2703
2 24 1919
2 28 850
2 1 4911
2 41 357
2 60 603
2 73 5555
2 23 1052
2 38 2705
2 36 278
2 3 3187
2 46 2146
2 56 1038
2 13 4713
2 68 4363
2 14 4063
2 52 6151
2 49 5055
2 66 4060
2 61 1646
2 6 3446
2 34 949
2 15 825
2 32 824
2 51 2725
2 54 2464
2 58 1890
2 55 4850
2 9 4092
2 53 3739
2 70 5041
2 57 1210
2 30 4133
2 29 215
2 50 4520
2 40 305
2 75 3050
2 7 4402
2 72 273
2 45 171
2 69 5832
2 47 1293
2 5 5868
3 67 5723
3 58 5255
3 32 4665
3 24 3197
3 12 182
3 73 1408
3 37 3013
3 22 732
3 71 5429
3 40 3371
3 43 978
3 56 5223
3 19 978
3 20 2331
3 60 2987
3 41 1398
3 48 4343
3 2 879
3 35 3123
3 18 4099
3 31 2443
3 50 5212
3 30 4849
3 63 2850
3 49 5706
3 66 2979
3 53 2020
3 8 5441
3 28 4230
3 44 3379
3 57 4788
3 54 2363
3 70 3864
3 74 2091
3 64 5380
3 34 2795
3 72 1005
3 6 4622
3 23 3862
3 11 4141
3 29 5409
3 16 3302
3 36 5978
3 26 3686
3 68 2583
3 33 5377
3 21 1331
3 62 161
3 65 1322
3 13 5251
3 7 5940
3 25 2184
3 69 2324
3 17 2721
3 45 1701
3 14 632
3 15 1391
3 75 2796
3 42 2402
3 9 1187
3 59 219
4 73 3727
4 5 6021
4 69 2634
4 37 2881
4 46 1333
4 19 378
4 72 5028
4 50 2310
4 38 3424
4 2 1280
4 11 2277
4 36 3125
4 35 3252
4 43 365
4 61 4650
4 58 1996
4 62 3789
4 8 1686
4 31 5693
4 26 3408
4 1 2404
4 10 2779
4 13 407
4 48 3745
4 52 4173
4 3 3053
4 9 6153
4 57 1891
4 67 4102
4 12 3534
4 63 2968
4 49 3514
4 34 2476
4 53 2981
4 71 6093
4 51 5340
4 21 4246
4 55 5570
4 22 929
4 74 2090
4 15 5491
4 66 5912
4 17 6112
4 68 553
4 24 5643
4 59 2487
4 7 3087
4 56 2982
4 6 5135
4 40 4427
4 33 3026
4 64 3209
4 32 4509
4 42 4925
4 16 488
4 18 4352
4 75 4559
4 60 5521
4 27 2782
4 41 5661
4 44 2697
4 65 5972
4 30 3885
5 71 5229
5 14 1244
5 37 5407
5 64 3594
5 17 5493
5 40 1532
5 10 1424
5 51 4894
5 34 3153
5 48 1723
5 44 1604
5 73 2390
5 50 3938
5 29 15
5 74 4339
5 18 5065
5 57 540
5 20 683
5 27 382
5 38 3039
5 49 235
5 15 4018
5 62 2370
5 63 2246
5 59 2564
5 23 1288
5 26 4381
5 35 5362
5 55 5000
5 70 2321
5 65 2605
5 28 35
5 13 5514
5 24 2660
5 11 5286
5 3 2129
5 30 5517
5 21 5461
5 36 5198
5 67 4703
5 7 5080
5 39 2827
5 16 1429
5 46 3618
5 4 2684
5 31 1786
5 2 4811
5 12 5052
5 43 2745
5 60 6175
5 8 4160
5 32 4853
5 72 1386
5 9 3181
5 61 4120
5 53 2443
6 63 6082
6 21 502
6 2 1694
6 55 1030
6 27 2302
6 49 5352
6 19 5522
6 46 3014
6 14 4898
6 18 5350
6 23 4490
6 54 1486
6 28 3435
6 44 3227
6 37 1352
6 42 4757
6 66 1420
6 13 1890
6 41 1933
6 11 5322
6 62 2715
6 52 5068
6 1 2779
6 58 3012
6 36 6154
6 73 369
6 43 5126
6 30 2850
6 70 4455
6 9 4512
6 33 3126
6 10 3921
6 25 2028
6 34 1529
6 67 4865
6 57 5632
6 56 2663
6 51 5156
6 69 3467
6 17 5553
6 47 123
6 59 4568
6 32 1809
6 74 264
6 5 4044
6 7 562
6 65 4809
6 50 6141
6 3 692
6 68 1736
6 53 5796
6 40 345
6 29 5780
6 39 4933
6 71 3373
6 12 3417
7 63 1923
7 64 2259
7 27 282
7 14 5573
7 28 3952
7 73 2402
7 66 3638
7 58 3555
7 74 614
7 35 4412
7 16 4962
7 26 6076
7 12 5617
7 62 5332
7 55 3378
7 48 39
7 13 5728
7 50 2427
7 42 2966
7 49 1091
7 10 6025
7 40 5666
7 18 1875
7 17 4113
7 59 6098
7 75 4868
7 8 2788
7 70 1374
7 19 221
7 25 4863
7 2 5396
7 60 4906
7 29 3733
7 22 1773
7 69 207
7 41 1651
7 57 6220
7 47 5388
7 9 3259
7 34 5631
7 1 1271
7 23 1318
7 61 3645
7 31 1876
7 11 6130
7 38 3811
7 71 3130
7 45 4186
7 72 3266
7 21 6223
7 36 1669
7 44 2189
7 3 2145
7 20 2948
7 33 1535
7 52 6283
7 37 4998
7 30 5439
7 24 1201
7 65 5048
7 54 1680
7 5 1659
8 51 2846
8 65 2054
8 2 3217
8 37 5004
8 41 840
8 57 5717
8 9 3419
8 15 903
8 75 3320
8 27 4900
8 45 3482
8 17 3423
8 72 5873
8 26 5479
8 31 2903
8 13 1805
8 44 1814
8 7 3760
8 42 465
8 33 4000
8 28 2188
8 49 5638
8 68 4072
8 18 5785
8 38 884
8 60 4286
8 50 147
8 29 6044
8 71 2142
8 12 6273
8 1 5853
8 16 1621
8 6 6259
8 48 205
8 43 1931
8 14 4684
8 47 1234
8 74 3847
8 21 4752
8 73 4782
8 4 1623
8 22 662
8 19 5147
8 59 149
8 55 2599
8 25 2311
8 67 4482
8 70 1152
8 34 2981
8 3 5476
8 35 2538
8 69 2256
8 54 4593
8 11 3738
8 23 6000
8 40 5220
8 5 4145
9 66 583
9 17 1938
9 33 4102
9 35 4131
9 11 288
9 36 3942
9 75 3187
9 59 1254
9 38 2013
9 71 3296
9 43 3591
9 46 1288
9 65 4509
9 3 3590
9 13 4619
9 7 1782
9 16 195
9 12 399
9 14 4449
9 70 3354
9 58 4315
9 22 3471
9 44 505
9 39 4383
9 72 2571
9 30 4420
9 57 3448
9 61 5695
9 31 3941
9 6 1217
9 52 2373
9 48 4434
9 34 5525
9 54 1935
9 62 1009
9 50 2919
9 10 4715
9 73 3162
9 28 4793
9 60 6170
9 55 6102
9 45 6079
9 2 1957
9 1 1803
9 4 4700
9 23 1451
9 21 1809
9 5 391
9 32 339
9 63 1262
9 68 5947
10 25 809
10 63 4321
10 56 1759
10 42 3590
10 73 5788
10 26 76
10 6 2486
10 34 3414
10 23 2374
10 32 3952
10 15 888
10 5 2302
10 38 335
10 53 2032
10 75 5252
10 24 244
10 8 2133
10 65 1549
10 27 931
10 74 2712
10 60 5625
10 20 5493
10 57 4923
10 48 1752
10 4 1003
10 1 5867
10 64 5843
10 51 5579
10 52 855
10 43 1944
10 11 1207
10 17 4090
10 54 3315
10 72 5893
10 66 2669
10 58 1157
10 55 1124
10 35 6181
10 67 3332
10 37 6186
10 13 392
10 21 4832
10 19 4295
10 70 1670
10 61 3240
10 69 2485
10 31 922
10 29 2704
10 28 4095
10 41 2493
10 71 5696
10 9 741
10 59 3902
10 46 3756
10 33 4366
10 50 291
10 30 3632
10 16 1551
10 18 5342
10 45 2443
11 39 5209
11 34 4647
11 65 3776
11 21 3259
11 24 1515
11 6 5999
11 54 3668
11 45 6250
11 13 4661
11 51 511
11 35 2563
11 68 5679
11 26 5751
11 64 5628
11 8 4495
11 72 1631
11 74 3896
11 67 4055
11 33 3224
11 30 1016
11 1 2535
11 63 3954
11 57 308
11 66 179
11 3 1254
11 61 3083
11 27 2555
11 37 4232
11 55 2978
11 44 4849
11 9 1939
11 4 836
11 40 178
11 19 453
11 32 2207
11 47 2365
11 10 3338
11 75 4355
11 73 5311
11 31 2224
11 29 3948
11 5 3671
11 60 541
11 46 493
11 70 3368
11 49 1995
11 53 3983
11 56 2873
11 52 6094
11 50 2916
11 18 5324
11 38 24
11 7 3141
11 43 5941
11 25 5700
11 58 416
11 59 3609
11 16 6020
12 69 1832
12 20 5469
12 9 1235
12 15 5376
12 47 2655
12 44 3340
12 18 3111
12 62 5279
12 41 5421
12 27 4596
12 61 2605
12 31 5130
12 4 2570
12 67 3543
12 32 693
12 75 2129
12 24 2671
12 60 631
12 38 3256
12 54 5244
12 35 1088
12 71 273
12 3 1786
12 26 1707
12 70 6249
12 33 77
12 10 2384
12 58 905
12 55 128
12 6 5925
12 30 1642
12 40 1578
12 49 5918
12 53 5993
12 39 4864
12 14 2945
12 2 4337
12 56 1942
12 50 5381
12 34 1838
12 48 2941
12 68 568
12 45 3941
12 8 4537
12 28 3059
12 66 3089
12 52 5409
12 19 5346
12 25 233
12 5 4281
12 74 2416
12 42 628
12 37 4922
12 36 1207
12 1 3946
13 8 321
13 62 3355
13 5 4118
13 10 1289
13 19 562
13 54 4763
13 20 4152
13 15 5857
13 22 1453
13 40 56
13 36 1389
13 27 1445
13 57 1211
13 2 4490
13 23 5331
13 52 3522
13 16 2064
13 34 3138
13 35 2797
13 49 4011
13 69 508
13 1 4871
13 68 3518
13 41 4500
13 42 3061
13 51 5224
13 48 3659
13 32 5564
13 61 4465
13 39 1673
13 33 1319
13 38 6299
13 7 4271
13 31 5147
13 21 4961
13 60 1246
13 26 4638
13 43 5754
13 14 2442
13 73 564
13 59 1702
13 37 288
13 56 2531
13 44 3098
13 9 2846
13 63 5170
13 72 3535
13 47 2894
13 4 4695
13 55 276
13 3 1778
13 75 309
13 65 3126
13 11 3149
13 50 4567
13 46 6177
13 71 2601
13 24 3868
13 29 512
13 53 4952
13 6 4990
13 74 3046
14 70 537
14 72 3190
14 21 2050
14 10 4690
14 3 3784
14 32 2805
14 18 4935
14 42 2807
14 52 85
14 20 4510
14 40 205
14 22 2816
14 46 5961
14 38 3665
14 17 3845
14 73 3797
14 6 3015
14 59 2634
14 36 2807
14 75 687
14 68 459
14 15 2600
14 29 3144
14 8 5439
14 44 217
14 71 782
14 19 1199
14 7 3431
14 34 987
14 25 2014
14 54 1742
14 56 3380
14 11 5946
14 37 5199
14 35 3756
14 41 1333
14 2 4559
14 43 3888
14 61 5492
14 13 4883
14 28 2350
14 9 1655
14 27 5112
14 33 3607
14 55 1807
14 47 4376
14 58 3370
14 63 73
14 69 1020
14 5 1227
14 26 3416
14 31 133
14 1 178
14 49 3251
14 65 548
14 39 1436
14 67 2050
14 4 1657
14 62 5045
14 51 1689
14 64 4615
15 27 4462
15 39 1196
15 62 4982
15 59 1285
15 45 1157
15 43 4195
15 8 2411
15 33 1033
15 10 1546
15 4 2947
15 35 1778
15 12 1176
15 1 1328
15 38 2660
15 56 2044
15 74 5864
15 66 5051
15 26 896
15 23 6176
15 25 18
15 55 3593
15 58 4890
15 72 322
15 2 3678
15 57 890
15 19 4968
15 9 895
15 50 2476
15 48 4278
15 6 3753
15 18 667
15 13 88
15 68 5932
15 40 4537
15 46 2009
15 17 5752
15 63 2100
15 49 648
15 54 3902
15 16 587
15 65 4722
15 36 3054
15 53 5747
15 20 3118
15 69 2449
15 11 5457
15 31 4280
15 75 2970
15 32 4896
15 3 3647
15 21 4080
15 67 2302
15 24 269
15 7 1040
15 73 2451
15 60 105
15 28 2483
15 14 4739
16 47 1545
16 72 2760
16 71 4466
16 17 1574
16 43 1917
16 9 1422
16 53 5850
16 39 3741
16 37 928
16 48 4781
16 10 3479
16 20 832
16 65 614
16 31 5155
16 11 5709
16 8 4491
16 35 1815
16 7 2675
16 15 1164
16 70 5472
16 23 5464
16 66 3840
16 59 5158
16 25 4986
16 13 851
16 36 4549
16 19 2175
16 40 723
16 56 944
16 2 2291
16 27 5450
16 63 2590
16 51 3460
16 33 3316
16 21 5682
16 44 4849
16 64 1041
16 4 1214
16 55 2080
16 74 1050
16 22 4779
16 30 4403
16 41 107
16 49 5450
16 28 4021
16 67 4544
16 5 694
16 14 5420
16 75 3132
16 73 5998
16 24 5364
16 57 1589
16 3 1916
16 54 5590
16 29 5178
16 46 2795
17 24 2815
17 31 5253
17 29 1298
17 15 1970
17 48 4664
17 54 1414
17 62 1463
17 69 485
17 30 5959
17 19 5399
17 43 1600
17 60 5396
17 23 2031
17 71 4513
17 51 5672
17 20 4934
17 53 1009
17 16 6129
17 1 3414
17 8 4911
17 56 3708
17 4 268
17 41 5696
17 11 230
17 3 5237
17 32 2739
17 6 3730
17 10 4908
17 63 2379
17 45 1164
17 35 1267
17 9 5520
17 68 2616
17 36 388
17 59 1086
17 50 1372
17 49 4705
17 5 5095
17 58 73
17 21 2888
17 22 4134
17 47 4173
17 74 4276
17 65 1495
17 40 3462
17 42 3183
17 27 1628
17 70 3500
17 12 3459
17 7 4604
17 72 2025
17 34 1128
17 57 709
18 55 4087
18 3 6288
18 32 4305
18 46 1572
18 15 5237
18 60 4120
18 42 5239
18 51 6109
18 56 4481
18 1 779
18 33 353
18 8 6208
18 61 2418
18 35 2030
18 2 516
18 37 3154
18 41 3613
18 10 1353
18 11 1968
18 53 1961
18 14 5258
18 27 4470
18 21 4106
18 13 3200
18 65 6019
18 44 6294
18 5 4025
18 22 1734
18 43 3438
18 26 6242
18 20 1761
18 38 853
18 70 1724
18 23 2540
18 52 5288
18 68 2946
18 71 3613
18 28 3475
18 4 970
18 63 463
18 6 678
18 39 839
18 54 1673
18 49 1684
18 25 5012
18 66 1032
18 50 6081
18 17 4262
18 34 5316
18 75 987
18 16 2139
18 19 3452
18 12 2797
18 64 4755
18 58 3502
18 47 3021
18 72 240
18 74 5678
18 69 37
19 25 3345
19 38 2180
19 8 1156
19 59 331
19 11 4648
19 31 5519
19 4 5067
19 7 179
19 44 2951
19 70 4569
19 1 630
19 16 841
19 35 2587
19 10 2819
19 71 4914
19 12 641
19 56 3424
19 9 3039
19 21 623
19 47 4428
19 60 4125
19 52 3625
19 24 5646
19 45 1575
19 40 5773
19 33 5525
19 69 3250
19 67 3280
19 28 5955
19 26 2948
19 58 2676
19 15 6072
19 65 2052
19 30 3889
19 29 3306
19 54 3951
19 61 6112
19 43 5532
19 74 3081
19 42 1998
19 55 1985
19 5 4120
19 18 5151
19 73 1843
19 63 2790
19 14 2268
19 46 1488
19 20 5731
19 51 80
19 53 1885
19 72 4734
19 62 4055
19 6 6194
19 2 1734
19 48 4670
19 50 1894
19 64 2057
20 32 3343
20 73 3391
20 23 1519
20 44 4509
20 31 5411
20 51 4498
20 15 5763
20 65 4156
20 41 1422
20 34 5780
20 28 3807
20 3 2016
20 66 484
20 5 1031
20 39 1593
20 45 5626
20 21 728
20 48 5064
20 2 455
20 22 2148
20 19 4075
20 71 1980
20 38 2059
20 60 3206
20 72 1951
20 33 1258
20 8 915
20 75 3203
20 35 1975
20 27 3756
20 4 1666
20 9 4524
20 7 3249
20 1 3511
20 64 2302
20 69 5866
20 40 3172
20 16 5217
20 61 4650
20 49 1484
20 11 2039
20 12 5431
20 6 489
20 24 5573
20 25 4513
20 30 2024
20 17 1846
20 10 2696
20 36 2433
20 59 505
21 31 5006
21 74 599
21 10 2680
21 70 5937
21 34 853
21 52 4250
21 49 1631
21 2 5499
21 66 5339
21 1 5101
21 30 2352
21 41 3698
21 37 3405
21 35 3364
21 61 6160
21 57 3476
21 65 2537
21 45 5046
21 11 4999
21 33 5868
21 43 4956
21 54 1464
21 68 1465
21 19 10
21 48 5058
21 25 3046
21 16 34
21 17 1462
21 53 1692
21 47 926
21 39 5792
21 9 1110
21 18 4740
21 55 3274
21 67 6261
21 51 3884
21 6 4146
21 42 1527
21 15 2177
21 3 4524
21 60 6154
21 28 4142
21 14 4959
21 7 1868
21 72 1704
21 73 3971
21 29 2922
21 24 4351
21 75 4817
21 62 5975
21 36 4226
21 58 1438
21 38 2628
21 63 3549
21 32 2289
22 39 4486
22 64 5351
22 61 1754
22 37 4616
22 26 1746
22 19 713
22 52 3332
22 3 205
22 72 837
22 10 5116
22 6 3361
22 18 1126
22 31 4024
22 30 4860
22 74 2822
22 2 383
22 36 933
22 9 2449
22 5 937
22 45 2682
22 58 5854
22 17 2027
22 34 554
22 56 3027
22 75 2122
22 63 1586
22 54 2333
22 16 3659
22 42 5682
22 47 5004
22 51 6153
22 48 2747
22 43 2040
22 44 4367
22 53 5745
22 27 4406
22 68 3130
22 60 4664
22 8 5030
22 59 6144
22 73 5315
22 50 29
22 46 1413
22 70 755
22 32 5154
22 25 6297
22 14 687
22 20 1328
22 12 3354
22 35 710
22 29 5437
22 69 5372
22 55 5116
22 1 3013
22 4 2396
22 33 1173
22 57 2094
22 62 4481
22 65 2118
22 11 5197
23 72 5777
23 18 4674
23 41 1212
23 7 3774
23 54 1340
23 74 578
23 1 2515
23 31 3277
23 26 1731
23 52 4961
23 69 2112
23 17 1595
23 43 3953
23 32 3765
23 47 404
23 14 4677
23 20 5727
23 21 1319
23 39 4996
23 62 6169
23 56 5834
23 40 3407
23 16 2000
23 58 4967
23 67 1869
23 60 3787
23 65 1380
23 63 1051
23 10 1999
23 24 739
23 33 1543
23 50 1919
23 28 3925
23 66 2857
23 68 5835
23 59 5821
23 46 425
23 51 4913
23 22 925
23 44 5757
23 9 1398
23 71 3117
23 49 181
23 12 1440
23 73 652
23 25 5188
23 27 766
23 15 3184
23 19 5809
23 48 4914
23 37 4994
23 35 5707
23 30 5025
23 3 5169
23 8 5391
24 20 3965
24 68 6168
24 2 5867
24 74 1888
24 17 2782
24 35 2803
24 26 3705
24 66 3358
24 1 1426
24 34 5139
24 54 5075
24 45 5978
24 38 4800
24 59 1474
24 16 2188
24 44 5254
24 40 1214
24 73 654
24 61 3998
24 39 5483
24 55 990
24 43 2753
24 36 6253
24 6 3423
24 57 5248
24 9 5930
24 4 4834
24 71 3932
24 27 1776
24 37 29
24 13 3362
24 65 5953
24 41 457
24 25 3194
24 48 4335
24 72 4107
24 14 4694
24 64 1658
24 51 1130
24 70 5067
24 23 4410
24 11 1047
24 15 1451
24 52 2843
24 75 3936
24 31 3608
24 53 1483
24 63 886
24 69 4516
24 28 1357
24 7 2693
24 42 2561
24 47 1346
24 50 6284
24 33 250
24 49 2939
24 46 2109
25 68 1130
25 36 4102
25 9 5238
25 38 4199
25 13 6196
25 44 282
25 17 3836
25 21 1789
25 42 694
25 61 5944
25 15 1993
25 58 4853
25 6 4809
25 1 2630
25 24 6164
25 11 2480
25 33 4267
25 70 2644
25 64 1375
25 65 3767
25 73 4253
25 32 816
25 56 4667
25 63 1788
25 3 748
25 31 4551
25 52 1475
25 57 1384
25 53 4089
25 66 4291
25 55 1402
25 35 1146
25 37 1316
25 27 2466
25 41 420
25 14 2257
25 18 1088
25 47 4508
25 39 1496
25 7 5881
25 28 1399
25 51 3024
25 72 6086
25 59 3911
25 4 86
25 5 2608
25 19 3028
25 10 4296
25 71 2407
25 50 3408
25 69 2544
25 23 1614
25 2 2762
25 34 5905
25 26 4014
25 62 2511
26 55 2206
26 31 6029
26 42 382
26 75 2195
26 61 4653
26 2 5962
26 38 3643
26 62 1713
26 57 4353
26 69 2652
26 17 4247
26 59 5217
26 53 5289
26 45 5621
26 11 6116
26 25 1487
26 35 4514
26 30 1124
26 41 1265
26 60 1662
26 64 1319
26 63 4164
26 72 2263
26 56 704
26 67 4300
26 29 872
26 32 5143
26 50 5364
26 19 2282
26 3 3086
26 12 3377
26 52 5671
26 18 2304
26 65 1037
26 23 3574
26 51 4346
26 66 3319
26 6 4967
26 73 2114
26 71 134
26 48 2321
26 33 1078
26 43 3709
26 36 2410
26 58 3516
26 16 4269
26 24 992
26 10 640
26 68 4223
26 9 2568
26 39 4069
27 6 4153
27 37 61
27 33 3800
27 26 2170
27 69 5053
27 44 423
27 15 4426
27 28 4682
27 20 165
27 73 1706
27 75 5109
27 34 4825
27 56 3976
27 58 904
27 70 1670
27 52 5504
27 5 4742
27 7 4015
27 32 5585
27 54 3211
27 62 3598
27 61 1595
27 8 5258
27 66 3606
27 16 2736
27 18 5621
27 67 357
27 39 5150
27 21 1005
27 29 2775
27 53 3664
27 12 2955
27 30 3813
27 1 5706
27 42 1791
27 48 4805
27 49 1002
27 23 1455
27 55 2145
27 74 5349
27 57 2628
27 64 3007
27 11 5505
27 10 5723
27 72 3823
27 22 1622
27 40 2626
27 63 6241
27 35 2353
27 36 4171
27 2 2075
27 60 1215
27 50 1115
27 51 5734
28 71 4692
28 5 1109
28 2 2952
28 19 2432
28 26 2641
28 20 1708
28 13 4266
28 37 4078
28 73 1391
28 34 4806
28 27 1386
28 35 6219
28 22 1008
28 29 6030
28 36 5299
28 38 359
28 75 3014
28 60 2296
28 10 490
28 68 5874
28 21 64
28 52 109
28 67 4052
28 47 708
28 41 1816
28 17 2610
28 1 2922
28 43 11
28 58 4672
28 64 427
28 16 6285
28 62 3303
28 39 1399
28 48 1425
28 51 360
28 61 5450
28 18 1462
28 3 4632
28 9 2120
28 65 2168
28 12 5200
28 32 5021
28 33 4187
28 14 1103
28 42 3173
28 4 1722
28 53 2007
28 25 2800
28 54 335
28 8 4108
28 56 1265
28 50 165
28 45 3139
28 23 5675
28 74 2124
28 7 5337
29 55 3024
29 11 4632
29 18 1108
29 4 5732
29 56 2453
29 64 1028
29 52 5723
29 22 6106
29 9 5026
29 40 4199
29 50 4684
29 66 1069
29 10 3155
29 72 2842
29 57 5094
29 53 2059
29 38 377
29 39 726
29 70 334
29 75 5448
29 5 2520
29 35 5447
29 2 3931
29 1 3870
29 51 1388
29 65 565
29 28 5998
29 60 5123
29 58 2559
29 74 1985
29 49 2453
29 46 2805
29 69 3487
29 23 1940
29 19 1707
29 33 4709
29 34 4101
29 16 3646
29 14 5810
29 59 3723
29 43 4297
29 54 3805
29 42 2292
29 12 5306
29 36 506
29 32 3655
29 15 49
29 48 4586
29 6 3597
29 62 2324
29 26 1195
29 47 4414
29 41 886
29 20 3416
29 30 4844
30 26 4451
30 60 699
30 51 4461
30 73 5884
30 35 371
30 36 2703
30 64 3405
30 14 4709
30 58 390
30 72 1193
30 62 983
30 29 3480
30 15 5181
30 37 4709
30 71 3059
30 27 1617
30 47 5572
30 65 2804
30 16 1534
30 31 2719
30 8 230
30 46 2413
30 17 4477
30 52 3440
30 19 2239
30 22 2261
30 56 3664
30 18 3552
30 63 4620
30 3 4755
30 9 4253
30 59 353
30 54 210
30 74 3622
30 68 5757
30 55 2398
30 1 436
30 20 1549
30 42 4279
30 13 1354
30 2 574
30 43 5055
30 39 5326
30 50 4482
30 6 4885
30 11 4989
30 40 3949
30 34 1113
30 41 5576
30 24 5834
30 48 4763
30 21 3782
31 19 201
31 69 4750
31 4 6273
31 10 5810
31 58 6194
31 48 5111
31 57 3511
31 68 4682
31 62 4994
31 72 3438
31 65 4660
31 49 3353
31 39 1726
31 75 4591
31 26 4172
31 11 596
31 63 669
31 15 285
31 13 2876
31 61 479
31 42 4428
31 73 3362
31 50 625
31 22 694
31 51 415
31 6 3293
31 21 1272
31 5 3208
31 40 5100
31 18 2645
31 60 701
31 25 6080
31 7 3524
31 53 6136
31 37 4465
31 70 2576
31 2 5969
31 8 1741
31 66 4702
31 67 3817
31 34 2841
31 28 2702
31 12 5578
31 14 3523
31 41 2232
31 47 1761
31 54 3089
31 44 2142
31 9 4912
31 36 1314
31 1 3085
31 46 3963
31 38 3459
31 29 5271
31 30 4847
31 59 2317
31 64 5747
31 32 3025
31 45 5389
31 16 3635
32 69 4462
32 11 3677
32 44 511
32 5 4177
32 14 2619
32 28 3407
32 56 2994
32 8 3042
32 52 4224
32 63 1825
32 60 5577
32 46 5760
32 9 4887
32 13 302
32 33 5384
32 41 263
32 27 3505
32 58 3658
32 39 4234
32 20 4072
32 25 3471
32 73 5182
32 70 4077
32 31 1566
32 45 2885
32 57 2908
32 42 5587
32 71 52
32 54 1476
32 1 3597
32 62 375
32 30 52
32 38 254
32 34 2972
32 36 1449
32 10 4046
32 7 1190
32 66 5506
32 12 1164
32 23 5372
32 61 4086
32 17 3535
32 3 5106
32 72 5891
32 4 3997
32 18 6020
32 75 353
32 64 5614
32 47 1556
32 59 3541
32 24 3705
32 49 3794
33 55 26
33 62 2111
33 49 4624
33 37 2956
33 61 2471
33 35 5614
33 74 4183
33 68 2439
33 7 5737
33 70 611
33 4 2767
33 15 3086
33 39 5515
33 34 680
33 17 356
33 12 4675
33 46 4161
33 27 3583
33 73 4265
33 69 680
33 19 2143
33 23 6049
33 63 5180
33 43 1820
33 48 766
33 2 2968
33 32 1516
33 9 2957
33 25 5169
33 11 51
33 71 832
33 51 5813
33 16 4709
33 67 4744
33 14 1335
33 36 4426
33 29 561
33 20 3014
33 44 5326
33 24 5968
33 30 3282
33 6 2508
33 21 355
33 10 5978
33 72 2078
33 65 4941
33 8 5216
33 1 5510
33 38 1121
33 45 2927
33 40 4761
33 28 2135
33 57 2783
33 41 4499
33 18 2104
33 47 4605
33 50 4675
33 13 5501
33 3 2147
33 31 4167
33 64 3390
33 66 4164
34 18 5159
34 38 14
34 53 6033
34 36 1449
34 22 776
34 67 2318
34 29 5869
34 73 5878
34 15 6007
34 11 1284
34 8 3659
34 56 1818
34 70 961
34 3 5042
34 2 3027
34 57 4285
34 17 5839
34 65 1844
34 64 4280
34 46 553
34 58 5176
34 5 869
34 4 1383
34 20 4450
34 75 448
34 39 1536
34 54 2269
34 33 4797
34 50 5269
34 52 1997
34 66 806
34 55 3777
34 71 1048
34 9 539
34 19 2940
34 7 2129
34 13 5716
34 32 2277
34 74 948
34 47 3557
34 62 5661
34 30 403
34 69 1524
34 37 1784
34 45 1117
34 59 6002
34 27 1225
34 35 4786
35 56 5907
35 15 5037
35 4 3218
35 75 1883
35 6 1629
35 22 1053
35 47 2631
35 10 4130
35 34 4547
35 61 5421
35 21 5217
35 67 2784
35 8 910
35 20 1895
35 17 6134
35 53 3874
35 49 5455
35 66 4489
35 73 2321
35 5 1245
35 71 6108
35 25 2878
35 16 2297
35 36 3207
35 37 2431
35 74 2774
35 50 5920
35 30 2613
35 57 1511
35 27 365
35 72 91
35 19 326
35 9 2444
35 33 3233
35 1 1081
35 44 4996
35 18 1616
35 40 289
35 52 4056
35 68 5251
35 43 5730
35 59 5555
35 28 5017
35 32 989
35 45 1763
35 54 5327
35 55 3045
35 69 6112
35 70 2853
35 3 4993
35 11 4483
35 65 4797
35 13 1117
35 60 2029
35 14 2399
35 38 4150
35 23 3052
35 29 1845
35 51 1649
35 2 2622
36 51 79
36 69 906
36 42 3791
36 16 2547
36 58 4890
36 13 100
36 19 3211
36 10 769
36 72 804
36 24 4465
36 2 5601
36 34 808
36 15 4914
36 17 5275
36 49 5765
36 25 295
36 73 3306
36 71 4327
36 37 6292
36 20 5215
36 21 2268
36 41 2330
36 52 2824
36 59 5367
36 65 4761
36 57 6075
36 67 4728
36 12 2387
36 27 4237
36 14 2167
36 50 3648
36 7 1780
36 48 1839
36 22 4064
36 47 3327
36 6 3967
36 70 2305
36 43 2077
36 38 404
36 28 1705
36 31 5994
36 23 5830
36 26 2243
36 32 521
36 33 1157
36 40 3747
36 3 4222
36 54 1438
36 45 2081
36 60 2891
36 75 3122
36 35 5081
36 1 5123
36 8 2416
36 11 5336
36 46 2927
36 39 5968
37 24 4165
37 49 2765
37 31 3009
37 2 1229
37 61 1526
37 73 5676
37 12 6009
37 27 2368
37 67 3411
37 44 2011
37 25 5735
37 22 980
37 55 6131
37 7 3529
37 23 4676
37 46 5757
37 42 219
37 66 476
37 54 5655
37 20 3220
37 6 2920
37 39 5357
37 16 5692
37 40 5623
37 36 527
37 18 3419
37 9 1116
37 21 4986
37 15 5448
37 59 4720
37 51 1465
37 68 4648
37 50 373
37 58 1953
37 41 4436
37 33 3623
37 26 5777
37 56 3525
37 65 3954
37 38 5389
37 57 743
37 19 1959
37 69 194
37 34 808
37 32 3648
37 70 4737
38 37 92
38 57 48
38 28 1524
38 46 2984
38 68 5337
38 4 4078
38 24 1932
38 53 1598
38 6 6135
38 48 626
38 75 3971
38 56 5307
38 39 2952
38 35 4181
38 51 78
38 5 5512
38 44 3259
38 58 3075
38 19 3627
38 55 272
38 67 1367
38 36 1850
38 2 3250
38 20 4584
38 17 3366
38 62 4086
38 1 3241
38 26 702
38 49 1573
38 9 1289
38 66 1568
38 54 1111
38 71 1911
38 64 1702
38 21 953
38 16 5195
38 11 189
38 13 2626
38 52 3517
38 69 3045
38 8 1026
38 15 3683
38 72 845
38 10 3751
38 22 3432
38 3 5804
38 32 1920
38 61 846
38 18 5677
38 59 3629
38 14 378
38 23 3159
38 25 2326
38 30 4506
38 60 6219
38 50 3626
39 28 5642
39 8 4848
39 40 5866
39 9 3605
39 56 270
39 54 4045
39 33 1020
39 62 2941
39 61 4304
39 66 4200
39 5 1165
39 67 3876
39 30 2081
39 15 2016
39 58 5512
39 34 2757
39 38 3214
39 4 3070
39 29 808
39 13 3262
39 51 1097
39 17 1482
39 45 4021
39 7 2004
39 65 2240
39 70 2737
39 6 5374
39 50 744
39 72 1704
39 74 1256
39 26 4677
39 23 1575
39 47 3781
39 22 3877
39 44 401
39 35 1326
39 32 2674
39 41 967
39 42 1280
39 69 2968
39 52 3952
39 14 1349
39 55 872
39 31 4822
39 11 870
39 36 380
39 64 5462
39 18 264
39 60 2120
39 10 1332
39 73 3882
39 48 3718
39 21 821
39 2 1407
40 58 3470
40 15 164
40 36 1930
40 69 2147
40 6 3201
40 41 5687
40 46 4610
40 8 1716
40 13 1099
40 55 2899
40 4 2608
40 28 1945
40 22 3308
40 37 2863
40 42 3628
40 66 4843
40 45 1469
40 7 5081
40 63 933
40 44 1066
40 14 5832
40 32 1246
40 5 6237
40 67 5788
40 54 2459
40 39 3552
40 60 869
40 51 5798
40 10 3641
40 2 756
40 59 5473
40 43 1975
40 74 5571
40 11 1803
40 17 6149
40 21 121
40 25 5541
40 47 1060
40 9 1944
40 3 127
40 68 1662
40 49 1777
40 20 623
40 18 1807
40 1 295
40 52 1760
40 33 3587
40 57 1115
40 23 1291
40 61 4723
40 71 2776
40 31 1709
40 34 1132
40 53 2009
40 27 5491
41 15 5875
41 5 4216
41 56 853
41 17 2708
41 1 5768
41 34 4366
41 72 316
41 7 981
41 12 5186
41 43 4934
41 54 4969
41 33 2340
41 51 5872
41 26 2052
41 66 1459
41 57 5338
41 71 5686
41 36 1430
41 31 4448
41 62 2052
41 4 6150
41 40 6240
41 25 710
41 13 3027
41 27 1584
41 38 6180
41 10 872
41 53 1265
41 49 2804
41 59 4584
41 42 4138
41 30 5250
41 45 578
41 21 1013
41 8 6209
41 60 4393
41 22 706
41 24 5183
41 32 2379
41 6 4044
41 39 3122
41 19 3444
41 70 1574
41 52 1073
41 63 5359
41 58 3836
41 28 5913
41 23 1158
41 3 192
41 73 942
41 55 4434
41 65 4544
41 48 3285
41 16 1937
41 37 625
41 47 3792
41 2 79
42 52 4333
42 46 377
42 41 3579
42 7 5197
42 12 4334
42 10 5246
42 73 3575
42 74 5182
42 21 1316
42 36 5425
42 47 1335
42 56 4541
42 23 47
42 4 4041
42 64 4274
42 20 2911
42 28 564
42 40 6228
42 26 5746
42 70 3113
42 35 4146
42 72 1663
42 68 408
42 57 1646
42 2 2837
42 39 371
42 32 2218
42 55 4976
42 50 2929
42 22 3796
42 45 4187
42 11 3416
42 66 3836
42 61 1761
42 48 5056
42 6 1014
42 33 4881
42 5 2596
42 13 6259
42 37 1959
42 69 3729
42 3 505
42 63 2721
42 65 3694
42 34 1231
42 31 4245
42 38 2470
42 43 4684
42 27 4820
42 62 4759
42 17 4127
42 58 3711
42 15 1246
42 49 3347
42 9 3029
42 44 6163
43 65 1740
43 42 1261
43 2 966
43 50 3818
43 41 4110
43 3 2404
43 30 5404
43 67 6108
43 46 5471
43 64 4830
43 36 3746
43 23 236
43 54 1090
43 6 3988
43 32 6148
43 13 1216
43 25 4675
43 56 694
43 28 2957
43 4 4367
43 73 196
43 7 658
43 20 665
43 51 3237
43 57 5187
43 9 2599
43 66 1320
43 8 2654
43 10 458
43 63 1840
43 37 660
43 69 320
43 58 3323
43 18 160
43 11 2911
43 44 5275
43 40 4375
43 38 1098
43 47 3754
43 24 1794
43 48 1305
43 52 2733
43 15 6266
43 17 6254
43 34 3981
43 71 2349
43 1 5072
43 45 2422
43 72 2664
43 19 3821
43 53 5969
43 35 3542
43 12 1934
43 5 3071
43 74 1184
43 22 3722
43 27 3692
44 33 4652
44 32 5573
44 14 2333
44 67 3270
44 2 1490
44 38 233
44 23 5481
44 68 201
44 75 3544
44 10 5520
44 4 4550
44 51 2852
44 35 4267
44 42 3098
44 55 1514
44 7 3023
44 8 1256
44 58 4697
44 29 1641
44 28 2455
44 15 5948
44 56 5277
44 47 347
44 70 2211
44 21 1985
44 1 5650
44 12 2629
44 6 5639
44 71 4226
44 49 3608
44 53 1202
44 40 1080
44 60 3345
44 48 4656
44 31 3308
44 20 2696
44 3 2269
44 65 3885
44 61 6115
44 73 1703
44 24 1430
44 69 1329
44 34 4782
44 64 2878
44 63 1620
44 26 4933
44 50 5835
44 25 4054
44 9 2188
44 22 405
44 18 2786
44 13 3520
44 27 5465
44 30 1166
44 74 4091
44 62 51
45 8 5509
45 59 837
45 51 2499
45 2 153
45 9 258
45 40 838
45 38 2085
45 25 1438
45 14 6004
45 54 4253
45 42 3680
45 22 4250
45 65 2095
45 11 3474
45 29 1491
45 69 5591
45 73 1762
45 32 3172
45 60 374
45 47 4540
45 18 4336
45 12 3183
45 70 2872
45 72 5598
45 21 3885
45 13 680
45 36 2966
45 62 6088
45 57 140
45 5 1166
45 34 2253
45 17 5910
45 66 6182
45 44 4616
45 61 2667
45 6 3111
45 4 4202
45 35 239
45 7 5056
45 55 1733
45 16 5604
45 58 640
45 10 565
45 15 2092
45 75 3111
45 23 6126
45 64 2332
45 52 2653
45 27 4056
45 67 690
46 2 2781
46 11 6039
46 21 3042
46 55 3764
46 33 628
46 73 5426
46 16 174
46 75 5628
46 38 4995
46 34 2429
46 24 1430
46 36 4019
46 72 693
46 31 3143
46 20 558
46 7 5477
46 12 2213
46 74 1301
46 43 1901
46 15 2943
46 67 5497
46 59 4181
46 37 3332
46 42 4044
46 22 124
46 17 5345
46 53 4516
46 64 4903
46 30 1101
46 39 847
46 60 4078
46 61 4904
46 47 1142
46 63 5217
46 28 3326
46 18 6296
46 5 886
46 19 3577
46 57 1604
46 50 6081
46 69 3366
46 40 3375
46 62 4738
46 54 4989
46 58 184
46 71 784
46 6 310
46 26 1002
46 49 3373
46 10 914
46 14 1905
46 44 5835
46 8 3135
47 25 4676
47 68 1724
47 38 5478
47 45 5518
47 35 3486
47 3 1098
47 69 2215
47 29 2109
47 71 2594
47 60 4950
47 20 4297
47 59 5569
47 64 989
47 1 2107
47 44 4113
47 31 6138
47 30 4673
47 41 1764
47 36 3703
47 67 6120
47 73 3473
47 14 4465
47 17 2210
47 15 4543
47 61 4319
47 12 5497
47 28 4300
47 19 2813
47 46 5395
47 11 4168
47 53 2659
47 52 6076
47 34 3826
47 51 4593
47 40 3709
47 56 3466
47 54 5688
47 70 5328
47 49 288
47 6 1119
47 33 4924
47 42 1047
47 2 4564
47 10 5386
47 66 2050
47 72 617
47 27 5103
47 50 222
47 13 1758
47 48 2360
47 23 1445
47 26 3401
47 37 301
47 9 5364
47 16 2426
48 45 3810
48 35 4539
48 32 2106
48 74 6138
48 25 2552
48 5 1164
48 58 3143
48 59 4698
48 63 3730
48 27 2407
48 71 2165
48 67 157
48 55 2053
48 60 4959
48 6 1915
48 29 5768
48 40 6007
48 33 3255
48 73 402
48 19 1683
48 52 1325
48 56 5250
48 10 4621
48 70 4223
48 34 6203
48 54 4287
48 61 5154
48 26 3416
48 23 3044
48 39 1230
48 62 1374
48 50 2408
48 18 2103
48 43 5178
48 20 1837
48 13 1193
48 7 3527
48 31 223
48 28 2769
48 42 5452
48 1 73
48 66 4841
48 22 1509
48 46 138
48 44 3761
48 16 2179
48 51 1328
48 49 3376
48 38 5131
48 17 4492
48 8 3737
48 11 5730
48 47 2763
48 68 525
48 24 1079
48 64 215
48 9 4327
49 44 923
49 34 2802
49 7 3391
49 15 2723
49 8 794
49 69 3849
49 46 5223
49 74 4816
49 13 3968
49 62 5608
49 53 1753
49 65 3142
49 19 3779
49 28 1444
49 42 5384
49 73 4924
49 72 4982
49 52 1560
49 56 5102
49 54 1244
49 47 4973
49 38 3204
49 5 1805
49 22 719
49 2 5278
49 27 3529
49 45 5085
49 39 4349
49 35 2428
49 75 1633
49 50 2641
49 14 3300
49 30 1797
49 18 3732
49 58 774
49 48 3664
49 67 1031
49 1 938
49 29 2038
49 11 5455
49 57 4970
49 68 5291
49 43 4443
49 20 613
49 71 5098
49 10 6297
49 51 2879
49 6 2969
49 63 4236
49 3 681
49 70 5817
49 12 3539
49 21 2277
49 55 1425
49 66 2108
49 23 5730
49 31 565
49 40 4210
49 24 267
49 17 3252
49 37 4234
49 36 4038
50 51 3623
50 14 4753
50 30 118
50 36 3387
50 43 2188
50 55 3699
50 13 3279
50 24 5163
50 34 6082
50 8 2766
50 47 3135
50 69 4155
50 49 2862
50 32 3403
50 39 2358
50 25 6219
50 4 5567
50 15 229
50 62 4165
50 9 3456
50 38 4896
50 42 2676
50 11 2114
50 23 4823
50 10 1568
50 40 5874
50 21 5754
50 53 4366
50 52 5423
50 17 4103
50 65 5636
50 59 1936
50 64 5313
50 60 1969
50 71 1208
50 37 5875
50 18 4056
50 48 4486
50 67 5646
50 7 1841
50 6 3875
50 35 4312
50 66 5191
50 56 2725
50 41 4615
50 3 6066
50 45 2401
50 75 1957
50 57 5361
50 54 2538
50 72 4172
50 73 1335
50 58 2919
50 28 5562
51 72 5819
51 21 1068
51 31 1035
51 41 4400
51 35 6144
51 19 3571
51 65 5162
51 57 1557
51 64 3354
51 18 4968
51 69 278
51 13 2272
51 22 5752
51 17 3315
51 2 2667
51 38 2195
51 29 1079
51 45 2141
51 23 2958
51 8 4586
51 6 2006
51 50 3846
51 52 1595
51 24 2566
51 47 6131
51 75 4100
51 61 2750
51 28 6082
51 44 280
51 48 70
51 56 2342
51 9 6185
51 30 6173
51 68 6172
51 25 5038
51 49 3616
51 37 1884
51 33 5795
51 59 1535
51 67 4145
51 26 3227
51 62 4228
51 32 4241
51 10 2640
51 1 5393
51 55 5010
51 20 5222
51 4 640
51 73 3999
51 42 811
51 3 2789
51 66 2962
51 34 867
51 54 5117
51 63 2487
51 74 3281
51 12 2075
51 27 2937
51 53 129
52 7 5273
52 9 149
52 16 2637
52 46 5740
52 24 5023
52 39 5684
52 25 5793
52 73 2316
52 57 4409
52 10 1934
52 64 1845
52 13 5666
52 62 5579
52 40 1164
52 63 4690
52 59 3265
52 20 5589
52 37 5305
52 21 2826
52 42 1953
52 75 4296
52 17 5292
52 66 2796
52 15 1153
52 23 1064
52 61 195
52 47 4741
52 33 1775
52 27 2694
52 28 2058
52 11 4236
52 14 1211
52 72 2401
52 54 2569
52 71 748
52 69 373
52 32 34
52 19 6147
52 51 443
52 6 30
52 4 4168
52 5 3062
52 22 2487
52 35 172
52 36 2867
52 55 3108
52 34 698
52 29 2264
52 65 4379
52 56 641
52 45 5705
52 70 2601
52 30 1840
52 26 5275
53 14 4016
53 43 2037
53 40 4124
53 16 1545
53 39 3268
53 59 473
53 67 775
53 66 5072
53 47 4781
53 63 5922
53 18 5565
53 1 3157
53 68 2973
53 31 4371
53 19 5618
53 48 5052
53 72 1707
53 11 4476
53 21 2831
53 75 93
53 28 5637
53 6 851
53 10 2956
53 20 1380
53 51 1205
53 65 4775
53 5 3927
53 30 3377
53 22 4091
53 54 1680
53 62 2333
53 57 1912
53 23 1560
53 3 3071
53 71 4564
53 38 5675
53 27 2001
53 61 4605
53 7 5619
53 9 3424
53 74 5431
53 49 2954
53 70 5539
53 8 6192
53 60 6017
53 44 1700
53 41 1750
53 64 3201
53 25 1795
53 4 4413
53 12 215
53 46 3781
53 33 5880
53 2 5087
54 31 4921
54 5 5902
54 52 1490
54 1 6232
54 30 6039
54 36 1898
54 32 2889
54 47 666
54 48 5212
54 41 3354
54 40 594
54 22 905
54 42 989
54 34 3393
54 59 4963
54 43 5370
54 49 5193
54 70 1132
54 71 5907
54 68 5039
54 20 406
54 50 1920
54 38 77
54 60 5337
54 4 1765
54 24 2232
54 57 2637
54 63 2473
54 69 6065
54 39 1636
54 55 4376
54 7 1029
54 72 1435
54 64 5366
54 58 3057
54 6 1092
54 11 3399
54 45 5360
54 16 4503
54 56 1176
54 15 5731
54 67 1546
54 3 3912
54 46 4846
54 2 6250
54 26 401
54 18 4832
54 65 5342
55 72 4868
55 9 4773
55 37 3015
55 74 2443
55 48 48
55 65 5828
55 70 1036
55 66 2043
55 29 5412
55 21 538
55 64 5654
55 1 5475
55 63 971
55 25 5903
55 11 2648
55 49 5946
55 7 3527
55 43 2075
55 2 5798
55 14 3070
55 58 5257
55 75 2081
55 39 3985
55 27 2641
55 18 4672
55 61 4989
55 15 5876
55 46 3618
55 22 5924
55 50 5987
55 13 2588
55 73 5705
55 52 5508
55 53 931
55 10 759
55 51 280
55 54 3437
55 56 4759
55 40 6110
55 28 1823
55 3 1808
55 62 929
55 68 2527
55 57 2176
55 34 4536
55 44 4511
55 59 2969
55 32 5597
55 23 2843
55 38 2105
55 31 2688
55 71 4006
55 45 1516
55 47 5478
55 35 4107
55 19 5736
55 67 1547
55 5 103
55 20 1025
56 31 2692
56 45 2591
56 4 4123
56 44 2953
56 12 5407
56 17 2129
56 63 4542
56 69 4346
56 70 5858
56 27 4493
56 1 2296
56 49 1221
56 15 392
56 14 2687
56 54 2516
56 68 4624
56 35 3466
56 64 2018
56 41 4659
56 25 77
56 16 4227
56 20 639
56 26 1784
56 36 1518
56 72 3590
56 5 1506
56 73 3914
56 47 3322
56 28 4025
56 19 1051
56 6 1152
56 58 6035
56 60 2300
56 9 1101
56 50 2431
56 46 3527
56 65 675
56 8 5235
56 71 3895
56 43 4377
56 29 3651
56 7 5677
56 62 2386
56 40 3907
56 42 4695
56 75 2825
56 53 1180
56 52 2328
56 48 748
56 39 4657
56 57 2368
56 59 3420
56 21 248
56 37 5518
56 13 2730
56 74 5102
57 4 1460
57 31 3092
57 59 3257
57 11 2320
57 13 4941
57 15 4777
57 61 4480
57 17 2710
57 54 3281
57 56 40
57 53 1712
57 14 5817
57 26 112
57 12 1956
57 23 2162
57 60 152
57 73 2663
57 45 3026
57 2 3951
57 22 3172
57 75 1089
57 50 5379
57 48 2016
57 51 5340
57 35 3851
57 63 2492
57 70 2546
57 40 5020
57 10 612
57 44 2339
57 3 659
57 37 4204
57 21 1950
57 19 1140
57 16 2909
57 1 148
57 41 3804
57 20 4849
57 58 2134
57 43 2471
57 30 5734
57 65 4003
57 25 6147
57 68 2330
57 47 3256
57 32 5762
57 49 4854
57 27 1444
57 9 2976
57 6 1094
57 38 5537
57 34 1098
57 42 2387
57 66 1420
57 64 3451
57 29 4495
57 36 1637
58 24 3440
58 2 3921
58 44 5749
58 52 4341
58 31 2021
58 63 3080
58 62 6048
58 65 2512
58 20 93
58 21 1532
58 71 4964
58 1 1326
58 9 5719
58 36 3694
58 37 6057
58 38 3109
58 46 1
58 69 2889
58 6 4193
58 19 568
58 15 2897
58 8 4122
58 61 2974
58 66 1030
58 45 97
58 43 3469
58 40 2828
58 30 3380
58 28 4260
58 14 5025
58 11 1363
58 3 427
58 23 1350
58 35 5374
58 73 3300
58 27 5525
58 22 3583
58 29 414
58 33 5371
58 55 1897
58 74 6074
58 10 4706
58 7 96
58 4 6186
58 41 1544
58 26 4110
58 12 471
58 16 964
58 49 5491
58 5 1077
58 75 5535
58 59 1651
58 25 5028
58 54 4367
58 60 1376
58 56 4597
58 34 3318
59 8 4889
59 22 3414
59 66 504
59 23 4455
59 61 2531
59 45 2451
59 73 4101
59 18 4807
59 60 352
59 20 5438
59 68 154
59 72 3843
59 44 2625
59 52 4951
59 51 4631
59 25 1217
59 27 3842
59 24 4578
59 16 5674
59 42 3205
59 17 1857
59 35 1577
59 10 6034
59 71 5993
59 13 3019
59 31 807
59 19 5569
59 43 4958
59 70 223
59 9 2471
59 67 3603
59 75 1054
59 34 4787
59 63 5836
59 2 3225
59 55 2166
59 69 5325
59 4 1691
59 28 5815
59 12 2249
59 36 3998
59 7 2600
59 41 3903
59 26 5057
59 57 2228
59 30 4068
59 21 4596
59 46 5787
59 74 262
59 65 1985
59 6 892
59 64 5259
59 62 5761
59 14 2726
60 36 6089
60 22 2966
60 12 5611
60 1 3791
60 43 5512
60 11 738
60 7 5447
60 70 2828
60 19 2917
60 51 3035
60 58 4244
60 62 5497
60 57 2241
60 45 3130
60 13 3260
60 63 809
60 74 316
60 40 3502
60 72 3875
60 71 1368
60 61 3639
60 64 4124
60 65 4335
60 17 4596
60 37 2149
60 33 4796
60 20 4624
60 66 333
60 14 198
60 3 1431
60 21 3405
60 26 4315
60 42 1665
60 5 5576
60 48 3300
60 23 1855
60 15 3279
60 49 444
60 31 6163
60 68 3827
60 75 515
60 29 5187
60 50 2187
60 18 4636
60 25 1653
60 30 2223
60 28 1228
60 54 5655
60 69 3838
60 9 5251
60 2 710
60 24 4656
60 73 5419
60 16 4774
61 18 408
61 74 5051
61 4 20
61 27 3920
61 64 3840
61 54 5523
61 36 603
61 53 1315
61 14 585
61 16 5760
61 45 788
61 56 2604
61 65 2035
61 48 1196
61 43 5378
61 6 589
61 31 5823
61 8 5896
61 25 2515
61 52 996
61 46 2408
61 20 5530
61 68 5069
61 3 3275
61 21 22
61 51 2886
61 39 5945
61 22 5062
61 73 5130
61 55 1261
61 42 3439
61 47 5126
61 17 3182
61 66 5572
61 26 5935
61 12 2041
61 29 2424
61 67 5098
61 60 3500
61 24 5693
61 2 450
61 40 4170
61 72 2192
61 7 2013
61 50 1592
61 38 2283
61 57 5489
61 41 2689
61 75 4372
61 37 5505
61 19 5254
61 63 3707
61 58 1636
61 30 3985
61 5 5024
61 32 2673
62 49 5154
62 18 5357
62 61 2017
62 59 1357
62 6 4165
62 50 1475
62 10 1159
62 41 4720
62 21 683
62 32 5972
62 15 3429
62 47 682
62 43 392
62 35 2946
62 72 3767
62 71 1194
62 19 4053
62 11 5045
62 4 3826
62 67 635
62 45 2955
62 5 5970
62 74 5434
62 20 2520
62 2 2046
62 55 431
62 69 2176
62 25 1572
62 48 2478
62 36 389
62 3 5594
62 53 327
62 17 1132
62 66 1155
62 68 4829
62 65 1482
62 73 904
62 24 3685
62 70 1808
62 46 3623
62 56 329
62 29 5781
62 54 5311
62 52 3840
62 57 291
62 44 1155
62 39 311
62 63 537
62 40 2651
62 13 5155
63 23 1410
63 11 5531
63 53 1186
63 12 2185
63 10 1080
63 19 2567
63 49 147
63 40 262
63 24 2477
63 45 4420
63 37 2226
63 22 4175
63 42 4819
63 21 3225
63 13 937
63 9 2252
63 20 146
63 30 2231
63 51 1013
63 4 1572
63 6 3324
63 72 631
63 28 1157
63 3 4522
63 59 1090
63 18 3394
63 56 2353
63 73 4716
63 66 3674
63 32 839
63 62 3502
63 36 3904
63 50 4901
63 34 4280
63 2 2543
63 27 2488
63 15 3847
63 75 3294
63 64 2369
63 55 2723
63 14 4337
63 7 4086
63 57 649
63 67 5098
63 1 2418
63 33 3727
63 60 971
63 25 1973
63 43 3858
63 69 2187
63 68 6111
63 48 1969
63 52 5419
63 71 3374
63 58 50
63 61 4446
63 70 295
63 35 2012
63 44 138
64 13 5373
64 71 2921
64 61 3813
64 5 3250
64 7 6274
64 60 2586
64 27 6155
64 63 3794
64 21 3406
64 55 5870
64 51 3971
64 16 5748
64 15 1788
64 2 3103
64 70 4044
64 19 4344
64 54 1681
64 52 4402
64 30 5210
64 35 1415
64 72 3689
64 50 4873
64 43 3262
64 69 3089
64 23 253
64 33 2341
64 11 4297
64 18 627
64 14 359
64 73 101
64 32 5142
64 6 2019
64 8 2047
64 46 174
64 24 3667
64 26 719
64 10 3842
64 3 5229
64 45 2984
64 36 239
64 44 1487
64 9 5344
64 38 4480
64 28 5124
64 42 3097
64 59 4755
64 29 6213
64 25 4951
64 67 4401
64 62 5816
64 57 3764
64 68 5786
64 31 3889
65 38 2306
65 74 5363
65 24 3040
65 7 5346
65 60 2188
65 19 5962
65 45 2949
65 55 2702
65 58 4128
65 34 169
65 39 6135
65 57 2735
65 43 956
65 11 2162
65 64 2997
65 50 5312
65 27 189
65 46 1352
65 56 3324
65 3 6140
65 21 3542
65 22 2485
65 4 760
65 13 5850
65 72 13
65 47 675
65 2 1587
65 18 6062
65 59 5283
65 61 1475
65 17 3503
65 9 2527
65 14 3752
65 69 3239
65 54 2155
65 26 622
65 37 5907
65 25 2196
65 48 1411
65 23 3046
65 62 677
65 52 1431
65 15 5013
65 12 4651
65 20 1529
65 75 518
65 40 4657
65 29 2405
65 73 3050
65 5 3986
65 32 2053
65 42 5075
65 6 47
65 8 3301
65 31 1435
65 35 4010
65 28 4247
65 53 615
66 33 6244
66 44 6282
66 35 1018
66 39 1636
66 45 4405
66 12 3105
66 68 3975
66 14 5603
66 17 5268
66 56 2358
66 67 4801
66 41 5196
66 47 4626
66 69 1625
66 51 3575
66 32 3817
66 72 6203
66 36 1067
66 58 641
66 38 1232
66 31 66
66 4 3486
66 48 5656
66 55 284
66 63 5039
66 23 2157
66 43 31
66 64 819
66 50 2136
66 62 5569
66 70 327
66 24 6231
66 26 3211
66 1 5913
66 20 113
66 10 2303
66 46 5682
66 49 5444
66 60 3532
66 11 376
66 28 5822
66 42 4419
66 3 4895
66 34 5744
66 19 5886
66 54 2226
66 40 1570
66 8 4140
66 30 562
66 15 2689
66 25 1305
66 2 4286
66 21 691
66 16 5080
66 52 301
66 5 891
67 41 4889
67 12 6047
67 38 4359
67 37 5077
67 8 5779
67 66 2963
67 5 3056
67 72 4200
67 32 4211
67 15 5270
67 20 2497
67 53 4406
67 58 186
67 47 779
67 4 6123
67 16 267
67 21 5707
67 57 906
67 51 4360
67 50 1861
67 30 1390
67 27 3203
67 7 682
67 46 4313
67 14 373
67 33 4678
67 61 3553
67 65 6283
67 23 799
67 43 2328
67 63 3293
67 2 4732
67 52 2197
67 54 1176
67 56 1272
67 11 5376
67 39 3102
67 19 221
67 6 4759
67 74 5701
67 71 3459
67 25 1459
67 69 6133
67 35 4686
67 75 482
67 42 2878
67 49 180
67 36 4426
67 10 2601
67 29 5672
67 62 4049
68 31 2685
68 41 3483
68 55 3320
68 30 1975
68 2 6222
68 45 1672
68 27 5551
68 50 2577
68 44 5851
68 8 1092
68 7 2566
68 35 1756
68 28 5799
68 46 6003
68 72 3160
68 70 2676
68 53 5886
68 65 3672
68 4 5773
68 47 2982
68 75 1961
68 58 1534
68 34 3187
68 66 3268
68 60 4043
68 23 5630
68 11 1341
68 51 1159
68 36 6077
68 15 4427
68 40 5975
68 16 5790
68 49 6006
68 61 3177
68 3 3172
68 22 2204
68 63 3271
68 13 3877
68 25 6272
68 10 1363
68 26 4150
68 69 1933
68 54 3544
68 64 2355
68 33 1347
68 71 5377
68 73 1958
68 1 1151
68 18 2886
68 52 4492
68 19 2549
68 59 2161
68 67 1410
68 5 207
68 21 3250
68 6 1666
68 20 2003
68 38 4647
68 62 2702
69 29 1219
69 9 4020
69 34 1575
69 13 5436
69 52 4021
69 55 1703
69 46 3713
69 51 1372
69 22 5193
69 23 424
69 73 2251
69 66 3858
69 17 2965
69 8 4304
69 18 2640
69 7 82
69 19 2884
69 72 206
69 31 1021
69 1 795
69 67 3883
69 40 1856
69 3 5553
69 64 4881
69 32 1794
69 30 3187
69 61 3605
69 75 3429
69 47 2462
69 28 51
69 59 813
69 54 5369
69 26 4073
69 10 4375
69 50 2313
69 11 1431
69 14 4113
69 70 4833
69 38 742
69 27 3115
69 25 2299
69 39 4029
69 4 1421
69 68 6115
69 57 5094
69 43 3
69 62 1915
69 20 224
69 41 1778
69 35 4118
69 15 1772
69 36 240
69 60 1021
69 63 3354
69 58 4180
69 53 5030
69 33 5492
69 44 559
70 49 4872
70 28 5620
70 72 310
70 8 2328
70 41 2248
70 17 3375
70 20 1923
70 4 5494
70 5 2154
70 21 4255
70 26 716
70 75 5734
70 14 1413
70 64 343
70 13 5050
70 23 4385
70 31 1381
70 69 3065
70 63 906
70 34 1612
70 55 5403
70 51 3931
70 27 513
70 58 4961
70 11 2734
70 6 5335
70 12 6262
70 45 1736
70 37 2587
70 54 387
70 19 2528
70 24 1526
70 38 3416
70 56 2763
70 68 4092
70 30 11
70 73 2109
70 15 5330
70 57 5381
70 62 847
70 65 700
70 71 356
70 29 6240
70 52 1761
70 18 5565
70 60 4734
70 40 3882
70 59 5708
70 53 3184
70 43 3021
70 32 2327
70 74 1863
70 25 882
70 50 121
71 54 1070
71 33 5130
71 21 258
71 23 5169
71 11 6174
71 24 1603
71 61 2101
71 63 5911
71 7 4718
71 2 531
71 36 4409
71 13 1594
71 4 5796
71 19 6281
71 27 5401
71 46 3136
71 6 4494
71 70 4582
71 67 3736
71 25 559
71 55 1091
71 60 464
71 18 2014
71 38 1839
71 45 545
71 15 4958
71 50 2704
71 8 3372
71 14 5353
71 69 3130
71 34 2577
71 49 5325
71 73 2032
71 64 5877
71 17 6061
71 62 1893
71 29 5222
71 66 3396
71 74 2017
71 40 278
71 72 1334
71 65 166
71 57 4986
71 52 2070
71 43 2407
71 56 2283
71 59 3781
71 47 1118
71 3 3920
71 39 5632
71 58 5689
71 75 3145
71 31 4848
71 68 1683
71 51 1174
71 30 6209
72 25 3065
72 71 1160
72 38 4167
72 60 4262
72 47 2552
72 24 4160
72 55 4915
72 27 5341
72 65 1598
72 45 3844
72 46 5753
72 15 2368
72 51 2560
72 43 6186
72 52 6048
72 20 3332
72 13 3134
72 17 1153
72 59 5735
72 37 3452
72 56 615
72 16 2883
72 66 6154
72 36 5805
72 70 1192
72 5 6122
72 35 5381
72 73 4186
72 40 3376
72 7 60
72 4 5704
72 19 1261
72 29 6231
72 62 3801
72 1 3333
72 69 2258
72 2 359
72 63 4541
72 21 2016
72 64 4918
72 6 2236
72 48 4775
72 23 5662
72 10 4788
72 58 6164
72 33 2640
72 28 674
72 32 5810
72 54 6081
72 9 3899
72 11 1020
72 57 2518
72 61 3994
73 14 5625
73 74 1992
73 28 858
73 25 4815
73 24 800
73 21 3527
73 37 4441
73 35 6262
73 20 3702
73 65 4599
73 42 806
73 59 6078
73 43 755
73 13 712
73 2 229
73 11 2434
73 19 3819
73 60 3994
73 48 991
73 50 1471
73 31 1143
73 41 4770
73 30 5216
73 56 2635
73 75 3641
73 29 4272
73 27 3064
73 54 1241
73 26 4259
73 18 4903
73 58 3324
73 66 5062
73 39 6108
73 16 630
73 71 2551
73 70 5580
73 57 5685
73 3 3676
73 38 816
73 34 5431
73 52 4540
73 36 3500
73 7 4824
73 33 4308
73 49 4991
73 22 2570
73 9 6153
73 23 2981
73 46 2558
73 47 2794
73 67 4623
73 1 504
73 69 409
73 72 2834
73 55 4228
73 40 2180
73 61 1665
73 12 2710
73 64 4964
73 17 5593
73 4 4507
74 20 2190
74 54 3365
74 72 3520
74 59 2804
74 73 5978
74 39 5423
74 60 3557
74 46 1207
74 10 2755
74 51 2822
74 36 1223
74 31 4271
74 34 400
74 68 112
74 71 3276
74 49 911
74 24 6
74 11 314
74 5 5944
74 65 5252
74 58 5033
74 1 3198
74 32 5258
74 66 803
74 40 1436
74 2 3928
74 29 1246
74 15 4941
74 3 109
74 16 592
74 25 4669
74 35 5997
74 70 2495
74 61 6073
74 37 1852
74 18 808
74 64 3827
74 75 5656
74 21 5354
74 38 657
74 52 1605
74 30 670
74 17 1567
74 23 4243
74 69 3676
74 44 1247
74 55 5868
74 62 2277
74 28 5560
74 27 4109
74 56 3918
74 13 768
74 4 1786
74 6 5470
74 57 2304
74 41 5161
74 8 6191
75 43 87
75 53 4547
75 41 4638
75 11 5321
75 30 1503
75 69 1859
75 4 27
75 29 4686
75 49 4379
75 2 1477
75 6 1757
75 9 3873
75 25 2581
75 28 5890
75 31 3220
75 22 5237
75 52 4881
75 33 2830
75 7 2843
75 47 1610
75 10 409
75 27 2315
75 58 5731
75 68 4436
75 66 3611
75 64 1146
75 73 4449
75 71 4563
75 1 3679
75 70 4206
75 23 4323
75 60 3613
75 17 3487
75 3 1704
75 61 4844
75 42 3528
75 36 4114
75 51 342
75 46 3295
75 32 2586
75 15 5207
75 62 1855
75 48 1673
75 16 3586
75 67 3465
75 35 2367
75 24 4152
75 39 3867
75 56 5727
75 45 4299
75 44 5096
75 18 380
75 5 553
75 19 3223
75 59 2157
75 54 2007
75 20 2258
75 26 5767
75 57 2168
75 34 5940
75 65 2575
75 50 1213
