75 4200
1 59 6021
1 40 2602
1 45 3082
1 6 1732
1 43 4799
1 20 4633
1 5 113
1 12 1028
1 38 246
1 37 313
1 39 2139
1 57 5726
1 61 505
1 23 3976
1 58 855
1 41 5712
1 67 4617
1 65 5679
1 33 5692
1 44 5253
1 53 3794
1 71 886
1 74 2725
1 15 685
1 16 103
1 52 3750
1 50 3086
1 11 4248
1 3 1066
1 68 4453
1 29 180
1 17 5321
1 70 2610
1 73 5295
1 22 448
1 2 5103
1 13 3468
1 49 1701
1 75 802
1 19 3827
1 60 473
1 64 817
1 63 3427
1 55 1159
1 66 3068
1 34 3141
1 25 1916
1 32 5560
1 51 4889
1 31 685
1 35 3976
1 54 4310
1 56 2227
1 4 3470
1 46 2955
1 24 5526
2 67 5011
2 6 3940
2 47 3677
2 43 709
2 37 3470
2 7 1396
2 50 3876
2 9 2431
2 40 122
2 11 3656
2 71 610
2 22 34
2 36 4787
2 70 1923
2 10 3787
2 25 4725
2 52 4020
2 72 3737
2 41 2511
2 49 2069
2 27 3777
2 63 530
2 64 2652
2 53 2902
2 48 1489
2 26 1987
2 59 1948
2 12 5433
2 1 771
2 65 1428
2 51 2356
2 58 6226
2 5 320
2 66 4193
2 17 61
2 21 5004
2 73 1529
2 39 5478
2 57 2858
2 44 2351
2 20 845
2 31 1460
2 68 854
2 55 5764
2 35 4755
2 8 2520
2 34 2025
2 14 591
2 15 429
2 33 2401
2 62 3041
2 56 3709
2 74 5416
2 75 30
2 30 5813
2 4 1694
2 13 3701
2 61 542
3 69 6133
3 56 3219
3 35 3614
3 46 1594
3 66 1992
3 40 2581
3 36 3706
3 31 1439
3 47 4880
3 1 4865
3 70 6174
3 23 4576
3 60 4287
3 15 1000
3 49 3958
3 71 4548
3 17 2193
3 68 819
3 11 4993
3 22 4228
3 34 144
3 57 519
3 14 4753
3 6 4534
3 32 3093
3 65 2137
3 48 3862
3 18 3543
3 75 5834
3 73 1984
3 63 4148
3 7 4928
3 51 1885
3 59 2086
3 19 2738
3 30 3184
3 53 263
3 64 620
3 55 5609
3 74 2673
3 25 936
3 45 344
3 9 367
3 2 4047
3 10 2102
3 50 4858
3 33 4324
3 39 440
3 42 3285
3 24 5477
3 52 5276
3 54 4789
3 44 407
3 20 3221
3 72 4024
3 38 5086
3 8 4339
3 28 2365
3 61 5241
3 12 5394
3 58 3561
4 22 1057
4 40 521
4 65 1554
4 55 2983
4 52 5535
4 12 680
4 42 695
4 19 1074
4 72 4024
4 3 4501
4 45 6056
4 41 5816
4 29 403
4 16 1060
4 18 3811
4 17 1660
4 51 4255
4 64 4352
4 66 1377
4 56 1840
4 75 4895
4 20 3500
4 25 696
4 15 2494
4 61 1612
4 35 4190
4 62 5599
4 47 1197
4 58 1829
4 71 4865
4 73 37
4 30 4576
4 21 4756
4 5 255
4 68 564
4 31 2509
4 37 845
4 14 491
4 39 2897
4 28 2776
4 67 2865
4 59 3320
4 27 3774
4 10 1047
4 26 2596
4 74 3347
4 46 4478
4 38 5319
4 50 4528
4 6 4939
4 34 3495
4 9 4212
4 1 2532
4 63 5258
4 69 1371
5 68 635
5 61 4367
5 6 5990
5 74 2005
5 67 2253
5 65 3240
5 25 3695
5 35 236
5 38 1363
5 26 3227
5 16 617
5 40 2928
5 50 3164
5 49 2132
5 34 2574
5 22 5154
5 37 3146
5 17 2826
5 63 4481
5 46 5015
5 28 48
5 57 5721
5 51 2654
5 18 2873
5 60 892
5 4 3817
5 56 823
5 10 4092
5 52 4137
5 11 4845
5 44 6172
5 31 1132
5 32 4841
5 75 5463
5 41 2338
5 33 4583
5 54 3883
5 55 2563
5 19 4794
5 64 2902
5 48 2927
5 73 5609
5 9 4465
5 1 3250
5 3 1725
5 69 6153
5 39 662
5 20 3260
5 72 5930
5 23 699
5 71 3290
6 39 5315
6 53 2166
6 60 4261
6 72 4447
6 3 4459
6 11 1875
6 23 350
6 46 5808
6 40 1276
6 57 4233
6 43 605
6 5 1731
6 66 1526
6 52 925
6 54 2058
6 58 259
6 4 3425
6 12 1829
6 74 3924
6 67 984
6 9 4626
6 14 2351
6 1 4825
6 71 4267
6 19 4994
6 50 1249
6 41 2255
6 73 4128
6 30 1016
6 24 4835
6 56 835
6 17 1596
6 34 2222
6 44 3692
6 13 926
6 48 2074
6 25 4121
6 69 354
6 36 1809
6 63 3862
6 31 1353
6 47 2530
6 28 5321
6 49 3420
6 2 2451
6 70 5716
6 62 2359
6 61 489
6 27 5987
6 51 1542
6 37 2713
6 35 964
6 20 5720
6 68 3916
6 38 4510
6 45 4030
7 27 5418
7 60 4999
7 29 3009
7 52 910
7 36 317
7 41 498
7 2 104
7 45 5441
7 63 2427
7 70 3674
7 39 1241
7 62 1471
7 9 3119
7 61 3935
7 73 2475
7 56 364
7 71 5105
7 25 1442
7 67 933
7 44 3653
7 51 2466
7 24 410
7 42 3404
7 31 3401
7 10 934
7 38 1099
7 65 212
7 58 5660
7 21 1029
7 8 1875
7 47 3383
7 22 2997
7 72 5942
7 12 692
7 68 4827
7 1 2112
7 18 4456
7 5 3261
7 64 1480
7 59 3236
7 69 3603
7 48 5504
7 66 4421
7 15 6127
7 75 1182
7 28 2087
7 35 2022
7 3 1234
7 46 4767
7 54 201
7 40 4816
7 11 2475
7 34 959
7 16 4212
7 26 5924
7 55 2318
7 37 1091
8 47 960
8 64 4748
8 42 5565
8 70 4471
8 25 876
8 23 2739
8 67 17
8 17 1965
8 41 6271
8 60 3642
8 31 5512
8 27 1146
8 28 3852
8 72 5470
8 66 1160
8 16 3017
8 4 594
8 49 1347
8 73 3581
8 34 446
8 57 4875
8 38 3822
8 20 1352
8 29 3462
8 3 4242
8 54 3353
8 30 2293
8 55 4692
8 37 1739
8 9 3975
8 44 112
8 40 2820
8 65 3899
8 18 4990
8 26 3426
8 45 1628
8 52 190
8 12 640
8 68 5010
8 51 4136
8 6 223
8 46 5438
8 59 5800
8 24 3549
8 14 468
8 48 527
8 61 1069
8 43 3828
8 19 3460
8 74 4030
8 5 3280
8 13 2123
8 2 83
9 69 177
9 58 2975
9 54 3567
9 1 137
9 27 5241
9 16 3786
9 2 1757
9 34 1068
9 39 5745
9 60 6136
9 75 4876
9 26 2507
9 67 1316
9 49 6130
9 74 1583
9 5 3326
9 14 292
9 36 3318
9 63 3164
9 42 1284
9 61 3625
9 72 1251
9 40 2099
9 32 2316
9 68 4712
9 18 1233
9 22 3477
9 48 5367
9 23 5622
9 66 3092
9 47 2939
9 24 1587
9 57 3692
9 11 3977
9 7 864
9 46 5955
9 41 6149
9 44 368
9 17 412
9 38 3819
9 12 3477
9 64 5537
9 10 4459
9 19 2628
9 28 4760
9 3 1638
9 55 4338
9 29 3892
9 21 1379
9 35 2735
9 45 1004
9 53 3839
9 52 2451
9 65 5481
9 33 3499
9 25 1175
9 51 3693
9 70 4357
10 38 5294
10 44 1274
10 47 1205
10 61 5882
10 71 4268
10 53 5606
10 66 6041
10 39 267
10 26 5988
10 4 896
10 8 5186
10 34 990
10 60 2278
10 31 5565
10 30 2671
10 2 5747
10 63 1831
10 50 3964
10 13 1635
10 43 4703
10 57 2272
10 5 3094
10 19 4641
10 35 696
10 49 2621
10 15 69
10 33 4071
10 58 4440
10 42 1252
10 14 2053
10 41 1975
10 16 1841
10 67 3602
10 3 1817
10 12 1591
10 55 6039
10 52 448
10 17 4509
10 45 1684
10 25 317
10 36 3884
10 27 2846
10 18 2520
10 32 5954
10 22 4233
10 11 5630
10 51 3323
10 73 985
10 29 171
10 62 5602
10 21 4597
10 70 1822
10 69 2635
10 7 489
10 6 5173
10 54 2247
10 59 127
10 74 4323
10 75 2372
11 73 1529
11 59 3690
11 75 5589
11 51 3921
11 3 3421
11 19 1199
11 14 5708
11 43 3897
11 36 6266
11 53 5968
11 44 5599
11 63 5547
11 65 5288
11 27 128
11 61 3046
11 71 179
11 58 1869
11 5 707
11 21 179
11 22 1667
11 17 3601
11 6 1710
11 16 5419
11 38 2110
11 33 3294
11 39 1722
11 1 5172
11 26 4415
11 42 5462
11 47 1328
11 7 2141
11 31 5821
11 10 5847
11 30 5001
11 57 4286
11 49 914
11 34 4961
11 62 5200
11 13 5320
11 40 1087
11 4 1866
11 72 3924
11 9 5244
11 18 5186
11 29 5563
11 25 3202
11 66 4955
11 60 542
11 20 3167
11 74 4188
11 45 5005
11 56 1083
11 35 1862
11 12 2701
11 46 958
11 70 3869
11 52 5462
11 24 1565
11 64 5917
12 24 2355
12 22 2140
12 55 3487
12 6 2435
12 37 909
12 48 549
12 72 607
12 19 4986
12 69 1799
12 28 5481
12 35 2833
12 58 2164
12 42 1512
12 46 4477
12 45 1398
12 5 3138
12 40 996
12 9 1196
12 25 2531
12 27 352
12 15 3711
12 59 1214
12 64 558
12 39 2122
12 30 6051
12 75 6021
12 33 4195
12 34 4169
12 73 2596
12 74 6120
12 41 4030
12 51 3293
12 61 1658
12 29 1541
12 32 2213
12 21 2168
12 13 828
12 38 2245
12 53 2506
12 62 658
12 23 197
12 17 2101
12 18 488
12 20 1278
12 26 4562
12 36 5965
12 71 741
12 68 2978
12 43 4462
12 57 6000
12 65 3378
12 47 1032
12 50 3482
12 67 2073
12 7 2077
13 51 3719
13 53 5821
13 33 6023
13 64 1634
13 26 2195
13 28 1625
13 69 5152
13 15 3769
13 34 4080
13 7 4101
13 44 5100
13 35 3474
13 25 4339
13 9 703
13 59 372
13 40 287
13 48 4333
13 63 4377
13 65 180
13 39 3998
13 47 3607
13 22 3327
13 73 5732
13 2 222
13 58 2377
13 42 3694
13 27 2859
13 17 4575
13 72 4284
13 19 3575
13 16 2994
13 67 3570
13 74 4671
13 75 814
13 60 1440
13 24 1599
13 49 2225
13 12 3837
13 57 2119
13 71 4171
13 10 3119
13 56 1883
13 50 3002
13 32 5997
13 54 832
13 6 4444
13 38 2978
13 36 3326
13 11 343
13 70 3516
13 14 159
14 73 2619
14 29 1076
14 26 3095
14 75 1080
14 9 1232
14 59 996
14 8 2982
14 18 5100
14 74 1665
14 49 2062
14 21 1685
14 38 4615
14 40 4065
14 44 516
14 53 1007
14 27 957
14 11 1721
14 72 5017
14 57 2013
14 61 3026
14 19 3918
14 64 5821
14 25 319
14 69 1551
14 36 6196
14 32 1300
14 10 3832
14 4 1568
14 20 1489
14 63 5223
14 47 5888
14 39 4951
14 65 2315
14 22 5825
14 51 2047
14 3 2933
14 58 5695
14 7 4056
14 16 4100
14 37 3152
14 17 1982
14 43 1650
14 68 2984
14 28 570
14 5 4166
14 52 1729
14 66 2959
14 42 2020
14 2 5158
14 12 1986
14 35 4058
14 67 3967
14 41 4554
14 55 3637
14 45 4870
14 60 2090
14 62 4559
14 1 2734
14 56 5599
15 62 3769
15 51 4862
15 38 3818
15 47 1958
15 59 4115
15 28 1716
15 49 4610
15 13 4574
15 6 2500
15 8 40
15 40 1703
15 52 3577
15 30 4145
15 73 327
15 58 603
15 14 3750
15 71 1226
15 43 4449
15 2 3364
15 20 6183
15 7 1049
15 61 5715
15 18 662
15 10 475
15 63 2079
15 45 514
15 5 5197
15 21 3858
15 32 437
15 34 1779
15 17 3135
15 42 58
15 31 109
15 66 1787
15 4 2029
15 22 1571
15 56 1431
15 37 5307
15 39 1434
15 35 2534
15 67 964
15 68 5655
15 16 138
15 27 4600
15 60 3055
15 23 1370
15 65 3791
15 12 1709
15 46 3175
15 25 3939
15 57 2213
15 53 235
16 31 728
16 6 1681
16 40 2488
16 64 433
16 7 1622
16 49 6067
16 19 2267
16 41 6103
16 50 9
16 22 1923
16 9 5539
16 52 5456
16 18 1782
16 4 704
16 54 2681
16 15 4938
16 68 4156
16 74 4779
16 58 2678
16 38 764
16 28 4736
16 12 1600
16 37 3905
16 43 962
16 48 2484
16 71 4728
16 13 5046
16 23 2604
16 39 1848
16 30 1025
16 56 2727
16 35 366
16 57 322
16 29 650
16 69 477
16 5 2931
16 70 3725
16 17 5272
16 32 4670
16 63 2749
16 61 1809
16 27 176
16 46 5267
16 75 3020
16 8 1014
16 65 596
16 24 2106
16 33 768
16 55 1276
16 44 4668
16 62 717
16 51 441
16 59 5851
16 42 5349
16 47 1045
16 36 5765
16 1 2053
16 26 1106
16 73 2639
17 30 779
17 68 4917
17 21 140
17 36 160
17 12 510
17 23 4215
17 10 55
17 16 286
17 58 498
17 34 3888
17 40 4051
17 28 5613
17 53 4702
17 57 608
17 47 5873
17 74 2816
17 19 256
17 64 5523
17 67 1566
17 55 3752
17 25 3372
17 56 4420
17 15 5779
17 59 372
17 61 675
17 1 5273
17 66 415
17 24 5025
17 39 4452
17 4 359
17 2 3461
17 13 5630
17 8 2243
17 6 4192
17 44 2307
17 69 560
17 71 4029
17 51 3633
17 70 4001
17 75 2852
17 41 519
17 63 942
17 14 2156
17 29 6101
17 38 2664
17 32 2980
17 33 447
17 35 4018
17 31 3232
17 48 2432
17 5 3846
17 26 870
17 9 1619
17 62 3901
17 27 4710
17 46 1676
17 60 4047
17 45 4024
17 37 4702
17 43 4674
18 48 650
18 35 1032
18 73 5869
18 60 4548
18 17 2467
18 5 556
18 2 6162
18 72 5147
18 66 5144
18 3 499
18 57 2624
18 25 4387
18 55 6004
18 46 812
18 19 2703
18 20 3483
18 10 5306
18 50 4641
18 4 3155
18 41 2554
18 14 5490
18 52 120
18 27 681
18 34 2176
18 62 4462
18 9 4438
18 59 1926
18 26 2098
18 13 1470
18 64 2372
18 65 431
18 32 2806
18 24 5225
18 6 721
18 67 4210
18 12 3094
18 7 4082
18 37 1909
18 45 5747
18 11 4552
18 54 4332
18 49 4102
18 1 5702
18 21 2382
18 39 273
18 36 4226
18 29 2533
18 51 5573
18 43 4723
18 47 5011
18 74 1321
18 61 1977
18 56 3722
18 30 4261
18 28 4993
18 63 5135
18 68 169
18 16 3054
18 15 2392
18 33 1846
18 42 4056
19 48 2935
19 45 1309
19 18 5264
19 17 3336
19 31 551
19 14 589
19 75 4947
19 57 495
19 73 630
19 9 1509
19 29 1009
19 4 3227
19 25 2724
19 3 4608
19 68 2029
19 34 527
19 51 4269
19 58 1393
19 38 1656
19 70 4198
19 26 355
19 12 2144
19 55 1767
19 69 1696
19 36 184
19 47 1611
19 16 3006
19 44 6296
19 62 17
19 49 1148
19 41 4635
19 65 1313
19 67 1647
19 46 2485
19 59 4024
19 54 5685
19 21 3895
19 66 1452
19 1 2754
19 72 5423
19 42 2400
19 39 3860
19 32 5242
19 33 5878
19 8 770
19 60 3290
19 74 1809
19 40 2914
19 43 124
19 28 5699
19 53 3055
19 71 1839
20 57 3829
20 70 2300
20 14 1443
20 29 2956
20 9 5626
20 56 2636
20 6 1799
20 48 3949
20 21 5512
20 35 3034
20 73 3204
20 38 2364
20 62 5686
20 75 323
20 59 4395
20 17 1624
20 15 1950
20 44 4233
20 64 6012
20 31 5607
20 26 6071
20 2 4962
20 63 936
20 4 6111
20 40 1494
20 25 3737
20 39 269
20 51 1649
20 10 4767
20 65 2364
20 32 1397
20 41 2562
20 53 3766
20 19 2126
20 30 1166
20 13 1823
20 71 6081
20 52 1959
20 34 1083
20 67 6092
20 27 2330
20 58 1738
20 61 2288
20 50 5476
20 11 3540
20 43 5301
20 8 2547
20 74 2712
20 18 3361
20 66 3712
20 22 2675
20 55 4896
20 46 4112
20 45 855
20 16 1632
20 69 1149
20 12 5178
20 33 1606
20 60 5951
20 54 1464
20 36 4508
21 33 1719
21 7 1596
21 55 4472
21 8 2311
21 5 2830
21 70 2721
21 49 3168
21 27 1904
21 39 2012
21 1 1682
21 23 300
21 28 4198
21 10 967
21 71 84
21 57 5109
21 4 4525
21 31 429
21 54 5300
21 69 3551
21 29 55
21 30 4518
21 20 5327
21 75 1010
21 6 491
21 72 727
21 66 6146
21 2 344
21 17 5058
21 43 1962
21 25 5045
21 35 3459
21 50 4795
21 22 4832
21 12 2443
21 26 5878
21 41 402
21 52 2691
21 67 656
21 65 2335
21 16 5062
21 62 3698
21 64 6177
21 73 5220
21 18 3846
21 53 1618
21 9 1760
21 60 5978
21 45 1431
21 44 2924
21 51 2529
21 19 648
21 37 4350
21 61 4262
21 11 1371
21 32 1401
21 48 2155
21 68 5270
21 56 801
21 42 2923
21 24 29
22 10 4013
22 75 4481
22 49 1386
22 27 2971
22 12 2487
22 55 5292
22 66 4885
22 43 6247
22 30 3380
22 3 1629
22 32 2598
22 31 4215
22 47 3938
22 26 5868
22 46 1196
22 28 2035
22 41 1711
22 52 2765
22 61 4425
22 56 3287
22 57 252
22 29 530
22 35 4229
22 6 5148
22 45 938
22 72 4350
22 16 1682
22 37 2782
22 60 6145
22 19 335
22 4 4618
22 48 5235
22 9 5961
22 2 3612
22 15 1528
22 25 1646
22 39 295
22 18 663
22 14 3739
22 40 1255
22 69 4659
22 44 3888
22 58 2610
22 71 5132
22 51 1842
22 7 300
22 11 3898
22 53 3146
22 13 39
22 23 2616
22 54 5253
22 42 6065
22 38 3762
23 53 198
23 54 1550
23 62 813
23 60 641
23 70 1240
23 65 2799
23 72 4525
23 59 466
23 35 5752
23 71 1868
23 45 4093
23 4 450
23 51 6183
23 5 1538
23 48 1910
23 61 1704
23 67 4163
23 29 3213
23 63 6227
23 58 223
23 50 18
23 19 4791
23 24 2630
23 11 539
23 20 1898
23 41 4110
23 1 3769
23 2 335
23 17 2119
23 55 1393
23 31 5258
23 66 2901
23 13 4890
23 18 5933
23 75 4517
23 37 27
23 44 5296
23 9 6093
23 56 3588
23 6 1872
23 26 1883
23 36 1843
23 12 1035
23 30 1643
23 8 3356
23 15 5177
23 64 610
23 33 5373
23 28 1118
23 39 5694
23 42 1789
23 47 283
23 74 1935
23 73 4131
24 37 5572
24 44 959
24 63 260
24 56 4075
24 57 3154
24 43 2055
24 19 6166
24 60 1247
24 3 2709
24 48 6021
24 74 1621
24 18 5593
24 28 5023
24 6 4113
24 65 4026
24 45 1886
24 34 2740
24 20 5738
24 31 826
24 8 2699
24 2 5291
24 26 343
24 71 1305
24 22 4542
24 5 5989
24 68 5916
24 13 395
24 58 5572
24 17 2109
24 62 735
24 51 5105
24 15 4831
24 12 1908
24 11 5984
24 73 3107
24 66 3748
24 23 899
24 55 3173
24 25 3563
24 70 1577
24 61 6016
24 21 284
24 14 4801
24 33 1077
24 9 2208
24 52 2793
24 38 455
24 49 5962
24 30 2423
24 53 4989
25 47 6235
25 67 6271
25 51 4977
25 27 2049
25 66 5533
25 61 6088
25 70 3528
25 23 596
25 60 2839
25 28 2520
25 21 6089
25 33 3609
25 62 5782
25 22 1249
25 45 1845
25 34 1819
25 9 3107
25 38 1459
25 40 4290
25 3 3304
25 69 4153
25 31 5207
25 20 1339
25 2 4643
25 35 2545
25 43 2227
25 65 151
25 49 2765
25 44 1397
25 5 2909
25 63 4605
25 64 4619
25 14 1499
25 26 3435
25 41 1478
25 15 738
25 32 5052
25 57 3171
25 19 5402
25 29 1978
25 54 5392
25 6 3842
25 16 679
25 13 459
25 10 2813
25 50 5412
25 74 3002
25 7 5767
25 39 6026
25 48 232
25 36 685
25 8 2303
25 75 5333
25 59 5813
25 4 3829
25 53 6068
25 73 3413
25 56 3750
25 37 468
26 54 5975
26 24 3282
26 63 4884
26 58 4725
26 39 1300
26 3 5034
26 57 68
26 20 1968
26 50 209
26 8 3748
26 45 6107
26 40 5900
26 21 2403
26 15 532
26 35 1311
26 66 1796
26 43 4171
26 48 3463
26 47 3701
26 7 3944
26 64 1698
26 34 3041
26 10 1972
26 27 4522
26 28 1265
26 65 3667
26 33 6148
26 16 1632
26 61 4952
26 73 3133
26 69 2579
26 74 4385
26 55 1511
26 71 5413
26 62 896
26 31 4557
26 11 2295
26 29 1635
26 75 925
26 51 5777
26 60 3255
26 38 1426
26 4 5157
26 9 1623
26 41 5957
26 59 1446
26 2 4134
26 18 3440
26 46 3172
26 44 4536
26 68 4022
26 36 3006
26 72 3018
26 19 1149
26 32 1883
26 22 3667
26 12 1381
26 52 2870
26 5 2730
26 30 3833
27 13 2241
27 23 2927
27 52 4942
27 50 1074
27 43 5018
27 41 2153
27 15 4516
27 4 2193
27 75 5223
27 5 2063
27 51 948
27 48 4248
27 56 1598
27 33 5458
27 30 4895
27 73 6292
27 24 3845
27 58 3990
27 8 6156
27 11 1118
27 68 2923
27 71 1324
27 35 4755
27 38 2019
27 62 5233
27 19 3945
27 26 4450
27 67 4067
27 12 1451
27 63 4987
27 37 2234
27 3 5793
27 65 5030
27 61 4056
27 20 3857
27 74 1183
27 49 6296
27 42 3898
27 59 5661
27 69 4459
27 39 2625
27 6 2542
27 36 5695
27 16 3252
27 9 1780
27 1 3782
27 2 997
27 10 177
27 40 535
27 7 513
27 34 5473
27 57 5105
28 23 5984
28 27 64
28 59 4846
28 4 3668
28 64 4078
28 3 3592
28 37 162
28 45 3060
28 51 5093
28 52 775
28 20 5080
28 13 5295
28 42 1627
28 1 403
28 26 3372
28 2 3786
28 9 3562
28 7 4829
28 8 1107
28 48 1944
28 24 166
28 31 2648
28 25 802
28 66 5371
28 68 1469
28 62 4110
28 12 4577
28 32 1441
28 70 3506
28 30 229
28 54 1195
28 71 2013
28 73 6187
28 57 1848
28 16 23
28 39 5110
28 14 1972
28 41 3432
28 74 4259
28 47 657
28 53 1337
28 35 3520
28 18 4775
28 50 3328
28 75 5780
28 15 1271
28 65 5975
28 33 1061
28 56 5028
28 46 2452
28 69 881
28 49 3119
28 43 1870
28 67 5946
28 5 4148
28 21 772
28 63 491
29 56 3320
29 74 2573
29 22 3182
29 50 487
29 13 137
29 36 4323
29 45 5393
29 4 4170
29 75 1084
29 30 3773
29 57 4113
29 37 4745
29 3 5920
29 48 291
29 64 2234
29 42 2165
29 67 3321
29 46 816
29 14 5833
29 6 3130
29 51 4982
29 27 2014
29 10 1913
29 49 1032
29 53 3714
29 43 943
29 52 2816
29 5 5555
29 11 210
29 70 4979
29 41 2992
29 32 3208
29 63 1798
29 26 4203
29 34 2589
29 1 3133
29 61 959
29 59 2990
29 2 5313
29 40 4766
29 9 6290
29 66 2623
29 71 6212
29 28 4046
29 39 413
29 15 3972
29 38 5570
29 44 3557
29 8 5920
29 31 39
29 55 3070
29 47 5958
29 69 1394
30 28 2005
30 69 243
30 29 1609
30 47 504
30 66 3158
30 2 4525
30 41 423
30 36 2008
30 13 4068
30 6 3962
30 27 2327
30 38 4769
30 24 4144
30 5 4654
30 73 2238
30 8 4260
30 35 3302
30 19 5742
30 11 782
30 62 1951
30 17 3498
30 34 818
30 21 2145
30 25 6247
30 64 3147
30 56 4450
30 40 4049
30 53 5551
30 32 4977
30 12 4374
30 49 4941
30 44 1161
30 55 3319
30 1 2587
30 7 6101
30 26 3583
30 22 1263
30 61 2631
30 67 2000
30 42 1217
30 75 3926
30 37 3063
30 54 817
30 71 3404
30 3 5413
30 58 4943
30 48 1691
30 57 3858
30 74 2937
30 60 5571
30 39 4479
30 9 1191
30 23 6231
30 51 1823
30 65 2197
30 52 5024
30 14 4601
30 15 1815
31 73 5080
31 28 4012
31 47 3750
31 38 5833
31 35 2792
31 75 1375
31 68 2615
31 14 2699
31 59 3650
31 67 888
31 39 4270
31 6 5380
31 71 4923
31 61 651
31 27 4670
31 21 5336
31 30 6
31 12 5627
31 74 2099
31 13 4790
31 5 757
31 54 2332
31 33 1551
31 69 3952
31 32 552
31 10 5915
31 15 2859
31 23 4760
31 41 1116
31 52 4029
31 50 2606
31 70 2743
31 19 3837
31 56 4072
31 57 192
31 18 3709
31 60 1255
31 72 932
31 58 44
31 63 4527
31 4 4767
31 8 4803
31 42 5189
31 2 2949
31 55 2151
31 7 2304
31 29 3619
31 44 799
31 3 3909
31 11 918
31 53 5877
31 46 5698
31 17 5352
31 25 3320
31 62 1148
32 74 4022
32 31 3845
32 64 2408
32 23 5776
32 50 889
32 33 1203
32 6 804
32 29 6244
32 59 2396
32 2 889
32 36 1430
32 37 2328
32 72 5268
32 68 4664
32 52 3416
32 46 4362
32 65 945
32 71 5509
32 34 4765
32 18 6117
32 55 573
32 22 705
32 70 4377
32 15 4357
32 10 66
32 4 4000
32 13 701
32 63 6214
32 61 5632
32 11 5768
32 62 6152
32 66 438
32 27 2110
32 57 3591
32 35 2388
32 39 2920
32 17 3380
32 25 4096
32 41 3850
32 8 3928
32 56 5255
32 19 2604
32 16 4835
32 67 4497
32 60 3919
32 43 1070
32 45 952
32 38 5663
32 40 193
32 44 3079
32 7 2499
32 73 6204
32 49 4763
32 28 5999
32 3 5032
32 30 5712
32 1 2190
32 75 2905
32 14 4364
32 24 4883
32 53 2200
33 11 715
33 23 2397
33 29 1656
33 67 5697
33 16 5708
33 30 4583
33 62 385
33 39 4850
33 43 4223
33 57 2394
33 25 1731
33 49 6171
33 50 2065
33 69 5599
33 31 2321
33 4 5902
33 10 183
33 53 4397
33 60 4493
33 26 425
33 32 707
33 61 2026
33 18 5252
33 48 5865
33 27 5878
33 20 956
33 54 820
33 13 110
33 37 3665
33 28 2464
33 19 2341
33 44 3245
33 73 3677
33 74 2441
33 21 1106
33 6 5768
33 70 5669
33 5 4594
33 46 5435
33 63 2575
33 45 2841
33 64 2548
33 14 434
33 71 6139
33 17 595
33 35 4428
33 56 4151
33 8 4706
33 22 3029
33 2 1130
33 7 5779
33 34 1464
33 51 6164
33 68 959
33 58 3890
34 2 3417
34 17 323
34 23 4331
34 43 932
34 45 5491
34 58 4593
34 6 5541
34 25 1504
34 16 3216
34 53 2440
34 42 1101
34 12 3299
34 24 3271
34 9 4659
34 49 5236
34 4 5403
34 51 423
34 40 4801
34 54 1239
34 22 580
34 36 1425
34 64 6278
34 37 4564
34 1 4029
34 65 4648
34 56 3607
34 61 3136
34 74 4798
34 71 3389
34 46 3
34 33 5304
34 30 1275
34 72 2240
34 13 2234
34 32 4612
34 48 1186
34 10 583
34 39 2650
34 52 4674
34 57 753
34 41 6297
34 3 4337
34 44 5391
34 55 2711
34 35 2359
34 14 1292
34 7 4048
34 20 3150
34 38 2151
34 59 5615
34 70 670
34 11 6018
34 19 1246
34 18 5029
34 5 1881
34 66 271
34 21 4661
35 38 4852
35 48 3565
35 1 1602
35 50 3740
35 65 3551
35 53 746
35 69 1081
35 57 3018
35 37 394
35 33 571
35 47 2281
35 59 278
35 24 3256
35 32 1603
35 16 1173
35 3 5068
35 54 3964
35 72 3040
35 12 3818
35 21 3458
35 40 4279
35 14 1505
35 66 2754
35 49 4639
35 68 1804
35 4 5875
35 28 4967
35 2 4245
35 64 5645
35 56 3795
35 63 173
35 43 441
35 17 5075
35 34 1106
35 74 1377
35 42 3606
35 67 4431
35 58 5019
35 55 2920
35 73 723
35 22 307
35 23 258
35 8 4303
35 10 2670
35 31 1776
35 13 431
35 61 6214
35 26 2452
35 51 1129
35 39 3046
35 60 3377
35 18 6028
35 19 4926
35 44 6140
35 41 5679
35 27 5445
35 29 4011
35 70 6130
36 46 4127
36 7 3064
36 65 1664
36 9 4126
36 56 1462
36 57 1542
36 45 4705
36 29 2552
36 43 2631
36 40 146
36 14 3106
36 23 3818
36 2 5468
36 11 1781
36 30 5776
36 16 1191
36 3 3056
36 22 109
36 34 4523
36 10 5120
36 42 5769
36 33 3980
36 13 1400
36 55 384
36 54 1113
36 4 4896
36 18 417
36 51 4567
36 75 1836
36 63 4873
36 35 4837
36 58 4579
36 27 1272
36 49 3942
36 25 6051
36 72 3725
36 15 1784
36 62 3635
36 68 2046
36 50 1023
36 38 5676
36 12 5345
36 39 2175
36 67 2815
36 53 1596
36 28 5704
36 48 2066
36 1 3055
36 21 5320
36 17 4923
36 71 5653
36 64 4281
36 61 5251
36 52 5016
37 36 5809
37 22 3251
37 15 4336
37 4 3263
37 2 273
37 56 100
37 49 3072
37 33 4510
37 17 982
37 34 2208
37 42 175
37 63 2993
37 58 4196
37 70 5661
37 35 3119
37 38 985
37 71 1606
37 19 1934
37 40 5361
37 59 1122
37 24 4498
37 3 3784
37 74 148
37 68 430
37 32 3447
37 31 4012
37 54 2623
37 30 2714
37 62 1082
37 26 5299
37 12 1038
37 50 5510
37 21 1670
37 43 3028
37 28 990
37 25 2537
37 16 3174
37 65 587
37 41 859
37 55 5041
37 52 548
37 7 5256
37 10 2610
37 39 3180
37 66 3020
37 8 2446
37 20 663
37 6 3323
37 46 1503
37 11 5253
37 67 1108
37 75 3179
37 57 6199
37 5 2756
37 72 2139
37 18 967
37 1 2959
37 13 5405
37 27 6178
38 54 567
38 55 151
38 35 1411
38 10 4480
38 70 3084
38 25 2169
38 64 1782
38 36 2264
38 37 5110
38 61 6181
38 14 5128
38 63 3712
38 22 3627
38 46 5918
38 28 837
38 62 1323
38 39 3338
38 58 4682
38 8 5635
38 41 3456
38 11 5049
38 12 604
38 2 2718
38 6 5173
38 59 4875
38 69 1275
38 1 5927
38 45 1577
38 53 3854
38 15 2150
38 71 4372
38 16 2767
38 19 2513
38 72 1885
38 3 886
38 73 5726
38 52 3875
38 47 2906
38 67 5663
38 60 5059
38 51 1482
38 65 1367
38 42 2245
38 56 1621
38 34 1441
38 18 1665
38 27 4947
38 5 2837
38 26 5146
38 43 4764
38 74 902
38 31 1151
38 20 5734
38 57 4366
39 75 4305
39 12 6286
39 27 5003
39 53 3344
39 66 3435
39 20 6012
39 28 4543
39 52 1238
39 42 4896
39 25 1131
39 17 2553
39 10 5228
39 4 6236
39 48 3021
39 26 5384
39 34 2811
39 65 6128
39 59 5894
39 33 171
39 74 5665
39 11 2977
39 57 982
39 43 3867
39 68 2081
39 56 6130
39 5 1160
39 62 4540
39 7 2049
39 37 2107
39 3 5122
39 47 5016
39 13 420
39 24 1751
39 50 3500
39 51 6172
39 55 4983
39 36 2816
39 58 3477
39 73 4133
39 1 3433
39 49 2384
39 40 2712
39 30 2491
39 18 882
39 72 5381
39 64 2741
39 60 4656
39 8 140
39 71 2321
39 38 2515
39 32 3123
39 61 1763
39 9 1303
39 41 1940
40 47 43
40 3 3137
40 39 467
40 2 3207
40 60 2616
40 7 933
40 10 4046
40 75 2804
40 49 166
40 42 438
40 19 6129
40 17 4557
40 44 3076
40 25 2927
40 11 1213
40 56 4045
40 59 4761
40 43 2882
40 70 2711
40 64 6261
40 67 3157
40 16 2653
40 23 2214
40 69 5209
40 61 4502
40 31 5017
40 37 635
40 33 4412
40 57 2430
40 14 1073
40 55 616
40 6 1587
40 63 2469
40 27 6219
40 15 3483
40 22 5058
40 35 3303
40 21 4872
40 5 662
40 41 4578
40 34 1643
40 73 6198
40 8 4449
40 50 255
40 9 3995
40 72 1719
40 38 1975
40 29 2216
40 18 460
40 13 1344
40 58 2773
40 52 2119
41 57 717
41 61 1673
41 73 686
41 74 4807
41 27 6045
41 22 5931
41 60 5242
41 1 2234
41 46 845
41 59 3577
41 10 3683
41 68 2853
41 30 4358
41 34 478
41 54 5432
41 29 2913
41 45 4934
41 6 2796
41 2 2583
41 36 2799
41 35 1879
41 13 580
41 18 231
41 15 5688
41 62 5463
41 49 398
41 37 1303
41 42 5696
41 17 4344
41 8 1989
41 28 4095
41 63 4920
41 55 2882
41 21 1316
41 72 3271
41 53 4421
41 5 3042
41 71 1636
41 66 4670
41 39 2036
41 44 2478
41 31 5567
41 7 2825
41 47 4176
41 67 3846
41 26 1614
41 19 4603
41 52 2067
41 4 5852
41 51 193
41 38 3451
41 32 868
41 70 826
41 48 1514
41 69 4298
41 58 3532
42 22 5481
42 56 951
42 65 4157
42 58 3493
42 50 2012
42 21 4529
42 71 4404
42 60 4580
42 62 5557
42 30 5659
42 69 54
42 72 310
42 66 152
42 73 2072
42 46 1434
42 33 1765
42 49 5474
42 1 5868
42 51 5610
42 10 869
42 54 4548
42 8 2182
42 15 1388
42 32 5180
42 20 5262
42 12 2072
42 13 479
42 11 5899
42 18 6012
42 36 3926
42 61 3850
42 17 4162
42 57 1461
42 74 3732
42 3 5649
42 64 4870
42 39 5637
42 4 930
42 38 4323
42 47 2306
42 25 2699
42 53 2658
42 2 2557
42 28 2205
42 48 1568
42 68 2898
42 59 3087
42 31 4759
42 44 6026
42 16 6166
42 9 4318
42 19 5570
42 23 6246
42 7 5291
42 67 882
42 55 1354
42 63 1998
43 14 1173
43 29 1809
43 54 3683
43 58 6058
43 25 1140
43 10 4077
43 45 729
43 18 1061
43 59 4682
43 20 87
43 75 746
43 73 5790
43 23 6102
43 71 5063
43 50 4874
43 38 2957
43 64 5054
43 36 4871
43 62 3339
43 74 4950
43 33 2993
43 44 5361
43 35 5227
43 56 2724
43 42 2238
43 8 5955
43 37 1038
43 24 4730
43 19 1484
43 52 3053
43 7 1914
43 72 6036
43 34 3292
43 28 349
43 21 2124
43 57 180
43 5 461
43 68 912
43 60 4126
43 32 2195
43 16 4750
43 41 1138
43 69 2384
43 47 1386
43 63 3660
43 3 5578
43 40 4324
43 11 818
43 61 38
43 26 3084
43 65 3996
43 4 3093
44 42 5688
44 4 6125
44 17 5409
44 12 1265
44 25 5748
44 2 4040
44 52 3171
44 75 3339
44 26 711
44 43 585
44 62 4506
44 64 88
44 49 3302
44 68 1530
44 58 1962
44 6 3165
44 63 2155
44 18 4090
44 21 1190
44 22 2094
44 56 2620
44 3 3433
44 74 1613
44 55 6221
44 41 4103
44 27 3220
44 59 5717
44 47 6116
44 40 178
44 11 5957
44 67 2743
44 46 1773
44 7 6128
44 13 5505
44 9 6029
44 23 1860
44 35 3099
44 33 2782
44 72 1690
44 20 2044
44 34 1506
44 1 554
44 57 1405
44 70 3261
44 30 2997
44 39 1745
44 50 4182
44 31 233
44 24 4378
44 51 4146
44 16 206
44 15 2082
44 32 1675
44 53 2127
44 69 1135
44 28 496
44 37 1789
44 8 1249
44 5 5629
44 54 2511
44 45 3422
44 65 3542
45 34 6143
45 26 5920
45 49 4999
45 51 2429
45 65 5093
45 2 1522
45 12 3512
45 54 1323
45 72 5128
45 46 2159
45 39 3826
45 60 5567
45 4 138
45 52 897
45 67 1419
45 14 2898
45 10 364
45 66 6109
45 9 92
45 31 5347
45 8 4795
45 53 3880
45 30 534
45 40 2309
45 50 5095
45 22 5968
45 69 5697
45 74 5353
45 35 5168
45 28 108
45 48 6217
45 47 598
45 21 3946
45 37 1665
45 13 5970
45 68 6028
45 15 2604
45 16 5743
45 11 4390
45 29 79
45 41 4777
45 32 6186
45 7 1165
45 64 762
45 33 4189
45 58 5092
45 71 661
45 36 663
45 18 3078
45 44 204
45 19 582
45 5 856
45 59 4409
45 56 5798
45 23 4362
45 62 1038
45 17 2014
45 73 343
45 25 2910
45 24 3709
45 27 2529
45 1 1053
45 38 835
45 6 3181
46 28 2042
46 44 2253
46 64 6299
46 35 1765
46 59 1554
46 74 791
46 20 570
46 45 6059
46 70 3170
46 19 1827
46 39 5948
46 40 4432
46 54 900
46 4 321
46 3 4226
46 71 3695
46 16 2411
46 55 2262
46 69 6146
46 61 4816
46 49 4001
46 72 3990
46 58 1267
46 47 4343
46 37 3101
46 73 1833
46 15 5194
46 6 2158
46 9 6133
46 56 1197
46 68 4946
46 41 1840
46 12 2565
46 17 577
46 63 3549
46 62 2735
46 36 2517
46 24 5337
46 13 3745
46 26 2791
46 11 3697
46 31 5670
46 48 316
46 25 621
46 57 4902
46 23 3133
46 30 5919
46 67 4333
46 38 2051
46 7 1922
46 43 5945
46 32 4350
46 27 2971
46 5 2423
46 33 5153
46 22 3783
46 51 1041
46 34 2874
46 18 5872
46 29 757
46 1 3397
47 75 3539
47 41 2159
47 5 4246
47 61 6013
47 50 727
47 35 5666
47 18 2243
47 53 1876
47 42 323
47 14 2491
47 52 3240
47 48 3289
47 62 3666
47 33 2563
47 3 3799
47 43 4487
47 71 1150
47 63 3260
47 68 1766
47 54 3550
47 70 4716
47 69 4329
47 22 4871
47 1 5077
47 72 1763
47 25 5186
47 49 1186
47 39 4132
47 58 4965
47 67 4694
47 6 3488
47 10 2852
47 8 6061
47 19 4407
47 57 2031
47 15 3668
47 13 1785
47 24 1965
47 9 6145
47 4 2987
47 44 5005
47 2 5282
47 32 3854
47 7 2727
47 30 6106
47 37 3454
47 60 332
47 17 3962
47 65 968
47 31 4917
47 36 5515
47 74 5516
47 23 1345
47 29 4526
47 11 2140
47 16 3875
48 41 264
48 10 329
48 75 3982
48 17 8
48 21 1499
48 3 3031
48 66 342
48 45 3850
48 33 3366
48 28 2229
48 74 2522
48 25 5958
48 8 1403
48 56 5955
48 63 3324
48 16 2053
48 30 2857
48 60 4930
48 58 2680
48 14 2520
48 55 287
48 43 4756
48 44 1347
48 61 3657
48 39 1853
48 51 920
48 13 2152
48 65 2801
48 49 3410
48 57 5783
48 19 4644
48 72 5390
48 15 3510
48 50 5541
48 9 1010
48 29 685
48 73 3956
48 40 4604
48 24 4296
48 67 1127
48 62 2773
48 5 2751
48 64 4374
48 23 2604
48 31 4939
48 36 4883
48 7 3430
48 20 1853
48 2 5612
48 26 5476
48 37 3337
48 4 3812
48 46 697
48 69 577
48 12 5680
48 70 4084
48 53 923
48 35 1249
48 54 281
48 38 1683
48 6 3377
48 27 358
48 1 3294
49 72 3753
49 11 1598
49 21 5535
49 13 4585
49 41 5413
49 67 519
49 51 3054
49 4 2498
49 38 4267
49 32 2185
49 61 665
49 62 3359
49 54 949
49 25 4820
49 3 305
49 30 1350
49 45 3763
49 70 6296
49 68 3437
49 33 4598
49 24 1052
49 37 1364
49 50 4278
49 35 5578
49 36 52
49 60 581
49 12 5147
49 64 1583
49 1 751
49 59 5827
49 75 2507
49 46 5877
49 15 4924
49 7 387
49 29 956
49 58 4676
49 56 5809
49 57 756
49 44 6205
49 48 4778
49 28 607
49 42 1566
49 20 4974
49 18 1058
49 2 3022
49 65 5218
49 73 5244
49 6 5500
49 8 5703
49 9 3690
49 5 2278
49 40 4458
49 74 4254
49 19 2229
49 66 853
49 27 4501
49 52 1779
50 5 4237
50 9 2893
50 37 3543
50 75 3574
50 51 5936
50 58 1723
50 48 1975
50 13 2934
50 32 164
50 28 105
50 12 578
50 49 2205
50 36 3758
50 52 6096
50 63 1469
50 72 6184
50 54 4847
50 33 1139
50 62 2873
50 26 1301
50 22 2864
50 27 4916
50 10 5617
50 29 6075
50 15 3023
50 30 1024
50 25 3125
50 73 5345
50 21 4943
50 57 362
50 18 2116
50 24 1505
50 70 198
50 60 6007
50 47 844
50 45 4552
50 71 2408
50 74 1863
50 59 1836
50 35 5176
50 6 4001
50 65 138
50 40 732
50 53 2572
50 8 5054
50 64 5321
50 4 1135
50 44 1929
50 41 298
50 43 3778
50 46 6291
50 39 2396
51 72 596
51 1 3527
51 40 1244
51 65 3577
51 67 341
51 32 2930
51 16 147
51 50 897
51 8 2978
51 54 5312
51 4 1171
51 61 3687
51 36 1427
51 19 559
51 57 4103
51 55 3308
51 27 5535
51 62 2104
51 14 4805
51 68 3878
51 53 2411
51 43 5076
51 63 388
51 38 2858
51 30 5458
51 39 6258
51 42 4442
51 17 445
51 60 6043
51 13 1751
51 46 573
51 12 1868
51 47 5068
51 3 4223
51 48 5977
51 73 5047
51 20 6251
51 35 4272
51 9 629
51 29 1047
51 31 1861
51 6 1044
51 70 5902
51 10 4578
51 33 860
51 45 1732
51 74 2647
51 2 5596
51 25 6229
51 37 141
51 34 702
51 28 3427
51 23 3068
52 68 4663
52 42 3619
52 73 131
52 13 3652
52 3 2779
52 63 2319
52 57 3804
52 7 6087
52 64 4636
52 34 5303
52 65 913
52 5 4331
52 12 2007
52 1 4501
52 69 4445
52 26 518
52 44 2440
52 55 1447
52 46 4190
52 22 5693
52 24 5063
52 45 2791
52 30 1620
52 33 3909
52 17 4674
52 56 4412
52 43 1907
52 10 768
52 75 6271
52 9 31
52 54 3233
52 71 1771
52 21 5121
52 49 560
52 60 2845
52 4 2470
52 67 5913
52 28 22
52 27 3808
52 48 1049
52 70 448
52 18 1355
52 47 3738
52 29 1392
52 32 1232
52 8 1930
52 74 3973
52 50 1990
52 11 4539
52 25 4791
52 72 3309
52 23 4763
52 37 3775
53 21 6060
53 9 4177
53 23 4159
53 22 3492
53 45 426
53 36 1480
53 15 3546
53 43 4396
53 7 3159
53 31 3148
53 2 3189
53 42 578
53 24 4712
53 63 4895
53 47 2673
53 46 3379
53 35 981
53 10 3292
53 37 2834
53 1 4694
53 27 2726
53 73 5390
53 74 2638
53 65 298
53 58 1265
53 17 1594
53 3 5203
53 54 1489
53 48 1417
53 67 3332
53 69 943
53 57 6202
53 62 5319
53 16 697
53 28 3919
53 55 1108
53 41 1307
53 33 2426
53 56 4416
53 34 3216
53 64 4110
53 39 1765
53 25 6156
53 6 4853
53 59 4069
53 38 3283
53 13 5005
53 11 4107
53 51 1088
53 4 5417
53 20 1478
53 68 5264
54 47 4958
54 8 4748
54 67 558
54 63 6250
54 49 937
54 48 3941
54 44 6113
54 34 864
54 16 5605
54 19 1024
54 65 3323
54 21 429
54 30 1665
54 29 3357
54 69 6030
54 1 6227
54 4 429
54 72 388
54 70 1157
54 40 5396
54 15 4005
54 53 5515
54 13 981
54 75 4191
54 64 411
54 68 5577
54 2 280
54 55 2187
54 57 295
54 59 2132
54 14 6133
54 39 434
54 56 2526
54 33 5027
54 61 2413
54 22 4687
54 7 4775
54 58 2360
54 62 2553
54 36 3312
54 25 1072
54 42 1169
54 6 579
54 46 2188
54 5 475
54 24 5769
54 71 6262
54 28 2301
54 26 3524
54 45 1253
54 23 6174
54 51 3366
54 35 4770
54 17 4947
54 12 4355
54 43 2629
55 32 1130
55 15 3799
55 72 1198
55 56 2490
55 62 2087
55 45 872
55 51 6120
55 50 879
55 2 2664
55 39 5208
55 74 1086
55 60 4960
55 44 5913
55 17 5321
55 11 3649
55 5 3271
55 36 5292
55 38 5624
55 71 3538
55 73 6157
55 19 5237
55 70 2398
55 58 3447
55 28 3403
55 37 3414
55 31 5793
55 16 1385
55 3 3497
55 4 3644
55 59 2197
55 30 250
55 7 548
55 35 446
55 61 2402
55 10 5589
55 63 4472
55 13 1192
55 23 3413
55 20 1540
55 34 2949
55 67 3333
55 42 948
55 27 2266
55 25 3795
55 22 4169
55 66 4100
55 53 3146
55 43 2075
55 48 3845
55 40 507
55 68 324
55 14 196
55 24 691
55 18 5593
55 49 3901
55 1 819
55 46 4737
55 47 3928
56 58 656
56 48 1035
56 21 35
56 60 3993
56 8 3045
56 39 4299
56 61 5300
56 66 722
56 31 5702
56 2 2933
56 75 4620
56 55 1542
56 19 385
56 9 5920
56 73 5235
56 64 4749
56 25 560
56 45 4884
56 50 1793
56 14 3041
56 24 541
56 29 1760
56 23 3653
56 65 167
56 26 6030
56 43 628
56 46 2672
56 41 5701
56 17 4865
56 62 3272
56 63 1940
56 52 1467
56 67 1556
56 68 5097
56 27 6205
56 32 4498
56 5 4603
56 37 1511
56 47 2983
56 70 677
56 42 767
56 10 4872
56 18 5060
56 30 2099
56 51 3661
56 34 1637
56 6 3934
56 13 3797
56 49 4587
56 71 2892
56 28 1073
56 22 6048
56 36 930
57 47 2631
57 64 3361
57 70 4873
57 71 920
57 4 2792
57 43 6196
57 19 5119
57 31 4636
57 10 3024
57 65 1645
57 53 2422
57 62 3133
57 16 2829
57 21 3185
57 22 1303
57 7 4723
57 11 83
57 48 6249
57 2 271
57 45 6104
57 28 3490
57 50 1800
57 20 3739
57 40 4623
57 44 3281
57 35 1949
57 41 5481
57 46 1897
57 29 603
57 24 2692
57 18 1057
57 54 1223
57 38 5511
57 34 2661
57 75 154
57 37 4709
57 27 4042
57 66 4707
57 15 6054
57 51 3611
57 36 304
57 32 1017
57 30 5254
57 12 403
57 59 4059
57 67 3140
57 1 1944
57 6 4102
57 60 5774
57 63 4651
57 3 141
58 4 1207
58 8 5696
58 75 3091
58 64 3556
58 51 5583
58 45 144
58 47 1490
58 22 2490
58 73 5147
58 68 3698
58 35 2110
58 20 523
58 36 185
58 29 1558
58 43 2754
58 48 4092
58 38 6228
58 74 4659
58 16 1153
58 40 8
58 2 3256
58 46 5980
58 69 5
58 41 5143
58 19 5604
58 59 1173
58 66 810
58 27 2079
58 10 2735
58 25 312
58 62 1177
58 67 2665
58 15 3974
58 31 2977
58 33 2825
58 14 4144
58 12 704
58 24 1207
58 28 4883
58 61 3226
58 18 2743
58 72 4540
58 44 651
58 17 4137
58 49 2430
58 53 2365
58 70 4711
58 21 3759
58 55 4578
58 32 3501
58 71 3908
58 56 4343
58 7 3485
58 54 1694
58 39 3585
58 5 9
58 6 579
58 34 1684
58 52 3021
58 11 4114
58 63 5616
58 60 4461
59 52 2503
59 8 47
59 74 978
59 49 1306
59 62 2507
59 72 1256
59 56 1803
59 2 3860
59 30 792
59 60 742
59 18 1845
59 45 5701
59 17 1847
59 27 2874
59 32 2850
59 13 447
59 73 3704
59 29 5912
59 75 3791
59 44 4151
59 5 4298
59 39 5833
59 41 3810
59 40 1139
59 33 1148
59 38 2706
59 14 5971
59 65 428
59 63 1880
59 36 1828
59 69 1684
59 21 5665
59 6 5869
59 15 3172
59 42 1904
59 10 1849
59 3 5895
59 16 3726
59 67 1107
59 64 1818
59 11 5570
59 23 5235
59 25 4755
59 34 2596
59 20 539
59 22 1789
59 4 4844
59 35 5376
59 1 4960
59 28 32
59 24 4339
59 53 153
60 66 4427
60 28 993
60 11 366
60 17 5545
60 4 3896
60 41 6263
60 68 2686
60 53 718
60 64 3012
60 72 1412
60 1 4610
60 18 5242
60 59 3197
60 65 2011
60 29 1422
60 44 1371
60 10 6061
60 38 3198
60 49 3582
60 69 275
60 31 3870
60 14 3435
60 19 1160
60 36 4847
60 39 2904
60 74 2008
60 2 1024
60 15 2486
60 22 5203
60 57 5272
60 16 3467
60 42 2037
60 67 5567
60 21 1795
60 35 23
60 58 5704
60 63 1816
60 62 3779
60 52 3024
60 40 4418
60 34 2677
60 46 3558
60 7 459
60 48 2385
60 45 3119
60 5 2440
60 3 5366
60 30 2372
60 71 3502
60 55 5927
60 50 5574
60 9 2368
60 6 2479
60 56 6065
60 70 1741
60 61 4278
60 33 4735
61 45 1051
61 24 1187
61 8 3330
61 14 2685
61 36 3178
61 28 3578
61 7 4609
61 11 4862
61 64 72
61 41 1230
61 54 1591
61 39 1584
61 3 4669
61 75 5055
61 4 6252
61 52 3212
61 50 4619
61 58 4487
61 19 3036
61 46 425
61 42 1634
61 38 4353
61 20 4699
61 2 4553
61 72 6054
61 22 5664
61 27 5071
61 57 1986
61 73 3314
61 21 4616
61 33 1828
61 48 2004
61 32 6201
61 35 316
61 12 553
61 55 2159
61 1 791
61 67 2300
61 18 816
61 30 647
61 70 786
61 53 2440
61 63 1727
61 66 3739
61 15 725
61 25 297
61 40 6264
61 34 5255
61 23 2904
61 16 5941
61 59 4682
61 49 4382
61 37 4013
62 3 3981
62 72 3495
62 14 2213
62 4 892
62 48 5306
62 47 1142
62 6 48
62 26 2471
62 20 494
62 57 5928
62 65 1725
62 22 677
62 13 1612
62 75 5199
62 59 222
62 69 1983
62 27 1114
62 17 2051
62 38 6059
62 45 4019
62 10 1935
62 12 2551
62 68 4065
62 43 5975
62 11 5719
62 5 4350
62 73 471
62 29 3396
62 2 502
62 30 1357
62 52 4284
62 9 4364
62 15 2433
62 46 1846
62 32 6019
62 44 3265
62 37 5447
62 70 3967
62 1 4658
62 55 3656
62 58 3204
62 66 881
62 63 4214
62 7 2490
62 28 2641
62 49 2320
62 19 3257
62 51 3192
62 67 996
62 64 4104
62 24 2236
62 16 1814
62 56 4963
62 60 923
62 50 2336
62 8 3442
62 18 4217
62 71 5435
62 23 5134
62 39 1721
62 34 895
63 3 4645
63 48 5812
63 5 3002
63 34 906
63 42 1438
63 37 3731
63 38 3516
63 16 2082
63 35 2006
63 65 1146
63 61 4302
63 10 3162
63 6 2723
63 27 3428
63 11 4621
63 73 5661
63 21 6177
63 25 4545
63 33 3693
63 24 4126
63 47 559
63 66 1398
63 45 3683
63 26 4893
63 60 5019
63 13 2770
63 43 2594
63 70 4899
63 68 575
63 7 3911
63 72 754
63 59 376
63 62 4166
63 52 2018
63 1 5970
63 50 5406
63 54 4028
63 23 2987
63 20 1619
63 49 6056
63 46 779
63 4 2539
63 57 4525
63 22 5228
63 9 5515
63 41 4100
63 12 306
63 44 790
63 2 5481
63 71 3984
63 51 1757
63 28 215
63 75 902
64 24 2775
64 31 5705
64 73 3604
64 19 5413
64 7 5716
64 54 749
64 33 2739
64 15 1082
64 35 2813
64 18 4305
64 60 431
64 61 5239
64 50 5703
64 55 1973
64 57 3473
64 46 5154
64 30 721
64 71 6268
64 37 6010
64 65 3289
64 4 3264
64 59 6271
64 34 4833
64 5 3933
64 38 1621
64 63 940
64 6 4127
64 27 3960
64 10 1709
64 58 6169
64 44 2895
64 41 4583
64 74 6096
64 22 250
64 32 4147
64 26 5243
64 9 4685
64 14 2096
64 68 2158
64 51 3534
64 12 5780
64 20 4011
64 21 5271
64 3 1929
64 29 4455
64 47 544
64 69 3916
64 43 3671
64 75 3167
64 52 104
64 45 2639
64 67 1204
64 16 4503
64 2 98
64 40 882
64 49 2980
64 42 1851
65 46 511
65 24 1898
65 31 5845
65 32 5665
65 11 2744
65 28 686
65 4 2068
65 17 3903
65 23 5978
65 69 2338
65 30 2655
65 70 2030
65 42 3655
65 47 1054
65 14 5395
65 7 4259
65 56 3304
65 71 2215
65 75 4906
65 1 2906
65 55 2877
65 54 4325
65 38 1871
65 8 1764
65 63 3300
65 21 303
65 62 244
65 51 592
65 43 1195
65 20 1221
65 39 3248
65 2 1867
65 40 3894
65 16 5878
65 15 5106
65 25 3222
65 37 4673
65 68 215
65 12 1632
65 35 2706
65 45 4647
65 34 2491
65 18 467
65 53 3583
65 13 5758
65 6 1588
65 67 3112
65 60 4340
65 48 2649
65 61 5770
66 39 5456
66 42 3595
66 46 1612
66 67 2458
66 53 3020
66 18 6039
66 27 4285
66 33 1149
66 22 5693
66 1 1491
66 5 4890
66 52 5828
66 17 1936
66 16 6059
66 61 4229
66 70 3703
66 60 3997
66 13 1936
66 68 2602
66 38 1782
66 7 4995
66 4 320
66 49 1045
66 63 873
66 65 2709
66 11 1353
66 59 770
66 24 6106
66 3 4191
66 73 185
66 43 1332
66 45 410
66 36 1743
66 26 2775
66 20 3119
66 64 4930
66 9 4365
66 30 5753
66 56 4500
66 37 4107
66 40 5186
66 21 5784
66 14 3671
66 48 3561
66 34 4764
66 23 3980
66 72 3660
66 6 1238
66 71 204
66 15 3575
66 31 532
66 29 2513
66 62 5123
66 54 1918
66 57 4823
66 51 2815
66 32 3593
66 35 4979
67 49 3425
67 36 3554
67 70 2081
67 59 1292
67 52 2902
67 19 5719
67 12 1773
67 35 2799
67 61 5081
67 15 1678
67 58 1017
67 40 2804
67 4 4705
67 62 5763
67 53 5380
67 41 809
67 22 6236
67 55 3826
67 56 308
67 3 5394
67 27 3594
67 51 3872
67 64 3367
67 66 1955
67 5 6048
67 13 4126
67 2 5126
67 65 4409
67 21 192
67 20 3871
67 23 5689
67 30 4285
67 68 5366
67 33 3319
67 14 781
67 24 625
67 63 1101
67 47 2644
67 54 1443
67 48 1797
67 57 6015
67 18 4143
67 32 5379
67 44 2232
67 9 1638
67 37 3803
67 28 15
67 38 5463
67 72 6182
67 42 2325
67 45 4098
67 71 3681
67 6 5500
67 74 5471
67 25 757
68 31 4448
68 20 4488
68 6 3414
68 60 5944
68 21 4913
68 67 1253
68 38 2257
68 64 3558
68 55 5544
68 29 2248
68 39 5341
68 47 2438
68 53 3805
68 17 4420
68 48 2586
68 13 4846
68 5 4108
68 22 879
68 12 1349
68 25 4312
68 51 608
68 63 5449
68 61 4016
68 65 4436
68 56 5949
68 42 894
68 14 3741
68 15 4700
68 8 4882
68 23 3936
68 18 4174
68 73 3402
68 71 4887
68 46 5529
68 75 31
68 27 4755
68 19 4580
68 40 5166
68 32 1946
68 3 2741
68 1 6207
68 62 510
68 57 361
68 74 2747
68 54 5571
68 45 6119
68 70 5424
68 36 2927
68 59 1863
68 28 242
68 58 367
68 9 5731
68 11 808
68 7 6144
68 37 5780
68 52 3539
69 66 353
69 11 957
69 68 2610
69 19 2798
69 65 4188
69 39 4387
69 32 2595
69 25 4824
69 21 2172
69 58 26
69 50 4514
69 17 4822
69 64 4776
69 53 699
69 18 1711
69 48 2317
69 20 2195
69 26 6243
69 73 997
69 22 1345
69 28 1790
69 34 658
69 44 2043
69 56 565
69 30 1787
69 43 5262
69 7 5019
69 47 2408
69 51 5874
69 60 4467
69 67 4714
69 8 4178
69 62 5898
69 54 2317
69 3 5203
69 4 603
69 61 1012
69 57 2340
69 46 2122
69 5 1643
69 55 6189
69 41 5351
69 33 4953
69 15 3223
69 45 4872
69 9 821
69 1 2220
69 37 5772
69 2 2556
70 38 5814
70 15 6205
70 11 3804
70 57 1945
70 17 4641
70 45 3951
70 52 843
70 2 5877
70 23 1449
70 43 904
70 74 3211
70 28 6056
70 53 2351
70 8 3200
70 31 1926
70 1 4802
70 18 924
70 22 647
70 59 5095
70 48 4514
70 66 6209
70 26 2902
70 5 581
70 54 4870
70 46 4401
70 4 5020
70 67 6274
70 62 3285
70 30 3598
70 73 4886
70 7 2207
70 25 5992
70 19 2313
70 69 5153
70 37 4476
70 10 899
70 6 4869
70 65 3838
70 35 4404
70 16 1024
70 24 653
70 3 828
70 41 1079
70 49 3956
70 14 4465
70 71 3458
70 33 5247
70 64 4717
70 42 4246
70 68 3868
70 63 916
70 47 3856
71 73 4160
71 37 674
71 52 3479
71 11 2408
71 34 3810
71 48 6130
71 4 3228
71 60 437
71 63 3884
71 25 1884
71 58 5439
71 19 585
71 68 3334
71 20 318
71 69 415
71 44 1786
71 14 322
71 16 629
71 61 5346
71 41 5658
71 43 2410
71 22 1330
71 7 818
71 55 1265
71 47 734
71 17 3581
71 2 2716
71 13 5333
71 40 3443
71 15 61
71 65 5471
71 38 680
71 49 3044
71 1 201
71 53 4769
71 3 2152
71 45 5722
71 74 137
71 9 3186
71 31 3250
71 50 3721
71 6 783
71 36 3390
71 66 1492
71 51 4960
71 8 3760
71 30 5968
71 46 5661
71 28 2847
71 67 3185
71 70 5820
71 32 2407
71 33 2284
71 42 5355
71 59 1461
71 64 1600
71 10 1844
72 54 2627
72 33 4756
72 62 1027
72 58 3087
72 12 6156
72 24 4776
72 13 1489
72 9 2670
72 51 5232
72 10 1842
72 23 5327
72 59 6009
72 50 2067
72 29 6216
72 65 805
72 16 402
72 22 3919
72 46 5852
72 32 651
72 68 2079
72 75 2895
72 38 5501
72 43 2256
72 53 1379
72 7 75
72 69 2718
72 47 3641
72 35 466
72 3 461
72 44 3804
72 21 1022
72 74 2892
72 67 1607
72 60 5986
72 42 4805
72 61 2785
72 19 4756
72 2 5275
72 52 5561
72 34 328
72 71 157
72 6 706
72 17 2596
72 73 3997
72 30 1751
72 48 1842
72 26 201
72 39 5636
72 49 5589
72 57 4543
72 15 2041
72 56 2305
72 18 2487
72 27 5305
72 31 5822
72 40 112
72 37 4645
72 41 3905
72 64 3984
72 1 239
72 36 3215
73 26 5257
73 23 1757
73 37 1229
73 75 1960
73 58 4895
73 17 953
73 54 4968
73 20 5242
73 27 613
73 36 4787
73 30 2852
73 46 5179
73 52 3033
73 29 2406
73 4 2794
73 50 4133
73 59 6186
73 42 1866
73 6 2521
73 9 1488
73 63 1696
73 10 379
73 25 5224
73 32 3327
73 70 2866
73 12 1544
73 44 967
73 60 3376
73 66 997
73 64 707
73 48 5086
73 28 4519
73 8 1731
73 11 1694
73 45 4955
73 35 364
73 14 4933
73 39 3363
73 34 4047
73 33 1569
73 31 2913
73 18 3407
73 24 1737
73 41 3423
73 74 6105
73 3 4266
73 65 878
73 49 4466
73 53 3803
73 16 4081
73 15 5323
73 13 2416
73 57 1077
73 69 5235
73 71 5745
73 1 4870
74 5 377
74 6 2216
74 70 4539
74 60 5175
74 1 5983
74 62 1557
74 16 4307
74 41 5792
74 19 5092
74 55 2655
74 69 4438
74 25 2442
74 22 5451
74 44 1020
74 23 1940
74 37 1871
74 47 718
74 61 3256
74 32 3414
74 43 916
74 65 3588
74 56 3032
74 50 2467
74 73 5529
74 15 1428
74 40 1611
74 26 2221
74 63 5882
74 48 2507
74 14 1511
74 45 4461
74 59 3228
74 21 2
74 33 1761
74 24 4215
74 11 5169
74 30 1472
74 20 5217
74 52 573
74 64 1479
74 39 2562
74 34 2231
74 28 2646
74 17 2479
74 10 1913
74 51 4053
74 9 3429
74 38 1161
74 7 3017
74 72 4595
74 68 3052
74 66 5809
74 27 368
74 4 5251
74 35 1825
74 31 3954
74 75 5617
74 54 5996
74 2 5575
74 18 5171
75 9 2567
75 67 339
75 25 6280
75 43 3474
75 57 4557
75 34 3697
75 10 5211
75 63 521
75 22 1197
75 2 1959
75 44 2376
75 18 2400
75 14 3814
75 8 4581
75 40 4876
75 4 3275
75 6 1835
75 45 1613
75 23 4346
75 3 3376
75 64 3892
75 65 5306
75 59 973
75 72 546
75 33 1118
75 31 1580
75 60 3472
75 49 1990
75 69 125
75 21 4773
75 74 3853
75 71 3007
75 46 5831
75 56 627
75 5 4031
75 16 1187
75 30 5019
75 48 152
75 24 1501
75 36 5590
75 12 2710
75 70 1909
75 19 459
75 55 5273
75 54 3487
75 61 1041
75 50 4243
