50 2300
1 45 2500
1 9 3757
1 16 1395
1 38 1032
1 21 1217
1 28 2504
1 44 3453
1 29 2630
1 24 3279
1 33 2710
1 31 1280
1 35 3290
1 49 758
1 2 1136
1 17 1744
1 43 3833
1 11 1268
1 8 2059
1 48 1137
1 47 611
1 37 3219
1 15 1603
1 40 1680
1 39 3168
1 14 4108
1 30 1177
1 12 2863
1 13 1044
1 32 2784
1 36 2829
1 41 2314
1 7 2424
1 19 3725
1 20 2813
1 46 1793
1 42 4179
1 26 3482
1 25 961
1 3 3996
1 50 3850
1 4 2813
1 34 3097
1 10 4495
1 5 839
1 22 544
1 27 1976
1 6 1669
1 18 1714
2 24 991
2 37 3172
2 7 3197
2 4 2926
2 32 2235
2 36 2690
2 38 4134
2 11 1915
2 40 3048
2 49 1144
2 21 4490
2 45 2541
2 25 2364
2 16 2421
2 3 1035
2 39 1154
2 48 306
2 31 3735
2 19 1512
2 28 4131
2 43 2725
2 13 1608
2 10 4
2 29 728
2 44 561
2 30 395
2 47 2140
2 8 4249
2 46 3122
2 33 1416
2 18 1954
2 12 3309
2 6 3764
2 41 2593
2 17 2415
2 23 179
2 9 447
2 35 29
2 14 3481
2 34 4415
2 20 2618
2 26 108
2 15 2794
2 50 709
2 22 1043
2 5 2748
2 1 439
2 27 12
3 34 2782
3 7 284
3 18 2628
3 19 812
3 26 2416
3 21 3374
3 23 284
3 38 3312
3 11 3008
3 16 3519
3 13 1213
3 25 621
3 6 4024
3 29 1995
3 44 1634
3 22 4345
3 50 2869
3 30 303
3 37 4219
3 48 1870
3 46 3028
3 24 1729
3 15 1673
3 45 1886
3 41 2560
3 1 3382
3 20 2520
3 9 3297
3 49 3611
3 39 3880
3 14 1715
3 17 4272
3 42 2262
3 28 3307
3 47 1867
3 4 3082
3 36 1791
3 31 3961
3 33 886
3 2 3312
3 12 1242
3 40 3710
3 43 4044
3 5 447
3 10 2165
3 32 2247
3 35 2938
3 8 4192
4 24 3620
4 25 1604
4 2 4109
4 6 1293
4 21 2514
4 38 3514
4 31 3553
4 30 3183
4 16 3856
4 10 2574
4 20 2957
4 45 776
4 50 4378
4 15 1958
4 3 2074
4 23 2016
4 27 636
4 22 443
4 5 2672
4 7 4437
4 11 949
4 48 2956
4 40 3192
4 44 2735
4 39 623
4 42 2558
4 19 3673
4 9 4211
4 26 2702
4 14 2019
4 41 4329
4 35 3951
4 12 3710
4 46 2882
4 28 2025
4 1 2979
4 29 2048
4 32 2161
4 47 3909
4 36 1874
4 13 3916
4 49 4060
4 8 3040
5 28 1916
5 10 2221
5 2 3834
5 31 1636
5 4 1093
5 27 1158
5 19 197
5 29 4413
5 26 2726
5 36 294
5 7 1782
5 41 355
5 23 3840
5 17 365
5 32 2187
5 47 4199
5 48 1822
5 44 50
5 8 4443
5 15 2656
5 1 1063
5 34 2555
5 46 671
5 14 2270
5 24 33
5 38 1622
5 20 671
5 37 2880
5 22 1364
5 6 3982
5 43 247
5 42 2419
5 40 2551
5 35 2634
5 11 1884
5 49 475
5 13 1101
5 16 4064
5 39 4249
5 18 1613
5 3 4271
5 21 140
5 33 3573
5 25 3597
5 30 1184
5 50 1568
6 33 3532
6 40 3370
6 50 3799
6 28 451
6 27 3952
6 29 241
6 36 3498
6 10 2256
6 22 2203
6 13 3061
6 3 1128
6 1 3355
6 9 2445
6 30 1118
6 37 2903
6 31 2135
6 24 1639
6 2 4206
6 25 2216
6 23 97
6 26 1405
6 11 3696
6 19 1260
6 47 1521
6 32 1189
6 42 4264
6 14 2576
6 34 2953
6 15 3887
6 48 1560
6 4 2817
6 38 2375
6 18 2725
6 44 26
6 17 2282
6 12 212
6 49 2240
6 21 3996
6 46 740
6 45 1881
6 20 3377
6 41 951
7 29 978
7 47 3346
7 41 2710
7 31 4433
7 20 1252
7 32 2664
7 42 354
7 34 2810
7 6 1897
7 11 605
7 15 940
7 40 1790
7 5 1676
7 28 4112
7 24 2764
7 37 4447
7 10 2233
7 46 1703
7 27 1233
7 13 2239
7 4 105
7 12 53
7 16 3051
7 35 2026
7 3 2422
7 22 4461
7 17 1382
7 14 328
7 36 2549
7 44 1978
7 23 2345
7 8 588
7 18 3712
7 38 1066
7 19 883
7 26 149
7 1 2047
7 43 3934
7 39 77
7 2 2887
7 48 1897
7 9 4206
7 45 391
7 33 4050
7 49 343
7 25 889
8 6 581
8 10 419
8 14 3552
8 19 1557
8 27 1733
8 7 566
8 30 3804
8 15 720
8 24 1767
8 29 3491
8 37 3581
8 44 340
8 34 4141
8 35 1875
8 5 2764
8 45 385
8 32 956
8 2 2701
8 17 492
8 46 3895
8 4 4127
8 48 3936
8 25 1092
8 47 3792
8 20 3689
8 16 3743
8 49 2411
8 33 2248
8 11 4095
8 28 16
8 31 3619
8 39 2603
8 3 294
8 41 2377
8 26 929
8 13 4001
8 50 1716
8 38 4245
8 18 2792
8 36 676
8 22 2891
8 23 882
8 12 788
8 9 1063
8 40 2074
8 42 3695
8 21 2863
9 20 2885
9 50 1052
9 31 3115
9 28 720
9 6 809
9 13 497
9 8 3169
9 22 2787
9 37 3324
9 49 4183
9 21 681
9 10 511
9 43 3559
9 46 1075
9 42 3481
9 35 1105
9 11 994
9 19 3715
9 23 2850
9 39 1485
9 17 4272
9 34 1860
9 41 4313
9 7 3817
9 30 3058
9 14 516
9 2 3417
9 1 1747
9 44 2464
9 12 3019
9 5 1925
9 32 742
9 16 183
9 40 4157
9 18 2477
9 29 546
9 15 2364
9 24 1784
9 47 2068
9 3 240
9 26 1696
9 25 474
9 27 363
9 33 1118
9 38 2325
9 48 2817
10 40 4092
10 33 475
10 32 2035
10 49 2906
10 7 583
10 46 2033
10 22 4480
10 9 3972
10 35 410
10 20 2182
10 15 895
10 6 1560
10 26 3599
10 31 3036
10 43 3802
10 39 2255
10 50 1373
10 3 4292
10 28 93
10 30 1246
10 21 1476
10 44 2658
10 45 3136
10 4 1953
10 42 1221
10 2 2530
10 48 453
10 5 2507
10 36 527
10 1 1802
10 38 1812
10 12 1567
10 8 1779
10 23 3487
10 27 1773
10 37 2727
10 17 3107
10 18 3626
10 41 992
10 34 3593
10 25 1348
10 47 2639
10 14 3067
10 29 3390
10 13 519
10 19 376
10 24 3075
10 11 3823
11 8 2598
11 28 314
11 25 2461
11 14 765
11 49 2605
11 45 3606
11 13 4344
11 35 2662
11 22 2805
11 4 1399
11 40 2710
11 23 3868
11 41 927
11 26 2681
11 31 289
11 12 641
11 10 551
11 50 2833
11 48 3283
11 44 3657
11 21 3228
11 9 229
11 39 4423
11 33 3612
11 15 1295
11 6 3301
11 7 2267
11 47 906
11 24 691
11 37 1576
11 3 1683
11 36 1729
11 16 640
11 1 1847
11 29 1200
11 5 2302
11 27 3455
11 2 3168
11 32 2306
11 38 4111
11 43 2087
11 34 2794
11 17 3758
12 27 3509
12 50 4066
12 20 2110
12 16 3301
12 9 1675
12 35 1029
12 8 2417
12 22 406
12 32 3125
12 45 4226
12 38 50
12 28 2422
12 42 2825
12 23 2288
12 15 2009
12 17 69
12 49 2912
12 24 4215
12 13 3381
12 10 4338
12 29 1925
12 36 4185
12 40 874
12 30 3970
12 37 355
12 14 2155
12 43 665
12 31 1365
12 25 12
12 48 4254
12 7 1334
12 19 922
12 4 2809
12 34 2488
12 26 1963
12 44 1705
12 1 1775
12 21 3713
12 18 4308
12 39 99
12 2 3789
12 41 1490
12 33 3986
12 11 989
12 46 807
12 47 1999
12 5 4466
13 49 2881
13 41 1008
13 18 2369
13 3 2299
13 40 3231
13 39 2132
13 6 1462
13 38 1056
13 14 364
13 15 4169
13 4 3063
13 37 327
13 33 1100
13 10 3635
13 1 80
13 46 1466
13 22 1765
13 32 4298
13 8 1515
13 19 2243
13 28 4134
13 48 2863
13 21 235
13 44 4491
13 45 1278
13 42 1869
13 24 3907
13 9 2122
13 2 1808
13 23 3052
13 47 2998
13 7 1657
13 43 1430
13 50 4265
13 30 3529
13 11 875
13 12 3164
13 5 4190
13 26 2015
13 25 2980
13 16 4166
13 17 2959
13 35 3188
13 31 1090
13 34 4206
13 27 582
13 29 1120
14 32 3507
14 18 2470
14 49 3618
14 1 1142
14 35 2594
14 45 3389
14 3 2614
14 44 4144
14 7 3117
14 15 1561
14 26 3852
14 19 4067
14 37 1636
14 16 2280
14 4 4112
14 31 4099
14 29 2477
14 47 4270
14 23 3320
14 21 2712
14 34 2014
14 10 704
14 48 3844
14 8 3798
14 22 1365
14 20 2561
14 46 4266
14 42 4451
14 50 1082
14 40 58
14 17 2107
14 9 2210
14 39 1252
14 2 73
14 11 883
14 33 3369
14 12 3106
14 28 1469
14 6 2502
14 5 2339
14 13 2022
14 36 4302
14 43 1185
14 30 3340
14 27 1088
14 25 3573
15 27 3042
15 7 1907
15 28 4345
15 31 896
15 6 1835
15 13 2305
15 2 3128
15 22 1755
15 16 347
15 41 2116
15 49 2081
15 46 697
15 1 2416
15 38 1770
15 20 2533
15 24 4062
15 33 2230
15 47 3396
15 30 1372
15 23 2561
15 32 2872
15 44 221
15 19 2414
15 12 2315
15 50 397
15 48 2177
15 26 3437
15 14 3214
15 10 3861
15 17 4399
15 11 2669
15 42 3031
15 29 67
15 43 928
15 21 1054
15 34 2057
15 8 3432
15 25 4439
15 35 2391
15 18 1997
15 4 1664
15 5 617
15 45 978
15 40 22
15 37 3651
15 9 4155
16 47 4142
16 12 4083
16 7 3773
16 8 432
16 29 3125
16 41 90
16 18 2681
16 32 507
16 10 1339
16 34 3995
16 11 3208
16 50 3426
16 3 1698
16 28 3146
16 23 1460
16 14 3253
16 24 1887
16 15 4136
16 26 2459
16 6 812
16 39 3251
16 33 2409
16 31 3969
16 30 4068
16 1 624
16 40 955
16 38 1729
16 27 2608
16 44 681
16 2 1343
16 36 3091
16 17 3539
16 25 2908
16 20 2976
16 35 3624
16 21 3063
16 48 1224
16 4 605
16 43 3076
16 9 529
16 49 1220
16 19 1408
16 5 3904
17 46 4208
17 27 2217
17 48 3316
17 20 1912
17 15 3474
17 39 2836
17 9 3580
17 25 3210
17 4 778
17 19 3353
17 36 128
17 23 1743
17 47 2371
17 49 1887
17 34 1307
17 44 245
17 37 714
17 24 3802
17 22 3319
17 35 2065
17 31 982
17 40 4163
17 50 173
17 38 139
17 3 3791
17 16 3760
17 26 427
17 7 2056
17 8 3415
17 32 3943
17 5 2748
17 14 854
17 28 781
17 12 2910
17 30 2602
17 29 3135
17 11 1937
17 45 4389
17 10 3099
17 41 1025
17 18 885
17 43 3030
17 42 1521
17 13 4307
17 33 2271
17 1 2064
18 12 4204
18 4 1599
18 50 502
18 14 3204
18 8 803
18 47 1364
18 27 2718
18 28 126
18 10 2471
18 44 3258
18 21 1320
18 17 4493
18 39 45
18 11 40
18 24 474
18 31 3296
18 19 1971
18 13 1230
18 1 387
18 22 867
18 34 3611
18 45 3209
18 16 2677
18 2 2184
18 15 1763
18 38 3687
18 23 22
18 29 3719
18 42 1498
18 40 3228
18 9 1708
18 20 1044
18 32 4340
18 43 310
18 46 1778
18 25 923
18 26 3507
18 30 3387
18 36 1306
18 5 1721
18 35 893
18 3 140
18 37 3743
18 49 1040
18 48 4241
18 33 4465
19 24 2216
19 36 3136
19 43 2232
19 45 4490
19 20 1593
19 11 3716
19 17 2823
19 34 3181
19 30 1030
19 4 1460
19 37 4315
19 35 4134
19 9 348
19 13 2483
19 47 3891
19 7 3522
19 32 2027
19 5 1589
19 2 1090
19 28 2748
19 21 3376
19 3 2108
19 44 4487
19 42 1008
19 38 4094
19 10 3617
19 15 3193
19 1 2087
19 18 643
19 6 2621
19 31 149
19 23 4218
19 27 3802
19 25 3123
19 29 2466
19 14 794
19 16 1074
19 33 1892
19 50 3085
19 39 2243
19 26 3458
19 12 4303
19 48 813
19 8 3193
19 41 2693
19 46 2822
20 44 521
20 22 4087
20 32 3555
20 26 3421
20 50 4046
20 40 3647
20 23 2186
20 4 103
20 28 1128
20 14 2753
20 49 2743
20 13 1731
20 37 390
20 11 4197
20 3 354
20 2 1242
20 5 2581
20 18 1968
20 29 3712
20 10 2624
20 7 3541
20 46 2500
20 16 2856
20 9 4163
20 34 93
20 41 3100
20 45 1809
20 35 1031
20 6 1265
20 1 1376
20 24 4137
20 25 561
20 27 3169
20 43 4462
20 42 3672
20 8 3110
20 47 645
20 36 3946
20 19 1480
20 12 2039
20 39 795
20 31 1850
20 33 1320
20 38 1730
21 50 2029
21 18 3692
21 43 3809
21 48 3305
21 1 3940
21 15 543
21 23 4303
21 41 3630
21 38 4102
21 20 2178
21 34 320
21 25 4109
21 5 2938
21 3 2387
21 11 2667
21 28 2630
21 29 4248
21 9 3410
21 40 174
21 17 2670
21 10 2255
21 8 3211
21 45 2881
21 33 1730
21 7 2900
21 36 552
21 16 3940
21 49 4410
21 39 1342
21 31 3551
21 13 3719
21 27 392
21 14 4146
21 30 1495
21 6 4189
21 4 4291
21 32 2492
21 35 212
21 12 3110
21 2 2857
21 37 1390
21 46 2501
21 22 2970
21 47 78
21 24 1734
21 26 3430
22 32 347
22 6 4241
22 24 2047
22 9 4004
22 45 335
22 27 3722
22 35 12
22 4 1160
22 12 3370
22 44 2921
22 48 2929
22 29 4240
22 34 2467
22 8 3687
22 10 1769
22 40 598
22 33 91
22 14 3557
22 1 1688
22 2 3649
22 30 1896
22 5 1020
22 37 1118
22 19 2145
22 31 2819
22 46 2137
22 41 558
22 28 3641
22 26 1497
22 7 2752
22 13 1525
22 36 2731
22 38 967
22 20 2699
22 23 513
22 21 3693
22 25 2686
22 3 2373
22 50 3519
22 43 2392
22 42 738
22 39 2589
22 17 3622
22 49 1389
23 26 343
23 24 3931
23 5 3335
23 16 152
23 3 269
23 20 954
23 36 1329
23 49 4411
23 43 3259
23 50 1999
23 27 4344
23 39 1748
23 29 11
23 11 3806
23 40 4360
23 9 1415
23 18 430
23 34 4228
23 1 1065
23 8 1970
23 38 552
23 7 1355
23 37 1022
23 33 2147
23 47 169
23 41 3605
23 10 2042
23 2 1046
23 35 2942
23 14 2317
23 45 2218
23 4 4238
23 28 2924
23 25 4013
23 17 3520
23 15 4256
23 31 3368
23 13 3569
23 46 1392
23 21 3842
23 32 111
23 30 4086
23 12 16
23 19 4109
24 33 2585
24 6 2944
24 21 2903
24 30 429
24 46 3775
24 23 4248
24 32 324
24 47 16
24 18 1416
24 16 3028
24 41 612
24 27 780
24 19 94
24 45 4488
24 25 1799
24 38 30
24 26 4328
24 13 2426
24 2 2707
24 4 4101
24 49 2565
24 34 4188
24 7 1460
24 36 1153
24 37 2626
24 28 43
24 10 83
24 42 2816
24 40 1384
24 1 1717
24 29 3282
24 17 3616
24 9 3188
24 20 1612
24 35 371
24 3 3300
24 31 3945
24 44 4150
24 14 2766
24 5 1436
24 43 4403
24 39 843
24 12 4405
24 22 784
24 15 528
24 11 3994
24 48 2426
24 50 1499
24 8 1857
25 41 2652
25 26 3846
25 33 1211
25 37 1102
25 28 2192
25 4 2982
25 36 2745
25 47 2239
25 3 3384
25 34 1717
25 10 3628
25 16 316
25 12 1032
25 14 3273
25 7 3966
25 19 1992
25 43 2076
25 21 1611
25 50 278
25 18 2473
25 38 709
25 32 2356
25 20 3211
25 27 612
25 30 253
25 8 4043
25 11 3639
25 13 659
25 35 1273
25 22 3968
25 42 3752
25 23 1652
25 6 2589
25 31 1128
25 48 3098
25 5 159
25 46 4331
25 29 1411
25 39 4223
25 45 4194
25 17 4428
25 15 2280
25 44 3433
25 2 840
26 6 1174
26 49 3425
26 41 1507
26 20 2070
26 31 3565
26 23 372
26 8 3833
26 25 1573
26 24 771
26 5 1702
26 37 4100
26 13 2367
26 33 3308
26 38 1433
26 39 1154
26 35 2248
26 48 1124
26 30 3127
26 16 2422
26 15 2625
26 7 2209
26 4 2953
26 40 4474
26 19 248
26 9 511
26 28 3764
26 21 1250
26 32 1047
26 12 207
26 46 755
26 10 4289
26 44 4212
26 2 3253
26 34 3007
26 43 3932
26 29 1682
26 11 2638
26 47 3432
26 1 470
26 27 2200
26 18 2739
26 14 1429
26 45 3637
26 42 196
26 17 1642
26 22 3929
27 31 2247
27 10 3039
27 50 3351
27 16 3316
27 43 4339
27 48 1531
27 22 4102
27 38 4111
27 3 870
27 28 3086
27 18 3431
27 21 599
27 47 2422
27 9 1611
27 2 3157
27 20 1262
27 40 1115
27 35 4024
27 41 2910
27 8 4066
27 30 3262
27 33 2217
27 45 2716
27 11 4281
27 12 778
27 29 1710
27 39 2105
27 34 3492
27 32 2842
27 13 2070
27 4 277
27 26 379
27 5 4054
27 42 3854
27 7 1299
27 37 2452
27 1 2385
27 25 874
27 36 1661
27 6 4343
27 24 949
27 19 920
27 23 2210
27 44 924
27 14 3000
27 17 1827
27 15 2891
27 46 2576
27 49 1272
28 42 3690
28 6 4078
28 32 1904
28 10 1288
28 50 3919
28 22 3944
28 25 1399
28 27 3427
28 23 3860
28 39 931
28 21 2007
28 36 1986
28 45 994
28 5 1219
28 38 1224
28 20 3429
28 17 2883
28 46 3976
28 34 4423
28 47 4418
28 8 3136
28 48 1942
28 40 3480
28 24 2900
28 29 1647
28 16 2683
28 13 4491
28 41 2160
28 18 317
28 49 1969
28 26 452
28 37 3971
28 15 882
28 19 696
28 3 1724
28 9 2547
28 31 94
28 4 2304
28 33 3665
28 44 1559
28 43 3578
28 30 4355
28 7 1074
28 11 1942
28 35 1438
28 2 1950
28 14 2383
28 1 3834
28 12 3254
29 49 2965
29 21 1456
29 1 2409
29 19 4467
29 8 1285
29 20 774
29 10 1549
29 3 4028
29 17 248
29 46 4428
29 34 2227
29 50 4195
29 43 1155
29 30 1374
29 40 1031
29 18 3779
29 32 3877
29 33 932
29 14 4180
29 31 4089
29 42 612
29 9 2708
29 7 3910
29 12 655
29 25 4451
29 37 2398
29 15 136
29 6 3421
29 28 1052
29 45 679
29 24 2164
29 22 2810
29 38 4169
29 44 1467
29 4 3966
29 2 3662
29 11 2445
29 23 2002
29 36 3431
29 41 4236
29 48 1005
29 13 4297
29 35 1327
29 27 4417
29 16 3394
29 47 4002
29 39 360
30 26 4003
30 40 3541
30 23 577
30 19 1564
30 44 1172
30 4 1872
30 29 3579
30 17 2116
30 18 1322
30 22 714
30 27 981
30 15 4360
30 25 3952
30 38 2668
30 6 2640
30 49 2801
30 1 2903
30 50 2664
30 3 2145
30 35 2582
30 36 3625
30 12 205
30 24 430
30 5 1114
30 42 3929
30 45 897
30 20 680
30 39 1926
30 33 262
30 28 3917
30 2 2165
30 16 215
30 7 1143
30 21 2463
30 48 3898
30 43 3398
30 13 4432
30 32 151
30 31 2196
30 11 2775
30 10 1080
30 47 2974
30 8 1159
30 9 492
30 37 444
30 14 1752
30 41 4461
30 46 310
31 39 3881
31 34 453
31 46 1803
31 50 4161
31 41 2047
31 44 1300
31 17 3058
31 33 2865
31 43 4338
31 20 3447
31 47 4333
31 9 2716
31 16 4178
31 38 2919
31 48 919
31 40 4080
31 35 2268
31 18 613
31 45 2912
31 10 3335
31 12 2612
31 2 898
31 21 235
31 3 2711
31 15 3561
31 25 1245
31 24 3994
31 6 554
31 29 2906
31 14 1189
31 32 1087
31 22 1143
31 11 1022
31 27 3545
31 4 2647
31 19 2863
31 30 4485
31 49 2803
31 7 1298
31 36 1238
31 1 1722
31 8 2104
31 37 319
31 28 2633
31 5 1674
31 23 4198
31 13 3605
32 24 2984
32 31 146
32 46 3842
32 5 3202
32 48 3836
32 36 1684
32 37 1953
32 17 746
32 34 4182
32 22 2771
32 19 2708
32 21 4384
32 18 2453
32 30 1764
32 40 4450
32 4 2678
32 23 2965
32 41 61
32 35 27
32 9 4004
32 42 295
32 10 3154
32 25 4444
32 20 3544
32 45 2803
32 12 288
32 47 2803
32 7 940
32 44 2268
32 2 2527
32 1 683
32 38 3009
32 13 3822
32 3 2650
32 27 1918
32 26 2506
32 8 2093
32 50 959
32 11 1469
32 43 850
32 14 128
32 49 4162
32 16 1426
32 29 2901
32 33 3480
32 6 5
32 15 3786
32 28 3635
33 3 480
33 1 374
33 13 2358
33 28 2434
33 37 2280
33 24 1973
33 16 2809
33 15 2134
33 14 1563
33 27 1675
33 25 3151
33 2 2566
33 30 1502
33 9 3781
33 23 2961
33 41 2567
33 39 1750
33 46 3868
33 32 3238
33 29 2115
33 20 4404
33 38 1370
33 17 4068
33 31 49
33 26 4378
33 7 4118
33 47 2539
33 50 2686
33 49 2480
33 10 3390
33 40 2795
33 35 3456
33 43 2142
33 4 3610
33 21 2432
33 45 3775
33 6 2683
33 8 1405
33 42 1953
33 22 4259
33 44 2864
33 19 3207
33 11 2020
33 12 3842
33 48 1373
33 5 3885
34 21 3099
34 20 174
34 45 4061
34 6 3573
34 28 3083
34 16 1785
34 30 773
34 18 2743
34 49 1410
34 10 2751
34 44 2580
34 32 3510
34 11 2967
34 40 442
34 5 1763
34 13 2417
34 26 3201
34 31 2608
34 29 4283
34 23 2644
34 25 390
34 8 145
34 14 170
34 9 1092
34 46 1526
34 41 1590
34 19 4381
34 3 2966
34 7 4352
34 35 1048
34 4 1778
34 24 779
34 50 3141
34 22 3730
34 27 4016
34 38 4166
34 37 3956
34 39 3768
34 48 1856
34 2 348
34 15 3110
34 43 160
34 33 1789
34 47 4419
34 1 3603
34 12 2646
35 33 630
35 37 4097
35 4 622
35 44 4396
35 12 3504
35 23 682
35 47 4084
35 13 690
35 9 3247
35 39 3157
35 10 1172
35 21 3847
35 36 1782
35 24 2812
35 2 2702
35 46 1370
35 8 3445
35 11 145
35 40 2190
35 3 1654
35 25 3392
35 28 584
35 20 1192
35 38 2520
35 49 2816
35 6 4294
35 41 14
35 45 917
35 30 878
35 7 3148
35 42 884
35 50 2139
35 31 893
35 14 2773
35 29 2548
35 26 2251
35 19 1138
35 15 3519
35 16 4019
35 32 1765
35 48 3325
35 22 1009
35 34 1418
35 27 4151
35 5 1540
35 43 825
36 40 3075
36 22 1014
36 14 2704
36 16 1169
36 37 3501
36 28 292
36 31 2857
36 29 1008
36 9 1581
36 8 611
36 24 842
36 47 1091
36 39 2513
36 13 3232
36 41 978
36 43 585
36 15 1996
36 48 1771
36 10 1866
36 4 3772
36 46 261
36 38 3065
36 19 1655
36 26 2395
36 49 953
36 17 1365
36 20 3890
36 3 4086
36 12 1654
36 30 4192
36 1 3835
36 7 1530
36 6 427
36 45 1544
36 27 4185
36 2 3442
36 5 3246
36 25 3164
36 23 1279
36 50 3885
36 21 1421
36 32 2064
36 33 2154
36 35 2419
36 18 1026
36 44 1463
36 11 1269
37 39 3218
37 3 310
37 6 3042
37 32 466
37 8 270
37 20 4422
37 14 3443
37 41 2658
37 43 2761
37 27 3164
37 7 477
37 31 65
37 46 731
37 40 2673
37 28 1319
37 29 3955
37 50 4462
37 18 889
37 23 2135
37 33 1401
37 9 3060
37 4 3830
37 12 2592
37 1 1667
37 10 3127
37 47 2391
37 5 1214
37 30 4419
37 13 339
37 19 636
37 16 2022
37 42 4237
37 21 4178
37 22 2929
37 49 2454
37 44 1188
37 25 3786
37 36 1802
37 17 2558
37 38 2779
37 45 2468
37 24 782
37 15 3768
37 26 1276
37 34 2273
37 2 3728
37 11 3159
38 3 1387
38 27 2058
38 1 3469
38 19 2011
38 34 3940
38 2 1187
38 44 3044
38 46 1504
38 26 2738
38 40 3464
38 18 894
38 39 2796
38 31 3425
38 22 3636
38 33 180
38 17 1831
38 50 75
38 32 1315
38 4 4373
38 10 4352
38 7 964
38 41 1586
38 35 2008
38 20 1522
38 6 4340
38 21 514
38 37 403
38 47 3841
38 15 652
38 16 1715
38 24 486
38 43 1121
38 42 3118
38 9 3862
38 45 761
38 29 3299
38 25 2223
38 36 397
38 48 379
38 28 3530
38 23 3803
38 8 1558
38 5 1304
38 49 2318
38 12 1952
39 22 969
39 23 2377
39 34 3833
39 41 991
39 47 256
39 38 1303
39 50 3197
39 31 2803
39 1 1152
39 42 2204
39 2 2189
39 13 3545
39 19 2853
39 27 226
39 4 3308
39 43 3744
39 25 4119
39 12 3101
39 7 881
39 32 3661
39 14 627
39 45 84
39 15 1644
39 24 344
39 36 2859
39 21 4295
39 9 582
39 46 3517
39 29 440
39 33 3923
39 3 7
39 11 3614
39 16 1853
39 40 3685
39 35 1104
39 28 3771
39 8 38
39 30 4495
39 37 1258
39 10 1495
39 18 2130
39 17 2763
39 44 1085
39 49 2209
39 5 4259
39 26 4376
40 30 366
40 4 2482
40 32 3913
40 35 3637
40 36 1465
40 50 2523
40 9 2525
40 26 4208
40 18 1214
40 15 4021
40 19 2867
40 7 820
40 1 700
40 27 2543
40 39 67
40 12 2923
40 28 3320
40 46 2728
40 49 2870
40 5 2548
40 2 2381
40 47 425
40 14 2229
40 45 747
40 23 2001
40 16 2629
40 24 4111
40 33 3851
40 11 664
40 38 4111
40 21 1057
40 25 2761
40 8 3862
40 31 1546
40 20 583
40 3 586
40 17 185
40 41 458
40 34 4436
40 6 142
40 44 980
40 42 104
40 29 1323
40 22 1857
40 48 447
40 10 833
40 13 1983
41 23 1392
41 9 3973
41 15 1924
41 3 2513
41 22 3166
41 16 1013
41 42 1752
41 24 1641
41 39 1440
41 17 3255
41 49 415
41 25 1109
41 44 709
41 12 2532
41 27 569
41 5 4287
41 18 2025
41 37 540
41 4 4491
41 36 2624
41 47 3051
41 21 3
41 38 941
41 32 4117
41 7 4141
41 2 437
41 33 3256
41 34 3543
41 8 3506
41 13 4235
41 6 2489
41 26 3711
41 29 2835
41 35 3386
41 19 2725
41 30 2279
41 48 827
41 31 3610
41 10 2456
41 43 1720
41 46 2202
41 20 3682
41 11 2308
41 14 2049
41 28 4139
41 45 4362
41 40 2595
42 7 2377
42 24 1667
42 43 2009
42 26 3228
42 29 3333
42 50 1313
42 37 3045
42 22 4104
42 38 1266
42 1 3737
42 31 3643
42 6 4404
42 25 4315
42 48 32
42 32 1216
42 18 3508
42 9 587
42 27 2598
42 8 689
42 17 3441
42 13 2063
42 19 2403
42 21 3278
42 36 1961
42 11 298
42 33 3806
42 30 3861
42 40 3918
42 46 923
42 49 2705
42 16 2990
42 4 4402
42 5 712
42 15 3311
42 28 1305
42 45 3533
42 34 3299
42 10 3073
42 23 928
42 2 3825
42 39 3180
42 35 1367
42 3 1875
43 2 4191
43 8 2064
43 35 2630
43 7 1812
43 42 1598
43 45 2922
43 39 3746
43 23 2067
43 14 1353
43 5 315
43 6 910
43 19 1149
43 16 4388
43 40 396
43 24 2494
43 30 2759
43 10 2952
43 36 4276
43 28 1857
43 50 4037
43 46 1675
43 41 3175
43 34 551
43 15 3712
43 38 4014
43 11 1724
43 32 2399
43 27 2782
43 48 1770
43 49 473
43 12 3032
43 31 230
43 25 2884
43 17 2636
43 1 2052
43 29 2652
43 18 3853
43 22 1658
43 9 1053
43 3 165
43 26 2780
43 13 2599
43 21 3184
44 37 1109
44 11 2348
44 49 691
44 22 3906
44 18 1984
44 7 3031
44 9 4466
44 38 784
44 28 57
44 25 792
44 36 29
44 15 82
44 4 3898
44 41 3119
44 27 867
44 8 2322
44 39 1407
44 43 160
44 5 3673
44 6 231
44 46 242
44 23 2783
44 34 2031
44 29 2662
44 31 3158
44 47 1737
44 3 1937
44 32 204
44 30 684
44 12 2038
44 17 1644
44 16 3516
44 33 540
44 24 563
44 2 503
44 35 3709
44 19 1932
44 14 1294
44 13 2542
44 40 1527
44 1 1915
44 48 952
44 20 1174
44 10 832
44 42 2285
44 50 1691
44 21 2734
44 45 493
44 26 1845
45 10 1136
45 15 2804
45 44 3122
45 3 221
45 6 1141
45 25 1465
45 13 3623
45 38 2810
45 24 3846
45 41 1718
45 20 197
45 17 2973
45 11 1355
45 46 3035
45 50 1872
45 2 1842
45 29 4149
45 19 2831
45 43 2280
45 47 2528
45 36 3645
45 33 3014
45 37 3519
45 22 3862
45 49 764
45 9 4471
45 28 470
45 7 3040
45 27 3662
45 48 2496
45 40 3684
45 12 3969
45 32 202
45 31 3698
45 14 1653
45 21 3948
45 1 4063
45 39 2012
45 23 1132
45 26 1542
45 16 3928
45 35 2748
45 4 1468
45 30 3086
45 42 2693
45 5 32
45 34 706
46 39 2281
46 17 3572
46 38 2169
46 18 2700
46 10 1445
46 26 3824
46 23 922
46 30 2822
46 50 4373
46 44 1849
46 42 835
46 19 4044
46 31 4484
46 45 3016
46 13 864
46 16 1494
46 14 3899
46 8 3168
46 40 2972
46 20 657
46 35 718
46 41 2109
46 15 924
46 37 691
46 25 2404
46 1 593
46 36 4232
46 33 4324
46 3 298
46 24 3868
46 28 3417
46 4 1126
46 27 3364
46 29 4137
46 49 3945
46 5 4327
46 7 3667
46 21 2490
46 9 1536
46 12 3647
46 32 3105
46 43 3264
47 2 713
47 32 3951
47 13 2618
47 10 1800
47 11 3039
47 34 3416
47 50 3970
47 24 2787
47 12 1443
47 18 1654
47 3 1191
47 45 2817
47 17 1003
47 19 3505
47 46 3963
47 28 1066
47 8 4077
47 7 3244
47 26 2164
47 27 2357
47 35 1550
47 1 2995
47 9 171
47 31 2192
47 22 3669
47 4 1498
47 33 3555
47 25 1054
47 5 1495
47 41 2203
47 38 1283
47 6 1485
47 40 3010
47 49 1164
47 43 4150
47 30 534
47 29 3075
47 16 2862
47 44 1818
47 21 3306
47 48 743
47 37 1066
47 39 3363
47 14 4127
47 15 1679
48 41 115
48 10 1995
48 15 1576
48 50 2376
48 4 3379
48 8 2091
48 1 4357
48 49 2122
48 14 3851
48 32 1628
48 39 3268
48 46 899
48 34 1633
48 21 866
48 7 4182
48 20 1927
48 23 2824
48 42 4198
48 31 1504
48 30 4328
48 28 1282
48 25 1729
48 2 3776
48 43 2855
48 16 1658
48 17 1506
48 40 2712
48 36 2718
48 19 3206
48 24 805
48 12 1204
48 35 180
48 45 2981
48 5 2824
48 11 1804
48 37 1899
48 38 1877
48 33 2453
48 22 1163
48 9 1218
48 3 729
48 26 4366
48 27 4167
48 29 1768
48 47 652
48 18 806
48 13 3194
49 33 624
49 18 3319
49 10 1257
49 20 3873
49 40 490
49 30 1894
49 14 3980
49 45 4475
49 25 1227
49 19 3375
49 16 802
49 46 1996
49 23 381
49 43 2013
49 5 776
49 24 386
49 47 1489
49 39 1514
49 11 1610
49 3 249
49 4 3023
49 15 31
49 7 1973
49 21 2931
49 1 2640
49 17 3981
49 2 4401
49 50 3097
49 9 279
49 31 2240
49 44 2218
49 34 4354
49 6 4186
49 26 1120
49 48 1780
49 22 2913
49 8 3555
49 42 3324
49 35 1081
49 32 922
49 38 590
49 12 4109
49 37 1561
49 28 1001
50 40 3147
50 3 1404
50 10 4497
50 20 4101
50 18 2031
50 41 1296
50 13 1696
50 8 3212
50 39 200
50 46 2977
50 25 3195
50 47 22
50 37 4276
50 24 4095
50 21 1409
50 2 1883
50 28 2326
50 27 2310
50 44 958
50 38 536
50 16 2129
50 14 1308
50 4 887
50 11 1205
50 6 1810
50 12 4065
50 48 824
50 5 3043
50 7 3352
50 29 1971
50 35 3712
50 32 1802
50 33 964
50 45 803
50 43 2978
50 19 2193
50 23 538
50 49 438
50 36 3673
50 9 2393
50 31 719
50 22 188
50 42 88
50 15 549
50 17 3575
50 1 4489
