50 2300
1 49 4454
1 5 4022
1 16 398
1 24 602
1 8 4308
1 37 2371
1 43 3342
1 21 1412
1 15 2163
1 18 2441
1 48 2417
1 38 3699
1 9 3695
1 17 4211
1 36 682
1 40 3901
1 25 2539
1 44 4473
1 11 3285
1 12 559
1 6 424
1 10 4216
1 13 4492
1 14 2185
1 3 1343
1 26 2602
1 30 920
1 31 2238
1 39 1034
1 34 2280
1 29 2197
1 2 2247
1 50 1185
1 35 565
1 27 1446
1 45 3818
1 32 3288
1 41 647
1 28 3662
1 46 4054
1 47 2313
1 33 3580
1 23 3539
1 22 2189
1 7 3110
1 19 1169
1 20 3834
2 8 2267
2 30 786
2 26 3748
2 25 3658
2 20 1768
2 37 1752
2 5 3922
2 29 3169
2 21 554
2 44 152
2 6 58
2 16 305
2 11 3034
2 10 1649
2 42 4252
2 24 1449
2 4 1254
2 27 2658
2 18 2410
2 49 641
2 41 4178
2 40 1296
2 32 4230
2 7 556
2 36 334
2 31 2694
2 45 3869
2 43 3426
2 28 2383
2 3 46
2 23 1857
2 48 4153
2 33 335
2 47 2072
2 22 484
2 50 3150
2 1 1360
2 9 1397
2 39 1870
2 13 1344
2 35 1565
2 38 545
2 19 3477
2 46 3094
2 17 2302
2 12 3561
2 15 3131
3 38 4032
3 14 3569
3 33 179
3 8 2579
3 46 3008
3 39 2494
3 32 4324
3 35 87
3 28 3864
3 48 3880
3 47 3002
3 21 3816
3 6 3906
3 45 3322
3 49 1984
3 22 1574
3 30 933
3 36 4499
3 20 4280
3 10 781
3 13 3324
3 7 4134
3 27 4110
3 24 717
3 2 1230
3 34 2956
3 16 1245
3 40 1049
3 42 1746
3 12 3437
3 41 3695
3 31 4219
3 26 2732
3 15 3582
3 18 723
3 4 3562
3 25 2059
3 23 2474
3 50 2908
3 1 1356
3 37 1656
3 44 1478
3 43 246
3 17 1879
3 5 2852
4 42 610
4 7 3072
4 26 90
4 17 350
4 30 435
4 37 4048
4 1 3563
4 8 3284
4 12 1714
4 23 2539
4 31 3730
4 16 3187
4 20 4114
4 38 3212
4 13 518
4 29 1338
4 18 134
4 44 2403
4 22 4346
4 47 2720
4 11 574
4 9 3780
4 14 1154
4 39 1413
4 32 1540
4 19 4032
4 33 3302
4 48 3879
4 46 1463
4 45 1849
4 27 3160
4 10 4402
4 5 3051
4 40 2937
4 21 508
4 6 2184
4 43 3319
4 2 867
4 36 4042
4 15 2391
4 35 3298
4 41 2468
4 50 293
4 3 675
4 28 3796
4 24 742
5 23 2573
5 10 4270
5 8 4182
5 49 1474
5 3 2351
5 4 2771
5 11 1608
5 38 2573
5 14 2533
5 46 1249
5 24 1255
5 32 2768
5 34 4498
5 15 555
5 35 2247
5 18 1380
5 2 23
5 29 2736
5 25 829
5 50 1543
5 26 593
5 44 2611
5 12 3632
5 27 2357
5 33 2454
5 30 4237
5 37 3734
5 42 1939
5 6 4182
5 7 2581
5 41 1917
5 22 4152
5 16 250
5 28 4050
5 19 4155
5 13 526
5 21 695
5 45 809
5 48 305
5 39 3296
5 1 3125
5 20 1671
5 43 2528
5 31 3630
5 9 2921
6 27 3905
6 28 1739
6 23 928
6 41 650
6 43 1858
6 47 4092
6 2 2893
6 16 4157
6 31 2313
6 7 1040
6 30 2162
6 5 3355
6 15 322
6 21 1668
6 24 1373
6 26 3640
6 36 307
6 9 3832
6 34 2668
6 37 148
6 46 759
6 12 2748
6 40 1577
6 18 2030
6 1 222
6 25 2573
6 22 95
6 38 1291
6 35 1561
6 3 3976
6 45 578
6 13 3610
6 8 3653
6 17 3813
6 50 3328
6 42 1296
6 20 1252
6 14 1687
6 29 1651
6 44 2513
6 11 186
6 32 3044
6 10 939
6 48 3301
6 19 1517
6 49 2386
7 45 338
7 28 3343
7 22 273
7 25 2948
7 46 3392
7 13 1252
7 17 2938
7 43 4011
7 31 2850
7 33 4116
7 40 2603
7 29 1987
7 41 2072
7 12 4317
7 47 2846
7 1 3231
7 20 4453
7 34 3965
7 42 3149
7 16 4415
7 30 2975
7 11 3680
7 35 1081
7 36 4172
7 6 1843
7 32 451
7 5 3796
7 14 4087
7 44 1059
7 50 47
7 4 2783
7 39 1523
7 19 3958
7 18 88
7 15 3053
7 21 273
7 27 641
7 37 2765
7 9 1824
7 24 2534
7 49 529
7 26 3301
7 48 2969
7 10 3711
7 2 1333
7 38 3559
7 8 3817
8 13 3070
8 47 2665
8 42 2008
8 32 3976
8 23 3466
8 1 1222
8 21 2422
8 36 931
8 31 528
8 44 2196
8 34 2115
8 10 2716
8 35 3995
8 29 4068
8 28 3328
8 6 4248
8 38 630
8 3 2056
8 25 2767
8 24 3407
8 22 246
8 7 2508
8 41 3122
8 17 3119
8 15 1424
8 27 2615
8 48 2179
8 12 1743
8 4 1079
8 5 1924
8 14 4045
8 50 993
8 18 2237
8 33 593
8 40 867
8 16 2509
8 26 2752
8 49 971
8 45 261
8 30 2834
8 11 3717
8 20 2994
8 9 4328
8 19 3450
8 43 1141
9 5 2846
9 38 3413
9 26 2631
9 14 2251
9 4 258
9 43 3428
9 37 1964
9 8 1355
9 45 1591
9 31 722
9 28 3539
9 20 3627
9 2 90
9 36 278
9 41 3563
9 7 3674
9 34 3593
9 1 718
9 42 2238
9 40 3515
9 17 65
9 19 2246
9 50 3339
9 13 3203
9 48 3965
9 27 874
9 46 3569
9 44 3401
9 29 4254
9 3 1962
9 30 1656
9 10 3259
9 49 1239
9 18 3576
9 24 4144
9 6 3664
9 32 2842
9 35 2802
9 47 3470
9 11 1679
9 22 3484
9 15 2716
9 16 2318
9 39 397
9 23 251
9 33 2109
9 25 1711
10 35 541
10 44 2357
10 12 3980
10 30 3770
10 40 10
10 15 251
10 32 1030
10 3 991
10 50 1695
10 42 4238
10 23 2625
10 5 3806
10 2 4177
10 48 1010
10 11 2205
10 26 199
10 21 517
10 41 864
10 36 1587
10 8 1296
10 37 468
10 27 2942
10 1 4007
10 46 506
10 43 4442
10 6 2829
10 39 1791
10 20 2647
10 9 210
10 34 2899
10 38 1708
10 7 2678
10 33 2652
10 25 510
10 24 1912
10 19 611
10 4 2554
10 29 3248
10 14 598
10 13 1291
10 45 2225
10 31 2676
10 16 3371
10 18 3132
10 17 301
10 28 2421
10 22 1960
10 49 3230
10 47 4069
11 33 1107
11 49 3860
11 15 4111
11 40 2988
11 31 3725
11 3 65
11 44 3002
11 36 916
11 25 4441
11 6 3700
11 45 904
11 28 1475
11 18 4433
11 23 2766
11 41 3227
11 24 202
11 37 3364
11 43 3340
11 22 2375
11 38 2236
11 21 3047
11 2 1452
11 47 107
11 34 506
11 42 2606
11 7 1096
11 10 1903
11 29 1467
11 27 3948
11 14 3952
11 46 1432
11 35 3563
11 20 2853
11 39 2416
11 17 3095
11 1 2875
11 5 3559
11 48 4234
11 16 3349
11 50 2444
11 4 3803
11 26 899
11 32 4017
11 12 154
11 9 974
11 30 2492
11 13 1656
11 8 2776
12 35 3304
12 6 2072
12 34 452
12 19 2194
12 29 433
12 24 4037
12 38 758
12 18 164
12 14 571
12 36 2975
12 27 2424
12 39 3002
12 8 1844
12 23 212
12 17 3393
12 3 2272
12 26 328
12 48 2874
12 40 2116
12 37 415
12 28 2212
12 46 493
12 42 3456
12 30 141
12 41 3473
12 45 3827
12 5 3396
12 33 3551
12 49 1593
12 4 4394
12 2 4315
12 44 1769
12 13 2839
12 20 1798
12 15 620
12 50 1457
12 21 3263
12 32 1481
12 1 3818
12 11 2349
12 22 1396
12 25 2470
12 43 1830
12 7 159
12 10 1202
12 16 2508
13 46 2780
13 48 3822
13 15 1660
13 6 2553
13 40 257
13 25 4087
13 41 1564
13 16 3510
13 12 534
13 20 3760
13 39 3933
13 47 3022
13 24 1662
13 34 2882
13 29 3681
13 37 452
13 28 4460
13 5 4271
13 26 1799
13 14 4082
13 3 2408
13 4 2787
13 8 1376
13 22 2993
13 9 607
13 45 72
13 44 2735
13 30 2737
13 11 3645
13 35 771
13 36 389
13 32 331
13 49 3991
13 23 2649
13 31 4409
13 1 4284
13 38 3292
13 10 2655
13 50 3492
13 19 355
13 21 3824
13 7 3373
13 27 3882
13 2 2294
13 18 3496
13 17 378
13 43 3038
14 39 3848
14 16 827
14 43 3812
14 36 1496
14 41 4307
14 3 1509
14 20 4377
14 35 2417
14 25 1360
14 6 4064
14 4 2421
14 23 1410
14 50 1616
14 47 277
14 44 3459
14 38 3555
14 27 717
14 46 96
14 26 2712
14 18 2857
14 8 1601
14 24 4450
14 32 1404
14 19 4251
14 10 1611
14 12 4462
14 45 934
14 9 3984
14 13 3585
14 15 869
14 34 3519
14 5 2692
14 22 4084
14 28 2053
14 2 1871
14 33 27
14 37 3604
14 29 58
14 31 1149
14 48 3311
14 30 4361
14 49 558
14 11 2026
14 40 1612
14 21 3997
15 25 1449
15 12 4052
15 23 3593
15 44 856
15 32 3444
15 43 804
15 5 1319
15 17 88
15 46 1804
15 21 1019
15 49 1023
15 38 1305
15 10 1241
15 24 1454
15 50 3166
15 37 3954
15 7 4020
15 9 2305
15 42 1686
15 35 1369
15 39 653
15 47 3642
15 29 1962
15 31 3930
15 30 398
15 1 1160
15 3 439
15 22 870
15 13 2003
15 8 223
15 26 462
15 40 2921
15 45 3172
15 11 3732
15 6 2364
15 18 3321
15 28 833
15 48 914
15 16 1164
15 41 548
15 33 102
15 19 1031
15 34 4301
15 20 3787
16 30 524
16 42 845
16 23 1794
16 39 1511
16 18 2244
16 24 3872
16 5 2319
16 10 2354
16 44 960
16 45 213
16 26 2329
16 4 4419
16 49 4081
16 35 4082
16 21 722
16 50 4452
16 20 3297
16 36 3345
16 14 1566
16 3 1670
16 15 2404
16 1 1380
16 48 1616
16 40 2820
16 38 33
16 13 1787
16 25 3106
16 19 3752
16 37 3269
16 2 1893
16 47 1823
16 33 1446
16 29 526
16 32 1364
16 27 3462
16 31 1798
16 34 187
16 12 4192
16 46 911
16 43 4380
16 41 3430
16 22 174
16 28 2960
17 6 2131
17 15 3662
17 8 825
17 40 974
17 42 1404
17 31 3511
17 24 1264
17 49 3021
17 48 1374
17 23 351
17 28 665
17 9 2394
17 34 2969
17 18 1341
17 35 2018
17 38 2434
17 10 697
17 39 621
17 11 4211
17 27 3969
17 50 729
17 16 3503
17 41 2655
17 47 2008
17 21 1793
17 25 3123
17 2 1189
17 37 1482
17 36 3971
17 3 2189
17 20 2670
17 1 2717
17 45 1877
17 12 1268
17 19 1957
17 30 2872
17 13 3965
17 7 1546
17 22 1489
17 46 2072
17 32 4375
17 5 1971
17 33 696
17 29 1542
17 14 299
18 9 2490
18 17 2581
18 16 2838
18 26 2726
18 47 944
18 33 1128
18 3 1026
18 39 3171
18 48 4009
18 29 2256
18 50 384
18 46 445
18 27 3426
18 14 741
18 13 3658
18 49 2330
18 6 2260
18 34 3633
18 28 1860
18 24 4478
18 31 2560
18 40 3863
18 25 4265
18 19 1167
18 2 2610
18 44 1544
18 15 1487
18 22 1169
18 45 694
18 37 3021
18 43 3224
18 38 2104
18 42 349
18 4 3177
18 20 1329
18 1 2857
18 7 4017
18 12 3301
18 30 3965
18 41 3452
18 10 1788
18 8 2375
18 36 2791
18 5 3192
19 23 2461
19 22 2703
19 14 1254
19 16 3565
19 25 2863
19 36 2356
19 21 1323
19 39 2289
19 2 2182
19 29 1350
19 43 327
19 18 2578
19 3 1641
19 6 1536
19 15 1239
19 40 575
19 44 3599
19 10 1526
19 12 4365
19 7 1735
19 5 1364
19 33 2864
19 31 1363
19 13 40
19 30 4250
19 48 3522
19 4 1379
19 9 568
19 28 713
19 24 4457
19 17 3932
19 37 2970
19 42 3872
19 50 4324
19 1 1829
19 27 1086
19 20 3285
19 11 3519
19 8 3495
19 41 2614
19 35 3304
19 26 2070
19 46 1114
19 32 4417
19 47 4113
19 38 1107
20 4 1447
20 27 3225
20 28 1046
20 38 191
20 12 124
20 49 2943
20 2 4099
20 19 3895
20 24 367
20 23 2544
20 1 3380
20 16 1594
20 46 1124
20 3 1451
20 40 1333
20 43 442
20 47 247
20 25 1705
20 32 2561
20 34 403
20 26 1193
20 29 1152
20 8 3381
20 13 1710
20 48 1673
20 37 2423
20 33 3357
20 9 4415
20 50 466
20 10 2800
20 42 4466
20 15 2444
20 22 2012
20 6 4114
20 35 3057
20 5 2325
20 17 92
20 7 4207
20 39 2654
20 21 4231
20 30 3580
20 41 4095
20 45 519
20 36 943
20 18 1711
20 31 1169
21 24 3007
21 36 2016
21 18 2674
21 1 3978
21 39 3724
21 46 1345
21 20 3329
21 50 36
21 40 491
21 3 2684
21 7 4331
21 43 1723
21 44 2628
21 38 1464
21 25 2879
21 27 574
21 9 2855
21 34 3720
21 42 1602
21 4 1290
21 23 334
21 33 1814
21 2 1318
21 48 2802
21 17 3231
21 37 3878
21 31 1385
21 47 4480
21 11 2770
21 30 2166
21 6 3232
21 15 1540
21 32 1428
21 26 3519
21 35 214
21 8 3900
21 29 1329
21 41 1869
21 5 1839
21 13 1140
21 14 3010
21 19 3557
21 28 346
22 25 2092
22 38 2728
22 9 978
22 45 3904
22 41 3844
22 4 690
22 28 3392
22 44 1259
22 6 3718
22 32 394
22 31 3874
22 19 3216
22 7 2004
22 24 3700
22 47 913
22 39 530
22 14 3569
22 37 1935
22 43 3130
22 49 1124
22 46 3332
22 2 1515
22 5 4411
22 26 497
22 29 831
22 17 3722
22 20 4187
22 10 3633
22 42 2609
22 50 1669
22 48 3436
22 33 724
22 35 2774
22 13 639
22 23 3564
22 18 601
22 30 1681
22 12 3341
22 1 1105
22 36 3985
22 16 2023
22 40 3834
22 21 3548
22 34 1039
22 11 2986
22 8 1310
22 27 724
22 3 351
23 19 1692
23 24 2292
23 12 2438
23 47 1490
23 28 1848
23 44 2850
23 34 3258
23 25 4133
23 36 2098
23 48 4252
23 50 1664
23 27 480
23 9 2030
23 46 3757
23 5 3316
23 22 4255
23 30 3990
23 4 564
23 18 1919
23 33 2194
23 7 4328
23 14 4300
23 41 2193
23 20 3683
23 45 2407
23 32 3988
23 37 1388
23 29 1201
23 21 1549
23 16 4360
23 1 2381
23 31 348
23 3 311
23 26 913
23 2 779
23 11 2821
23 6 2827
23 38 2139
23 35 2129
23 15 3502
23 43 3287
23 10 3383
23 17 1043
23 13 1620
23 8 1280
23 49 1207
24 13 4391
24 35 2555
24 5 992
24 43 1063
24 16 2887
24 45 374
24 32 377
24 11 4239
24 17 244
24 28 2690
24 47 3718
24 48 3050
24 40 1233
24 6 1644
24 39 1014
24 10 505
24 9 1409
24 3 284
24 36 3683
24 50 4379
24 33 1454
24 2 3693
24 18 2453
24 44 163
24 30 176
24 23 1004
24 46 3977
24 42 721
24 34 2483
24 19 585
24 41 411
24 14 854
24 8 4188
24 21 341
24 31 2110
24 4 1840
24 25 126
24 26 558
24 20 2091
24 29 2212
24 15 2056
24 7 1937
24 1 4057
24 49 2229
24 22 3917
24 27 4232
24 37 667
25 32 3891
25 5 2964
25 31 1127
25 16 4127
25 24 3831
25 43 2983
25 37 1410
25 44 3935
25 14 3761
25 41 1935
25 27 533
25 49 1697
25 6 3147
25 50 4003
25 42 2353
25 48 1663
25 47 1432
25 20 373
25 11 335
25 10 2374
25 26 437
25 38 567
25 36 3388
25 4 1503
25 35 3422
25 30 1247
25 9 3790
25 34 4206
25 1 3256
25 2 2547
25 45 442
25 19 1563
25 28 4476
25 33 512
25 8 2600
25 12 897
25 23 1681
25 3 4435
25 22 4427
25 18 3504
25 29 2088
25 40 4107
25 17 2282
25 21 2098
25 39 4331
26 43 2308
26 21 2541
26 27 4407
26 20 999
26 45 3919
26 2 2180
26 36 273
26 28 3437
26 1 3483
26 31 4235
26 32 231
26 7 4007
26 15 167
26 12 1461
26 3 2427
26 34 3184
26 6 3382
26 47 1837
26 40 837
26 9 3662
26 14 573
26 25 1403
26 11 1905
26 18 2829
26 22 905
26 4 2770
26 42 873
26 41 4487
26 44 966
26 48 2470
26 50 2441
26 16 2652
26 49 340
26 24 3911
26 39 3520
26 13 3204
26 8 4364
26 29 3413
26 38 3575
26 5 4433
26 30 257
26 46 1267
26 23 1918
26 37 1271
26 35 1019
26 17 2933
26 19 148
26 10 1116
26 33 327
27 49 1447
27 37 3976
27 29 3178
27 4 2813
27 43 2539
27 38 2335
27 17 3431
27 36 1953
27 10 3888
27 6 4163
27 11 2461
27 28 2524
27 15 1075
27 12 4291
27 32 1275
27 7 2658
27 44 487
27 46 4248
27 5 2630
27 35 1242
27 3 4102
27 42 1272
27 23 3547
27 20 2181
27 19 1076
27 18 3214
27 31 125
27 26 330
27 8 1454
27 30 4352
27 39 1665
27 48 1451
27 1 3117
27 40 4251
27 41 752
27 2 1711
27 47 4361
27 22 1991
27 21 2834
27 16 354
27 33 3663
27 50 111
27 9 2190
27 13 2218
28 42 2232
28 21 407
28 4 68
28 29 701
28 3 2397
28 30 1513
28 22 2891
28 1 1246
28 44 3806
28 25 1086
28 34 2014
28 32 2146
28 36 4355
28 35 3156
28 38 1945
28 37 2778
28 26 3029
28 31 2107
28 47 4475
28 5 2214
28 48 570
28 14 3057
28 43 965
28 24 341
28 46 1999
28 19 1461
28 50 849
28 7 1267
28 16 1712
28 20 29
28 33 3094
28 27 4040
28 39 1514
28 13 4060
28 41 4038
28 17 1413
28 23 1791
28 40 1282
28 2 811
28 11 3427
28 12 3534
28 9 1585
28 6 3366
28 10 2425
28 18 1256
29 35 2702
29 50 3478
29 40 1096
29 22 871
29 25 1891
29 8 1187
29 17 3874
29 6 2424
29 32 2736
29 27 1621
29 42 2100
29 44 666
29 21 737
29 14 3232
29 18 3808
29 30 3220
29 46 1376
29 33 849
29 5 3281
29 4 2944
29 7 522
29 38 3864
29 1 998
29 47 662
29 20 3289
29 16 1114
29 48 3338
29 15 787
29 23 150
29 9 3828
29 24 3801
29 45 269
29 28 2776
29 39 2685
29 11 583
29 49 2080
29 31 3598
29 43 2803
29 10 3948
29 2 2452
29 34 1281
29 19 1902
30 29 4396
30 31 313
30 24 1633
30 35 662
30 42 3975
30 20 2200
30 8 2562
30 16 2505
30 5 2024
30 49 3893
30 32 1316
30 4 133
30 45 4246
30 38 3469
30 3 448
30 26 520
30 11 2426
30 13 3664
30 17 1523
30 23 3168
30 47 2970
30 12 4106
30 9 4368
30 14 4125
30 43 4112
30 7 3194
30 28 4496
30 2 550
30 44 434
30 10 1768
30 19 3702
30 15 1626
30 22 3819
30 37 3258
30 40 4157
30 36 2955
30 41 1458
30 39 3020
30 33 829
30 34 1357
30 50 1298
30 6 3707
30 1 1894
30 21 2491
30 25 4441
31 40 840
31 25 4371
31 41 467
31 35 3108
31 17 1155
31 28 2935
31 48 1884
31 30 1870
31 45 4324
31 7 1023
31 2 308
31 8 794
31 32 2702
31 18 4251
31 42 1073
31 34 3214
31 27 239
31 33 1787
31 15 107
31 4 1503
31 46 4352
31 29 2518
31 9 2442
31 10 2071
31 12 2323
31 49 2436
31 44 1944
31 21 3229
31 36 2228
31 3 1531
31 23 814
31 1 3418
31 43 326
31 20 4395
31 11 179
31 37 4461
31 24 2290
31 6 2273
31 14 3703
31 26 3979
31 22 1817
31 50 2896
31 13 1417
31 5 4359
31 19 1816
32 15 456
32 35 4092
32 28 872
32 7 3873
32 18 2201
32 21 1968
32 1 470
32 17 349
32 2 781
32 41 668
32 30 2570
32 49 912
32 4 815
32 11 3639
32 29 1381
32 37 571
32 40 3992
32 38 910
32 16 4037
32 19 429
32 27 147
32 43 4083
32 25 1411
32 5 3468
32 23 3973
32 14 2820
32 9 2703
32 33 2333
32 45 1750
32 10 1760
32 22 2439
32 39 527
32 20 698
32 3 127
32 48 2274
32 36 1069
32 50 4192
32 44 2807
32 31 3181
32 13 2398
32 12 3311
32 47 4384
32 34 3635
32 24 1849
32 42 537
32 46 1648
32 8 2716
32 26 3072
33 50 1792
33 42 2514
33 28 775
33 45 3529
33 49 3156
33 8 878
33 47 2693
33 16 1090
33 35 2932
33 39 1551
33 21 1408
33 18 2010
33 17 1578
33 41 4276
33 24 2675
33 7 621
33 1 363
33 2 725
33 48 3016
33 36 2469
33 19 95
33 5 568
33 29 3433
33 6 3724
33 9 2239
33 46 538
33 44 4487
33 30 2369
33 40 3590
33 38 3739
33 4 3174
33 34 1644
33 20 3415
33 25 4474
33 10 3089
33 37 451
33 15 464
33 31 2173
33 11 3668
33 23 2100
33 3 3320
33 14 3914
33 27 4013
33 12 3396
34 13 3818
34 42 2564
34 9 3959
34 18 1287
34 47 4375
34 49 1250
34 17 586
34 15 4033
34 3 3328
34 2 967
34 44 1640
34 21 4173
34 4 1338
34 24 318
34 25 2173
34 8 336
34 41 1565
34 23 4164
34 27 1768
34 19 4253
34 5 3795
34 31 1965
34 45 2551
34 32 2467
34 43 2011
34 16 3194
34 38 1992
34 35 3262
34 6 4178
34 22 2868
34 48 2866
34 33 1033
34 50 2448
34 26 826
34 20 1154
34 39 1042
34 12 4400
34 37 2718
34 28 3820
34 30 1338
34 40 1737
34 1 259
34 7 2405
34 14 4373
34 29 447
34 10 4406
34 36 4224
34 46 3826
34 11 660
35 17 2338
35 27 3313
35 7 4460
35 38 2965
35 42 4297
35 41 1669
35 44 766
35 14 1739
35 45 3277
35 40 2652
35 34 14
35 47 2819
35 50 16
35 48 1211
35 28 1482
35 3 3241
35 31 3431
35 36 3980
35 12 1413
35 1 1839
35 21 1726
35 32 3331
35 24 233
35 25 1131
35 11 316
35 20 2847
35 5 2993
35 16 1091
35 19 3492
35 15 3626
35 26 316
35 30 3256
35 37 2931
35 6 2495
35 8 1885
35 9 2426
35 39 974
35 10 2145
35 29 2946
35 13 2905
35 43 386
35 22 3847
35 33 1689
35 23 3902
35 4 3569
35 49 592
35 18 4027
36 38 4253
36 19 1811
36 14 1146
36 23 1354
36 4 1944
36 28 3175
36 40 2731
36 32 727
36 29 2566
36 18 316
36 13 3731
36 50 58
36 33 3116
36 26 47
36 25 2073
36 24 978
36 34 2510
36 20 1669
36 3 3975
36 10 1179
36 41 2875
36 39 1106
36 30 1452
36 7 2916
36 16 3208
36 1 2000
36 35 3396
36 47 3989
36 44 887
36 8 657
36 22 3325
36 21 1479
36 31 305
36 46 1555
36 11 2353
36 15 1754
36 37 3151
36 2 256
36 49 1931
36 45 2318
36 48 3626
36 43 4461
36 17 439
36 42 3008
36 27 3131
36 6 977
37 21 351
37 13 1805
37 42 3618
37 22 1144
37 50 740
37 29 4397
37 1 1183
37 23 933
37 4 962
37 5 806
37 15 2637
37 38 2131
37 41 210
37 36 1881
37 19 1350
37 32 1708
37 20 887
37 30 4298
37 33 3945
37 8 2590
37 43 922
37 6 2909
37 47 4156
37 27 1958
37 7 2896
37 35 237
37 45 3464
37 31 2646
37 44 658
37 26 1364
37 12 3452
37 9 1355
37 28 1913
37 24 1133
37 39 3908
37 2 1030
37 25 2474
37 46 2899
37 14 2841
37 40 4447
37 10 461
37 16 359
37 11 381
37 3 1123
37 18 2548
37 34 1425
37 17 3087
38 29 2598
38 23 2676
38 43 1603
38 9 343
38 45 200
38 50 2010
38 34 1378
38 41 1150
38 7 1564
38 32 2961
38 17 4399
38 3 3100
38 6 4049
38 40 3091
38 15 167
38 18 867
38 4 1570
38 25 1901
38 24 4187
38 28 2722
38 42 2214
38 20 2563
38 13 1054
38 33 1034
38 2 4295
38 14 1031
38 8 1979
38 1 2480
38 35 1663
38 44 3601
38 49 744
38 36 4436
38 22 2082
38 21 3391
38 27 1922
38 47 3508
38 10 3261
38 48 3843
38 39 1175
38 19 472
38 37 2932
38 16 3794
38 12 3344
38 31 4176
38 5 3995
38 46 715
38 11 798
39 46 3377
39 1 1970
39 17 503
39 41 2959
39 25 1880
39 3 881
39 33 1886
39 15 1239
39 8 1216
39 42 3732
39 19 3481
39 36 2721
39 38 4336
39 6 3770
39 11 152
39 34 2864
39 5 265
39 7 1960
39 14 4137
39 44 3852
39 32 4060
39 22 3201
39 9 869
39 24 1564
39 30 949
39 28 3237
39 20 3265
39 48 2386
39 21 673
39 40 1701
39 43 1729
39 27 3363
39 31 2426
39 29 3461
39 13 1249
39 12 911
39 10 3352
39 49 2264
39 18 652
39 45 1513
39 35 1813
39 26 14
39 16 3569
40 30 3707
40 1 236
40 42 3433
40 2 468
40 23 1689
40 13 3012
40 17 3799
40 24 139
40 10 1026
40 20 494
40 12 2459
40 37 937
40 29 1198
40 7 746
40 3 2321
40 45 4380
40 18 4125
40 11 1320
40 26 1894
40 33 353
40 22 174
40 49 1952
40 48 3620
40 9 4350
40 25 2189
40 21 1980
40 28 3154
40 41 260
40 6 2047
40 31 4383
40 15 549
40 39 1524
40 38 2440
40 50 774
40 43 3394
40 35 1876
40 19 557
40 46 2369
40 4 2157
40 14 1196
40 27 3200
40 34 198
40 5 983
40 36 3308
40 44 2821
40 16 516
41 31 1083
41 3 632
41 5 631
41 33 990
41 36 1757
41 13 2423
41 25 1220
41 42 765
41 15 3048
41 45 1020
41 40 2489
41 32 3284
41 47 1084
41 49 2813
41 22 4123
41 48 1531
41 19 991
41 35 4009
41 29 3538
41 43 1705
41 11 2292
41 24 196
41 26 4425
41 6 1198
41 20 700
41 16 365
41 46 4405
41 9 1910
41 12 3675
41 2 1410
41 7 561
41 28 4464
41 17 193
41 10 452
41 37 2737
41 39 4072
41 30 4352
41 1 2227
41 8 2096
41 44 2128
41 38 3820
41 23 1445
41 27 4179
41 18 1782
41 4 4075
41 34 1737
41 14 1646
42 9 527
42 25 587
42 12 1340
42 37 2846
42 45 2872
42 14 2308
42 32 4433
42 20 1536
42 40 280
42 27 3262
42 47 420
42 4 3502
42 7 4085
42 36 1825
42 3 443
42 33 3230
42 18 1041
42 30 2867
42 34 1007
42 41 4380
42 6 2635
42 15 3987
42 22 2523
42 8 168
42 46 2359
42 24 587
42 49 2052
42 39 1634
42 5 19
42 16 3764
42 44 1669
42 11 2047
42 35 1461
42 1 576
42 19 1990
42 50 151
42 17 2019
42 38 1149
42 26 3808
42 21 1128
42 23 3251
42 29 2541
42 10 776
42 28 2715
42 43 3341
42 2 2323
42 13 3888
42 48 41
43 28 4162
43 48 3349
43 2 956
43 26 3785
43 30 3632
43 25 2151
43 22 4263
43 50 4380
43 15 494
43 32 2436
43 7 4100
43 10 3383
43 1 4412
43 16 263
43 18 4066
43 13 1129
43 12 2253
43 40 3638
43 9 3392
43 20 3440
43 3 1860
43 45 644
43 17 737
43 6 3940
43 47 2916
43 21 1357
43 49 2661
43 11 4448
43 44 1202
43 37 110
43 5 1764
43 34 5
43 24 3469
43 46 1677
43 29 2361
43 35 658
43 14 2106
43 33 2043
43 23 4097
43 31 995
43 41 1708
43 8 777
43 19 2819
43 27 1388
44 23 1609
44 13 165
44 16 1147
44 6 422
44 17 1917
44 8 2640
44 38 1932
44 42 2656
44 7 773
44 29 1664
44 25 986
44 22 653
44 28 729
44 40 2663
44 41 3996
44 49 3903
44 1 2212
44 32 2624
44 35 184
44 5 2811
44 2 4273
44 34 2507
44 27 3188
44 26 3866
44 36 3806
44 37 3249
44 47 2309
44 4 273
44 50 1987
44 18 533
44 20 1758
44 43 13
44 45 3486
44 21 3723
44 19 2139
44 3 3233
44 48 2510
44 11 2375
44 14 2552
44 12 4458
44 30 3745
44 9 4061
44 10 909
44 46 615
44 15 1982
44 39 1295
44 24 823
44 33 1173
44 31 1032
45 26 4127
45 35 1780
45 28 4155
45 15 2651
45 34 4341
45 47 2762
45 27 3035
45 19 3677
45 24 2523
45 33 2148
45 30 3831
45 20 2551
45 6 387
45 17 118
45 48 1619
45 37 358
45 32 3602
45 18 541
45 21 2971
45 22 1295
45 41 1278
45 8 2277
45 23 2442
45 50 1859
45 16 1955
45 12 3875
45 13 849
45 4 273
45 38 1818
45 42 3574
45 49 3472
45 3 4068
45 44 2663
45 29 573
45 7 2685
45 11 1464
45 5 2356
45 1 2638
45 2 1953
45 14 4351
45 31 2650
45 43 3252
45 36 2695
45 9 3232
45 46 620
45 10 4210
45 40 272
45 39 296
46 32 2659
46 4 1190
46 47 1356
46 13 769
46 30 1882
46 27 208
46 41 3415
46 11 3165
46 28 844
46 44 2517
46 12 2525
46 1 2001
46 40 3286
46 20 3027
46 5 3502
46 34 1404
46 15 2601
46 29 1921
46 10 4499
46 2 3813
46 35 317
46 37 1201
46 38 4139
46 16 319
46 24 1523
46 45 4429
46 42 2943
46 7 2081
46 43 3857
46 8 283
46 14 2154
46 21 2449
46 48 478
46 23 2501
46 50 3897
46 31 4324
46 33 646
46 19 4106
46 18 3240
46 17 3347
46 25 3451
46 49 187
46 9 3180
46 6 4036
47 19 307
47 22 1232
47 16 2711
47 6 623
47 30 462
47 29 4349
47 48 4215
47 45 4468
47 34 1010
47 14 274
47 8 1695
47 23 3265
47 27 2552
47 31 569
47 25 3264
47 37 2491
47 33 725
47 32 675
47 12 1899
47 38 2734
47 4 2394
47 3 3833
47 9 3941
47 11 3435
47 28 208
47 5 1520
47 15 1982
47 17 254
47 44 3819
47 36 3452
47 49 768
47 39 2465
47 7 2693
47 50 1400
47 20 22
47 10 2334
47 1 2183
47 26 3176
47 46 888
47 40 3744
47 41 2105
47 21 1566
47 24 2545
47 18 1507
47 43 2817
47 42 1840
47 13 1482
47 2 832
47 35 3642
48 38 1422
48 33 1281
48 23 3893
48 37 3901
48 30 859
48 35 3447
48 17 2749
48 20 705
48 6 486
48 2 1686
48 44 3099
48 14 4425
48 21 3642
48 49 606
48 18 677
48 9 4341
48 29 429
48 4 2721
48 5 1330
48 41 542
48 32 1258
48 28 473
48 31 491
48 47 3344
48 15 3481
48 46 1366
48 36 1748
48 10 4459
48 34 25
48 42 684
48 24 1553
48 8 2730
48 39 318
48 11 1719
48 12 1845
48 27 2908
48 13 3804
48 7 2787
48 25 3438
48 40 1256
48 45 1265
48 3 2622
48 1 377
48 16 3237
48 43 3999
49 36 3921
49 15 1734
49 50 3234
49 27 3782
49 29 1964
49 7 801
49 40 3002
49 45 1641
49 32 3125
49 6 3058
49 21 1257
49 44 834
49 46 688
49 28 2114
49 48 3342
49 41 2052
49 9 1876
49 30 3075
49 2 2401
49 38 2357
49 16 866
49 43 3371
49 35 268
49 3 1193
49 22 1753
49 17 1403
49 8 2055
49 20 2534
49 39 3786
49 24 3268
49 10 687
49 11 163
49 18 1474
49 26 1862
49 4 97
49 23 4331
49 19 2960
49 42 929
49 12 3979
49 14 3344
49 47 1582
49 33 3931
49 37 3842
49 25 3609
49 1 3542
49 13 1738
50 14 462
50 34 4450
50 39 187
50 10 970
50 6 3755
50 30 1188
50 13 302
50 33 3220
50 9 1194
50 49 132
50 21 4489
50 25 1157
50 26 558
50 8 1954
50 42 2991
50 31 4177
50 12 1888
50 23 1599
50 29 1573
50 16 4319
50 32 2382
50 19 1056
50 28 3434
50 24 3149
50 48 1740
50 43 2854
50 38 3883
50 35 743
50 40 2700
50 45 150
50 41 3432
50 4 3594
50 7 2898
50 22 1180
50 18 2870
50 46 1470
50 3 1220
50 2 3913
50 47 2591
50 5 4116
50 11 1704
50 37 2581
50 44 4017
50 17 2037
50 36 456
50 1 197
