50 2300
1 32 425
1 37 894
1 22 2434
1 3 4171
1 35 4193
1 40 111
1 29 1614
1 5 358
1 23 3137
1 25 1863
1 39 4421
1 6 430
1 26 3273
1 43 1943
1 27 1983
1 9 3282
1 15 3325
1 10 2430
1 42 1004
1 46 1523
1 11 1992
1 18 1822
1 30 2099
1 45 2381
1 36 2027
1 20 1036
1 50 1189
1 2 410
1 34 2714
1 14 2776
1 13 370
1 49 3986
1 4 2288
1 21 497
1 12 3762
1 16 3519
1 47 2048
1 7 1763
1 33 3293
1 8 349
1 19 1852
1 48 4162
1 28 1669
1 17 3462
1 41 3259
2 47 499
2 32 1574
2 41 2900
2 28 3768
2 5 1746
2 40 2118
2 49 1126
2 18 2189
2 3 2965
2 45 1697
2 21 1558
2 19 199
2 34 2632
2 1 2504
2 16 296
2 30 8
2 8 3290
2 35 3542
2 25 3363
2 12 3098
2 26 3755
2 22 1425
2 23 3916
2 43 3100
2 50 566
2 11 3045
2 9 3329
2 6 3117
2 39 2314
2 33 2395
2 4 3277
2 36 1909
2 44 941
2 24 2402
2 37 2820
2 29 1176
2 10 3153
2 42 996
2 48 1779
2 7 3583
2 46 3131
2 31 102
2 13 3938
2 27 1500
3 37 2513
3 11 4395
3 17 1760
3 38 1863
3 32 3017
3 10 3612
3 34 3581
3 27 3976
3 2 284
3 6 1110
3 26 3690
3 23 1633
3 40 906
3 16 2027
3 30 421
3 31 2988
3 14 1319
3 22 555
3 15 4190
3 18 4449
3 46 2231
3 24 2191
3 25 2084
3 7 4012
3 33 4342
3 9 3920
3 28 229
3 29 2179
3 36 2408
3 4 3812
3 8 2226
3 44 3435
3 13 4132
3 35 316
3 42 964
3 43 1836
3 45 194
3 39 1104
3 41 1449
3 19 514
3 20 3446
3 21 2241
3 5 2716
3 1 2647
3 50 3007
3 49 4157
3 48 2555
3 47 4041
3 12 2588
4 5 1860
4 28 1025
4 27 3806
4 3 3148
4 44 3250
4 18 503
4 33 3347
4 40 1316
4 50 1238
4 24 3264
4 38 50
4 49 2358
4 45 1401
4 31 804
4 11 2909
4 22 4081
4 17 4073
4 8 1745
4 26 2987
4 34 4345
4 30 3720
4 37 2238
4 36 823
4 48 742
4 15 2822
4 20 1790
4 13 171
4 43 35
4 7 3176
4 12 616
4 23 413
4 29 642
4 16 278
4 2 752
4 14 1308
4 35 404
4 1 3599
4 41 4315
4 9 2373
4 42 2315
4 6 3037
4 21 499
4 10 1198
4 46 3899
4 47 2106
4 32 3432
4 19 1604
4 39 4425
5 22 709
5 4 2635
5 6 2163
5 45 1527
5 26 3133
5 11 435
5 17 2549
5 2 603
5 24 4012
5 23 3689
5 38 3900
5 28 2347
5 8 374
5 46 686
5 48 2047
5 35 3832
5 44 4337
5 9 2765
5 15 1491
5 34 3552
5 20 1186
5 41 752
5 49 1280
5 32 64
5 1 872
5 33 375
5 47 4370
5 21 4301
5 40 1065
5 30 3447
5 10 3419
5 14 1781
5 3 1309
5 7 3679
5 43 868
5 42 2239
5 18 3989
5 50 2012
5 13 3155
5 29 1337
5 19 417
5 16 2259
5 25 1806
5 12 3394
5 27 3031
6 34 4068
6 39 1423
6 27 3757
6 5 2744
6 36 157
6 13 526
6 9 2229
6 3 340
6 42 4457
6 21 242
6 37 949
6 46 2494
6 47 1749
6 4 2335
6 30 1206
6 24 382
6 45 718
6 44 663
6 33 1502
6 20 2656
6 49 1452
6 31 3235
6 16 329
6 50 1558
6 10 232
6 15 1377
6 19 2352
6 38 1153
6 23 1825
6 26 1615
6 41 4041
6 1 310
6 8 3230
6 25 474
6 17 4316
6 40 2015
6 28 1865
6 11 3611
6 43 418
6 18 1614
6 29 3519
6 14 1415
6 7 117
6 32 578
6 2 2832
6 48 1989
7 25 3892
7 3 1166
7 40 136
7 6 1296
7 32 2244
7 14 2052
7 4 3443
7 45 4101
7 36 1510
7 35 1173
7 38 3068
7 8 3780
7 12 2281
7 19 1157
7 10 873
7 42 1749
7 43 2187
7 34 3919
7 22 4108
7 17 121
7 37 1281
7 39 2769
7 29 2705
7 18 4487
7 49 4479
7 27 3176
7 11 12
7 20 1310
7 16 765
7 30 228
7 31 426
7 48 3297
7 2 4346
7 47 1812
7 5 4344
7 46 3013
7 23 3584
7 13 76
7 24 3308
7 1 3933
7 26 2131
7 28 1496
7 44 4167
7 21 159
7 9 1238
7 15 1186
7 41 4027
8 24 1195
8 39 439
8 50 493
8 46 4461
8 31 1788
8 10 1920
8 4 3432
8 47 2606
8 18 1085
8 32 1643
8 49 4430
8 11 816
8 13 2584
8 6 3372
8 17 1161
8 37 848
8 5 3051
8 26 3009
8 40 1244
8 36 721
8 34 36
8 42 1987
8 9 2068
8 30 1830
8 38 4488
8 15 3878
8 27 3915
8 21 1321
8 25 1738
8 3 1074
8 44 2670
8 45 858
8 12 2021
8 35 2796
8 28 243
8 48 118
8 1 2071
8 19 1140
8 22 1850
8 7 742
8 43 3101
8 29 3317
8 2 1335
8 33 1809
8 14 732
8 20 4432
8 41 1538
8 16 339
8 23 388
9 11 4059
9 18 118
9 3 1763
9 14 530
9 48 343
9 28 512
9 44 3305
9 35 1861
9 27 1691
9 19 739
9 32 3641
9 24 4308
9 45 308
9 1 1653
9 34 22
9 13 880
9 30 410
9 23 2009
9 17 4445
9 40 3306
9 31 4319
9 2 3190
9 37 3273
9 6 4138
9 26 3976
9 10 718
9 21 2281
9 38 1424
9 22 1294
9 8 2072
9 47 2674
9 42 4223
9 29 248
9 39 63
9 43 2499
9 36 3979
9 4 616
9 7 1846
9 5 2308
9 49 2251
9 16 3044
9 33 4240
9 15 1515
9 25 690
9 20 704
9 12 3595
9 46 1465
9 50 4051
10 49 3304
10 36 2266
10 43 2295
10 46 2176
10 31 3057
10 33 475
10 2 4141
10 26 3464
10 18 1896
10 21 3880
10 8 2411
10 6 4480
10 11 1411
10 20 4439
10 35 3768
10 5 3017
10 3 2626
10 27 2532
10 23 2297
10 50 509
10 24 4271
10 32 2009
10 37 3269
10 22 3095
10 9 3565
10 25 1346
10 16 3942
10 12 2498
10 41 3796
10 40 234
10 14 3417
10 44 1789
10 29 501
10 13 240
10 17 272
10 30 3564
10 48 4249
10 39 3612
10 47 2524
10 1 1346
10 4 2482
10 34 918
10 28 875
10 7 2953
10 42 3347
10 15 1673
10 19 193
10 45 968
10 38 4420
11 32 1797
11 44 3544
11 26 118
11 12 982
11 43 1139
11 39 3232
11 7 606
11 40 1854
11 45 2762
11 37 2806
11 25 3433
11 30 2639
11 4 4455
11 5 4260
11 10 4449
11 36 1888
11 28 972
11 19 3993
11 14 1459
11 20 1322
11 41 1183
11 3 2755
11 16 616
11 2 2481
11 29 887
11 6 992
11 9 14
11 35 3191
11 24 4167
11 17 1316
11 46 1268
11 22 2877
11 15 2996
11 31 2911
11 8 4387
11 42 2964
11 21 2037
11 33 3175
11 49 391
11 13 2481
11 27 4045
11 23 4194
11 1 2904
12 28 2520
12 46 1675
12 41 3225
12 37 2586
12 17 3677
12 39 3480
12 32 1229
12 31 936
12 16 2548
12 9 1410
12 13 2054
12 21 4191
12 43 3409
12 33 1324
12 15 3784
12 11 1094
12 19 1651
12 45 469
12 35 4234
12 6 38
12 18 2738
12 42 2668
12 50 6
12 8 902
12 36 1561
12 34 1173
12 23 3128
12 44 191
12 29 2852
12 24 270
12 4 48
12 7 1643
12 49 1078
12 38 2862
12 25 1404
12 14 3566
12 26 2096
12 47 1309
12 3 390
12 2 2735
12 22 4104
12 5 1307
12 30 1166
12 48 12
12 1 119
12 27 1354
13 2 919
13 40 1325
13 44 2376
13 10 349
13 32 3900
13 16 4285
13 22 3011
13 29 255
13 24 1883
13 1 2746
13 14 107
13 8 3444
13 19 1768
13 43 3285
13 34 3045
13 26 4363
13 36 2854
13 30 105
13 4 761
13 17 1194
13 38 322
13 5 4079
13 45 3856
13 6 3720
13 18 4425
13 49 851
13 48 2992
13 46 4254
13 47 3089
13 7 3103
13 23 986
13 35 3805
13 27 4047
13 9 2784
13 41 3413
13 3 602
13 11 462
13 25 883
13 39 2923
13 50 4360
13 15 4243
13 42 1994
13 20 2985
13 31 1337
13 12 3997
13 37 2521
14 41 2715
14 33 519
14 40 4431
14 4 4456
14 26 3173
14 25 1683
14 49 1559
14 42 4328
14 37 1571
14 29 732
14 34 3062
14 2 2164
14 24 602
14 17 1052
14 11 1917
14 38 1641
14 16 1861
14 5 1772
14 44 1887
14 3 2463
14 22 2218
14 50 2092
14 31 1663
14 7 499
14 15 1666
14 23 791
14 47 3627
14 28 3246
14 10 3246
14 39 2928
14 19 1332
14 1 2403
14 6 3718
14 35 1928
14 20 927
14 36 1376
14 8 3508
14 12 23
14 46 2989
14 30 115
14 45 2287
14 43 593
14 32 3973
14 18 1674
14 21 3873
14 9 4233
14 48 4467
15 40 4084
15 32 232
15 19 4111
15 20 4441
15 3 3347
15 24 697
15 8 2510
15 41 2342
15 13 658
15 31 2290
15 29 2653
15 50 246
15 45 786
15 27 914
15 10 2447
15 28 3333
15 42 3467
15 46 508
15 22 2770
15 6 1570
15 12 3411
15 5 4306
15 47 3088
15 21 989
15 39 1641
15 36 1028
15 17 2622
15 11 2760
15 49 2408
15 33 1695
15 23 4226
15 37 1194
15 43 1393
15 35 1196
15 26 2091
15 30 926
15 9 975
15 2 1941
15 25 696
15 48 1044
15 4 4455
15 34 1826
15 14 2913
15 16 2005
16 37 1324
16 36 1093
16 28 2370
16 5 2187
16 31 4374
16 19 4275
16 7 1642
16 18 3918
16 50 32
16 30 4408
16 48 2532
16 22 2223
16 25 3961
16 27 4302
16 14 943
16 43 3677
16 11 2473
16 20 3705
16 3 2246
16 10 486
16 29 509
16 46 4326
16 45 1904
16 32 276
16 4 1501
16 8 1184
16 33 2038
16 35 3135
16 47 3463
16 39 3299
16 24 4089
16 26 3086
16 34 1787
16 41 2274
16 40 4019
16 6 1358
16 17 4001
16 23 3417
16 21 2567
16 42 1514
16 1 2238
16 15 3153
16 44 3038
16 13 2240
16 12 4154
17 23 36
17 7 1077
17 14 3046
17 25 4117
17 27 2021
17 16 4393
17 26 91
17 19 3673
17 22 3188
17 44 417
17 41 2368
17 24 1075
17 1 1481
17 8 2369
17 28 358
17 9 492
17 48 4160
17 43 2697
17 45 3917
17 34 2169
17 42 3530
17 21 4309
17 39 341
17 31 1370
17 46 469
17 18 2698
17 36 1751
17 35 230
17 5 62
17 10 3975
17 32 1254
17 30 708
17 49 3959
17 50 2397
17 12 2429
17 4 1803
17 11 1204
17 20 1183
17 37 3433
17 2 2992
17 38 3968
17 3 957
17 6 2744
17 13 3193
17 40 2475
17 15 238
18 40 2196
18 37 1794
18 24 3789
18 16 2363
18 46 4140
18 36 1522
18 47 3248
18 12 1358
18 1 2035
18 19 2777
18 15 3099
18 49 2714
18 27 3902
18 11 507
18 17 4088
18 34 4137
18 30 3204
18 21 1271
18 33 453
18 7 875
18 20 238
18 10 2391
18 32 1897
18 13 3435
18 31 3395
18 5 2525
18 43 436
18 25 3283
18 2 1521
18 38 3056
18 23 1627
18 3 1513
18 22 1252
18 50 3234
18 42 4119
18 35 1774
18 8 2332
18 9 3192
18 41 2553
18 4 4365
18 48 1220
18 28 4107
18 39 561
18 26 1888
18 6 3938
18 14 3752
19 37 3956
19 36 1378
19 47 166
19 49 3125
19 17 3822
19 40 3321
19 22 254
19 15 4103
19 25 3372
19 12 2333
19 1 1170
19 32 3094
19 27 1422
19 46 2274
19 41 1181
19 4 537
19 11 3208
19 44 4459
19 13 697
19 2 987
19 34 31
19 23 3866
19 45 2129
19 21 1913
19 14 1825
19 5 898
19 31 2581
19 29 4287
19 33 770
19 18 1822
19 28 322
19 43 3175
19 26 3188
19 39 2319
19 30 1501
19 10 540
19 16 2539
19 9 2281
19 35 560
19 3 4494
19 42 346
19 6 2527
19 24 1553
19 48 4087
19 20 1512
19 50 4302
19 8 1234
20 39 3223
20 35 1776
20 37 1686
20 10 852
20 28 2190
20 26 2922
20 50 4349
20 12 2652
20 18 3747
20 49 137
20 15 410
20 47 4478
20 44 1083
20 46 3178
20 16 3872
20 21 2449
20 25 4236
20 2 3999
20 3 4394
20 11 3956
20 41 1366
20 19 3327
20 40 1323
20 13 293
20 14 2820
20 5 2644
20 48 1162
20 22 3553
20 33 4165
20 32 1234
20 23 4120
20 29 732
20 38 2472
20 42 1438
20 27 80
20 7 2703
20 36 4085
20 1 1730
20 31 1410
20 34 617
20 6 3354
20 43 2023
20 4 2383
20 8 939
20 17 3588
21 8 291
21 44 1656
21 5 3856
21 36 2990
21 11 2254
21 41 4077
21 35 297
21 16 4075
21 38 2263
21 3 1100
21 49 3519
21 18 2171
21 2 1927
21 13 4484
21 43 1275
21 32 3760
21 47 908
21 40 1959
21 14 2968
21 15 4250
21 17 3787
21 7 1358
21 22 1827
21 37 232
21 23 1159
21 25 1727
21 42 3187
21 28 111
21 46 4196
21 6 1679
21 20 817
21 26 3218
21 34 4244
21 4 4316
21 45 805
21 1 2827
21 29 532
21 39 2628
21 24 630
21 12 1617
21 9 915
21 27 3060
21 50 3059
21 48 2733
22 49 2594
22 8 926
22 35 3609
22 43 3181
22 47 4484
22 20 2463
22 41 92
22 4 2207
22 42 1238
22 38 199
22 44 2405
22 16 1717
22 12 1377
22 10 3429
22 39 981
22 27 3302
22 34 1340
22 2 3866
22 32 1329
22 31 2844
22 1 2035
22 46 3567
22 15 1949
22 24 3407
22 28 3366
22 7 4171
22 6 1878
22 14 4500
22 40 4055
22 9 1497
22 17 1421
22 3 3248
22 37 3269
22 36 674
22 45 1454
22 29 2879
22 26 2055
22 50 4347
22 23 4033
22 33 4182
22 21 3554
22 19 594
22 5 1979
22 11 2547
22 48 3056
22 30 1986
23 6 57
23 46 3808
23 25 1723
23 49 202
23 13 553
23 48 1930
23 21 1789
23 37 2465
23 26 3597
23 10 2655
23 22 3302
23 12 2682
23 8 4321
23 9 3623
23 11 3337
23 31 2640
23 18 2999
23 4 106
23 50 393
23 2 4151
23 19 3213
23 5 922
23 30 4142
23 24 1638
23 40 3305
23 35 1999
23 27 1226
23 43 1914
23 39 2257
23 28 2129
23 1 3770
23 44 227
23 34 3618
23 20 1148
23 42 3023
23 16 3181
23 15 4350
23 47 4145
23 17 4283
23 36 849
23 32 4071
23 33 2055
23 41 674
23 14 1005
23 7 2496
23 38 1695
23 3 3072
24 19 2856
24 5 186
24 31 1303
24 25 2406
24 10 4281
24 9 3873
24 2 3186
24 47 788
24 11 1125
24 38 3819
24 42 4022
24 36 356
24 33 3963
24 14 301
24 3 785
24 7 729
24 35 4312
24 41 1206
24 43 2355
24 26 1779
24 12 1289
24 40 921
24 18 3386
24 34 3787
24 46 803
24 13 2072
24 39 3970
24 4 76
24 8 1820
24 30 1902
24 6 2506
24 50 1818
24 21 763
24 23 3369
24 44 4244
24 49 1130
24 29 3204
24 20 874
24 22 266
24 27 760
24 28 3207
24 32 3821
24 45 2900
24 1 3128
24 37 127
25 20 3701
25 37 2821
25 5 3673
25 13 2824
25 4 2577
25 9 1795
25 46 3375
25 42 555
25 7 4172
25 48 1014
25 14 4226
25 41 1735
25 35 3576
25 31 232
25 39 1719
25 18 1661
25 15 1806
25 44 3427
25 12 3784
25 40 1090
25 26 2116
25 23 2903
25 30 1863
25 36 2956
25 2 1913
25 19 525
25 45 4319
25 17 1861
25 43 4398
25 38 3296
25 24 2148
25 11 1294
25 6 730
25 22 2357
25 10 2459
25 33 659
25 50 143
25 8 2469
25 27 1178
25 1 1193
25 21 2816
25 3 3295
25 28 2963
25 29 3180
25 32 1410
25 49 1825
25 47 478
25 16 172
26 13 1969
26 2 2944
26 49 4023
26 3 3175
26 28 783
26 15 125
26 30 699
26 1 4370
26 18 101
26 44 4486
26 16 241
26 12 4110
26 32 3676
26 7 2756
26 24 2178
26 17 2326
26 27 1059
26 47 3485
26 22 3842
26 21 4219
26 38 3693
26 4 2033
26 31 4411
26 40 1074
26 5 3548
26 33 1555
26 43 1465
26 6 1102
26 29 1962
26 50 70
26 39 1261
26 34 637
26 14 1835
26 46 1202
26 36 2779
26 25 447
26 48 474
26 45 2140
26 19 3104
26 20 1606
26 8 2669
26 11 3572
26 41 3757
26 9 875
27 1 4138
27 49 129
27 30 3369
27 17 4174
27 32 3277
27 34 3069
27 44 1643
27 15 1244
27 20 4028
27 5 2898
27 14 1463
27 23 2165
27 31 2252
27 2 1834
27 42 648
27 24 317
27 29 911
27 40 2304
27 41 4488
27 43 1954
27 22 3629
27 13 2087
27 25 3853
27 38 2224
27 16 677
27 36 559
27 3 1431
27 8 2183
27 35 2718
27 18 89
27 46 2951
27 50 1056
27 12 2480
27 4 1501
27 26 2097
27 39 1773
27 33 3001
27 45 2749
27 21 541
27 11 3985
27 48 570
27 10 2230
27 6 4134
27 7 2289
27 28 1353
27 19 2959
28 11 4231
28 42 1370
28 2 4034
28 24 537
28 20 2058
28 25 292
28 13 1066
28 47 2970
28 32 763
28 1 2995
28 10 3873
28 44 4379
28 34 964
28 16 664
28 27 4343
28 23 680
28 41 1516
28 35 2325
28 50 4349
28 4 886
28 40 2500
28 49 4437
28 30 2775
28 8 3786
28 19 307
28 12 2985
28 29 2436
28 43 151
28 14 399
28 39 845
28 17 1517
28 36 3427
28 18 2178
28 37 2581
28 3 686
28 6 3785
28 46 2800
28 15 4062
28 48 3140
28 26 4072
28 22 3825
28 31 4312
28 33 3876
28 9 2491
28 5 1106
28 7 3776
28 21 2948
29 34 554
29 5 3482
29 49 3143
29 12 565
29 1 2272
29 42 1879
29 41 3468
29 7 3983
29 6 429
29 24 3807
29 15 2195
29 4 2798
29 20 870
29 10 4468
29 3 994
29 44 3215
29 35 1870
29 22 3525
29 30 3020
29 46 930
29 43 3034
29 37 3766
29 2 3968
29 31 3664
29 19 1944
29 27 4111
29 50 759
29 17 2384
29 26 1704
29 8 2280
29 18 2780
29 28 1334
29 45 1754
29 40 1479
29 48 2044
29 38 361
29 13 2228
29 33 3427
29 9 1094
29 11 3430
29 39 911
29 25 371
29 21 1383
29 23 2293
29 16 2998
29 14 4190
30 49 1672
30 16 1847
30 46 231
30 32 4200
30 21 354
30 45 3976
30 13 4085
30 44 2000
30 42 1286
30 40 968
30 3 2302
30 43 1432
30 1 440
30 35 1183
30 22 3508
30 10 407
30 34 2785
30 4 4446
30 19 2734
30 29 4175
30 2 3110
30 37 3152
30 11 698
30 48 1932
30 12 3394
30 14 4485
30 50 4226
30 17 2848
30 7 981
30 47 239
30 38 202
30 23 24
30 27 3027
30 9 3879
30 39 1290
30 26 2466
30 15 4274
30 36 4189
30 25 713
30 20 1683
30 28 387
30 24 1154
31 38 2810
31 34 1496
31 12 3138
31 16 246
31 24 3242
31 33 1823
31 37 4320
31 19 4337
31 9 2542
31 47 1896
31 21 2050
31 48 1071
31 4 3919
31 5 2343
31 10 2119
31 30 1929
31 39 2961
31 27 4367
31 44 3916
31 25 1080
31 42 3152
31 50 38
31 15 720
31 40 327
31 2 2010
31 20 4183
31 3 2597
31 49 1107
31 45 3976
31 14 2041
31 7 1139
31 11 3344
31 8 2079
31 46 1386
31 28 3696
31 35 3820
31 26 3283
31 18 3130
31 29 2934
31 13 3956
31 1 301
31 6 1245
31 32 4103
31 17 123
31 43 3557
31 23 2639
32 25 371
32 1 931
32 34 3315
32 3 1951
32 46 3581
32 27 2746
32 10 4077
32 16 4396
32 2 1358
32 26 3982
32 6 2694
32 15 4281
32 33 3818
32 23 2696
32 44 1639
32 24 935
32 29 3490
32 7 4024
32 41 3371
32 14 2673
32 22 741
32 13 4339
32 11 1047
32 50 3048
32 31 3813
32 43 1694
32 39 621
32 48 3132
32 4 1435
32 19 4497
32 12 2955
32 47 2746
32 36 4197
32 49 2001
32 5 4044
32 38 1267
32 45 1272
32 20 4037
32 42 2183
32 35 1552
32 30 4461
32 17 4075
32 28 4310
33 31 3407
33 20 4420
33 38 3723
33 44 972
33 22 3067
33 7 333
33 42 1971
33 16 99
33 36 4157
33 19 4470
33 34 2195
33 5 2760
33 39 694
33 40 1958
33 18 933
33 48 3330
33 29 2742
33 28 580
33 15 1814
33 4 1324
33 12 4387
33 41 4188
33 35 3491
33 32 2475
33 9 3478
33 14 3331
33 3 3820
33 27 1979
33 13 2960
33 11 180
33 50 2330
33 43 4265
33 30 1594
33 49 1846
33 24 2310
33 6 1131
33 46 2671
33 2 464
33 8 1939
33 26 3189
33 1 3543
33 45 3520
33 23 3847
33 47 1271
33 17 3980
33 21 2474
34 15 1328
34 11 1479
34 13 3443
34 50 4322
34 42 3047
34 31 4344
34 48 291
34 4 2327
34 20 1892
34 5 810
34 6 1971
34 1 3128
34 12 2794
34 3 2648
34 27 3540
34 26 4418
34 37 944
34 21 1221
34 35 797
34 36 3006
34 28 377
34 45 3503
34 40 2755
34 7 2995
34 19 3124
34 22 2936
34 32 2802
34 33 3414
34 29 204
34 49 2479
34 38 748
34 24 4334
34 46 3061
34 10 3484
34 43 2197
34 25 4022
34 41 1189
34 39 331
34 2 2759
34 8 2956
34 44 1696
34 9 571
34 23 763
34 17 308
35 33 4379
35 31 3111
35 30 2146
35 11 1827
35 12 982
35 49 3596
35 29 2293
35 3 852
35 16 4189
35 18 4299
35 22 1503
35 42 2312
35 19 2377
35 17 270
35 6 2673
35 45 595
35 36 3389
35 4 1156
35 21 1058
35 34 4423
35 5 835
35 46 4045
35 38 3007
35 41 4019
35 40 370
35 47 2509
35 28 4124
35 24 890
35 32 4363
35 50 524
35 25 903
35 27 950
35 7 713
35 20 2335
35 13 1430
35 37 2785
35 15 235
35 43 1585
35 26 2437
35 8 3454
35 2 4482
35 9 420
35 14 4415
35 39 3248
35 48 2281
35 10 3840
35 44 1357
36 5 2064
36 23 1962
36 37 4079
36 18 4487
36 41 2801
36 30 3650
36 16 3917
36 35 2055
36 21 3824
36 48 3348
36 47 3585
36 31 2212
36 19 1026
36 9 124
36 29 3498
36 11 2681
36 28 160
36 32 3473
36 45 1443
36 15 2836
36 34 3490
36 1 3696
36 24 2509
36 25 1453
36 10 861
36 44 2609
36 20 1987
36 40 3035
36 33 3797
36 22 3108
36 50 4179
36 2 82
36 13 2576
36 7 3817
36 8 1310
36 14 3283
36 26 1178
36 49 3985
36 38 2714
36 3 510
36 12 207
36 39 1416
36 6 95
36 43 655
36 46 1824
37 20 2297
37 38 3648
37 45 2131
37 16 1267
37 2 1004
37 27 4203
37 31 2271
37 43 1317
37 19 680
37 33 2182
37 48 369
37 49 3110
37 23 2650
37 25 4158
37 50 2671
37 36 4063
37 29 4231
37 40 336
37 3 654
37 24 2052
37 21 3673
37 8 311
37 35 310
37 34 1540
37 6 762
37 13 4235
37 18 3288
37 26 1358
37 10 4333
37 30 3358
37 39 2379
37 11 2004
37 12 4276
37 14 2205
37 15 2447
37 4 1835
37 1 3617
37 44 3646
37 32 2321
37 17 850
37 22 2481
37 47 2946
37 41 140
37 9 3243
37 46 834
37 5 4376
37 28 1234
37 7 1927
38 44 1384
38 29 3339
38 1 3672
38 35 4279
38 28 2386
38 33 949
38 18 2087
38 46 3618
38 27 1881
38 5 2746
38 25 4216
38 22 3005
38 34 688
38 30 4401
38 47 2311
38 32 811
38 31 3974
38 23 243
38 6 387
38 42 513
38 21 3741
38 12 4403
38 20 171
38 48 2224
38 9 2603
38 8 250
38 4 3048
38 14 3356
38 43 666
38 40 1013
38 49 3755
38 41 4269
38 13 2979
38 24 884
38 10 2257
38 19 2714
38 36 3445
38 16 2131
38 7 1479
38 37 1776
38 26 4259
38 2 2854
38 39 2203
38 15 68
38 3 423
38 17 1970
38 45 660
39 40 2974
39 12 3251
39 18 1297
39 45 3565
39 47 2150
39 8 4209
39 33 598
39 41 4260
39 16 671
39 34 2057
39 25 3366
39 37 1415
39 21 1989
39 14 1953
39 38 3585
39 9 986
39 42 2419
39 35 1789
39 3 1725
39 1 1160
39 26 4086
39 30 1092
39 46 1326
39 50 2529
39 5 3776
39 43 1564
39 7 1483
39 15 4274
39 11 3694
39 27 1631
39 44 2925
39 10 3163
39 19 1606
39 6 3501
39 22 681
39 20 3941
39 2 3346
39 24 4084
39 29 1704
39 28 1742
39 36 187
39 13 2147
39 23 2764
40 4 972
40 27 1735
40 16 468
40 5 3412
40 23 620
40 21 3754
40 18 2792
40 43 514
40 13 3334
40 7 1097
40 50 3387
40 6 1497
40 9 1066
40 29 1480
40 30 1422
40 24 1326
40 26 1738
40 20 977
40 41 710
40 25 1552
40 37 3519
40 17 3543
40 3 4299
40 46 4393
40 47 1049
40 42 2104
40 14 3904
40 11 3775
40 34 2505
40 45 3551
40 36 3345
40 39 1164
40 12 2652
40 33 4212
40 10 4171
40 38 2456
40 2 3508
40 35 370
40 31 1920
40 48 3703
40 49 2904
40 22 3952
40 1 720
40 44 2099
40 32 4036
40 15 399
40 8 2239
41 38 1138
41 32 2875
41 40 4096
41 9 3831
41 34 3961
41 19 2800
41 1 3762
41 45 4118
41 22 1593
41 2 22
41 23 4124
41 6 2112
41 3 293
41 16 3220
41 43 4066
41 13 4254
41 7 359
41 24 4088
41 36 2863
41 21 3865
41 18 4371
41 15 1446
41 33 628
41 48 3654
41 11 882
41 20 2603
41 27 4432
41 35 3015
41 14 1467
41 46 300
41 5 254
41 50 4375
41 17 1009
41 29 1887
41 4 4156
41 30 2527
41 26 3124
41 12 1845
41 25 3460
41 8 333
41 37 1007
41 49 1046
41 10 1655
41 44 1728
41 42 4422
41 28 2955
41 39 2377
42 46 3556
42 22 4155
42 10 4005
42 49 1755
42 30 527
42 13 1243
42 47 3609
42 14 1987
42 39 4236
42 36 131
42 45 2615
42 23 3230
42 44 3613
42 34 1754
42 9 1490
42 8 1103
42 6 621
42 38 3907
42 27 684
42 21 4237
42 35 2977
42 16 3277
42 17 856
42 15 477
42 3 4
42 31 447
42 37 445
42 2 3290
42 26 385
42 40 1066
42 20 3313
42 33 714
42 24 1797
42 28 1760
42 19 2808
42 5 2511
42 25 565
42 43 3616
42 32 3980
42 7 2690
42 18 1779
42 4 823
42 11 664
42 1 163
42 29 2672
42 41 1632
42 50 116
42 12 2869
42 48 304
43 48 1012
43 37 1333
43 32 1063
43 18 2628
43 29 60
43 36 3652
43 49 2351
43 30 2285
43 7 4057
43 27 2825
43 25 2893
43 40 717
43 5 1041
43 39 1710
43 10 3985
43 45 4013
43 34 987
43 42 148
43 20 682
43 11 4483
43 2 1968
43 16 1987
43 38 2987
43 19 3038
43 50 591
43 31 3650
43 1 2856
43 44 3806
43 46 3568
43 14 3690
43 4 3324
43 6 1796
43 26 1266
43 12 3551
43 33 3977
43 9 2975
43 24 3522
43 28 1822
43 13 3945
43 3 628
43 8 2628
43 23 140
43 41 1396
43 21 2332
44 26 3066
44 24 1315
44 27 3718
44 9 3431
44 14 2694
44 4 1046
44 49 3673
44 41 3886
44 17 678
44 40 2578
44 34 3313
44 20 359
44 45 364
44 38 2525
44 5 1139
44 35 3186
44 18 1133
44 22 1290
44 30 2207
44 46 4074
44 11 2419
44 29 1129
44 43 2152
44 36 2713
44 32 678
44 39 1578
44 1 89
44 16 287
44 48 2565
44 13 3207
44 37 3052
44 25 394
44 19 2149
44 7 3022
44 28 3961
44 15 368
44 12 3924
44 50 2268
44 6 1062
44 3 1309
44 31 4493
44 8 1019
44 21 3476
44 2 3586
44 10 2254
45 1 1515
45 34 3313
45 42 800
45 48 2143
45 17 3066
45 33 2565
45 41 3131
45 38 546
45 49 2244
45 4 783
45 26 1223
45 29 867
45 14 655
45 24 3293
45 50 3055
45 8 3507
45 37 2288
45 9 3854
45 35 4451
45 32 3500
45 2 62
45 47 4265
45 40 4070
45 36 927
45 13 1734
45 16 2118
45 18 1097
45 19 145
45 6 1045
45 23 838
45 22 2446
45 12 1162
45 28 782
45 20 3534
45 5 831
45 43 1142
45 39 416
45 10 704
45 7 1454
45 44 1104
45 46 4298
45 31 2399
45 11 3959
45 25 3539
45 3 4289
45 21 1832
46 1 433
46 7 4300
46 39 1645
46 41 3609
46 45 830
46 13 3101
46 20 1315
46 34 3913
46 38 2439
46 24 2781
46 16 3616
46 10 2683
46 47 2163
46 28 895
46 21 3985
46 33 299
46 18 2270
46 44 3096
46 3 1249
46 17 6
46 31 2223
46 43 4270
46 19 3360
46 49 3449
46 5 2452
46 22 2635
46 25 1975
46 12 47
46 42 4136
46 26 1696
46 15 3102
46 36 4444
46 4 3651
46 2 3721
46 35 564
46 30 714
46 8 4200
46 6 1493
46 48 1018
46 29 1682
46 32 2340
46 11 3851
46 50 1886
46 40 1707
46 27 4107
46 9 2816
47 18 4064
47 23 4124
47 20 466
47 26 3865
47 33 2119
47 29 521
47 37 345
47 16 3202
47 35 620
47 10 2837
47 27 2384
47 19 675
47 15 3304
47 4 3569
47 48 2561
47 50 3772
47 9 3182
47 7 4233
47 46 3076
47 44 3683
47 41 3680
47 45 3
47 24 4306
47 30 234
47 12 3966
47 2 43
47 11 4196
47 3 2185
47 49 1206
47 25 1043
47 5 2220
47 36 3105
47 40 1205
47 17 27
47 42 4476
47 34 2175
47 6 2449
47 13 3581
47 1 906
47 43 2995
47 31 896
47 22 3440
47 28 1599
47 8 2225
47 32 1640
47 21 2481
47 38 1447
47 39 3664
47 14 2205
48 23 4123
48 49 3093
48 42 2896
48 39 2239
48 30 4198
48 33 505
48 3 3747
48 41 1932
48 43 65
48 7 4072
48 28 2626
48 10 2667
48 16 487
48 5 3629
48 45 2412
48 8 2393
48 25 1590
48 44 2375
48 29 696
48 34 4318
48 26 2825
48 35 4438
48 18 4425
48 17 1324
48 20 3638
48 9 1433
48 21 132
48 40 2411
48 46 264
48 1 2905
48 4 3691
48 11 1893
48 2 2201
48 24 2716
48 14 3513
48 22 1216
48 19 1515
48 31 2417
48 47 2824
48 27 3590
48 15 4301
48 32 786
48 6 1336
48 50 3406
49 7 614
49 16 1462
49 38 3645
49 24 686
49 5 1175
49 3 1593
49 40 3080
49 27 1485
49 28 481
49 29 3951
49 42 4468
49 35 4466
49 13 1018
49 41 2874
49 9 1879
49 6 184
49 21 3837
49 17 927
49 2 3941
49 19 771
49 12 4299
49 11 504
49 8 572
49 32 4412
49 15 2252
49 14 3161
49 36 4136
49 33 3304
49 31 2596
49 50 4203
49 22 3650
49 18 2236
49 23 675
49 47 4250
49 1 948
49 20 701
49 10 2889
49 44 3159
49 26 2707
49 30 3751
49 39 4344
49 37 3448
49 45 1697
49 46 3773
49 34 2037
49 43 1576
50 12 2788
50 17 935
50 19 2989
50 27 3222
50 38 2910
50 14 3738
50 8 1070
50 48 3529
50 10 1544
50 20 4178
50 32 3430
50 6 4093
50 7 2695
50 9 308
50 26 3708
50 41 613
50 5 251
50 46 2365
50 49 2780
50 40 2856
50 42 3726
50 35 1684
50 1 373
50 3 2421
50 45 2745
50 34 2561
50 11 913
50 15 4254
50 21 3945
50 30 3775
50 23 921
50 47 1799
50 13 704
50 33 3515
50 25 2574
50 44 2661
50 29 51
50 37 3158
50 43 313
50 4 990
50 24 439
50 36 2704
50 16 4469
50 2 1292
50 31 2043
50 22 2758
50 28 4183
50 39 1474
