50 2300
1 9 2602
1 28 3042
1 47 4173
1 44 560
1 6 4494
1 5 315
1 18 1049
1 4 2963
1 29 1227
1 43 3856
1 49 3909
1 27 1347
1 19 987
1 42 4484
1 40 2472
1 45 2053
1 12 3757
1 30 4421
1 39 2803
1 20 3911
1 14 311
1 24 2703
1 8 2597
1 34 2562
1 31 1234
1 2 130
1 48 2012
1 33 4240
1 11 2405
1 32 1085
1 25 1367
1 35 3891
1 17 1985
1 13 2035
1 10 604
1 15 2358
1 41 1631
1 36 1083
1 50 2045
1 38 2051
1 22 2046
1 23 1660
1 3 3675
1 26 1250
1 7 1609
1 37 605
2 33 2837
2 37 1383
2 36 3362
2 16 4092
2 10 753
2 5 3510
2 11 2303
2 7 4404
2 39 3769
2 32 1222
2 45 2885
2 28 4283
2 25 1790
2 47 3146
2 35 3083
2 38 34
2 41 1081
2 21 2326
2 42 4380
2 20 4474
2 1 487
2 50 313
2 3 2922
2 27 3199
2 19 3082
2 34 4436
2 44 2200
2 22 3826
2 9 2819
2 15 3507
2 12 2586
2 4 652
2 49 4345
2 8 148
2 13 651
2 43 3151
2 30 2654
2 29 43
2 17 2603
2 18 4455
2 24 726
2 23 3635
2 14 1274
2 31 3595
2 48 3787
2 6 4190
3 20 1479
3 24 866
3 38 459
3 26 4019
3 28 3535
3 49 1298
3 1 3982
3 37 3732
3 39 1640
3 5 4118
3 36 2397
3 4 1109
3 17 4417
3 47 417
3 43 2924
3 27 2818
3 22 4014
3 12 322
3 40 612
3 7 295
3 15 871
3 19 493
3 16 1890
3 50 2337
3 9 686
3 13 2519
3 25 1652
3 21 1999
3 34 110
3 42 4416
3 46 2089
3 2 600
3 14 326
3 33 1558
3 23 501
3 31 1416
3 18 3749
3 35 1234
3 11 4037
3 41 1935
3 29 1712
3 8 4114
3 10 319
3 6 1306
3 44 1365
3 48 2888
3 30 3683
4 35 1293
4 12 3421
4 9 1044
4 28 203
4 42 911
4 10 26
4 49 889
4 43 4238
4 37 1744
4 29 1222
4 33 2466
4 7 3578
4 50 2012
4 21 440
4 41 1215
4 40 1166
4 20 3401
4 48 1373
4 1 1432
4 15 1308
4 18 167
4 2 1452
4 46 916
4 16 720
4 26 1552
4 6 1258
4 3 3726
4 24 2716
4 23 291
4 25 3006
4 17 3306
4 22 3898
4 5 3568
4 36 2491
4 38 4119
4 32 2879
4 47 1809
4 34 4240
4 8 489
4 30 1693
4 44 2301
4 45 3515
4 19 2202
4 11 575
4 39 1368
4 31 764
5 50 80
5 23 3965
5 41 850
5 48 477
5 38 2108
5 3 2286
5 11 3481
5 36 1616
5 32 3878
5 49 470
5 9 1671
5 2 926
5 24 3997
5 37 954
5 40 2711
5 44 2160
5 6 3158
5 42 427
5 4 3849
5 46 669
5 43 569
5 34 176
5 8 3855
5 27 4281
5 25 1110
5 19 3488
5 17 2932
5 35 3638
5 12 1363
5 21 2055
5 22 2370
5 16 318
5 1 2229
5 28 2566
5 39 2878
5 47 798
5 15 1382
5 10 4431
5 45 1088
5 30 4439
5 20 1571
5 26 2450
5 14 3158
5 29 3524
5 18 1858
6 27 2143
6 38 2794
6 25 1023
6 8 812
6 9 3395
6 50 717
6 32 1986
6 29 2978
6 11 1495
6 31 1769
6 30 4065
6 48 3787
6 1 2282
6 7 4255
6 21 3447
6 24 3009
6 15 475
6 5 2175
6 37 4086
6 17 3933
6 35 3818
6 23 3528
6 14 3400
6 45 682
6 28 1440
6 44 2972
6 10 3717
6 22 1079
6 19 3189
6 12 2824
6 16 1944
6 49 989
6 2 3826
6 33 1976
6 34 2433
6 18 893
6 40 3586
6 39 2472
6 20 3353
6 26 1778
6 36 3732
6 42 1922
6 43 3954
6 46 976
6 47 907
6 41 2077
6 13 2071
6 4 4065
7 50 175
7 1 1155
7 6 1134
7 17 2391
7 9 3373
7 18 3071
7 23 996
7 21 56
7 49 2411
7 13 607
7 34 293
7 32 434
7 35 2483
7 44 1910
7 25 256
7 11 3108
7 31 3752
7 19 2119
7 10 2105
7 27 3205
7 16 3782
7 33 4477
7 39 1673
7 48 3480
7 5 188
7 38 4277
7 45 2406
7 46 199
7 14 207
7 2 3734
7 41 697
7 47 3315
7 37 3911
7 42 3032
7 28 1593
7 4 21
7 26 3177
7 12 2748
7 36 3869
7 22 3154
7 8 1798
7 15 4279
7 3 303
7 24 2944
7 40 2374
7 43 4279
7 29 842
8 15 3976
8 49 2557
8 14 882
8 10 3993
8 38 2027
8 47 564
8 33 3081
8 16 3061
8 7 2137
8 13 2311
8 27 2961
8 32 230
8 31 2370
8 2 1575
8 37 643
8 50 2313
8 29 4307
8 23 4454
8 17 3211
8 26 1810
8 9 631
8 43 316
8 36 3452
8 20 2310
8 42 3799
8 19 3135
8 6 2709
8 30 2627
8 12 3110
8 44 2884
8 24 2100
8 4 895
8 11 3144
8 46 1374
8 5 929
8 1 2914
8 48 2324
8 45 2493
8 25 3536
8 28 2419
8 18 3354
8 21 887
8 40 1692
8 41 3463
8 35 2618
8 39 2877
9 12 353
9 8 3397
9 32 3036
9 48 4280
9 21 973
9 29 1759
9 10 4265
9 41 3575
9 37 4429
9 27 2010
9 14 2973
9 15 1701
9 20 917
9 3 270
9 22 1920
9 17 3808
9 36 4189
9 25 1646
9 26 3853
9 7 2462
9 43 3561
9 45 945
9 38 2041
9 23 505
9 2 1084
9 24 1467
9 44 1606
9 28 3633
9 13 3013
9 35 1588
9 31 2362
9 46 2038
9 42 2577
9 49 1372
9 33 2860
9 16 4188
9 4 3743
9 30 243
9 6 2411
9 11 3456
9 40 4473
9 50 2324
9 19 1922
9 18 981
9 47 3298
9 5 2450
9 1 1525
10 40 1649
10 29 3043
10 9 904
10 44 2132
10 5 2814
10 25 940
10 15 637
10 46 1005
10 26 950
10 33 2600
10 11 2431
10 37 158
10 36 263
10 39 3884
10 8 1331
10 21 3264
10 48 3674
10 41 270
10 19 910
10 27 1824
10 24 2314
10 38 23
10 14 3193
10 47 2408
10 43 1993
10 17 3616
10 3 4280
10 23 2757
10 35 249
10 4 2335
10 1 4370
10 2 726
10 49 3902
10 16 191
10 22 722
10 18 3067
10 13 41
10 6 2706
10 30 425
10 20 544
10 34 1625
10 32 3083
10 28 296
10 12 3845
10 7 4207
11 42 3586
11 37 1450
11 9 3562
11 43 1564
11 36 3317
11 10 2343
11 8 1442
11 3 1390
11 18 3298
11 16 4100
11 19 3278
11 13 4493
11 22 1109
11 47 3678
11 14 284
11 30 1523
11 31 4208
11 35 1051
11 28 1434
11 45 1415
11 39 1231
11 6 547
11 17 2586
11 46 3138
11 23 2797
11 1 2607
11 48 2054
11 4 4238
11 44 2402
11 27 323
11 50 2711
11 5 4256
11 40 1147
11 2 2967
11 33 1869
11 32 2160
11 7 646
11 20 1597
11 49 1683
11 24 998
11 25 3584
11 41 1672
11 12 2566
11 29 211
11 21 229
11 34 954
11 38 4218
12 6 1289
12 42 945
12 30 932
12 50 4093
12 47 3317
12 13 1653
12 17 3082
12 22 183
12 5 2829
12 29 109
12 33 3988
12 10 2629
12 35 3307
12 40 951
12 28 907
12 1 421
12 19 637
12 9 1507
12 25 2745
12 32 4403
12 36 1619
12 41 1614
12 15 182
12 43 910
12 20 1248
12 21 1207
12 7 4306
12 2 1048
12 23 4063
12 18 4194
12 4 2379
12 3 3923
12 49 2104
12 39 592
12 11 2771
12 48 1113
12 31 2275
12 8 465
12 34 421
12 46 336
12 27 2835
12 24 4113
12 45 2927
12 37 387
12 26 4457
12 14 1583
12 44 3634
13 35 3003
13 19 790
13 29 2373
13 41 2456
13 45 555
13 10 2384
13 24 1186
13 30 3835
13 11 3276
13 47 2173
13 44 220
13 33 2338
13 20 364
13 39 2822
13 25 2350
13 14 3586
13 43 3793
13 50 3583
13 40 237
13 16 1739
13 26 1378
13 18 1641
13 34 94
13 5 4205
13 31 860
13 49 2110
13 8 1417
13 42 2257
13 32 1363
13 36 2234
13 12 392
13 4 1732
13 6 3864
13 1 1575
13 48 3492
13 28 2963
13 15 2503
13 9 3910
13 3 4044
13 2 871
13 38 3160
13 17 1803
13 46 1377
13 7 1995
13 22 3505
13 27 2432
14 31 73
14 4 4426
14 9 1508
14 33 3836
14 10 2035
14 34 326
14 28 2146
14 11 2407
14 26 646
14 49 117
14 48 1316
14 12 4022
14 25 2687
14 8 613
14 41 1213
14 17 51
14 45 4166
14 35 1515
14 44 4189
14 47 1044
14 13 3403
14 16 4174
14 38 1730
14 19 595
14 27 1890
14 7 1151
14 32 621
14 29 169
14 42 3006
14 50 1046
14 6 2991
14 2 659
14 23 2656
14 21 249
14 30 2755
14 5 1432
14 3 707
14 22 1814
14 20 908
14 36 2708
14 40 1755
14 1 3301
14 24 2847
14 18 400
15 17 1419
15 29 3359
15 4 2375
15 9 2710
15 39 2981
15 1 1450
15 48 3540
15 50 1238
15 16 1518
15 18 1935
15 30 3521
15 49 2548
15 22 2981
15 6 2912
15 37 1978
15 35 3208
15 28 3461
15 46 382
15 25 1678
15 44 1583
15 27 618
15 21 4061
15 20 3069
15 31 274
15 12 66
15 23 4295
15 19 1192
15 5 1389
15 2 4155
15 38 3958
15 42 4348
15 34 4138
15 33 809
15 13 3986
15 11 120
15 32 3515
15 8 638
15 41 2542
15 24 3919
15 36 1454
15 7 3854
15 43 2310
15 47 803
15 14 2578
15 3 467
15 40 2526
15 10 3235
16 15 3215
16 44 764
16 24 2247
16 4 2119
16 36 859
16 46 3690
16 30 3706
16 6 2826
16 27 1353
16 11 3065
16 40 2698
16 48 638
16 13 1669
16 20 803
16 31 2603
16 43 328
16 9 3955
16 49 1551
16 26 4108
16 41 1712
16 32 2121
16 38 3968
16 17 3691
16 3 2112
16 18 1283
16 47 2228
16 42 400
16 28 3713
16 22 4153
16 5 828
16 37 1961
16 35 474
16 21 823
16 50 3978
16 12 2560
16 7 2437
16 10 2348
16 23 1891
16 33 3771
16 1 814
16 29 3347
16 19 218
17 28 3261
17 44 573
17 20 2640
17 33 2063
17 21 2480
17 24 61
17 41 816
17 16 972
17 4 2676
17 22 2037
17 50 1327
17 29 4426
17 26 172
17 43 342
17 6 1020
17 39 16
17 1 92
17 30 751
17 18 821
17 2 242
17 15 303
17 11 2160
17 48 2341
17 40 4046
17 27 3279
17 32 2798
17 13 1851
17 3 3809
17 9 1006
17 45 931
17 8 733
17 7 2606
17 35 2334
17 34 2226
17 42 3283
17 49 3968
17 36 168
17 46 1679
17 38 2385
17 23 1918
17 31 793
17 5 4297
17 12 1446
17 10 1359
17 25 2603
17 19 4214
18 19 1837
18 14 3650
18 20 226
18 31 1132
18 48 181
18 24 2821
18 34 2427
18 46 2973
18 8 4005
18 3 1885
18 15 1306
18 2 202
18 29 4458
18 25 2149
18 4 2560
18 38 895
18 9 1685
18 49 4466
18 39 514
18 30 4231
18 40 2211
18 36 2532
18 16 258
18 7 1042
18 35 142
18 45 3878
18 23 273
18 43 4107
18 21 3162
18 11 4241
18 47 2885
18 12 4150
18 44 684
18 42 3818
18 10 3718
18 33 4196
18 22 1904
18 27 265
18 37 3378
18 13 1871
18 28 3308
18 1 4031
18 17 2903
18 5 4005
18 6 1520
18 41 1698
18 50 2162
18 32 1931
19 24 1283
19 1 2702
19 39 1354
19 36 2446
19 45 229
19 17 877
19 22 309
19 20 3144
19 18 681
19 14 382
19 7 2435
19 46 2001
19 8 3316
19 15 2441
19 12 3023
19 23 2267
19 38 1448
19 3 4271
19 5 2930
19 27 3286
19 11 3020
19 30 741
19 6 943
19 43 1920
19 41 3482
19 48 3984
19 10 3505
19 34 2189
19 13 2386
19 42 1049
19 4 2576
19 21 561
19 29 3630
19 33 1395
19 16 410
19 28 1297
19 26 403
19 50 854
19 49 361
19 44 2755
19 31 2002
19 35 3391
19 25 420
19 9 4378
19 40 2973
20 4 4035
20 26 1630
20 6 3607
20 8 1577
20 13 1976
20 9 3926
20 28 1631
20 41 3772
20 48 2279
20 17 2011
20 43 3022
20 22 2546
20 50 2482
20 12 43
20 33 2477
20 40 52
20 16 2991
20 37 1369
20 25 558
20 36 1034
20 5 312
20 32 1054
20 1 3990
20 47 4094
20 19 2701
20 44 1566
20 42 3274
20 15 1458
20 21 1912
20 31 3947
20 39 4158
20 35 270
20 38 304
20 23 351
20 3 3826
20 2 3603
20 45 904
20 10 2754
20 29 2223
20 34 2663
20 7 3158
20 46 4438
20 49 1086
20 27 2605
20 14 2366
20 18 3441
20 30 2450
20 24 602
20 11 348
21 2 4454
21 32 2919
21 18 1546
21 8 1764
21 26 315
21 23 1420
21 46 4361
21 36 3935
21 11 3926
21 6 4008
21 38 2929
21 15 2679
21 41 1885
21 5 358
21 42 412
21 35 943
21 14 1569
21 48 4036
21 47 48
21 44 4172
21 1 97
21 19 710
21 17 4157
21 12 1798
21 50 1300
21 49 2403
21 13 4442
21 4 98
21 39 2194
21 43 4032
21 29 2198
21 34 2175
21 28 2746
21 24 3824
21 20 2902
21 33 2105
21 45 2480
21 25 3709
21 9 389
21 16 409
21 22 3660
21 27 3192
21 31 3063
21 40 2871
22 5 1796
22 29 3700
22 46 3101
22 4 1317
22 9 2132
22 13 2
22 10 3083
22 47 4364
22 26 2670
22 17 807
22 40 2497
22 3 1890
22 30 695
22 7 2690
22 42 1720
22 6 3789
22 32 4052
22 15 623
22 31 3985
22 27 4025
22 1 966
22 20 72
22 23 1923
22 34 4323
22 25 2297
22 41 3383
22 44 3216
22 49 893
22 19 676
22 21 1861
22 33 307
22 37 2396
22 35 2246
22 11 527
22 43 1375
22 2 1555
22 18 453
22 14 454
22 38 4093
22 48 252
22 24 66
22 39 539
22 50 1567
22 28 1489
23 36 4277
23 25 17
23 10 3209
23 35 1808
23 32 2679
23 30 3827
23 14 2009
23 31 3643
23 6 4189
23 27 4090
23 12 1778
23 9 4321
23 18 727
23 26 113
23 34 860
23 16 2359
23 20 405
23 50 4464
23 2 3235
23 1 4394
23 8 772
23 28 1255
23 40 3978
23 11 2359
23 22 1996
23 45 780
23 24 3807
23 19 3622
23 4 3963
23 39 61
23 33 250
23 7 1748
23 21 3909
23 43 545
23 17 1779
23 5 300
23 13 2732
23 47 4251
23 42 2044
23 29 4198
23 15 4082
23 37 1542
23 3 25
23 48 3417
23 44 2004
23 49 545
23 41 1846
23 46 24
24 19 1175
24 45 4215
24 42 3559
24 46 533
24 27 3190
24 35 481
24 10 2058
24 36 3424
24 12 4012
24 17 2392
24 40 3395
24 8 2976
24 22 2947
24 11 3379
24 26 30
24 2 600
24 4 1777
24 6 3175
24 47 644
24 25 904
24 49 3884
24 50 3256
24 18 1134
24 20 663
24 15 3048
24 14 1057
24 39 2679
24 5 2252
24 9 4310
24 21 1651
24 38 1550
24 32 1393
24 31 3896
24 16 2852
24 28 2005
24 29 466
24 3 2445
24 23 331
24 34 1618
24 1 2181
24 7 1021
24 48 1917
24 30 891
25 36 329
25 37 115
25 19 4074
25 34 1894
25 35 2102
25 26 1448
25 7 4211
25 49 815
25 29 391
25 28 1565
25 45 1181
25 23 1772
25 17 2948
25 38 1958
25 9 1058
25 47 2920
25 11 41
25 44 4011
25 41 1269
25 13 3414
25 3 2945
25 39 3383
25 8 904
25 5 3093
25 42 4110
25 15 814
25 2 2351
25 48 4055
25 18 1117
25 30 3886
25 33 2468
25 32 1105
25 1 4432
25 46 3215
25 6 4236
25 4 2363
25 10 2010
25 20 229
25 14 4212
25 12 1809
25 16 3995
25 27 1217
25 24 1610
25 43 3571
25 21 549
25 31 1207
25 50 975
26 32 1270
26 33 3270
26 36 2803
26 44 3510
26 17 1648
26 46 1271
26 31 3156
26 30 801
26 15 2035
26 10 4383
26 34 4186
26 14 3928
26 47 3073
26 48 1204
26 23 1805
26 19 358
26 50 174
26 22 2003
26 27 970
26 45 1066
26 24 2244
26 12 454
26 9 3623
26 6 65
26 7 3314
26 49 4010
26 13 782
26 40 2110
26 1 1707
26 38 428
26 25 1180
26 37 1717
26 16 3395
26 3 1121
26 42 3833
26 11 3056
26 41 2522
26 21 1583
26 29 1053
26 5 2454
26 2 3081
26 28 4056
26 18 946
26 4 4361
26 39 3004
26 8 4285
27 44 1249
27 24 739
27 12 2931
27 15 2372
27 39 153
27 21 2328
27 23 2697
27 18 71
27 43 132
27 34 3886
27 26 971
27 9 395
27 3 2420
27 5 3115
27 6 3527
27 47 3996
27 45 2938
27 38 4302
27 33 434
27 41 513
27 50 3016
27 2 15
27 49 2074
27 42 83
27 22 279
27 31 4073
27 11 271
27 20 767
27 32 2236
27 40 3450
27 28 132
27 36 1917
27 13 2629
27 37 4103
27 7 1050
27 17 3276
27 29 928
27 16 4070
27 14 325
27 25 325
27 46 2959
27 35 836
27 1 2656
27 48 543
27 10 1998
27 8 1546
28 23 2036
28 16 3075
28 24 4031
28 39 2419
28 35 2116
28 40 1347
28 41 1392
28 12 2273
28 7 1786
28 6 337
28 22 1532
28 29 2103
28 27 2667
28 10 1622
28 21 3141
28 11 3154
28 48 333
28 49 193
28 18 650
28 8 1258
28 42 3930
28 44 4419
28 20 4462
28 3 2888
28 4 300
28 25 3246
28 38 3820
28 2 4430
28 31 1303
28 47 26
28 32 2671
28 19 626
28 34 149
28 9 1144
28 46 2176
28 5 3935
28 1 4484
28 14 3608
28 15 2690
28 17 200
28 26 1141
28 43 1620
28 30 707
28 37 1512
28 45 1506
28 13 975
28 36 1116
28 50 2875
28 33 3210
29 46 940
29 34 856
29 43 2652
29 37 1806
29 28 1345
29 48 1233
29 27 1143
29 14 137
29 12 3458
29 42 2474
29 7 3424
29 15 3060
29 45 1104
29 21 4035
29 22 790
29 38 780
29 1 2398
29 4 554
29 6 3734
29 35 764
29 26 1865
29 17 3001
29 9 1025
29 50 3134
29 11 4469
29 31 599
29 49 3770
29 36 4112
29 8 2679
29 3 985
29 13 4231
29 2 2820
29 41 3521
29 30 1665
29 40 660
29 39 821
29 16 4251
29 25 922
29 44 3923
29 10 2096
29 5 3517
29 32 884
29 19 1541
29 23 726
29 18 4447
30 32 4067
30 47 4322
30 12 1802
30 34 165
30 23 4366
30 4 2066
30 35 3318
30 25 3023
30 24 4281
30 22 4472
30 16 2775
30 44 1495
30 42 4475
30 33 84
30 18 2574
30 31 3174
30 8 1045
30 5 4165
30 20 4491
30 2 918
30 29 963
30 13 2881
30 36 3745
30 38 3765
30 17 3205
30 9 2833
30 21 1761
30 27 2661
30 49 2855
30 50 2358
30 37 2924
30 10 2257
30 11 3558
30 48 4071
30 45 3708
30 1 751
30 40 3325
30 28 3579
30 26 4322
30 46 1463
30 6 4255
30 41 810
30 7 1420
30 14 3445
30 3 851
30 15 4446
30 19 2530
31 24 3170
31 8 3692
31 29 2094
31 25 4261
31 22 2692
31 12 993
31 15 4109
31 14 718
31 7 1386
31 34 4095
31 21 3391
31 38 509
31 27 296
31 30 3621
31 42 2422
31 32 3226
31 47 2841
31 40 728
31 50 3735
31 46 630
31 16 644
31 43 688
31 48 4017
31 4 907
31 13 4387
31 49 3533
31 45 789
31 17 2885
31 5 4254
31 28 4213
31 1 172
31 2 4226
31 26 518
31 23 37
31 20 3222
31 3 4222
31 36 1432
31 44 4268
31 11 2151
31 18 2214
31 39 2796
31 37 1297
31 9 3918
32 7 2567
32 1 4365
32 48 3864
32 40 3509
32 21 402
32 36 3474
32 23 3140
32 8 2942
32 19 1412
32 30 2924
32 38 4491
32 16 388
32 4 1989
32 35 3820
32 42 2107
32 6 1720
32 49 3495
32 20 401
32 43 996
32 22 4365
32 37 1869
32 50 2393
32 41 1232
32 45 105
32 47 1726
32 15 586
32 13 3139
32 44 1753
32 34 3677
32 2 1879
32 29 2257
32 31 4129
32 26 2528
32 18 278
32 10 3622
32 25 1200
32 39 3162
32 24 2546
32 5 3724
32 17 2791
32 3 3639
32 27 648
32 46 4002
32 28 571
32 12 490
32 11 1550
32 14 124
33 24 3595
33 2 2446
33 27 3181
33 18 3905
33 42 2902
33 45 3602
33 49 1677
33 47 1240
33 40 745
33 26 1767
33 14 3090
33 4 905
33 35 2741
33 48 4409
33 36 3215
33 9 3682
33 32 863
33 13 2435
33 50 29
33 31 3057
33 12 1837
33 1 4160
33 8 440
33 15 2472
33 19 929
33 41 4042
33 3 4048
33 10 3063
33 30 4381
33 34 557
33 21 1713
33 46 3473
33 38 1146
33 25 670
33 6 4095
33 5 2274
33 11 1488
33 37 2283
33 17 1132
33 29 701
33 22 3803
33 43 2049
33 7 4131
33 23 4047
33 44 823
34 27 138
34 32 3907
34 41 1638
34 49 177
34 47 3449
34 46 3678
34 8 3435
34 19 1784
34 12 1253
34 9 1024
34 18 2399
34 4 3364
34 16 800
34 11 3236
34 30 2388
34 21 3639
34 31 2033
34 45 227
34 44 217
34 22 3152
34 20 2279
34 14 2118
34 24 3905
34 26 8
34 7 1798
34 50 4338
34 25 1802
34 42 2767
34 39 3251
34 6 148
34 33 1154
34 35 1249
34 23 2450
34 2 4445
34 10 3118
34 40 3225
34 36 1696
34 3 548
34 48 34
34 29 4317
34 15 1026
34 1 2579
34 37 3799
35 19 1653
35 23 2158
35 37 4195
35 31 4324
35 36 1826
35 26 3434
35 2 2017
35 6 447
35 12 2386
35 45 2472
35 7 675
35 9 25
35 13 3337
35 5 506
35 33 1870
35 24 2476
35 43 3373
35 34 2740
35 17 2465
35 14 4082
35 22 1062
35 27 1836
35 8 4036
35 21 1113
35 1 1924
35 11 2746
35 16 4100
35 42 1322
35 3 442
35 4 4134
35 18 1086
35 29 704
35 41 2579
35 25 1105
35 47 2388
35 15 1287
35 20 1600
35 32 181
35 40 3480
35 10 3554
35 48 2186
35 28 2917
35 39 1136
35 50 1008
35 38 3233
35 49 3593
35 44 1777
35 30 689
36 30 1493
36 18 232
36 37 3442
36 6 27
36 28 426
36 29 4487
36 35 2922
36 38 3017
36 17 520
36 22 3952
36 44 174
36 21 3613
36 25 962
36 20 2043
36 41 1295
36 13 3286
36 49 1190
36 39 514
36 34 3162
36 27 4430
36 15 3002
36 40 690
36 8 1499
36 3 2575
36 31 3349
36 24 4242
36 43 4039
36 9 2481
36 19 1133
36 11 2529
36 48 1235
36 45 333
36 10 1183
36 16 4137
36 1 481
36 5 3050
36 14 1976
36 33 1449
36 46 4102
36 23 3246
36 4 4294
36 7 2261
36 26 2021
36 2 652
36 42 3576
36 47 3306
36 50 982
37 10 3354
37 47 1762
37 18 3243
37 36 2710
37 43 1498
37 5 1901
37 46 4478
37 20 4217
37 27 3312
37 17 897
37 15 2197
37 38 877
37 11 1352
37 49 1861
37 42 2285
37 21 918
37 2 313
37 3 2936
37 45 1245
37 34 4089
37 33 219
37 13 4258
37 23 749
37 40 4385
37 12 3615
37 24 3643
37 48 3487
37 9 315
37 14 774
37 4 3368
37 41 4042
37 8 393
37 1 3011
37 6 4202
37 30 134
37 16 1180
37 25 2430
37 32 4475
37 26 3329
37 28 4073
37 22 1674
37 31 1863
37 44 1026
37 7 1645
37 39 1034
37 19 2747
38 3 3594
38 2 2714
38 17 1149
38 21 1204
38 16 2761
38 10 4078
38 11 2853
38 45 1832
38 46 735
38 36 2728
38 5 3479
38 27 4288
38 23 1250
38 24 433
38 25 742
38 49 2669
38 15 3308
38 9 1005
38 32 1315
38 8 2282
38 42 1746
38 28 1941
38 31 2501
38 47 4367
38 6 943
38 14 3336
38 1 806
38 34 2061
38 7 1682
38 30 1988
38 26 576
38 29 959
38 12 302
38 22 4483
38 48 4282
38 4 2274
38 37 860
38 33 2732
38 50 275
38 40 739
38 18 1142
38 39 2282
38 41 3940
38 35 22
38 44 2572
38 13 1325
38 20 1198
39 36 1968
39 32 3114
39 17 3199
39 28 2864
39 1 2052
39 12 3991
39 40 2324
39 47 1441
39 8 3399
39 42 3462
39 27 3575
39 41 1638
39 25 711
39 13 2814
39 6 474
39 29 1107
39 16 1318
39 5 558
39 19 406
39 34 2249
39 45 409
39 37 2890
39 2 2590
39 46 1286
39 43 1046
39 11 3759
39 22 1012
39 26 176
39 10 2372
39 21 1533
39 4 172
39 3 2476
39 20 4261
39 44 4052
39 9 2993
39 14 943
39 35 2986
39 33 3927
39 38 4370
39 50 697
39 23 1863
39 30 2719
39 49 2180
39 48 171
39 31 161
40 8 2072
40 38 881
40 9 1472
40 37 3637
40 20 2014
40 18 2097
40 33 710
40 34 1961
40 14 1583
40 24 3670
40 29 2509
40 32 3532
40 31 1299
40 45 2305
40 6 1261
40 4 68
40 36 717
40 44 2007
40 48 2706
40 12 1356
40 26 3300
40 43 3039
40 25 7
40 47 2514
40 50 742
40 7 821
40 16 2336
40 15 256
40 11 534
40 28 691
40 27 542
40 49 1580
40 19 462
40 42 4264
40 13 3272
40 35 2152
40 30 4121
40 22 2886
40 2 2989
40 17 2835
40 1 14
40 46 3684
40 41 682
40 3 387
40 39 854
40 23 3099
40 5 2338
40 10 455
41 3 2612
41 34 1345
41 10 4290
41 28 1573
41 44 982
41 8 1467
41 18 2075
41 37 3174
41 20 1367
41 43 305
41 38 3317
41 26 1040
41 4 2886
41 47 4245
41 15 2555
41 12 2544
41 14 4017
41 45 1951
41 1 1596
41 7 1759
41 27 648
41 25 1423
41 22 2413
41 33 1333
41 32 1606
41 5 4001
41 36 3562
41 11 3597
41 19 319
41 2 2841
41 21 2384
41 6 1948
41 29 2331
41 40 304
41 35 3902
41 42 308
41 13 916
41 9 2123
41 39 1186
41 24 1399
41 31 375
42 46 2695
42 8 3141
42 13 911
42 45 3117
42 4 1728
42 10 2399
42 32 1841
42 12 3531
42 41 3267
42 14 2504
42 25 1723
42 1 173
42 9 4468
42 22 2078
42 28 1623
42 15 867
42 48 486
42 24 2952
42 29 1850
42 16 4186
42 23 333
42 26 1479
42 20 2314
42 47 1599
42 38 2053
42 11 358
42 44 2170
42 19 2211
42 5 4103
42 7 1739
42 6 160
42 37 1598
42 50 986
42 39 4064
42 27 4317
42 40 3038
42 35 4115
42 31 2389
42 33 1972
42 2 2894
42 36 429
42 17 3576
42 21 3351
42 34 1819
42 30 2531
42 3 4256
42 18 613
42 43 2987
42 49 1961
43 29 4187
43 31 2182
43 5 3187
43 37 2774
43 4 2890
43 38 4235
43 39 2045
43 26 2553
43 36 3633
43 7 549
43 3 113
43 42 344
43 2 3142
43 8 22
43 33 1204
43 30 1473
43 15 648
43 49 4414
43 1 2563
43 10 3101
43 23 2544
43 11 2337
43 35 2766
43 34 2747
43 20 1668
43 14 1060
43 22 1634
43 9 2804
43 41 1895
43 40 3910
43 50 901
43 47 3715
43 13 524
43 27 2387
43 25 1382
43 18 871
43 19 1471
43 46 2781
43 21 4480
43 28 1382
43 16 4217
43 45 1489
43 6 3438
43 17 414
44 27 4366
44 26 1333
44 10 4389
44 35 3180
44 22 2325
44 47 568
44 37 995
44 46 759
44 18 1909
44 5 68
44 29 2476
44 16 2752
44 2 3591
44 28 2217
44 45 3988
44 4 3298
44 17 2027
44 50 3602
44 11 2349
44 49 2965
44 14 2709
44 8 3233
44 34 2288
44 48 3272
44 7 2774
44 3 2221
44 15 3441
44 25 2162
44 36 2375
44 43 2345
44 33 3584
44 40 4192
44 20 2135
44 23 3405
44 21 1752
44 12 2208
44 30 1373
44 1 2207
44 31 646
44 32 3874
44 9 2944
44 6 833
44 24 2696
44 19 910
44 42 2581
44 13 3738
44 39 4479
45 1 4318
45 16 3243
45 7 2019
45 4 4482
45 5 1499
45 49 2833
45 47 3120
45 28 1430
45 42 2980
45 12 1444
45 20 3907
45 21 1017
45 24 3144
45 3 4349
45 11 2970
45 2 647
45 31 2943
45 15 2782
45 36 2519
45 44 3039
45 29 1256
45 17 311
45 50 4179
45 8 114
45 38 3552
45 33 3403
45 48 3751
45 34 691
45 32 1460
45 25 2535
45 13 3150
45 23 407
45 39 4193
45 10 3061
45 41 816
45 22 1927
45 43 1542
45 27 3054
45 40 2729
45 18 4468
45 19 1028
45 46 3239
45 26 3571
45 14 3168
45 30 875
46 49 504
46 28 730
46 5 1408
46 35 4442
46 27 4238
46 43 2470
46 1 1909
46 50 3639
46 29 3894
46 13 1929
46 33 1104
46 4 1106
46 3 2036
46 2 3260
46 32 3836
46 17 1751
46 6 4096
46 36 4442
46 31 2396
46 25 1743
46 26 3119
46 42 4180
46 24 1744
46 19 3230
46 8 2858
46 12 892
46 30 82
46 20 3062
46 47 72
46 23 175
46 16 1306
46 22 1033
46 41 4151
46 39 222
46 10 2996
46 15 1464
46 11 3894
46 14 3261
46 7 1158
46 9 1281
46 18 2756
46 37 3928
46 44 1633
46 38 4111
47 23 4399
47 34 3129
47 50 3054
47 41 3522
47 13 2973
47 27 3811
47 38 1892
47 4 3823
47 25 2542
47 29 721
47 37 4145
47 16 1788
47 46 2766
47 18 4151
47 1 286
47 30 3072
47 17 2062
47 8 2214
47 42 4076
47 15 2338
47 44 4052
47 49 1684
47 26 3285
47 32 1964
47 48 1312
47 40 3006
47 45 802
47 5 838
47 33 3390
47 20 2088
47 28 54
47 43 1153
47 22 710
47 6 2947
47 36 1020
47 21 1633
47 11 2470
47 9 1665
47 10 1511
47 39 997
47 14 4176
47 31 4311
47 24 2818
47 7 252
47 3 996
47 12 2720
47 19 2587
47 35 3338
48 19 1223
48 10 3396
48 15 3194
48 16 2947
48 40 1422
48 25 3663
48 47 2758
48 32 715
48 41 156
48 1 511
48 7 4369
48 29 1555
48 35 4
48 14 1980
48 12 3621
48 31 1074
48 3 3072
48 43 4440
48 21 1739
48 30 3278
48 20 313
48 13 2378
48 6 3449
48 39 451
48 24 3648
48 34 3597
48 11 3375
48 22 3961
48 4 3976
48 38 385
48 23 604
48 50 3554
48 26 276
48 8 4014
48 33 4416
48 46 339
48 28 31
48 27 4288
48 2 4155
48 5 2799
48 36 1799
48 37 503
48 42 3381
48 45 2597
48 49 2772
48 17 727
48 9 3952
49 39 3675
49 48 2079
49 26 1472
49 5 300
49 21 1956
49 19 3319
49 29 2713
49 15 2007
49 33 3031
49 13 2290
49 42 1182
49 45 3762
49 10 70
49 41 2751
49 3 2527
49 31 3456
49 43 1296
49 1 2650
49 36 2103
49 25 379
49 44 9
49 8 1750
49 22 3491
49 14 1581
49 46 1663
49 37 691
49 18 232
49 20 2618
49 32 1409
49 35 1451
49 7 3523
49 17 2082
49 30 3676
49 34 2957
49 38 2360
49 47 2894
49 24 4355
49 6 3058
49 28 4406
49 11 1145
49 9 127
49 27 1518
49 16 1323
49 4 3223
49 23 2163
49 12 2067
49 2 2980
50 5 102
50 45 282
50 40 2195
50 23 4278
50 32 2753
50 48 4296
50 16 1206
50 7 2677
50 34 3128
50 28 1410
50 39 1869
50 22 2
50 46 1121
50 6 2289
50 19 1513
50 10 2768
50 42 2712
50 29 2508
50 38 3066
50 11 3425
50 9 3019
50 3 3338
50 13 2691
50 21 2184
50 8 2846
50 18 2224
50 12 4067
50 44 3516
50 17 1993
50 20 4144
50 14 2096
50 35 3603
50 27 373
50 2 385
50 15 2104
50 47 853
50 31 981
50 36 183
50 33 1905
50 41 2506
50 25 1607
50 43 2146
50 26 2615
50 49 2701
50 1 4122
50 24 906
