50 2300
1 44 4158
1 49 2148
1 3 1747
1 42 3954
1 28 611
1 38 4402
1 31 3305
1 30 3509
1 16 1244
1 12 3395
1 29 3823
1 26 2121
1 32 1777
1 5 3083
1 23 2092
1 40 1291
1 8 3114
1 27 990
1 22 4405
1 47 1126
1 21 1247
1 4 1993
1 11 526
1 50 406
1 17 428
1 45 964
1 39 1778
1 41 178
1 35 3581
1 7 3994
1 18 4180
1 6 730
1 2 1456
1 19 1300
1 33 1725
1 15 3682
1 46 953
1 24 2257
1 36 1636
1 20 49
1 43 3599
1 13 3308
1 48 1413
1 37 4097
1 14 1644
1 10 3661
1 25 4390
2 16 2772
2 36 1885
2 39 158
2 21 191
2 14 4153
2 22 3262
2 38 1569
2 32 1001
2 29 3946
2 4 1672
2 34 4018
2 46 604
2 8 3294
2 6 4252
2 20 798
2 49 892
2 47 3022
2 17 1106
2 30 4067
2 13 2919
2 10 2626
2 41 1243
2 19 3617
2 45 4193
2 26 3738
2 18 3199
2 50 482
2 25 2857
2 9 1287
2 44 1565
2 42 2763
2 5 3747
2 37 564
2 3 1760
2 23 4069
2 43 4426
2 31 564
2 7 2105
2 33 3458
2 27 2780
2 40 810
2 28 443
2 12 680
2 11 2811
2 1 1738
2 35 1720
3 46 2213
3 29 245
3 37 2229
3 26 312
3 5 2831
3 31 2357
3 18 3184
3 11 3101
3 7 3048
3 17 1117
3 33 567
3 13 4408
3 38 823
3 40 1754
3 16 3654
3 12 3083
3 14 4485
3 23 3082
3 50 147
3 10 2127
3 39 4398
3 42 3465
3 43 4149
3 32 2560
3 34 411
3 24 563
3 4 3729
3 45 3489
3 15 2137
3 22 4487
3 25 2623
3 6 203
3 28 193
3 2 1443
3 20 4234
3 30 3724
3 35 1334
3 9 4012
3 44 2593
3 27 2386
3 48 3444
3 21 2216
4 14 2484
4 2 4307
4 27 2536
4 22 934
4 43 4097
4 30 2141
4 38 761
4 8 4174
4 41 1800
4 48 597
4 46 139
4 29 2452
4 17 3711
4 1 1653
4 9 1070
4 45 3091
4 50 3752
4 31 2583
4 7 4202
4 28 4117
4 11 2380
4 6 677
4 5 2524
4 24 3405
4 10 2405
4 44 1527
4 32 1532
4 49 3344
4 37 2388
4 16 3398
4 20 736
4 47 2078
4 33 2702
4 21 4190
4 34 966
4 25 4092
4 23 2117
4 36 4328
4 39 168
4 15 2940
4 13 2021
4 42 997
4 35 2815
4 40 1684
4 19 2842
4 18 2400
4 26 244
5 48 4158
5 14 1706
5 32 2389
5 40 730
5 8 1716
5 1 673
5 28 2522
5 6 1236
5 31 2622
5 46 4268
5 26 1780
5 25 2356
5 21 542
5 45 1492
5 11 3057
5 41 3045
5 20 2159
5 30 2636
5 22 413
5 35 1425
5 33 3075
5 29 4008
5 50 2714
5 16 965
5 44 3430
5 49 1973
5 9 2391
5 10 2946
5 38 3482
5 23 513
5 18 3346
5 12 4025
5 27 1363
5 19 3038
5 4 1474
5 24 3446
5 17 550
5 3 4060
5 47 1659
5 39 3889
5 15 852
5 37 1783
5 13 4102
6 42 4426
6 31 3216
6 9 2526
6 46 3159
6 34 1893
6 40 1648
6 22 3697
6 37 3879
6 10 430
6 3 291
6 50 2905
6 26 351
6 20 596
6 41 926
6 18 597
6 38 2276
6 36 2426
6 8 4016
6 45 621
6 48 2172
6 16 809
6 25 372
6 11 3702
6 43 2167
6 13 997
6 14 3337
6 27 80
6 12 4473
6 2 3781
6 5 1920
6 47 2064
6 4 2649
6 35 3233
6 29 1193
6 49 1110
6 17 2747
6 7 2747
6 19 3418
6 32 2106
6 44 3193
6 1 1982
6 39 3070
6 30 3975
6 24 3313
6 21 4057
6 28 3122
7 30 50
7 8 3860
7 40 2622
7 13 1723
7 22 4109
7 20 305
7 24 702
7 26 3710
7 10 2720
7 18 2923
7 48 2240
7 17 855
7 35 3183
7 38 3659
7 19 1040
7 29 2166
7 4 1055
7 16 2730
7 12 2811
7 14 1998
7 45 1248
7 47 4332
7 50 1404
7 3 2531
7 44 3212
7 15 2429
7 21 2213
7 23 2569
7 42 3081
7 39 1781
7 37 4242
7 31 2363
7 32 3084
7 27 4036
7 46 3099
7 36 4398
7 11 948
7 2 3972
7 34 981
7 6 798
7 33 14
7 9 4394
7 5 1564
8 21 2658
8 25 2544
8 34 2993
8 45 1638
8 44 460
8 16 3176
8 30 4044
8 23 2062
8 4 2763
8 7 4435
8 22 2291
8 46 4496
8 38 347
8 48 105
8 49 492
8 37 3109
8 18 2984
8 36 2099
8 39 3516
8 26 4363
8 27 2693
8 33 299
8 50 4084
8 40 3502
8 35 1469
8 2 2410
8 19 4059
8 9 564
8 32 1775
8 13 4166
8 5 3646
8 12 17
8 43 4376
8 10 2062
8 15 898
8 42 227
8 41 2071
8 6 958
8 1 1736
8 11 3529
8 28 2906
8 3 2502
8 20 3925
8 47 1343
8 17 474
8 24 3906
9 46 38
9 40 2471
9 37 2312
9 45 3509
9 39 1749
9 5 1789
9 49 3027
9 26 528
9 14 2540
9 29 1049
9 10 2063
9 4 2702
9 21 3661
9 36 429
9 18 787
9 31 3486
9 17 235
9 42 4101
9 23 641
9 47 4219
9 35 3249
9 11 3218
9 15 2465
9 43 1564
9 1 3283
9 48 3187
9 32 2087
9 25 765
9 27 3072
9 19 1740
9 41 3210
9 12 4061
9 38 178
9 34 1048
9 50 1470
9 24 3760
9 3 3083
9 28 3398
9 13 2730
9 22 2830
9 2 1159
9 44 814
9 7 1749
9 6 58
9 8 186
9 16 4396
10 12 3827
10 2 1024
10 25 406
10 47 2934
10 39 932
10 20 1206
10 13 4226
10 48 4068
10 24 18
10 44 3599
10 31 449
10 16 4450
10 32 3258
10 37 1571
10 33 295
10 23 237
10 43 3294
10 7 2978
10 29 141
10 19 1760
10 41 3880
10 6 4041
10 14 3060
10 30 2505
10 46 789
10 11 3763
10 36 3928
10 1 803
10 40 1779
10 5 847
10 22 2524
10 9 3626
10 4 333
10 3 658
10 38 3332
10 34 1478
10 15 2926
10 35 522
10 17 249
10 49 3976
10 28 3
10 27 2341
10 18 2215
10 26 2025
10 50 2833
10 42 2374
10 45 868
11 41 704
11 10 1392
11 28 524
11 14 348
11 48 2086
11 15 2273
11 16 4117
11 9 194
11 23 2782
11 2 52
11 31 615
11 22 866
11 5 1636
11 26 1335
11 21 641
11 32 2994
11 19 2133
11 50 3978
11 12 599
11 8 2354
11 35 4264
11 42 2849
11 25 4096
11 3 539
11 4 1977
11 33 1620
11 20 705
11 27 2154
11 6 369
11 44 1228
11 17 4114
11 29 2737
11 30 1721
11 38 2027
11 37 2797
11 49 646
11 46 1741
11 43 4184
11 13 4025
11 34 920
11 45 288
11 24 3098
11 18 2014
11 47 4472
11 40 3179
12 33 990
12 27 216
12 11 4362
12 14 1127
12 23 3438
12 45 3922
12 44 2290
12 17 2849
12 25 4457
12 31 3522
12 9 2668
12 49 3057
12 48 4494
12 47 250
12 30 202
12 29 341
12 36 851
12 1 2192
12 13 551
12 34 571
12 2 2441
12 5 781
12 7 2617
12 6 1001
12 38 2897
12 18 1771
12 39 2612
12 8 1980
12 28 625
12 35 1411
12 43 3997
12 4 4377
12 37 3637
12 16 3409
12 46 3003
12 22 936
12 50 4136
12 42 2812
12 40 3851
12 15 3404
12 3 2709
12 10 1040
12 20 4151
12 41 3951
12 26 3594
12 19 2734
12 24 4202
12 32 390
13 50 857
13 33 1705
13 4 455
13 20 297
13 23 706
13 42 1634
13 6 4295
13 49 2665
13 9 3484
13 17 53
13 27 2898
13 24 2769
13 40 3999
13 3 4497
13 37 1830
13 34 1126
13 5 3104
13 47 1235
13 2 2923
13 7 2727
13 43 789
13 46 1488
13 22 531
13 35 3368
13 1 2931
13 10 2963
13 32 623
13 12 2887
13 31 2492
13 21 3578
13 39 1164
13 14 4317
13 44 3890
13 36 3185
13 30 609
13 16 119
13 18 2790
13 41 1780
13 11 3290
13 15 3361
13 28 1179
13 45 218
13 48 2346
13 26 3875
13 29 4160
13 19 3943
14 41 711
14 21 377
14 6 2104
14 7 3855
14 11 207
14 22 3295
14 3 3505
14 2 3990
14 47 2285
14 5 790
14 43 3489
14 16 3039
14 48 649
14 29 194
14 13 2457
14 36 2797
14 20 3451
14 32 1735
14 37 1085
14 50 2245
14 39 1555
14 19 82
14 15 2854
14 9 4279
14 10 1174
14 30 771
14 40 2940
14 12 3527
14 23 3158
14 17 2737
14 1 2891
14 44 3894
14 33 1078
14 49 4388
14 24 1011
14 4 3178
14 42 2764
14 31 2700
14 46 3210
14 27 1276
14 28 461
14 26 1542
14 34 4087
14 25 19
14 35 2392
14 45 357
14 18 931
15 7 523
15 47 1299
15 9 1687
15 26 1618
15 27 2163
15 6 1136
15 2 1651
15 19 3798
15 17 1024
15 22 3447
15 46 3040
15 35 151
15 14 1739
15 10 2875
15 13 1264
15 41 872
15 5 1337
15 40 2600
15 32 4081
15 1 3603
15 38 4108
15 30 1644
15 50 1809
15 25 2856
15 34 4351
15 49 727
15 3 213
15 48 2373
15 28 564
15 4 2527
15 29 1702
15 12 866
15 20 2948
15 39 3938
15 8 712
15 44 2036
15 36 1464
15 23 2558
15 21 217
15 33 4282
15 43 3940
15 16 1858
16 50 1152
16 3 3497
16 46 2908
16 6 1811
16 7 439
16 36 3167
16 38 3532
16 2 1633
16 31 431
16 32 3599
16 26 4451
16 17 898
16 12 2512
16 49 2538
16 5 3458
16 27 1157
16 24 3897
16 11 228
16 19 1304
16 13 82
16 44 1706
16 47 2129
16 37 845
16 41 2614
16 9 3311
16 10 4409
16 28 3676
16 45 304
16 21 1375
16 39 3714
16 48 4460
16 20 2598
16 30 3733
16 25 2083
16 4 1708
16 29 1315
16 8 2497
16 23 882
16 34 1885
16 15 2111
16 40 1204
16 18 473
16 42 4181
16 1 2719
16 43 3935
16 14 3892
17 9 866
17 8 4330
17 42 655
17 35 2850
17 33 2565
17 31 3495
17 10 4474
17 14 1647
17 40 527
17 13 3922
17 6 3305
17 50 3511
17 39 972
17 25 1674
17 29 3529
17 4 1585
17 43 1584
17 24 687
17 36 2405
17 48 957
17 21 1431
17 11 4409
17 38 4192
17 23 666
17 1 3462
17 41 3333
17 44 527
17 27 1816
17 5 1874
17 37 3285
17 28 3961
17 47 3627
17 45 3764
17 15 2597
17 46 3913
17 32 3333
17 18 3747
17 3 2034
17 26 1031
17 16 2660
17 12 3244
17 34 2383
17 19 1550
17 7 4313
17 30 31
17 49 3432
17 2 3468
18 32 772
18 26 1704
18 9 3662
18 30 3498
18 20 988
18 3 2399
18 11 2148
18 23 1809
18 46 4030
18 12 3142
18 22 445
18 36 4317
18 44 1698
18 14 2539
18 50 2
18 7 3693
18 40 1078
18 15 2031
18 47 1775
18 33 1790
18 49 2790
18 39 703
18 48 2629
18 31 1044
18 29 2868
18 24 4198
18 2 914
18 37 2940
18 45 4145
18 43 989
18 25 4458
18 19 4106
18 35 568
18 28 2800
18 27 3738
18 17 1179
18 41 3571
18 6 2736
18 4 568
18 8 1297
18 38 1416
18 21 2176
18 13 2420
18 5 1674
19 28 762
19 21 3888
19 47 3582
19 6 1490
19 18 3775
19 48 890
19 1 904
19 38 1982
19 50 2448
19 39 3832
19 23 3300
19 13 3652
19 25 1227
19 41 4499
19 32 3675
19 5 1241
19 49 750
19 11 2645
19 2 2227
19 12 2274
19 43 842
19 3 322
19 10 1661
19 33 3157
19 30 1699
19 14 465
19 36 2744
19 27 2641
19 17 3486
19 37 3447
19 24 208
19 16 2734
19 4 3113
19 40 4470
19 8 2564
19 42 2286
19 45 4166
19 9 2458
19 22 1892
19 35 4345
19 44 551
19 20 3331
19 34 4149
20 22 268
20 31 735
20 9 864
20 14 650
20 2 1674
20 42 958
20 13 115
20 16 506
20 10 2302
20 12 3662
20 46 540
20 44 2575
20 50 229
20 25 4483
20 27 3814
20 11 2699
20 30 2821
20 24 3112
20 23 1539
20 40 661
20 18 492
20 8 3032
20 41 3599
20 48 1185
20 49 3156
20 28 1325
20 1 2970
20 29 3795
20 3 3640
20 36 3201
20 5 1880
20 19 3566
20 37 1524
20 33 171
20 32 1105
20 45 1050
20 47 426
20 21 1982
20 4 2770
20 34 4132
20 17 4337
20 39 3197
20 35 1556
20 38 2220
20 6 27
20 15 360
21 19 2460
21 41 3860
21 29 4407
21 49 345
21 14 3441
21 8 1044
21 16 989
21 33 4045
21 10 4352
21 17 392
21 13 603
21 5 2921
21 11 2511
21 27 3061
21 24 1124
21 26 4422
21 12 3867
21 40 681
21 2 3377
21 9 2969
21 20 4140
21 25 1929
21 7 664
21 6 3738
21 15 909
21 22 1882
21 34 3942
21 46 3527
21 43 1612
21 47 3911
21 18 2887
21 1 925
21 32 3470
21 37 3720
21 44 4155
21 38 2621
21 30 2011
21 3 4243
21 42 3699
21 23 1901
21 50 2207
21 28 2353
21 36 3651
21 35 646
21 48 2881
21 4 133
21 45 532
21 31 1834
22 11 2770
22 27 1148
22 14 1375
22 5 4351
22 10 1333
22 45 442
22 36 901
22 46 559
22 18 373
22 17 2344
22 6 1246
22 23 2144
22 16 3451
22 9 1892
22 32 3541
22 15 3313
22 47 3998
22 35 881
22 8 4183
22 41 692
22 28 1414
22 19 2190
22 49 698
22 30 2811
22 31 1602
22 38 1522
22 20 1949
22 34 2718
22 26 2265
22 24 4033
22 2 2338
22 25 4368
22 44 1977
22 3 799
22 48 1497
22 13 4212
22 21 3118
22 43 786
22 29 3892
22 50 3955
22 4 673
22 1 3261
22 37 4255
22 33 3760
22 7 2315
22 12 3841
22 39 3467
23 5 2776
23 36 1201
23 20 2812
23 21 2206
23 34 3109
23 2 3339
23 45 931
23 50 484
23 22 724
23 13 3747
23 39 3352
23 19 1670
23 6 443
23 26 40
23 14 1723
23 46 2835
23 38 1414
23 42 1185
23 16 1470
23 1 1589
23 25 1311
23 41 2200
23 12 373
23 15 3224
23 40 1703
23 31 3228
23 27 4150
23 35 3812
23 32 4204
23 48 2563
23 30 438
23 43 852
23 4 3196
23 10 753
23 8 67
23 37 3995
23 7 1348
23 44 3030
23 18 4350
23 47 1993
23 29 1891
23 3 3592
23 9 1152
23 28 3178
23 33 138
23 49 1706
24 31 1559
24 47 3280
24 32 3685
24 15 3150
24 33 887
24 8 3124
24 14 3182
24 41 2487
24 13 256
24 49 3599
24 39 517
24 48 3786
24 40 4073
24 34 1108
24 28 3270
24 1 3452
24 29 3432
24 11 474
24 37 409
24 18 1541
24 10 1442
24 9 4155
24 22 3803
24 38 4406
24 26 200
24 17 915
24 46 3256
24 7 3714
24 6 616
24 12 2357
24 4 832
24 23 2949
24 42 481
24 25 1727
24 45 3455
24 50 1311
24 19 3505
24 44 1015
24 21 4184
24 5 3407
24 16 2918
24 30 2787
24 43 3454
24 36 60
24 20 3022
24 3 1593
24 27 2955
24 35 260
24 2 885
25 45 135
25 19 488
25 38 985
25 35 3219
25 22 2546
25 39 2418
25 46 3341
25 17 3127
25 6 806
25 26 2501
25 44 139
25 15 2120
25 29 3181
25 11 228
25 41 2305
25 1 1413
25 23 3417
25 3 2137
25 28 246
25 27 1242
25 43 1167
25 2 2757
25 18 1283
25 33 3565
25 7 1501
25 5 861
25 40 2277
25 30 1313
25 50 3913
25 16 2640
25 31 2829
25 32 3196
25 8 1396
25 13 292
25 47 3585
25 20 3179
25 42 3701
25 48 1091
25 34 1506
25 9 1812
25 12 221
25 24 1697
25 4 513
25 37 2795
25 21 2764
25 36 1995
25 49 4324
25 14 1346
26 8 962
26 5 2284
26 1 138
26 12 3628
26 36 322
26 11 2913
26 44 83
26 2 4167
26 29 723
26 45 476
26 7 3801
26 10 1847
26 22 3286
26 13 3565
26 40 4410
26 19 3267
26 43 620
26 3 1602
26 24 2462
26 38 2882
26 6 2159
26 37 2833
26 4 3731
26 23 2224
26 28 2764
26 34 3854
26 32 4367
26 15 4316
26 48 1101
26 30 1570
26 25 3184
26 21 2164
26 46 2391
26 39 1987
26 17 2621
26 49 2503
26 31 640
26 16 2201
26 20 300
26 33 2433
26 47 488
26 42 1176
26 35 2978
26 50 3530
26 9 3894
26 41 3228
27 49 723
27 38 3844
27 19 87
27 5 2501
27 1 2669
27 14 1183
27 22 2382
27 7 3922
27 10 1886
27 17 3401
27 42 911
27 11 2241
27 24 1418
27 35 2492
27 44 875
27 34 4344
27 18 84
27 21 2427
27 33 4283
27 36 369
27 3 77
27 43 1251
27 50 1211
27 47 4047
27 39 2409
27 29 245
27 25 801
27 40 31
27 45 1442
27 15 599
27 48 3533
27 32 3300
27 28 2039
27 8 2437
27 26 3559
27 20 2932
27 13 3014
27 30 902
27 9 2806
27 2 3786
27 31 2081
27 23 2258
27 16 373
27 41 2301
27 46 2375
27 4 7
27 6 4091
28 9 2983
28 7 1311
28 16 411
28 11 664
28 20 521
28 24 87
28 37 3098
28 34 2676
28 38 1523
28 49 1073
28 45 4272
28 17 1281
28 31 712
28 25 2950
28 4 4153
28 5 2723
28 29 815
28 10 1406
28 27 3676
28 19 3151
28 35 848
28 12 3338
28 6 608
28 21 1868
28 1 2162
28 18 3301
28 47 3921
28 44 2359
28 30 3736
28 41 1699
28 2 129
28 42 593
28 43 2364
28 48 1829
28 26 1287
28 46 295
28 33 1146
28 40 2948
28 3 2054
28 8 4326
28 39 3125
28 22 3821
28 36 4381
28 23 3207
29 43 2644
29 10 3427
29 45 552
29 17 1095
29 8 1519
29 48 1433
29 11 1449
29 15 2111
29 19 1716
29 27 995
29 28 4280
29 25 1505
29 4 2948
29 33 2409
29 6 751
29 9 3919
29 40 828
29 26 1801
29 46 2506
29 14 1135
29 30 1659
29 41 2512
29 39 3363
29 20 678
29 7 1887
29 49 3613
29 24 2124
29 44 26
29 35 2348
29 18 1810
29 13 1386
29 1 2384
29 37 1955
29 34 3037
29 31 2211
29 21 2272
29 16 747
29 50 1825
29 2 3786
29 36 1490
29 23 4129
29 3 3219
29 32 2528
29 38 1997
29 42 231
29 22 317
29 47 3941
29 5 821
30 34 44
30 36 371
30 46 4198
30 31 605
30 2 3003
30 33 1108
30 16 3044
30 17 2513
30 12 2955
30 48 4005
30 9 1678
30 49 2377
30 24 362
30 28 685
30 3 3578
30 32 3014
30 23 2174
30 14 1486
30 44 3105
30 10 3792
30 29 706
30 19 3835
30 18 314
30 20 2965
30 13 2977
30 7 4077
30 4 162
30 15 866
30 8 1856
30 22 1637
30 39 1917
30 26 1305
30 25 2497
30 1 2033
30 6 676
30 40 595
30 27 4373
30 11 2577
30 38 1788
30 35 2201
30 45 2632
30 50 1484
31 22 4120
31 6 2982
31 41 29
31 46 1509
31 39 965
31 45 824
31 11 4251
31 29 922
31 20 2863
31 1 3040
31 26 2399
31 47 3362
31 25 3393
31 5 1549
31 19 1747
31 15 2393
31 9 2787
31 38 1262
31 18 639
31 48 2905
31 30 780
31 33 1640
31 12 3796
31 24 544
31 28 2609
31 16 2663
31 14 2003
31 10 3953
31 3 1838
31 36 3791
31 34 2421
31 13 2244
31 42 90
31 2 1232
31 21 1080
31 17 3818
31 43 4245
31 23 2514
31 44 2018
31 4 988
31 35 30
31 32 3181
31 40 3154
31 37 3869
31 50 4477
31 27 3292
31 49 745
31 7 2579
32 16 1648
32 6 3064
32 42 3540
32 10 3665
32 12 4031
32 33 2056
32 17 3187
32 22 1091
32 29 1011
32 47 4408
32 21 2015
32 41 3680
32 28 548
32 49 4492
32 39 766
32 13 2578
32 44 2573
32 1 1176
32 36 1233
32 38 4410
32 27 99
32 43 747
32 4 3389
32 14 2554
32 8 781
32 31 3509
32 50 1665
32 9 199
32 20 2224
32 3 155
32 5 4176
32 25 2498
32 35 5
32 40 960
32 11 1736
32 46 2442
32 34 3258
32 7 1197
32 26 1663
32 18 3811
32 23 975
32 48 2399
32 24 83
32 30 2936
32 37 1274
32 2 2347
32 45 2381
33 7 250
33 13 2171
33 44 583
33 49 3773
33 28 3118
33 50 675
33 5 355
33 31 3884
33 39 1090
33 10 1888
33 17 2158
33 8 3238
33 35 3582
33 34 3209
33 21 2283
33 16 4195
33 45 4018
33 20 563
33 26 4346
33 42 3710
33 37 2213
33 15 3211
33 27 1377
33 11 1058
33 41 2049
33 25 3570
33 24 2313
33 38 2011
33 9 2354
33 29 3670
33 36 3536
33 43 1690
33 32 3116
33 23 3442
33 3 3783
33 19 1879
33 22 3396
33 40 3635
33 6 2989
33 2 1958
33 12 1135
33 47 4220
33 14 998
33 4 1495
33 1 4499
33 48 676
33 46 1404
34 36 356
34 45 3860
34 38 2186
34 42 1383
34 22 580
34 14 4107
34 26 2751
34 1 2116
34 24 3691
34 17 2489
34 20 508
34 32 2515
34 35 891
34 3 2329
34 25 2124
34 10 3307
34 16 3887
34 5 1051
34 7 827
34 23 1890
34 31 756
34 29 495
34 30 346
34 44 416
34 49 1899
34 28 4097
34 47 3367
34 41 2949
34 39 4450
34 43 2909
34 33 3242
34 27 843
34 8 3558
34 50 1874
34 19 1378
34 13 2787
34 21 3413
34 12 639
34 6 1924
34 40 1156
34 37 445
34 18 4379
34 2 1620
34 48 1616
34 15 2655
34 11 2805
35 31 3688
35 45 4256
35 22 1491
35 47 4495
35 6 756
35 49 3967
35 14 2359
35 36 1387
35 10 4171
35 15 5
35 4 1056
35 26 1682
35 8 526
35 37 1649
35 17 2136
35 13 2582
35 32 2252
35 12 1196
35 44 2969
35 29 1619
35 24 1792
35 20 2401
35 33 2541
35 42 880
35 40 1836
35 27 2619
35 50 2003
35 38 2059
35 28 1574
35 11 4391
35 48 1298
35 18 1059
35 41 1903
35 3 3132
35 25 3479
35 46 3101
35 1 1840
35 30 296
35 9 4371
35 39 1746
35 16 4494
35 5 1
35 7 3265
35 43 1877
35 2 2532
35 19 3520
35 34 2143
36 22 3919
36 32 1507
36 4 285
36 42 330
36 15 3183
36 46 2478
36 9 1060
36 21 426
36 11 3698
36 43 3879
36 33 639
36 49 4322
36 23 1309
36 2 2485
36 8 468
36 39 2573
36 7 1063
36 18 3335
36 13 811
36 34 819
36 26 634
36 25 1259
36 19 551
36 1 507
36 6 3851
36 31 185
36 24 1499
36 40 4279
36 38 1580
36 20 536
36 5 3587
36 48 2521
36 10 189
36 47 1867
36 27 284
36 45 3133
36 41 3388
36 35 3910
36 3 2207
36 37 1633
36 30 1788
36 50 3950
36 12 670
36 14 2455
36 16 3319
36 28 3641
36 29 2687
36 44 1589
37 41 3379
37 48 1149
37 10 1533
37 19 1781
37 42 3474
37 2 2681
37 4 1364
37 26 1316
37 32 1505
37 23 2018
37 22 3527
37 30 2901
37 43 472
37 9 3077
37 17 4404
37 5 1266
37 38 3777
37 13 554
37 1 1466
37 34 1968
37 40 451
37 14 4478
37 36 2206
37 24 3550
37 6 3396
37 33 3889
37 47 3446
37 16 2692
37 25 1716
37 28 4238
37 11 612
37 7 3998
37 49 557
37 44 2078
37 15 1610
37 27 3744
37 35 3177
37 29 3981
37 39 717
37 3 3604
37 31 1912
37 12 2016
37 46 1005
37 21 1704
37 50 2671
37 20 21
38 39 665
38 41 408
38 8 282
38 48 1150
38 9 3763
38 5 1995
38 31 2589
38 18 2194
38 36 3817
38 22 410
38 11 3940
38 49 2966
38 2 4494
38 24 677
38 37 3458
38 12 2305
38 46 1599
38 6 1058
38 15 4427
38 43 2300
38 28 2318
38 25 1361
38 29 4248
38 33 3875
38 20 274
38 7 683
38 47 3984
38 35 1418
38 30 2938
38 23 3020
38 40 1310
38 1 610
38 3 483
38 19 4019
38 32 4367
38 13 3559
38 10 81
38 44 4395
38 27 2633
38 4 492
38 45 3956
38 50 2795
38 17 4104
38 26 3522
38 16 3492
38 34 1979
38 21 3948
39 13 1455
39 35 5
39 48 1382
39 46 894
39 11 1390
39 34 814
39 25 3828
39 28 2846
39 36 3677
39 23 3157
39 7 3639
39 2 611
39 8 2964
39 32 189
39 44 4368
39 16 2877
39 9 3120
39 14 302
39 37 2982
39 49 157
39 1 4359
39 43 1471
39 19 2860
39 27 2014
39 33 1712
39 30 2709
39 42 1473
39 6 627
39 4 4282
39 50 3629
39 20 3712
39 47 3966
39 24 1801
39 22 2001
39 26 3418
39 18 3466
39 29 1048
39 10 860
39 45 2427
39 21 3100
39 40 2789
39 41 1661
39 15 849
39 38 925
39 17 2885
40 25 452
40 43 344
40 16 323
40 1 3303
40 44 1935
40 41 1184
40 33 1795
40 17 2139
40 10 2471
40 14 452
40 18 246
40 2 4048
40 39 576
40 9 2396
40 28 152
40 34 1158
40 48 32
40 4 1212
40 12 2503
40 46 4376
40 36 3852
40 24 4006
40 50 1167
40 11 3537
40 7 3385
40 31 1412
40 49 1480
40 19 2724
40 23 2368
40 26 1061
40 42 2784
40 22 2577
40 35 465
40 21 2130
40 15 2835
40 3 163
40 5 2971
40 20 561
40 30 2420
40 27 3648
40 8 58
40 37 1297
40 13 4380
40 29 2298
40 6 491
41 39 3754
41 11 2719
41 21 944
41 33 1238
41 5 1907
41 1 4169
41 28 2975
41 32 3573
41 14 62
41 40 3529
41 29 3924
41 4 1579
41 34 3443
41 36 759
41 24 4168
41 3 2434
41 46 3347
41 9 4413
41 30 1179
41 26 1730
41 49 1127
41 12 3395
41 8 3099
41 37 3942
41 38 4340
41 50 3048
41 27 1499
41 10 776
41 47 301
41 35 3650
41 2 788
41 16 198
41 6 2022
41 45 3254
41 22 342
41 25 3300
41 7 955
41 19 2788
41 48 1570
41 23 904
41 13 3520
41 18 4388
41 31 813
41 43 1128
41 20 2889
41 15 2093
41 42 2827
41 17 488
42 49 4133
42 31 1629
42 34 984
42 33 3418
42 36 1856
42 19 2986
42 29 1879
42 41 1488
42 10 1509
42 44 2741
42 16 2810
42 30 3306
42 39 2051
42 22 724
42 6 3512
42 43 2304
42 50 791
42 8 76
42 4 3343
42 45 1716
42 25 1160
42 27 2450
42 11 216
42 28 2614
42 46 3698
42 20 1147
42 1 656
42 21 1986
42 37 2782
42 38 3731
42 23 743
42 12 109
42 9 1542
42 24 749
42 47 2488
42 18 705
42 32 1719
42 26 1755
42 48 307
42 35 1654
42 14 2149
42 13 3242
42 7 3376
42 17 1360
42 2 4194
42 3 2711
42 40 3647
42 15 694
42 5 3847
43 50 2382
43 23 2199
43 9 279
43 26 1893
43 48 2056
43 6 9
43 5 128
43 11 1091
43 22 4458
43 1 1036
43 30 461
43 20 1783
43 36 2252
43 2 1563
43 35 3095
43 25 974
43 21 3195
43 4 3851
43 41 4271
43 38 4468
43 45 1340
43 34 3086
43 49 105
43 39 2260
43 8 3063
43 29 991
43 15 2382
43 19 2698
43 16 3091
43 44 838
43 12 1043
43 18 694
43 46 1796
43 42 1932
43 28 457
43 13 4175
43 7 1850
43 33 4133
43 32 362
43 3 3435
43 14 3876
43 27 105
43 10 624
43 40 1524
43 47 2711
44 43 819
44 21 3782
44 7 134
44 16 149
44 42 4218
44 46 2435
44 29 3604
44 41 869
44 13 2830
44 28 943
44 36 2041
44 2 3188
44 48 3974
44 26 1797
44 15 1212
44 4 2317
44 33 4245
44 45 2984
44 49 1208
44 22 1400
44 38 1095
44 6 1724
44 20 4227
44 19 1685
44 27 754
44 14 4346
44 37 2718
44 31 2521
44 17 1242
44 34 542
44 40 3551
44 50 1994
44 1 4163
44 11 3997
44 10 379
44 18 3889
44 35 3830
44 30 4341
44 32 1932
44 12 4381
44 24 3004
44 39 3717
44 47 1119
44 5 2399
44 3 2855
44 8 895
44 23 3421
45 38 2257
45 28 337
45 47 1384
45 1 992
45 34 4187
45 21 3227
45 11 20
45 15 604
45 37 3283
45 46 4140
45 4 3961
45 23 4465
45 32 3252
45 17 4020
45 44 4037
45 25 3843
45 18 1976
45 33 2344
45 19 2117
45 13 821
45 10 1752
45 50 1899
45 48 1425
45 8 3713
45 35 1897
45 6 4333
45 22 221
45 43 2092
45 20 2471
45 36 2162
45 26 3561
45 31 1437
45 27 1448
45 39 2767
45 9 951
45 40 1277
45 7 2459
45 3 1630
45 41 4027
45 5 2663
45 2 3142
45 30 1080
45 24 2329
45 42 875
46 29 3168
46 34 91
46 14 3968
46 1 3477
46 38 3652
46 8 1669
46 45 3662
46 3 1875
46 18 3271
46 25 3292
46 7 4028
46 10 2286
46 11 1472
46 21 670
46 43 953
46 48 8
46 17 880
46 42 2
46 5 487
46 35 3539
46 40 3332
46 32 1478
46 4 1434
46 19 2919
46 9 1582
46 15 2821
46 39 2850
46 31 3163
46 2 1415
46 23 1453
46 20 1126
46 13 1181
46 47 3384
46 37 123
46 6 2015
46 36 4246
46 24 2482
46 26 1225
46 41 807
46 44 3886
46 12 1442
46 16 1607
46 49 2681
46 33 1112
46 27 3693
46 28 1831
46 30 42
47 35 4082
47 6 1096
47 40 2309
47 30 1770
47 19 1215
47 49 1115
47 39 1716
47 3 3047
47 33 240
47 27 1820
47 12 2772
47 9 1670
47 37 681
47 13 58
47 26 2971
47 46 3215
47 11 3531
47 42 2861
47 45 4437
47 28 684
47 36 3928
47 22 1641
47 23 849
47 17 1701
47 4 2776
47 5 1562
47 43 4013
47 24 3046
47 2 1893
47 10 2057
47 7 1284
47 21 863
47 29 2062
47 16 2122
47 48 2858
47 31 1192
47 14 497
47 18 1156
47 15 1241
47 1 4300
47 32 2859
47 20 1124
47 50 2785
47 41 2153
47 34 528
47 38 3688
47 44 4468
48 3 4270
48 19 3903
48 24 895
48 33 1667
48 40 2929
48 45 802
48 47 1717
48 46 1200
48 7 3203
48 8 323
48 49 4407
48 27 2043
48 43 1582
48 17 1396
48 34 4472
48 29 697
48 30 1577
48 26 1721
48 21 1856
48 23 3818
48 13 4119
48 14 418
48 11 3288
48 10 4054
48 15 1789
48 25 2002
48 28 467
48 22 891
48 1 3723
48 50 118
48 18 3731
48 36 406
48 39 100
48 2 2341
48 20 3672
48 12 3288
48 32 1706
48 4 2367
48 38 2988
48 16 46
48 9 251
48 6 4339
48 42 4323
48 35 3449
49 36 4175
49 45 106
49 44 1375
49 46 3359
49 38 1017
49 25 558
49 47 4094
49 39 2996
49 20 2133
49 14 3542
49 27 837
49 37 1425
49 3 4124
49 22 2001
49 32 1190
49 48 4225
49 12 2237
49 2 4036
49 18 1622
49 21 2604
49 29 4035
49 26 3507
49 11 1777
49 35 3563
49 5 1218
49 13 4467
49 50 1728
49 7 1639
49 41 3904
49 15 2417
49 8 3182
49 31 3455
49 23 3029
49 4 2070
49 19 2344
49 10 3586
49 33 2650
49 1 3807
49 30 1450
49 16 770
49 43 1369
49 17 39
49 24 4128
49 42 4133
49 28 3774
49 40 3527
50 20 3735
50 18 2728
50 44 2308
50 47 3738
50 13 4108
50 25 2214
50 11 1865
50 45 1186
50 14 2767
50 36 2909
50 15 42
50 27 4340
50 16 1502
50 9 1431
50 19 3900
50 10 1078
50 2 3078
50 6 682
50 39 3653
50 34 180
50 32 2344
50 42 1721
50 8 1853
50 29 2344
50 30 3040
50 5 636
50 23 4158
50 21 2898
50 40 1045
50 49 916
50 43 85
50 1 1946
50 28 849
50 7 400
50 31 1979
50 48 132
50 37 1951
50 41 4083
50 17 2714
50 35 1044
50 12 861
50 4 3853
50 26 2970
50 3 853
50 38 2421
