50 2300
1 7 970
1 50 934
1 49 2342
1 13 174
1 45 2390
1 28 2588
1 47 2013
1 41 2587
1 31 1139
1 48 3735
1 33 237
1 27 2200
1 19 155
1 9 2709
1 6 312
1 25 3877
1 3 1706
1 34 780
1 22 882
1 23 323
1 26 1653
1 30 266
1 36 3614
1 11 4493
1 29 2697
1 38 356
1 4 2699
1 18 3725
1 43 3512
1 17 1181
1 20 3298
1 12 3022
1 35 830
1 21 3654
1 2 982
1 44 3969
1 16 1052
1 37 2566
1 15 1225
1 39 1809
1 42 2817
1 5 3194
1 24 1769
1 8 3107
1 10 3271
1 32 1179
2 27 1466
2 30 4207
2 23 450
2 18 4257
2 3 1053
2 17 784
2 46 1347
2 38 3130
2 41 2714
2 26 815
2 21 872
2 22 617
2 42 1793
2 19 4438
2 35 971
2 12 1796
2 47 3099
2 31 4258
2 20 1175
2 32 1611
2 33 3484
2 14 1925
2 49 812
2 4 786
2 44 3349
2 9 1968
2 25 3031
2 24 1183
2 40 36
2 1 1988
2 29 3028
2 45 957
2 11 702
2 39 90
2 7 1137
2 50 3550
2 10 3374
2 48 2440
2 15 18
2 43 2664
2 16 4437
2 5 93
2 8 3888
2 36 2819
2 34 1549
2 6 4355
3 20 2599
3 35 1805
3 33 3916
3 2 1181
3 19 622
3 10 3206
3 11 4276
3 5 4111
3 16 3934
3 41 954
3 30 920
3 27 2224
3 12 2198
3 26 2864
3 28 2206
3 18 1982
3 13 3815
3 4 3642
3 36 3824
3 39 4090
3 8 3871
3 14 3688
3 6 4017
3 15 2029
3 49 4103
3 48 1454
3 17 1379
3 45 4275
3 22 3166
3 25 1982
3 50 1350
3 9 4018
3 44 3528
3 24 2757
3 29 3427
3 43 3628
3 32 1845
3 40 255
3 21 1515
3 1 502
3 34 2721
3 23 1278
3 31 2512
3 47 3760
3 38 3718
3 42 425
3 7 871
3 37 4261
4 27 2012
4 20 3967
4 47 1426
4 40 4081
4 17 2405
4 43 1586
4 14 3603
4 10 601
4 7 3396
4 31 4344
4 26 3380
4 18 4285
4 34 592
4 5 1991
4 41 1065
4 39 3565
4 49 3440
4 21 504
4 19 2971
4 44 1111
4 45 1518
4 36 2108
4 48 261
4 22 286
4 13 2838
4 16 45
4 15 1723
4 37 3000
4 50 1451
4 32 48
4 6 2873
4 8 1813
4 38 1130
4 24 1696
4 3 2663
4 46 4223
4 28 1706
4 11 4035
4 25 3807
4 2 3517
4 9 369
4 33 4318
4 1 1846
4 23 1232
4 30 3473
5 6 2405
5 44 2182
5 42 3850
5 11 3354
5 2 55
5 47 108
5 28 2682
5 31 1318
5 35 178
5 21 1454
5 19 145
5 43 3969
5 18 2363
5 13 680
5 34 2402
5 32 632
5 3 2107
5 25 340
5 45 1197
5 22 2770
5 29 2275
5 48 4069
5 26 1114
5 8 873
5 38 1023
5 16 2172
5 30 936
5 49 1976
5 40 4272
5 33 169
5 24 4161
5 36 3378
5 12 1638
5 37 220
5 46 2912
5 20 447
5 1 1693
5 7 3306
5 10 194
5 14 3529
5 41 1378
5 15 1892
5 4 2491
5 39 3263
6 19 362
6 18 3386
6 48 2276
6 8 3204
6 4 1275
6 17 4066
6 28 2894
6 45 12
6 10 67
6 42 1894
6 47 2576
6 14 281
6 27 481
6 7 1645
6 26 4359
6 29 3296
6 11 1045
6 39 3505
6 36 698
6 33 3891
6 41 77
6 9 511
6 24 3321
6 3 4083
6 46 3188
6 15 341
6 49 4110
6 38 2825
6 35 327
6 12 2791
6 31 3598
6 23 4430
6 20 4377
6 40 690
6 32 1519
6 16 2492
6 2 2841
6 43 3199
6 13 2925
6 1 2181
6 5 903
6 44 4057
6 25 1474
6 22 2040
6 37 1301
6 30 1838
7 6 3748
7 34 2089
7 35 255
7 31 111
7 24 390
7 22 2280
7 25 997
7 26 3973
7 21 667
7 11 2440
7 43 280
7 3 2040
7 23 1180
7 4 3918
7 36 2092
7 44 3498
7 1 425
7 38 4321
7 48 693
7 33 4412
7 2 1713
7 28 4033
7 8 727
7 20 1383
7 45 3959
7 29 2878
7 19 1981
7 14 119
7 37 3805
7 47 3621
7 18 3555
7 50 4301
7 9 3556
7 41 425
7 40 2919
7 49 117
7 17 1949
7 5 2243
7 27 1182
7 46 4406
7 12 2019
7 15 1331
7 42 1748
7 13 2531
7 16 865
7 32 3614
7 30 2764
8 26 2813
8 19 1124
8 30 3501
8 41 3649
8 5 1960
8 23 1096
8 29 3248
8 35 2690
8 9 491
8 44 664
8 39 2464
8 28 148
8 6 29
8 43 3540
8 25 3340
8 27 2773
8 10 1469
8 46 2482
8 11 342
8 47 2289
8 33 2404
8 34 169
8 17 2195
8 12 3744
8 15 1196
8 32 769
8 49 3029
8 13 4101
8 18 1851
8 24 1081
8 48 3659
8 7 4381
8 50 2001
8 2 2800
8 40 1403
8 22 3705
8 21 2444
8 36 3898
8 16 4208
8 1 1570
8 42 2874
8 37 3174
8 4 1714
8 38 3448
8 3 1160
8 14 4172
9 26 268
9 31 2019
9 15 2793
9 32 4384
9 39 1687
9 44 2450
9 35 1039
9 17 82
9 41 1962
9 21 1264
9 16 636
9 20 3888
9 4 4338
9 27 27
9 11 3610
9 12 1179
9 47 3552
9 38 372
9 13 4342
9 28 1730
9 30 2840
9 29 1134
9 3 1263
9 23 4386
9 37 1900
9 46 2505
9 14 2944
9 50 3052
9 45 919
9 49 2841
9 1 3141
9 2 4078
9 33 1230
9 43 892
9 36 1233
9 19 579
9 25 1269
9 40 490
9 34 2351
9 24 2448
9 48 4421
9 10 2290
9 6 1461
9 42 2049
9 22 4044
9 18 3174
9 8 1405
10 31 2854
10 21 175
10 2 2146
10 12 3001
10 36 834
10 24 4355
10 19 2414
10 4 1046
10 49 2545
10 17 280
10 16 3222
10 22 2548
10 13 2432
10 38 2455
10 35 581
10 28 628
10 48 1316
10 40 3020
10 44 1530
10 46 3564
10 47 1849
10 45 3503
10 9 350
10 20 1366
10 26 3632
10 18 1797
10 37 2631
10 27 4359
10 33 1482
10 7 1567
10 50 529
10 11 37
10 1 3324
10 14 981
10 6 1609
10 3 2223
10 32 2570
10 42 2001
10 30 2528
10 5 1872
10 29 1813
10 41 4482
10 34 2223
10 43 3538
10 8 2747
10 25 2765
11 28 2811
11 40 4098
11 34 1213
11 36 983
11 12 3863
11 49 2136
11 48 4212
11 50 1957
11 24 107
11 33 3215
11 31 511
11 42 406
11 26 1319
11 21 1995
11 32 2446
11 17 3864
11 23 3387
11 3 3909
11 43 878
11 6 2122
11 25 398
11 27 4103
11 16 1396
11 20 3988
11 30 500
11 14 1318
11 39 2063
11 8 1008
11 15 1677
11 35 2911
11 18 4044
11 9 2852
11 38 1188
11 41 238
11 44 2828
11 22 1966
11 5 4186
11 46 737
11 4 1960
11 7 679
11 37 781
11 19 1309
11 47 2111
11 45 311
11 2 575
11 29 908
11 10 1922
12 28 645
12 43 1933
12 13 3784
12 45 184
12 4 552
12 5 3942
12 41 91
12 14 3644
12 29 1119
12 26 3856
12 24 1975
12 7 805
12 48 2135
12 8 4170
12 19 4247
12 40 4111
12 3 1167
12 42 1157
12 2 402
12 33 4035
12 27 2358
12 49 3577
12 11 1933
12 30 884
12 47 1889
12 35 1549
12 1 1494
12 21 1330
12 25 49
12 32 1384
12 34 2278
12 22 3532
12 23 2589
12 9 109
12 46 4422
12 31 4442
12 6 2213
12 18 3010
12 36 209
12 37 1287
12 20 1476
12 10 2319
12 16 2234
12 50 2650
12 17 4096
12 38 3934
13 18 3191
13 32 1179
13 45 2880
13 21 3345
13 31 3528
13 9 2084
13 15 1194
13 48 3964
13 49 2324
13 33 1292
13 10 3839
13 40 4437
13 23 2255
13 28 1421
13 34 4201
13 1 2774
13 11 2012
13 25 2634
13 42 2203
13 27 2174
13 46 843
13 47 2440
13 38 1878
13 36 4100
13 22 2917
13 2 1876
13 4 3894
13 16 2132
13 3 813
13 12 593
13 39 4130
13 17 4452
13 19 882
13 50 1613
13 7 827
13 14 3398
13 37 573
13 29 1788
13 44 772
13 8 645
13 24 2092
13 30 4256
13 43 4276
13 41 217
14 26 1042
14 10 3105
14 31 2941
14 41 183
14 28 282
14 2 892
14 25 57
14 46 2801
14 22 4226
14 9 4067
14 13 3608
14 19 140
14 38 1851
14 21 804
14 42 1897
14 27 3243
14 5 2196
14 39 999
14 1 1804
14 40 504
14 16 2557
14 32 4033
14 43 557
14 8 2494
14 29 2739
14 34 1881
14 30 4123
14 36 2053
14 17 4044
14 44 358
14 33 100
14 12 234
14 45 680
14 3 1823
14 37 2478
14 50 4283
14 47 191
14 4 3977
14 48 2924
14 23 2110
14 49 1339
14 24 2233
14 7 3532
14 35 610
14 20 1268
14 6 2570
14 11 567
14 15 986
15 7 4164
15 31 3354
15 34 3147
15 29 679
15 43 1389
15 12 2068
15 30 2555
15 35 410
15 21 4368
15 48 2551
15 23 1908
15 39 1918
15 33 37
15 20 4354
15 8 333
15 24 2235
15 50 713
15 9 1796
15 42 1004
15 27 3464
15 18 1581
15 32 1547
15 6 967
15 40 2496
15 25 1156
15 45 3351
15 17 1230
15 4 3935
15 13 236
15 3 3833
15 5 3986
15 16 3000
15 47 1035
15 44 4463
15 28 3326
15 1 708
15 2 1702
15 26 4257
15 46 1162
15 36 3987
15 11 3247
15 37 2802
15 10 2844
15 49 459
15 41 4057
15 14 393
16 49 2755
16 37 2649
16 5 2951
16 20 2457
16 9 4305
16 19 3051
16 44 1365
16 8 936
16 13 798
16 42 287
16 26 3718
16 30 1719
16 43 1835
16 50 539
16 41 3226
16 14 1640
16 17 1755
16 39 429
16 3 3466
16 6 1878
16 31 3182
16 2 4130
16 32 3280
16 36 1272
16 27 698
16 21 422
16 7 3918
16 35 225
16 28 3740
16 34 3454
16 48 2010
16 10 1673
16 1 764
16 38 3775
16 23 4301
16 15 3106
16 22 2960
16 40 3057
16 18 2689
16 29 1187
16 33 2379
16 46 3481
16 11 1793
16 45 2808
16 47 1868
16 12 3664
17 41 788
17 4 442
17 31 3223
17 34 3480
17 9 403
17 49 2243
17 47 4279
17 18 1954
17 22 1699
17 26 2716
17 35 622
17 48 3524
17 46 3940
17 29 4286
17 50 2374
17 16 3946
17 24 41
17 1 198
17 32 2660
17 12 1482
17 11 1381
17 42 3881
17 36 3219
17 8 3326
17 21 1579
17 3 1670
17 38 1159
17 37 2360
17 13 1518
17 5 4120
17 44 3689
17 10 4092
17 19 1011
17 7 967
17 30 3783
17 2 1153
17 14 4108
17 15 152
17 20 2430
17 27 1805
17 45 4494
17 28 1694
17 39 3366
17 6 1906
17 25 551
17 33 4107
18 41 1876
18 38 3671
18 14 3592
18 44 1183
18 33 2852
18 30 2703
18 1 3311
18 10 1074
18 23 1094
18 46 474
18 32 4453
18 50 1123
18 40 4452
18 6 3464
18 35 577
18 3 2718
18 5 2985
18 26 3789
18 28 1055
18 12 191
18 43 760
18 34 3287
18 21 547
18 20 3005
18 49 2283
18 37 2687
18 42 2085
18 11 2145
18 36 3322
18 8 2908
18 25 4166
18 39 1924
18 45 4433
18 7 3819
18 27 1313
18 22 3338
18 48 4422
18 17 855
18 16 3295
18 13 2647
18 9 3212
18 29 4161
18 31 3638
18 19 3706
18 2 222
18 4 3965
19 33 3088
19 14 121
19 5 3198
19 23 415
19 39 1831
19 25 514
19 37 94
19 26 116
19 2 826
19 27 1996
19 42 958
19 31 1117
19 34 3869
19 7 1222
19 46 3445
19 6 3427
19 47 1126
19 20 1833
19 28 999
19 43 752
19 36 182
19 4 3335
19 49 1169
19 32 3434
19 38 2557
19 24 3067
19 21 2880
19 17 1644
19 29 174
19 13 1891
19 22 2072
19 48 4357
19 10 165
19 50 3318
19 1 1878
19 45 1329
19 12 3052
19 9 2902
19 44 750
19 18 2034
19 11 934
19 30 3181
19 41 1905
19 8 3655
19 16 883
19 40 1677
19 15 3289
19 35 4401
20 13 1486
20 49 3837
20 17 3747
20 42 2559
20 47 2538
20 46 1223
20 24 3351
20 22 3796
20 35 216
20 12 3280
20 38 1036
20 2 485
20 26 1422
20 5 4124
20 10 566
20 34 1240
20 3 3367
20 15 2259
20 27 4144
20 19 4015
20 21 650
20 4 3186
20 23 2043
20 28 3824
20 8 1644
20 41 1905
20 18 1706
20 16 4131
20 29 2643
20 36 1817
20 14 784
20 31 3937
20 7 4014
20 25 540
20 50 646
20 37 3423
20 43 3665
20 40 149
20 44 822
20 6 2773
20 9 2740
20 33 434
20 30 44
20 45 2326
20 32 1178
20 1 3465
20 48 3652
20 11 1988
21 39 4176
21 36 455
21 40 1763
21 24 4215
21 27 3313
21 47 3043
21 44 4481
21 38 3356
21 46 828
21 8 3292
21 16 1692
21 22 1438
21 45 63
21 12 413
21 9 818
21 17 587
21 11 2977
21 34 3844
21 42 1776
21 37 1998
21 2 3822
21 19 264
21 29 600
21 41 4451
21 4 2556
21 5 1794
21 28 1276
21 31 3420
21 18 2223
21 35 4315
21 7 1605
21 15 1843
21 32 1519
21 26 4265
21 50 1461
21 1 3655
21 13 3645
21 43 1996
21 25 2360
21 23 2914
21 14 1827
21 3 596
21 48 3788
22 33 4083
22 11 128
22 7 4024
22 2 2222
22 39 2243
22 29 1751
22 42 506
22 5 1397
22 31 1674
22 10 3697
22 28 175
22 12 3059
22 41 2279
22 13 1992
22 34 1283
22 14 315
22 27 3723
22 18 225
22 24 1131
22 4 3970
22 32 3654
22 20 2397
22 40 1442
22 43 1260
22 49 2754
22 37 3801
22 35 2855
22 30 1180
22 9 53
22 36 98
22 1 1990
22 23 2374
22 8 4435
22 48 3266
22 15 3687
22 38 2698
22 17 3633
22 26 3225
22 25 20
22 16 2676
22 44 1664
22 19 1183
22 50 4266
22 46 2863
22 3 2408
23 38 3303
23 6 3856
23 29 3721
23 12 166
23 3 1660
23 16 1568
23 25 1316
23 15 2470
23 9 1373
23 44 3948
23 22 2406
23 10 1213
23 36 2493
23 8 2567
23 34 2903
23 31 3627
23 20 1487
23 4 1648
23 37 3158
23 32 1358
23 47 4380
23 13 2823
23 18 1131
23 43 2983
23 21 1452
23 33 2256
23 45 1520
23 50 3062
23 24 439
23 42 3004
23 2 3289
23 7 2073
23 30 807
23 14 246
23 19 944
23 11 181
23 48 3326
23 40 1476
23 27 2770
23 41 312
23 39 1865
23 5 2495
23 17 876
23 28 367
23 46 3084
23 1 3594
24 28 3666
24 26 746
24 13 1284
24 43 662
24 42 3039
24 20 3128
24 14 1668
24 33 1556
24 48 438
24 18 3163
24 32 3158
24 44 3854
24 15 733
24 25 637
24 10 2375
24 16 2112
24 35 2118
24 39 1149
24 1 2375
24 22 2967
24 41 3677
24 9 1883
24 17 2983
24 49 1765
24 4 2781
24 21 3327
24 3 2725
24 50 369
24 29 4494
24 11 779
24 19 2634
24 30 842
24 5 2492
24 34 1429
24 7 1000
24 36 4345
24 47 2244
24 12 32
24 37 3765
24 2 1277
24 6 1260
24 31 2653
24 23 3024
24 40 1259
24 27 1438
25 19 1847
25 10 2816
25 17 4122
25 49 1947
25 50 60
25 43 963
25 31 1125
25 32 4002
25 14 805
25 21 1719
25 26 1132
25 5 1534
25 47 3023
25 11 875
25 35 474
25 20 2275
25 15 2168
25 7 2853
25 44 1466
25 28 3375
25 36 4254
25 30 2215
25 8 3946
25 34 2549
25 9 3388
25 27 2124
25 13 477
25 24 1328
25 40 2653
25 29 3414
25 41 3695
25 12 4387
25 22 3498
25 18 2723
25 2 2977
25 6 1537
25 46 707
25 23 86
25 45 2127
25 16 786
25 38 2645
25 33 2855
25 37 4031
25 39 1203
25 4 4229
25 42 4090
26 12 1259
26 24 4038
26 16 1019
26 6 3266
26 30 4401
26 33 579
26 11 612
26 32 3592
26 48 627
26 42 3820
26 46 2282
26 50 3442
26 18 690
26 17 2375
26 36 2603
26 45 557
26 43 4338
26 20 889
26 29 3179
26 5 1198
26 13 979
26 44 3728
26 41 4132
26 31 1400
26 4 225
26 34 4180
26 49 3836
26 19 4271
26 27 4061
26 3 3612
26 10 237
26 28 617
26 7 4311
26 8 3725
26 37 462
26 40 2838
26 15 3876
26 21 153
26 1 439
26 9 270
26 25 4486
26 23 2590
26 47 2031
26 35 1387
26 38 2370
26 2 1091
26 14 2135
27 11 1641
27 25 2528
27 6 2506
27 13 1738
27 23 2342
27 9 437
27 49 3505
27 48 2424
27 15 1914
27 21 1205
27 35 1210
27 26 2470
27 42 1624
27 8 2245
27 37 3298
27 22 2886
27 28 4218
27 32 261
27 24 4193
27 44 1072
27 30 1993
27 41 685
27 18 2729
27 10 1013
27 2 4361
27 3 1469
27 12 3982
27 31 3377
27 50 3120
27 29 835
27 45 4321
27 36 648
27 17 1257
27 19 1884
27 39 1593
27 7 3276
27 46 1312
27 16 4295
27 47 2904
27 34 3746
27 14 4043
27 33 885
27 5 476
27 20 3624
27 43 3144
27 38 400
27 1 113
27 4 1839
28 39 3819
28 4 4500
28 15 861
28 30 1208
28 49 2766
28 7 727
28 5 4462
28 26 2092
28 37 95
28 46 471
28 3 1605
28 16 2115
28 43 2726
28 8 2477
28 33 990
28 32 557
28 38 418
28 31 2055
28 17 1153
28 13 2779
28 19 509
28 21 4056
28 34 3343
28 36 2212
28 11 3582
28 2 826
28 20 133
28 23 2742
28 29 3995
28 35 3190
28 6 4410
28 1 3802
28 25 3578
28 50 4199
28 24 2768
28 48 1304
28 14 1831
28 12 4160
28 18 699
28 41 2132
28 9 1215
28 27 2926
28 42 1907
28 40 579
28 22 1305
28 47 81
29 19 3935
29 30 2055
29 31 1974
29 23 1732
29 20 1238
29 40 2397
29 47 2153
29 34 3573
29 2 4333
29 37 3761
29 18 638
29 27 4134
29 4 2142
29 13 3958
29 39 2038
29 12 4196
29 16 3927
29 14 2512
29 50 1369
29 41 2199
29 44 2974
29 48 4487
29 6 3471
29 33 1668
29 36 3857
29 26 3122
29 9 1310
29 38 4209
29 46 4248
29 5 2321
29 17 2081
29 42 960
29 21 2540
29 35 1767
29 45 3854
29 15 1368
29 11 3465
29 25 3209
29 1 508
29 7 3568
29 24 1212
29 3 2578
29 8 993
29 49 3799
29 43 3252
30 36 1364
30 10 2433
30 50 421
30 39 2948
30 37 4481
30 40 698
30 31 3415
30 48 327
30 6 1679
30 26 1461
30 33 3572
30 44 2883
30 45 2467
30 8 3439
30 3 2306
30 20 1679
30 12 1890
30 46 3500
30 13 399
30 25 2303
30 15 756
30 22 1335
30 47 2760
30 41 1233
30 9 2750
30 5 3774
30 43 1189
30 27 2688
30 23 1047
30 35 3945
30 21 482
30 2 2771
30 11 2165
30 19 1269
30 24 4145
30 16 2154
30 18 3171
30 38 404
30 4 1399
30 32 3613
30 28 2151
30 34 4465
30 49 2720
30 42 1259
30 7 2575
31 16 4260
31 18 4041
31 39 1182
31 23 869
31 10 1581
31 40 3153
31 20 747
31 11 1410
31 32 1667
31 17 412
31 5 3245
31 43 3740
31 1 924
31 47 1521
31 9 3665
31 24 3081
31 15 4000
31 50 3478
31 28 3084
31 26 2548
31 12 4346
31 36 1069
31 34 1177
31 33 3620
31 14 470
31 49 762
31 44 986
31 7 3261
31 30 2209
31 48 2085
31 21 315
31 8 1578
31 37 1918
31 27 3762
31 2 557
31 25 2512
31 6 1434
31 13 1120
31 41 2115
31 35 1784
31 42 444
31 3 1507
31 19 449
31 22 3996
31 29 4005
31 38 1259
31 4 3502
31 46 2138
32 19 2255
32 33 1846
32 38 2504
32 34 62
32 5 934
32 3 4344
32 31 3408
32 16 3374
32 4 3568
32 35 3829
32 9 471
32 30 167
32 28 565
32 50 3923
32 40 4082
32 17 4272
32 11 2040
32 44 3730
32 41 3984
32 1 2497
32 37 3402
32 25 521
32 23 2553
32 43 3272
32 24 1059
32 46 2479
32 26 3455
32 13 3873
32 47 889
32 27 1272
32 8 2213
32 39 3813
32 18 2418
32 20 450
32 29 996
32 15 778
32 6 2214
32 22 314
32 7 2126
32 2 4293
32 48 3726
32 10 3994
32 12 4134
33 25 2387
33 10 1845
33 42 2025
33 41 1969
33 6 3730
33 4 1340
33 15 112
33 1 3561
33 48 2662
33 2 2034
33 9 1560
33 27 2056
33 35 2029
33 18 4216
33 47 1538
33 46 3889
33 13 3590
33 49 1381
33 37 2040
33 39 1980
33 31 2180
33 21 2610
33 22 2564
33 26 3348
33 11 3827
33 12 4307
33 44 4442
33 7 1876
33 20 4067
33 45 1212
33 36 1544
33 5 2728
33 23 742
33 32 2415
33 30 1470
33 14 3961
33 16 3332
33 3 3053
33 17 45
33 24 2691
33 43 879
33 8 3904
33 40 4215
33 50 2289
34 35 2550
34 23 1427
34 11 2494
34 2 314
34 47 3539
34 31 3382
34 9 2381
34 48 2215
34 42 2900
34 6 500
34 29 898
34 15 296
34 5 429
34 46 2411
34 36 378
34 27 667
34 39 4063
34 8 1853
34 20 877
34 14 4227
34 26 3852
34 19 958
34 37 4478
34 38 2261
34 22 2351
34 24 2390
34 12 3229
34 3 4188
34 18 101
34 13 1814
34 49 1343
34 21 1026
34 4 2416
34 45 3760
34 10 2614
34 43 538
34 41 3497
34 30 752
34 17 4074
34 33 288
34 32 282
34 28 3885
34 7 3945
34 44 3685
34 1 1382
34 40 1329
34 50 4002
34 16 734
35 23 4272
35 36 3466
35 18 2200
35 42 611
35 50 2292
35 43 3109
35 15 1451
35 39 4464
35 9 2853
35 49 3909
35 12 652
35 8 2370
35 1 3867
35 40 4394
35 2 1925
35 6 638
35 5 3900
35 28 2823
35 48 2203
35 33 99
35 10 458
35 41 1656
35 46 1701
35 24 1120
35 4 2601
35 37 2517
35 31 923
35 47 4401
35 27 3425
35 26 3913
35 20 589
35 44 4497
35 34 2459
35 19 625
35 16 3670
35 17 2956
35 25 995
35 3 3507
35 7 3142
35 45 1061
35 11 3857
35 38 4364
35 30 2026
35 32 3616
35 13 124
35 22 3447
35 14 2358
35 29 2561
36 44 765
36 5 4059
36 26 3228
36 10 882
36 39 3928
36 18 2767
36 45 525
36 2 4190
36 38 185
36 43 2441
36 1 1563
36 14 3661
36 30 3589
36 9 1913
36 17 4357
36 28 1284
36 48 1750
36 34 4204
36 16 1186
36 40 4429
36 22 4003
36 15 861
36 4 121
36 31 2397
36 33 3234
36 8 2348
36 3 4169
36 42 2424
36 12 2473
36 27 1660
36 11 1990
36 49 1715
36 21 1836
36 37 1175
36 19 454
36 41 47
36 24 1946
36 32 3827
36 23 1892
36 20 1482
36 46 4098
36 35 1814
36 50 3350
36 29 252
36 7 2770
36 13 1105
37 25 2557
37 8 3509
37 39 1558
37 32 1558
37 29 3495
37 20 3132
37 11 411
37 26 3659
37 30 3750
37 28 70
37 34 872
37 41 4252
37 48 698
37 27 1087
37 19 2126
37 16 1891
37 6 2872
37 40 1276
37 24 166
37 22 248
37 50 265
37 33 585
37 9 636
37 5 3038
37 7 1934
37 44 1429
37 14 1907
37 36 474
37 10 1090
37 35 1621
37 45 1098
37 17 1050
37 43 1903
37 42 2803
37 31 3306
37 12 1111
37 2 601
37 4 1173
37 46 3205
37 23 4169
37 1 4075
37 18 2322
37 21 4328
37 13 308
37 49 364
37 3 1688
38 41 4415
38 9 4457
38 15 864
38 6 4370
38 25 1390
38 20 4219
38 48 2285
38 31 2016
38 37 3165
38 24 1943
38 12 3669
38 35 2263
38 44 3485
38 11 1091
38 26 1836
38 7 346
38 32 936
38 27 3866
38 23 4115
38 46 4218
38 21 3008
38 13 755
38 42 2919
38 10 944
38 22 3632
38 5 4270
38 19 693
38 8 1041
38 33 3692
38 1 3303
38 28 2391
38 17 1637
38 34 2463
38 39 4318
38 30 1747
38 47 3616
38 14 1034
38 4 12
38 29 629
38 49 1131
38 3 2126
38 16 1166
38 50 2973
38 40 2549
38 18 461
38 43 1032
39 14 1845
39 10 2692
39 37 3768
39 17 2025
39 24 504
39 26 2491
39 43 1025
39 23 3800
39 3 3898
39 31 2173
39 30 1629
39 48 4177
39 8 1880
39 46 2055
39 29 3245
39 34 2215
39 42 1363
39 49 2232
39 45 3281
39 6 3071
39 12 2545
39 38 2363
39 2 2780
39 40 569
39 50 1038
39 13 3141
39 9 3957
39 33 4181
39 25 1604
39 19 2760
39 28 1744
39 5 113
39 27 45
39 15 3993
39 11 845
39 20 4097
39 21 3694
39 47 692
39 16 1263
39 36 705
39 1 31
39 35 315
39 41 1401
39 18 899
39 22 4096
39 4 2457
39 7 2972
40 32 581
40 1 2784
40 45 396
40 2 3110
40 26 1428
40 27 2582
40 38 1658
40 22 951
40 8 1858
40 25 1006
40 41 312
40 21 1089
40 33 3187
40 37 2249
40 31 4494
40 6 619
40 30 1408
40 50 432
40 13 73
40 18 4081
40 11 4134
40 5 3687
40 9 4022
40 12 462
40 46 492
40 43 1195
40 44 3292
40 15 1502
40 48 1468
40 29 3715
40 17 3389
40 36 114
40 49 4315
40 47 1215
40 23 2282
40 4 1813
40 42 4041
40 24 2412
40 7 1817
40 10 2957
40 20 1122
40 34 1814
40 35 2876
40 3 2031
40 16 9
40 14 1424
41 4 1039
41 37 55
41 23 2886
41 2 1289
41 18 3773
41 1 1741
41 44 2557
41 13 1761
41 15 1602
41 22 2179
41 5 4423
41 21 1671
41 28 630
41 26 2122
41 35 2680
41 25 2567
41 36 4049
41 19 2226
41 30 3135
41 7 2472
41 33 1232
41 14 3312
41 47 2240
41 8 3466
41 29 3397
41 46 552
41 50 2324
41 42 183
41 49 3035
41 12 2214
41 43 4439
41 40 913
41 34 4315
41 32 1708
41 11 2580
41 3 4291
41 31 3572
41 48 4111
41 20 3104
41 17 892
41 39 3802
41 38 1143
41 6 4106
41 45 1188
41 16 4368
41 9 3087
42 39 1809
42 15 3879
42 50 2241
42 32 1578
42 4 598
42 19 4083
42 18 268
42 34 1583
42 12 3286
42 1 4214
42 46 801
42 41 18
42 5 3844
42 17 389
42 40 3816
42 9 1136
42 49 1333
42 31 1340
42 43 3366
42 14 3341
42 26 588
42 6 2971
42 7 2740
42 37 550
42 11 4123
42 24 3385
42 27 2539
42 2 1092
42 47 570
42 33 2088
42 28 2163
42 8 670
42 45 233
42 21 4252
42 30 565
42 20 4048
42 23 1935
42 22 2559
42 25 260
42 29 3952
42 35 1010
42 13 926
42 3 2907
42 36 3333
43 23 268
43 33 3325
43 14 3330
43 4 3952
43 29 2801
43 24 805
43 21 519
43 49 3647
43 38 563
43 6 1483
43 17 3625
43 25 1644
43 19 2138
43 32 2180
43 30 2251
43 35 404
43 13 797
43 50 3296
43 8 2769
43 2 2243
43 47 2630
43 5 2380
43 42 2628
43 48 418
43 22 3036
43 34 1736
43 3 4313
43 12 1736
43 7 3016
43 31 4335
43 15 2664
43 1 1919
43 41 928
43 39 1760
43 26 2287
43 46 2588
43 27 66
43 37 1894
43 36 3630
43 44 4495
43 20 868
43 16 4132
43 11 294
43 18 705
43 45 3670
43 28 1497
43 40 1519
43 9 1692
44 50 1556
44 36 537
44 9 2129
44 48 1356
44 20 1774
44 43 1953
44 35 2188
44 5 117
44 33 3121
44 22 4163
44 27 4301
44 8 4182
44 7 4161
44 4 1690
44 13 3417
44 26 3550
44 29 1454
44 25 1855
44 15 3656
44 21 849
44 45 4284
44 34 111
44 49 899
44 42 963
44 14 2419
44 41 867
44 23 1719
44 46 1764
44 3 2322
44 2 406
44 32 3835
44 18 4392
44 30 2373
44 17 1056
44 10 673
44 38 1388
44 47 2239
44 37 749
44 31 3114
44 11 260
44 16 280
44 24 1642
44 1 3142
44 6 3299
45 16 408
45 9 1418
45 14 499
45 17 3459
45 38 1385
45 48 1332
45 8 1089
45 10 3199
45 41 972
45 24 2529
45 3 210
45 39 3966
45 26 4143
45 30 979
45 34 867
45 46 707
45 50 3385
45 18 925
45 28 3183
45 5 2492
45 49 1095
45 27 172
45 20 4069
45 33 2835
45 31 1548
45 42 3815
45 19 1661
45 43 3097
45 21 1985
45 12 3832
45 13 2352
45 2 781
45 7 2405
45 29 218
45 23 1860
45 1 1151
45 47 3735
45 35 1135
45 6 4158
45 44 318
45 11 198
45 37 892
45 15 822
45 40 439
46 9 66
46 44 2596
46 11 941
46 10 2917
46 4 740
46 15 2727
46 5 4341
46 37 3073
46 26 3780
46 41 3253
46 22 2989
46 30 3533
46 14 4047
46 13 1549
46 3 1694
46 18 2088
46 19 1878
46 20 1491
46 45 3713
46 47 2103
46 32 3008
46 39 3698
46 8 4048
46 48 2699
46 38 4415
46 24 4323
46 16 4494
46 21 4024
46 36 2791
46 6 3604
46 27 2999
46 12 2021
46 50 565
46 43 1579
46 1 1382
46 49 4241
46 2 123
46 17 1664
46 34 3761
46 31 2500
46 29 325
46 42 1893
46 33 1896
46 28 3852
46 23 1017
46 40 574
46 7 699
47 36 3147
47 14 1128
47 37 1186
47 8 2404
47 48 3334
47 43 291
47 3 1312
47 44 2697
47 24 4344
47 31 1451
47 50 2921
47 38 1325
47 1 412
47 23 598
47 34 684
47 22 2235
47 41 1006
47 21 3126
47 29 1984
47 39 3969
47 26 3962
47 6 1787
47 20 4241
47 12 4199
47 13 2859
47 17 1475
47 42 1495
47 15 1388
47 11 3852
47 40 1403
47 33 635
47 32 4360
47 16 3577
47 19 2379
47 9 3855
47 27 669
47 4 4156
47 5 1340
47 7 112
47 2 765
47 18 2691
47 49 643
47 35 170
47 45 1975
47 25 1579
47 46 775
47 28 1330
47 30 3795
48 38 3507
48 9 1776
48 16 3312
48 7 2202
48 46 3034
48 45 258
48 29 3497
48 10 3016
48 15 366
48 44 968
48 47 2115
48 13 705
48 30 603
48 20 165
48 5 1086
48 22 1825
48 49 1999
48 19 4482
48 35 2160
48 23 3852
48 25 3994
48 27 943
48 3 4349
48 14 3504
48 43 1838
48 18 1080
48 36 173
48 6 4118
48 4 904
48 32 2414
48 42 2860
48 28 207
48 41 3776
48 26 2189
48 8 3709
48 1 886
48 31 958
48 2 3806
48 11 4188
48 17 4138
48 34 2011
48 50 2543
48 21 127
48 12 2420
48 39 464
48 24 856
49 44 229
49 12 3421
49 35 2416
49 25 1640
49 13 2452
49 8 2534
49 45 2788
49 20 4088
49 50 2266
49 30 1641
49 19 4316
49 32 2745
49 4 570
49 3 3983
49 7 3794
49 16 616
49 5 386
49 21 1453
49 46 2860
49 33 2192
49 27 3457
49 36 3286
49 47 222
49 24 2431
49 14 354
49 9 2926
49 17 2495
49 15 1547
49 1 1128
49 28 3727
49 41 745
49 43 4358
49 6 3468
49 31 2346
49 34 1356
49 39 52
49 22 2161
49 2 3074
49 37 3584
49 26 425
49 40 1236
49 42 3572
49 23 1339
49 10 1709
50 46 3174
50 8 2354
50 22 3670
50 16 1172
50 47 4275
50 33 2052
50 39 3737
50 32 2225
50 15 3899
50 41 1810
50 35 4384
50 28 1255
50 9 3524
50 4 2480
50 48 4249
50 6 1760
50 1 906
50 45 321
50 18 3760
50 21 151
50 5 2968
50 31 3951
50 42 2198
50 14 1913
50 38 3901
50 36 1963
50 20 4012
50 49 2899
50 34 2534
50 44 1988
50 25 44
50 23 4475
50 19 2808
50 26 2649
50 17 3106
50 11 1677
50 24 289
50 13 2368
50 27 3178
50 3 4108
50 2 3819
50 37 4203
50 43 3428
50 29 3116
50 40 632
