50 2300
1 25 605
1 16 4100
1 31 2643
1 19 2247
1 3 2559
1 41 2365
1 11 2530
1 48 68
1 23 519
1 13 1028
1 36 2091
1 28 3223
1 8 2070
1 30 2710
1 42 596
1 7 216
1 34 839
1 6 269
1 15 2355
1 37 875
1 20 2988
1 2 284
1 43 1168
1 27 2048
1 24 4071
1 26 2959
1 14 2862
1 33 3421
1 46 3191
1 22 1894
1 47 511
1 45 2435
1 21 1957
1 18 3719
1 50 2180
1 35 1882
1 32 1275
1 40 3844
1 10 4447
1 12 1874
1 17 87
1 29 4423
1 44 2957
1 9 1592
1 39 57
1 49 82
1 5 1793
2 38 1285
2 3 120
2 47 1085
2 10 3703
2 5 3871
2 6 4146
2 27 785
2 22 1856
2 30 4308
2 15 2059
2 17 1540
2 8 1412
2 34 836
2 32 2587
2 16 153
2 14 2225
2 12 644
2 21 2575
2 50 1129
2 19 4082
2 40 1076
2 41 3188
2 20 2209
2 28 2917
2 11 2890
2 4 1403
2 42 4171
2 29 1954
2 23 3147
2 46 2474
2 37 2414
2 24 12
2 9 397
2 26 2183
2 33 2658
2 39 4180
2 7 4342
2 44 4361
2 48 3881
2 25 3185
2 13 1278
2 43 3362
2 36 3665
2 35 1118
2 45 994
2 49 649
2 31 3412
3 32 3262
3 38 2595
3 19 3394
3 1 1298
3 2 883
3 22 1851
3 27 2244
3 17 314
3 6 1143
3 48 2336
3 31 3519
3 49 2073
3 37 1769
3 16 541
3 15 1717
3 25 2120
3 26 1468
3 18 3350
3 13 653
3 46 362
3 20 2130
3 43 1973
3 8 1141
3 45 896
3 10 126
3 40 3355
3 28 1588
3 35 4403
3 36 1775
3 34 2535
3 14 2888
3 12 1331
3 29 1978
3 41 2957
3 39 2307
3 44 967
3 4 2806
3 11 865
3 42 1765
3 9 2615
3 47 699
3 50 1312
3 23 751
3 5 2013
3 21 2344
3 30 3149
3 7 3510
3 24 3954
4 16 1977
4 21 4147
4 9 4395
4 18 744
4 23 1777
4 25 2895
4 45 695
4 6 417
4 39 484
4 20 199
4 22 1985
4 35 497
4 33 175
4 11 1063
4 36 1983
4 42 965
4 5 811
4 13 3585
4 49 3172
4 12 3143
4 29 42
4 26 460
4 28 3714
4 40 2552
4 31 1381
4 43 1279
4 7 1091
4 50 3602
4 27 429
4 24 584
4 32 4188
4 19 3425
4 17 3836
4 30 593
4 34 2960
4 37 786
4 46 4099
4 48 1369
4 3 890
4 1 1565
4 38 754
4 15 26
5 50 2601
5 17 1164
5 26 1155
5 45 1435
5 29 3578
5 9 2799
5 38 4238
5 11 4311
5 21 179
5 39 2095
5 13 2824
5 16 630
5 48 3118
5 35 1891
5 36 1791
5 40 2811
5 15 1269
5 24 643
5 31 1722
5 25 2406
5 47 3181
5 33 3989
5 44 143
5 42 722
5 1 1817
5 46 2379
5 28 2714
5 32 470
5 27 3279
5 14 3371
5 49 3512
5 37 1585
5 43 809
5 18 287
5 10 581
5 6 4350
5 12 2720
5 19 3739
5 7 4415
5 30 3888
5 34 403
5 4 926
5 41 948
5 20 3258
5 2 232
5 3 1558
5 8 1045
5 23 3311
6 30 728
6 22 3176
6 47 2794
6 29 2046
6 39 421
6 32 4106
6 42 1295
6 2 1106
6 31 3480
6 20 1178
6 27 2494
6 13 1686
6 19 1346
6 33 337
6 44 1935
6 25 3694
6 50 2580
6 43 2941
6 5 970
6 11 452
6 28 2049
6 23 3876
6 37 107
6 3 82
6 35 825
6 41 1970
6 21 349
6 10 885
6 12 269
6 18 4229
6 8 703
6 1 1234
6 7 797
6 17 2337
6 16 4100
6 48 612
6 4 3753
6 40 2640
6 49 922
6 46 3828
6 24 98
6 45 4043
6 15 48
6 38 777
6 36 1142
6 14 1632
7 48 2959
7 4 4373
7 10 2597
7 6 4017
7 15 3434
7 24 1576
7 20 2192
7 35 3116
7 1 3967
7 11 1795
7 21 1455
7 23 2473
7 44 3072
7 43 833
7 40 2853
7 32 1328
7 42 3390
7 14 3090
7 30 2636
7 5 823
7 50 538
7 19 1403
7 12 848
7 27 986
7 17 581
7 28 3564
7 47 1327
7 39 4344
7 13 2208
7 36 1700
7 8 4418
7 46 433
7 3 1278
7 25 2015
7 16 3074
7 22 604
7 31 3475
7 29 2411
7 41 4402
7 45 161
7 49 1227
7 26 3833
7 33 356
7 38 412
7 18 294
7 2 1907
7 9 1606
8 15 1624
8 35 1321
8 18 2797
8 2 954
8 19 3088
8 46 1660
8 37 554
8 48 1151
8 12 1841
8 32 3848
8 3 3302
8 5 1902
8 11 773
8 26 3740
8 22 2733
8 50 508
8 45 20
8 7 764
8 47 2488
8 38 3875
8 34 3395
8 25 929
8 28 1845
8 30 586
8 33 1237
8 39 2375
8 16 4495
8 44 3316
8 17 3100
8 13 1275
8 21 2256
8 31 2628
8 49 1473
8 4 1636
8 24 4379
8 20 3813
8 42 1817
8 6 2786
8 41 3861
8 29 1493
8 40 3850
8 10 3996
8 9 1742
8 27 4336
8 1 3477
8 14 2912
8 43 699
9 18 653
9 41 3126
9 1 1286
9 22 629
9 45 1974
9 15 2207
9 17 3720
9 27 2611
9 23 3014
9 4 707
9 44 722
9 34 870
9 47 2414
9 3 3531
9 36 2417
9 40 1194
9 49 940
9 12 712
9 13 4352
9 38 1962
9 19 4328
9 5 1907
9 31 2280
9 42 3113
9 11 1063
9 29 1504
9 20 3425
9 26 1028
9 37 4287
9 16 917
9 33 4333
9 43 3124
9 25 3436
9 35 4006
9 32 4450
9 8 3931
9 28 1171
9 50 2146
9 46 2178
9 10 2626
9 14 4143
9 30 2873
9 7 1132
9 2 660
10 22 3668
10 41 1658
10 40 2165
10 6 585
10 19 896
10 29 2572
10 49 2417
10 4 4069
10 34 1194
10 45 2304
10 5 114
10 43 1324
10 32 2987
10 37 2777
10 48 163
10 31 3375
10 42 1797
10 35 1312
10 14 889
10 11 2304
10 30 1790
10 44 1548
10 23 2670
10 17 4186
10 2 229
10 9 3676
10 13 2760
10 20 3906
10 46 1807
10 16 1790
10 27 313
10 39 3910
10 21 3947
10 38 3893
10 18 2406
10 47 3243
10 28 2656
10 33 3509
10 25 3986
10 1 751
10 7 337
10 36 1209
10 12 1080
10 50 3218
10 15 1811
11 2 1888
11 49 2739
11 44 3920
11 6 3313
11 29 2770
11 37 1098
11 45 1121
11 47 1488
11 46 3089
11 31 2061
11 17 3227
11 42 3138
11 34 2673
11 36 4014
11 20 3055
11 40 4274
11 33 2352
11 24 4205
11 8 2625
11 19 41
11 35 3256
11 18 3973
11 13 248
11 14 1447
11 43 762
11 41 243
11 1 1591
11 22 255
11 30 3350
11 48 603
11 12 3324
11 7 4499
11 3 3951
11 10 1153
11 50 3407
11 27 553
11 39 2013
11 9 855
11 4 995
11 32 1635
11 21 4302
11 16 3950
11 15 880
11 38 1426
12 38 3675
12 2 4281
12 17 137
12 23 1910
12 20 4367
12 37 1403
12 46 1904
12 27 2863
12 42 2062
12 9 2061
12 26 588
12 18 1286
12 15 4126
12 5 2819
12 29 106
12 21 1261
12 30 4389
12 43 3389
12 11 4417
12 10 984
12 39 2363
12 45 3224
12 19 4304
12 24 3768
12 34 3204
12 32 2516
12 14 4365
12 35 3039
12 50 4362
12 48 2798
12 1 4359
12 40 648
12 36 324
12 16 1569
12 49 3746
12 8 2151
12 4 3513
12 41 3060
12 31 3429
12 13 3173
12 6 3929
12 44 1542
12 3 774
12 22 4286
12 33 194
12 28 2120
12 47 1472
12 25 3945
13 45 423
13 15 2144
13 34 4217
13 36 435
13 17 279
13 16 4497
13 8 4018
13 7 2326
13 20 3517
13 12 2776
13 28 2085
13 9 2005
13 26 1474
13 2 2659
13 48 4153
13 19 1246
13 22 1296
13 10 2648
13 3 2155
13 6 3959
13 14 1428
13 30 1574
13 24 3180
13 33 2095
13 42 1797
13 39 1822
13 31 368
13 23 1014
13 18 1018
13 43 3834
13 37 399
13 38 2266
13 49 3282
13 46 2772
13 5 2912
13 11 2318
13 47 941
13 35 1945
13 4 3317
13 41 2853
13 21 427
13 1 401
13 29 3027
13 32 3473
13 44 2568
13 27 4088
14 46 364
14 5 1199
14 39 1138
14 45 3878
14 18 248
14 47 3382
14 38 547
14 44 2367
14 31 1692
14 27 1442
14 19 2456
14 48 151
14 23 2356
14 33 3976
14 17 214
14 25 3007
14 8 2673
14 34 1359
14 22 1615
14 29 1927
14 11 2308
14 2 1443
14 32 3400
14 7 2539
14 28 181
14 26 834
14 50 2071
14 41 47
14 43 4397
14 30 3580
14 37 4210
14 36 3823
14 15 3557
14 1 3673
14 6 3171
14 21 1970
14 20 856
14 24 3714
14 10 880
14 16 552
14 40 2381
14 12 3961
14 42 3970
14 35 4486
15 34 190
15 27 1741
15 24 4175
15 11 2949
15 17 2804
15 36 3751
15 12 2745
15 40 3345
15 29 3401
15 14 2621
15 18 3665
15 39 942
15 16 619
15 46 3203
15 41 662
15 30 3334
15 10 3227
15 37 386
15 26 925
15 1 1249
15 32 672
15 22 3749
15 5 2110
15 21 4410
15 25 2953
15 23 569
15 38 2331
15 20 3749
15 45 2039
15 44 2708
15 31 866
15 9 88
15 48 4092
15 2 760
15 49 483
15 3 4179
15 47 2528
15 35 2905
15 42 2863
15 7 925
15 50 1479
15 8 1335
15 6 308
15 19 4359
15 43 2105
15 4 2174
15 33 1890
16 7 4112
16 27 380
16 32 867
16 46 2085
16 9 3986
16 39 554
16 12 569
16 10 4214
16 20 1113
16 47 964
16 18 3272
16 21 3535
16 8 912
16 48 3552
16 40 1851
16 41 3727
16 42 2203
16 49 2135
16 13 2611
16 33 2289
16 50 12
16 6 2427
16 5 1073
16 29 1075
16 45 2454
16 19 1239
16 2 2983
16 14 2166
16 4 311
16 34 310
16 11 1665
16 37 4480
16 43 4074
16 44 1159
16 38 1254
16 35 475
16 1 182
16 3 1348
16 30 4250
16 36 75
16 22 4310
16 15 2684
16 28 3172
16 31 828
16 23 2914
16 25 3312
16 17 3991
17 9 4412
17 41 4147
17 28 3127
17 22 113
17 42 2874
17 2 3680
17 8 4322
17 18 4493
17 10 273
17 43 145
17 32 3648
17 19 4022
17 23 1247
17 50 600
17 5 1940
17 49 2468
17 26 1624
17 44 1115
17 14 1954
17 27 3265
17 47 3522
17 40 2895
17 46 2118
17 15 731
17 24 4104
17 11 3379
17 7 2303
17 35 1611
17 33 3269
17 48 4304
17 30 3714
17 1 4243
17 45 2680
17 39 2670
17 37 4213
17 38 2784
17 3 3020
17 13 240
17 4 728
17 36 3651
17 20 1914
17 29 994
17 21 1349
17 31 4068
17 12 3081
17 34 4483
17 25 412
18 20 4159
18 15 3961
18 34 3897
18 3 3792
18 23 2709
18 19 429
18 26 1234
18 10 912
18 24 3439
18 38 2246
18 4 2793
18 21 3917
18 27 4372
18 43 3040
18 37 3187
18 49 3389
18 11 3153
18 41 2914
18 2 3565
18 50 222
18 8 60
18 13 3920
18 29 1435
18 28 3298
18 33 3688
18 36 1201
18 39 3897
18 14 2381
18 6 2452
18 7 351
18 42 127
18 45 328
18 46 1468
18 22 1177
18 16 4010
18 35 3470
18 40 849
18 44 952
18 32 4276
18 30 4170
18 48 1983
18 1 2510
18 25 801
18 12 1155
18 31 1337
18 9 851
18 17 185
19 29 1036
19 28 3956
19 25 2299
19 47 3135
19 23 1684
19 11 3506
19 9 4176
19 30 1806
19 2 2962
19 22 1400
19 46 909
19 39 1701
19 13 3276
19 33 214
19 16 877
19 10 2484
19 32 2168
19 38 1678
19 21 160
19 24 2519
19 49 2687
19 6 3861
19 37 3815
19 40 2882
19 43 3813
19 34 1985
19 44 2697
19 17 3528
19 31 1785
19 35 2846
19 42 3338
19 3 4145
19 50 3531
19 15 1098
19 8 2880
19 18 1544
19 4 4220
19 14 2358
19 41 3129
19 5 52
19 12 3908
19 45 3546
19 1 4203
19 36 3931
19 26 1298
19 27 2179
19 7 537
19 20 3932
20 33 352
20 46 1063
20 8 1882
20 34 3254
20 19 3575
20 2 4016
20 45 3606
20 27 2490
20 26 3921
20 48 1490
20 37 1328
20 17 3172
20 9 1790
20 23 1659
20 5 209
20 3 3233
20 18 3609
20 47 3643
20 14 1411
20 25 3220
20 10 59
20 21 2365
20 30 172
20 31 3202
20 36 947
20 44 1949
20 16 3661
20 50 1887
20 39 4439
20 4 4139
20 32 4457
20 13 1918
20 29 776
20 24 3412
20 35 1080
20 15 3878
20 22 740
20 42 3657
20 6 510
20 40 3324
20 28 3601
20 43 2709
20 12 3307
20 11 2371
20 7 1729
20 41 545
21 5 2615
21 34 2480
21 27 3714
21 49 2654
21 39 3078
21 31 2121
21 28 509
21 8 459
21 19 3874
21 17 187
21 42 3115
21 48 318
21 29 2639
21 11 3006
21 10 3384
21 25 3469
21 9 1875
21 44 165
21 16 165
21 30 4492
21 37 626
21 7 27
21 24 78
21 18 1084
21 45 456
21 50 801
21 12 1727
21 47 332
21 23 2
21 26 892
21 1 2489
21 32 1333
21 4 3744
21 14 3991
21 13 4032
21 33 2553
21 40 3702
21 20 3120
21 35 3392
21 38 3683
21 15 1205
21 41 4377
21 2 2074
21 6 1231
22 24 8
22 16 3921
22 2 2101
22 21 2462
22 29 2889
22 36 3782
22 7 663
22 34 353
22 8 1936
22 45 3505
22 47 3150
22 3 908
22 48 2098
22 50 358
22 20 1033
22 42 2781
22 13 1616
22 26 3716
22 31 2978
22 25 3030
22 35 1263
22 37 3833
22 6 3904
22 18 2607
22 5 4486
22 46 1978
22 12 1561
22 40 4480
22 43 1830
22 41 995
22 28 225
22 10 881
22 39 2598
22 15 1871
22 32 1324
22 44 2063
22 49 966
22 11 1509
22 23 3000
22 14 188
22 19 3982
22 33 2435
22 27 1800
22 1 630
22 9 3799
22 17 3142
23 4 2010
23 5 588
23 46 1548
23 7 475
23 1 3647
23 32 2027
23 45 2342
23 14 3619
23 50 1954
23 19 509
23 13 343
23 34 4404
23 44 1973
23 17 2302
23 38 2084
23 24 1464
23 36 2491
23 47 2872
23 28 3688
23 9 4212
23 41 3549
23 31 1262
23 33 481
23 39 3710
23 11 2016
23 15 3098
23 29 2427
23 8 96
23 18 3248
23 21 4476
23 2 2927
23 49 1113
23 37 1914
23 6 938
23 3 2795
23 16 2693
23 25 1027
23 30 339
23 22 1462
23 43 4023
23 48 3078
23 26 474
23 35 4152
23 27 2849
23 42 453
23 10 3743
24 33 688
24 12 1194
24 27 2505
24 44 2902
24 46 719
24 35 3882
24 48 2554
24 8 2041
24 26 3105
24 11 1142
24 10 83
24 37 1546
24 16 2102
24 4 838
24 31 2667
24 6 465
24 34 3614
24 15 3720
24 5 1103
24 3 3962
24 20 1103
24 38 4178
24 19 3634
24 43 4491
24 1 2037
24 39 3245
24 25 3781
24 45 800
24 2 364
24 32 1451
24 30 1650
24 50 617
24 7 2678
24 29 475
24 17 1146
24 36 2709
24 14 3776
24 13 3329
24 49 3538
24 41 4258
24 23 4178
24 42 817
24 22 2148
24 28 1777
24 18 3502
24 9 4100
25 23 1303
25 38 3131
25 17 3486
25 37 1565
25 48 1569
25 36 422
25 6 4032
25 3 3224
25 7 669
25 46 4051
25 27 652
25 2 3345
25 45 2137
25 20 3117
25 15 2457
25 16 3771
25 21 3
25 43 55
25 4 2390
25 22 1414
25 30 2855
25 31 3948
25 39 2864
25 9 3716
25 40 318
25 29 28
25 10 506
25 26 816
25 32 1867
25 14 3222
25 50 3908
25 8 4322
25 12 3999
25 18 96
25 1 1208
25 44 3053
25 33 2605
25 24 3155
25 11 816
25 5 175
25 42 278
25 49 3217
25 34 3406
25 47 4188
26 49 237
26 25 201
26 5 1594
26 12 2926
26 10 1419
26 34 328
26 6 108
26 41 4268
26 28 2331
26 23 190
26 50 4046
26 8 4423
26 15 630
26 40 2694
26 19 540
26 1 3090
26 22 2197
26 42 1280
26 24 3059
26 44 2259
26 37 1077
26 39 911
26 14 4136
26 18 397
26 29 485
26 17 2130
26 30 490
26 31 606
26 38 4053
26 4 2760
26 3 3900
26 45 1196
26 47 3184
26 43 3578
26 9 1354
26 2 3869
26 32 3441
26 11 3257
26 33 345
26 21 3472
26 27 3372
26 7 43
26 48 2981
26 16 2053
27 6 3636
27 30 1567
27 26 4214
27 1 1934
27 3 3832
27 16 581
27 9 1758
27 34 1553
27 15 3304
27 40 3259
27 23 2750
27 43 1684
27 32 3549
27 25 3365
27 38 632
27 31 1177
27 29 1489
27 7 2490
27 48 4306
27 42 2432
27 28 2421
27 36 3035
27 2 1334
27 50 4251
27 4 4015
27 19 3305
27 20 3120
27 39 246
27 24 2006
27 18 479
27 22 2220
27 17 3784
27 44 2437
27 10 2147
27 5 3779
27 21 3228
27 11 577
27 37 1335
27 35 2015
27 46 2145
27 14 59
27 47 1448
27 41 1539
27 45 3736
27 33 40
27 8 2492
27 49 4363
28 41 2377
28 46 2563
28 49 1462
28 16 237
28 47 2635
28 32 1702
28 42 1551
28 12 3702
28 22 2140
28 8 1481
28 7 4167
28 3 4440
28 25 2469
28 39 1541
28 18 3929
28 9 4255
28 43 2221
28 26 1786
28 27 3765
28 4 1811
28 1 3254
28 24 3641
28 20 4162
28 17 3922
28 40 2312
28 15 3739
28 29 2197
28 19 2429
28 14 1023
28 31 4469
28 13 2863
28 2 3462
28 11 2909
28 5 3547
28 38 3088
28 21 2222
28 23 4315
28 10 511
28 30 2207
28 45 4325
28 48 2980
28 37 1389
28 50 1643
28 44 565
28 34 4355
28 33 161
29 38 197
29 5 1781
29 21 879
29 33 1515
29 23 2220
29 30 4146
29 37 4289
29 24 264
29 18 1588
29 25 4110
29 39 2734
29 50 938
29 32 2316
29 44 382
29 42 3291
29 47 183
29 4 4310
29 49 2582
29 46 1901
29 12 3471
29 10 3634
29 15 2832
29 17 2240
29 14 1591
29 2 1220
29 40 100
29 43 431
29 22 2293
29 13 1541
29 45 527
29 1 4216
29 31 3311
29 34 615
29 8 2033
29 36 1679
29 16 2920
29 6 2422
29 19 1018
29 9 3206
29 27 759
29 28 1248
29 20 3890
29 35 2954
29 26 1877
29 11 1777
29 3 495
29 48 1969
30 34 3826
30 2 2318
30 27 4111
30 19 750
30 11 3931
30 35 727
30 49 4203
30 47 4358
30 40 85
30 4 690
30 31 3852
30 13 849
30 17 2329
30 36 1007
30 32 1779
30 24 3890
30 46 4304
30 37 4390
30 45 2355
30 14 1529
30 8 3530
30 20 3675
30 26 1033
30 15 113
30 3 640
30 42 872
30 16 1862
30 21 55
30 50 1776
30 10 1164
30 33 3030
30 39 1279
30 23 2906
30 6 3666
30 5 2361
30 29 2060
30 38 3187
30 18 1396
30 9 786
30 43 3344
30 44 4083
30 28 4
30 41 475
30 48 3512
30 22 4193
30 7 823
30 12 4058
30 25 1753
31 6 4488
31 41 3552
31 20 1936
31 7 538
31 18 354
31 29 492
31 33 208
31 23 2618
31 2 3143
31 13 526
31 39 2129
31 34 3992
31 30 73
31 42 4206
31 17 1334
31 14 1630
31 36 2419
31 4 2207
31 3 3610
31 46 2710
31 45 3267
31 40 1033
31 1 1275
31 8 3020
31 5 2503
31 49 478
31 47 703
31 19 2655
31 27 1088
31 21 1409
31 16 497
31 35 4444
31 32 1196
31 48 2097
31 50 2465
31 44 3453
31 38 906
31 43 454
31 28 4040
31 10 1290
31 24 4475
31 15 3193
31 9 3614
31 37 213
31 22 306
32 16 3760
32 18 1734
32 42 1264
32 19 2719
32 44 740
32 12 3869
32 3 1150
32 20 1126
32 43 2874
32 38 1723
32 23 1812
32 48 3054
32 34 1812
32 4 2401
32 13 2265
32 10 3597
32 14 4087
32 2 1008
32 11 2848
32 1 3557
32 33 2648
32 31 1499
32 40 2236
32 21 1894
32 47 2882
32 8 3001
32 22 2826
32 28 3236
32 9 931
32 26 1230
32 5 570
32 6 1861
32 7 364
32 27 2553
32 30 460
32 50 311
32 49 3394
32 37 1279
32 39 3685
32 45 3742
32 15 443
32 41 3796
32 36 4373
32 29 709
33 37 3217
33 20 342
33 1 338
33 16 441
33 22 1036
33 38 521
33 2 1904
33 26 1615
33 7 256
33 18 141
33 25 724
33 31 442
33 47 354
33 48 3745
33 28 840
33 46 1170
33 29 4232
33 34 1866
33 4 1736
33 17 1686
33 13 2622
33 8 2629
33 35 3510
33 24 3186
33 3 2605
33 30 972
33 39 4302
33 40 1371
33 50 64
33 9 3537
33 21 4206
33 5 1401
33 44 1784
33 15 164
33 42 418
33 49 3705
33 19 2591
33 32 526
33 41 4077
33 10 1604
33 45 1118
33 23 80
33 12 533
33 6 2694
33 43 1915
33 36 1014
33 27 1103
33 11 1249
34 27 1273
34 42 3871
34 19 3782
34 2 1359
34 8 3517
34 4 2490
34 20 2396
34 9 551
34 44 720
34 18 847
34 23 3106
34 38 2196
34 21 2602
34 3 1730
34 5 3818
34 48 3881
34 26 2099
34 29 3484
34 49 862
34 11 1588
34 10 3236
34 46 1569
34 45 3776
34 1 4361
34 31 723
34 35 1992
34 41 2173
34 43 350
34 39 3924
34 13 3271
34 12 3778
34 22 2240
34 47 4233
34 37 3625
34 36 1824
34 28 4050
34 30 1827
34 32 4368
34 33 4432
34 16 4390
34 40 3001
34 25 2324
34 17 279
34 15 3199
34 24 2807
34 14 1523
34 7 3137
35 12 1475
35 33 3533
35 21 4265
35 10 1245
35 42 4421
35 38 981
35 37 1446
35 13 210
35 49 2282
35 40 3257
35 18 4176
35 24 660
35 26 2577
35 31 2693
35 47 2440
35 32 3870
35 15 3847
35 22 2066
35 16 700
35 5 3327
35 28 80
35 27 507
35 23 2959
35 7 2352
35 41 1110
35 6 2251
35 2 1712
35 19 2470
35 39 2393
35 4 4129
35 44 2121
35 50 3457
35 45 3149
35 20 3649
35 3 2497
35 11 1222
35 29 3075
35 34 999
35 1 3806
35 46 2064
35 25 78
35 14 1475
35 30 4178
35 36 1513
36 26 1242
36 18 2350
36 14 3164
36 15 3098
36 42 3635
36 41 918
36 3 3624
36 24 230
36 7 723
36 45 215
36 25 108
36 48 3771
36 44 2386
36 11 1773
36 37 3180
36 29 1506
36 28 269
36 22 2983
36 13 700
36 49 2567
36 23 1737
36 30 640
36 9 4389
36 43 4309
36 21 717
36 32 2347
36 35 4467
36 1 1811
36 10 751
36 47 3296
36 39 4476
36 16 2220
36 8 1184
36 20 2497
36 19 1571
36 31 1466
36 12 4030
36 34 1297
36 17 3754
36 50 3540
36 33 1411
36 46 1636
36 27 2918
36 40 464
36 2 2539
37 20 63
37 11 1557
37 32 2893
37 22 1967
37 12 1370
37 38 21
37 47 1876
37 8 1028
37 35 1733
37 15 2339
37 19 34
37 31 3096
37 21 273
37 40 3620
37 50 4373
37 34 1082
37 25 4290
37 29 3939
37 27 749
37 46 2696
37 1 170
37 13 3765
37 5 3132
37 44 3673
37 26 109
37 30 327
37 7 169
37 18 134
37 49 2203
37 42 4237
37 43 4058
37 10 2672
37 41 222
37 24 2943
37 28 728
37 3 3598
37 2 4228
37 16 2309
37 39 4107
37 48 1735
37 33 993
37 45 323
38 47 3581
38 11 3713
38 25 2477
38 45 4273
38 35 2520
38 14 1728
38 19 2245
38 4 2441
38 44 2148
38 13 144
38 21 3104
38 26 2921
38 48 2566
38 8 502
38 42 4171
38 49 3041
38 12 1697
38 17 2623
38 15 2645
38 20 2898
38 32 258
38 18 2059
38 30 3732
38 34 4218
38 22 593
38 28 3987
38 36 613
38 7 535
38 23 30
38 6 4029
38 5 4139
38 3 3029
38 27 3446
38 41 3395
38 43 1338
38 1 4359
38 9 3445
38 33 3593
38 16 2282
38 31 77
38 50 473
38 2 2084
38 10 378
38 39 2563
38 29 34
38 46 101
38 37 3089
39 25 430
39 42 3844
39 33 3101
39 1 2511
39 23 3446
39 11 3787
39 15 2565
39 21 2173
39 7 2955
39 24 956
39 12 2305
39 50 2055
39 49 61
39 35 22
39 28 1819
39 20 1985
39 40 4422
39 14 4141
39 32 2201
39 44 3691
39 8 4198
39 3 973
39 2 4321
39 34 3796
39 10 4276
39 43 986
39 17 1359
39 13 1112
39 22 3177
39 27 4294
39 46 1147
39 4 238
39 9 2365
39 47 4376
39 48 325
39 45 2647
39 19 1097
39 30 1117
39 18 3628
39 5 3046
39 31 1218
39 6 4447
39 29 3409
39 16 3891
39 38 3701
39 36 1879
39 26 1523
40 20 2701
40 1 2718
40 42 1055
40 49 2382
40 23 4217
40 27 2218
40 47 175
40 19 502
40 34 3440
40 7 1606
40 22 3511
40 32 3527
40 35 2381
40 28 877
40 3 1051
40 50 30
40 8 3616
40 24 1046
40 17 3715
40 38 1595
40 43 2493
40 45 594
40 33 2525
40 37 1675
40 12 2965
40 26 3453
40 11 2760
40 44 4169
40 13 2313
40 25 3334
40 14 2375
40 46 869
40 41 428
40 18 2549
40 5 3261
40 9 1567
40 16 2935
40 10 2104
40 48 1520
40 2 2547
40 30 166
40 39 3828
40 6 2228
40 21 2895
40 29 417
40 31 99
40 15 795
41 36 1451
41 21 1597
41 31 2379
41 38 546
41 17 3922
41 26 186
41 8 2852
41 39 621
41 16 2978
41 33 3793
41 4 1379
41 7 2040
41 23 73
41 40 163
41 30 1293
41 19 2720
41 44 1124
41 32 1369
41 2 1034
41 27 599
41 47 2564
41 45 2096
41 5 783
41 15 2236
41 18 2836
41 13 1433
41 42 4146
41 29 1512
41 25 2176
41 11 597
41 10 4179
41 35 2688
41 12 3860
41 50 2724
41 46 2456
41 20 735
41 34 14
41 24 3196
41 1 1228
41 3 3996
41 49 3964
41 37 387
41 28 1951
41 6 200
42 21 4440
42 50 1205
42 41 3722
42 2 93
42 16 440
42 47 549
42 12 4160
42 31 3862
42 24 3505
42 37 4362
42 25 1955
42 44 746
42 39 250
42 22 809
42 35 1216
42 10 1865
42 19 4216
42 1 1835
42 5 3155
42 18 407
42 40 1810
42 15 185
42 29 3855
42 36 2361
42 4 3765
42 13 2014
42 14 1954
42 9 1335
42 48 1785
42 46 4301
42 17 1372
42 45 618
42 38 2575
42 30 2553
42 23 3930
42 11 416
42 26 632
42 28 493
42 34 86
42 43 945
42 8 330
42 27 3644
42 3 4269
42 20 3092
42 6 156
43 9 3862
43 33 3715
43 49 3049
43 16 953
43 38 1974
43 11 2809
43 7 853
43 31 4333
43 26 2137
43 25 1892
43 18 1685
43 22 2910
43 30 131
43 4 3824
43 21 2773
43 27 3955
43 15 576
43 44 2315
43 20 1779
43 8 1902
43 23 241
43 50 3750
43 36 3820
43 46 1255
43 28 3247
43 48 3594
43 32 4444
43 45 3308
43 6 1937
43 34 280
43 37 2173
43 2 2026
43 35 35
43 13 2004
43 42 2226
43 40 1807
43 39 1345
43 24 4442
43 5 3394
43 29 2423
43 10 1413
43 17 2677
43 1 683
43 19 2437
43 14 4327
43 12 229
44 9 42
44 38 4036
44 42 4362
44 37 3400
44 26 3875
44 7 3124
44 10 4377
44 4 2199
44 34 3755
44 20 37
44 14 3996
44 46 1989
44 5 813
44 39 255
44 30 3292
44 47 2472
44 16 114
44 40 1026
44 25 721
44 3 3460
44 29 3494
44 27 3486
44 1 4273
44 41 1874
44 22 49
44 21 3071
44 15 2576
44 11 3389
44 50 2951
44 12 2425
44 17 3685
44 18 4167
44 33 2296
44 23 1585
44 45 1462
44 8 2599
44 31 3650
44 19 3094
44 28 1043
44 43 2842
44 24 3468
44 2 1812
44 35 3614
44 48 521
44 36 3884
44 32 2344
44 13 3075
44 49 679
45 2 1309
45 24 131
45 9 3844
45 49 2412
45 31 3831
45 44 241
45 46 3398
45 25 4084
45 32 3262
45 42 3947
45 28 2928
45 27 1717
45 29 4410
45 5 3
45 47 2480
45 23 4235
45 37 2288
45 22 4410
45 36 1665
45 39 1252
45 12 1964
45 30 2370
45 34 873
45 43 715
45 18 510
45 7 458
45 13 267
45 33 2744
45 8 4290
45 16 2839
45 11 3710
45 26 1934
45 14 3131
45 3 681
45 4 333
45 15 287
45 35 4233
45 17 4430
45 48 2935
45 19 3911
45 38 1418
45 1 1801
45 40 37
45 10 2798
45 21 1920
45 20 2580
45 50 282
45 41 430
46 47 4078
46 33 2737
46 50 3285
46 8 3025
46 19 3841
46 1 3459
46 4 3847
46 42 4131
46 3 415
46 40 3607
46 41 3437
46 13 1137
46 29 497
46 27 1170
46 30 2268
46 7 3833
46 2 652
46 10 2540
46 25 3008
46 49 3619
46 45 4243
46 39 1641
46 11 4330
46 15 2616
46 31 1386
46 35 3184
46 22 1561
46 16 3503
46 21 1776
46 34 2592
46 6 4179
46 9 367
46 18 716
46 44 3258
46 17 3392
46 43 3857
46 12 331
46 24 3284
46 20 1283
46 36 1409
46 23 931
46 37 3120
46 38 1886
47 33 1880
47 31 4477
47 37 1927
47 39 580
47 26 1797
47 18 1366
47 11 2418
47 27 2537
47 32 1326
47 41 3188
47 16 927
47 14 3878
47 2 1389
47 49 4390
47 30 1404
47 21 3251
47 44 884
47 17 2128
47 46 2213
47 7 3788
47 38 2398
47 3 528
47 15 3954
47 8 2625
47 28 4218
47 22 427
47 19 1929
47 24 27
47 25 497
47 13 301
47 40 4474
47 10 4138
47 6 29
47 45 227
47 29 731
47 34 4454
47 20 4070
47 36 3281
47 4 3439
47 1 198
47 35 1663
47 23 3944
47 42 565
47 43 1253
47 12 4004
47 9 818
47 5 78
48 29 2158
48 26 3098
48 7 2333
48 36 89
48 4 3585
48 43 1458
48 33 2807
48 3 4020
48 11 2325
48 27 3429
48 39 1481
48 21 831
48 28 66
48 23 861
48 31 148
48 37 1819
48 22 874
48 13 2031
48 49 2421
48 10 3868
48 15 2678
48 14 1804
48 46 2661
48 20 863
48 34 3521
48 16 3959
48 42 2629
48 8 4281
48 38 4320
48 17 4185
48 35 4116
48 40 2287
48 30 3797
48 19 4134
48 2 729
48 32 2518
48 6 684
48 24 3795
48 50 477
48 5 1980
48 1 649
48 9 759
48 44 3274
48 47 3356
48 12 4335
49 4 4405
49 16 3496
49 30 2809
49 11 2275
49 8 227
49 50 1328
49 21 4248
49 13 2503
49 45 1109
49 38 581
49 14 831
49 3 2473
49 39 4363
49 15 2834
49 35 2694
49 9 2210
49 46 3653
49 1 1951
49 37 1023
49 10 70
49 27 940
49 34 2177
49 25 4125
49 26 1483
49 41 3480
49 32 3486
49 7 3004
49 2 355
49 48 1181
49 20 2573
49 19 3152
49 47 436
49 23 2139
49 18 1045
49 40 2708
49 36 3447
49 28 2983
49 33 2258
49 29 1721
49 22 2178
49 44 554
49 31 1133
49 5 2263
49 12 97
49 24 565
49 42 4240
49 6 4028
49 43 1901
49 17 4186
50 42 4190
50 9 4396
50 12 496
50 20 692
50 17 4126
50 11 1164
50 35 4058
50 45 3809
50 38 579
50 6 3230
50 23 3386
50 44 1997
50 36 2436
50 7 1292
50 46 3670
50 16 2030
50 15 2635
50 24 786
50 48 3398
50 5 1597
50 14 1078
50 39 2671
50 28 1420
50 34 3433
50 2 1944
50 19 3911
50 3 1058
50 26 3124
50 41 2214
50 33 2468
50 30 3488
50 32 3754
50 37 678
50 31 1569
50 22 622
50 21 542
50 47 2777
50 43 1065
50 8 2288
50 27 1670
50 18 2520
50 13 1442
50 49 1637
50 1 2006
50 29 1293
50 10 3906
